10 6 1 10
107 42 1 59
108 42 1 60
109 42 1 61
110 43 1 1
111 44 1 5
112 44 1 48
113 44 1 4
114 44 1 62
115 44 1 63
11 6 1 11
122 46 1 7
123 46 1 4
124 46 1 3
125 46 1 8
12 6 1 12
126 46 1 69
135 50 1 4
136 50 1 7
13 7 1 13
137 50 1 44
138 50 1 69
139 51 1 4
140 51 1 7
141 51 1 8
142 51 1 69
143 52 1 5
145 54 1 5
146 54 1 19
151 56 1 14
152 57 1 71
159 61 1 7
160 61 1 15
161 61 1 74
162 61 1 4
167 64 1 53
168 64 1 70
169 64 1 11
170 65 1 76
176 68 1 28
177 68 1 11
178 68 1 21
179 68 1 78
187 72 1 5
188 72 1 4
189 72 1 84
195 75 1 28
196 75 1 30
197 75 1 86
201 77 1 27
202 77 1 88
203 77 1 28
208 79 1 4
209 79 1 92
210 80 1 56
211 80 1 28
212 80 1 93
213 80 1 11
214 80 1 94
215 81 1 34
216 81 1 28
217 81 1 11
218 82 1 95
219 82 1 96
220 82 1 11
221 83 1 48
222 83 1 97
245 93 1 81
246 93 1 17
247 93 1 38
259 100 1 7
260 100 1 117
261 100 1 4
264 102 1 16
265 102 1 28
266 102 1 11
267 102 1 30
268 102 1 119
269 103 1 120
270 103 1 121
275 105 1 28
276 105 1 86
277 105 1 30
290 110 1 30
291 110 1 11
292 110 1 44
293 110 1 128
294 110 1 3
295 111 1 99
296 111 1 11
297 111 1 90
312 118 1 117
313 118 1 7
314 118 1 15
315 118 1 4
316 118 1 133
32 15 1 27
323 122 1 19
324 122 1 11
325 123 1 28
326 123 1 11
327 123 1 19
328 123 1 20
33 15 1 28
333 125 1 7
334 125 1 23
335 125 1 4
336 126 1 7
337 126 1 136
338 126 1 4
339 126 1 69
340 127 1 4
341 127 1 79
34 16 1 7
342 127 1 137
343 127 1 138
344 127 1 23
345 127 1 57
346 128 1 84
347 128 1 7
35 16 1 8
353 131 1 34
354 131 1 140
361 134 1 111
36 16 1 3
362 134 1 129
363 134 1 110
364 134 1 144
365 135 1 7
366 135 1 8
367 135 1 15
369 137 1 16
370 137 1 7
371 137 1 15
37 16 1 15
372 137 1 4
377 139 1 7
378 139 1 147
379 140 1 21
380 140 1 146
381 141 1 81
382 141 1 17
383 141 1 38
384 141 1 39
397 146 1 151
398 147 1 7
399 147 1 152
400 147 1 146
401 147 1 15
402 148 1 153
403 148 1 154
404 149 1 7
405 149 1 8
406 149 1 15
407 150 1 13
408 150 1 44
409 150 1 23
418 154 1 30
419 154 1 11
420 154 1 156
421 155 1 157
422 155 1 158
423 155 1 159
424 155 1 160
429 158 1 108
430 158 1 11
431 158 1 46
438 162 1 13
440 164 1 20
441 164 1 76
442 164 1 164
443 164 1 165
444 165 1 87
445 166 1 166
446 166 1 167
447 167 1 53
448 167 1 70
449 167 1 11
450 168 1 28
451 168 1 168
452 168 1 169
453 168 1 90
454 168 1 94
455 169 1 170
456 169 1 168
457 170 1 99
458 170 1 171
51 21 1 4
52 21 1 7
5 3 1 5
57 24 1 5
58 24 1 11
59 24 1 37
67 27 1 44
68 27 1 15
69 27 1 4
71 29 1 45
72 29 1 44
73 29 1 46
79 32 1 1
83 34 1 28
84 34 1 51
85 34 1 52
86 35 1 16
87 35 1 53
88 36 1 30
89 36 1 16
90 36 1 11
