233066 65079 104 9355
233067 65079 104 6150
233068 65079 104 10990
233069 49377 104 1247
233070 49377 104 154
233071 49377 104 6813
233072 65080 104 1300
233073 65080 104 803
233074 65080 104 15749
233085 53203 104 15751
233088 65083 104 15754
233089 65083 104 15755
233090 65083 104 4100
233091 65083 104 15756
233092 65083 104 9047
233093 65083 104 15757
233099 27372 104 15761
233100 27372 104 4653
233115 65089 104 15765
233116 65089 104 9713
233117 65089 104 13351
233118 65089 104 15766
233119 65089 104 11607
233120 65089 104 14086
233121 65089 104 10659
233122 65089 104 15767
233123 65089 104 1496
233124 65089 104 15768
233135 65092 104 6074
233136 65092 104 13195
233137 7389 104 1144
233138 7389 104 15771
233139 7389 104 9682
233140 7389 104 13571
