233144 65094 105 138
233145 65094 105 92
233146 65094 105 1704
233159 65100 105 21
233160 65100 105 15776
233161 65100 105 941
233162 65100 105 138
233179 65108 105 15780
233180 65108 105 664
233181 65109 105 1049
233182 65109 105 15781
233183 65109 105 1355
233184 65109 105 5793
233185 65110 105 15782
233186 65110 105 1049
233187 65110 105 15783
233188 65110 105 2971
233189 65110 105 4936
233195 65113 105 941
233196 65113 105 1049
233197 65113 105 1897
233201 65115 105 1359
233202 65115 105 15785
233203 65115 105 8581
233204 65115 105 935
233205 65116 105 2187
233206 65116 105 503
233207 65116 105 1267
233212 65118 105 941
233213 65118 105 963
233219 65119 105 15777
233220 65119 105 15778
233229 65123 105 15787
233230 65123 105 125
233231 65123 105 80
233235 65127 105 125
233236 65127 105 1565
233237 65127 105 854
233238 65128 105 1049
233247 65132 105 523
233248 65132 105 1565
233249 65132 105 854
233250 65132 105 342
233251 65133 105 1049
233252 65133 105 14075
233253 65133 105 4373
233256 5272 105 6
233257 65135 105 1049
233258 65135 105 138
233259 65135 105 474
233260 65135 105 1197
233261 13290 105 4
233262 13290 105 138
233263 13290 105 1049
233264 13290 105 287
233267 65137 105 138
233268 65137 105 321
233269 65137 105 4
233274 65139 105 125
233275 65139 105 1049
233278 65141 105 1049
233279 65141 105 4
233280 65141 105 321
233283 65143 105 789
233284 65143 105 72
233285 65144 105 254
233289 65146 105 1049
233290 65146 105 4
233291 65146 105 1355
233304 65152 105 14140
233305 65152 105 15790
233306 65153 105 4
233307 65153 105 1049
233308 65153 105 4308
233310 65155 105 81
233311 65156 105 1049
233312 65156 105 941
233313 65156 105 2187
233314 65156 105 15791
233315 65158 105 912
233316 65158 105 1049
233317 65158 105 15788
233320 65160 105 15777
233321 65160 105 15792
233326 65162 105 1049
233330 35013 105 1049
233331 35013 105 1267
233336 65167 105 29
233337 65167 105 4736
233338 65168 105 40
233339 65168 105 4
233340 65168 105 15774
233341 65168 105 608
233342 65169 105 4702
233343 65169 105 15793
233349 65173 105 138
233350 65173 105 92
233351 65173 105 4
233352 65174 105 1049
233353 65174 105 125
233354 65174 105 15
233368 65181 105 29
233369 65182 105 15777
233370 65182 105 15778
233374 65185 105 15777
233375 65185 105 1049
233376 65185 105 4027
233377 65185 105 15778
233378 65186 105 941
233379 65186 105 1886
233380 65187 105 2631
233381 65187 105 1267
233382 65187 105 523
233383 6283 105 21
233391 65191 105 583
233392 65191 105 464
233393 65191 105 1172
233394 65192 105 464
233395 65192 105 583
233415 65199 105 15777
233416 65200 105 1049
233417 65200 105 3358
233419 65202 105 15800
233431 65206 105 4
233432 65206 105 15802
233433 65206 105 1627
233434 65206 105 1716
233435 65206 105 1565
233441 65209 105 1049
233442 65209 105 15778
233443 65209 105 15777
233452 65213 105 941
233453 65214 105 4308
233454 65214 105 1049
233455 65214 105 4
233464 65218 105 1722
233465 65218 105 1191
233466 65218 105 1716
233467 65219 105 941
233468 65219 105 11997
233469 65219 105 15807
233470 65220 105 21
233471 65220 105 15776
233484 65226 105 1722
233485 65226 105 1191
233486 65226 105 1723
233487 27919 105 503
233488 27919 105 1267
233494 65229 105 503
233495 65229 105 39
233496 65229 105 1267
233497 65229 105 1923
233498 65229 105 1947
233499 65230 105 941
233500 65230 105 1886
233504 527 105 340
233507 65233 105 125
233508 65233 105 1049
233509 65233 105 1704
233510 65233 105 1126
233519 65237 105 1052
233520 65237 105 941
233521 65237 105 4053
233530 65242 105 1049
233531 65242 105 854
233532 65242 105 1267
233533 65243 105 138
233534 65243 105 254
233535 65243 105 15777
233536 65243 105 15778
233537 65244 105 941
233538 65244 105 6
233539 65244 105 15814
233543 65246 105 503
233544 65246 105 2332
233545 65247 105 15774
233546 65247 105 366
233547 65247 105 15795
233548 65247 105 40
233549 65247 105 81
233558 65251 105 1049
233559 65252 105 1244
233560 65252 105 941
233561 65252 105 503
233562 65252 105 1820
233563 65253 105 1267
233564 65254 105 1267
233565 65254 105 2186
233566 65254 105 39
233578 65260 105 941
233579 65260 105 6046
233580 65260 105 7333
233581 65260 105 6
233584 65262 105 3150
233585 65262 105 15353
233586 65262 105 1704
233589 65264 105 15777
233590 65264 105 15778
233594 65266 105 941
233595 65266 105 1244
233596 65266 105 4736
233597 65267 105 1049
233598 65267 105 941
233599 65267 105 2445
233600 65267 105 97
233601 65268 105 596
233602 65268 105 240
233603 65268 105 1775
233609 65271 105 4
233610 65271 105 15774
233611 65271 105 40
233612 65271 105 608
233613 65272 105 139
233614 65272 105 5365
233615 65272 105 77
233616 65272 105 4
233620 65274 105 1722
233621 65274 105 1191
233622 65274 105 15819
233623 65274 105 854
233629 65277 105 523
233630 65278 105 2648
233631 65278 105 72
233632 35474 105 1267
233638 65282 105 21
233639 65282 105 11856
