275968 52088 120 941
275969 52088 120 19937
275970 52088 120 19938
275971 52088 120 19939
275972 78504 120 386
275973 78504 120 1564
275974 78504 120 1191
275975 78504 120 19588
275976 78504 120 19514
275977 78504 120 6362
275978 78504 120 19940
275979 78505 120 19941
275980 78505 120 2421
275981 78505 120 19942
275982 78505 120 4039
276001 52312 120 108
276002 52312 120 138
276003 78514 120 19944
276004 78514 120 1215
276005 78514 120 1049
276006 78514 120 14075
276007 78514 120 19945
276024 78521 120 996
276025 78521 120 1191
276026 78521 120 1728
276027 78522 120 469
276028 78522 120 1628
276029 78522 120 72
276030 78522 120 1565
276031 78522 120 1728
276032 78522 120 311
276033 78522 120 1625
276034 78523 120 19946
276035 78523 120 19947
276036 78523 120 15093
276037 78523 120 19948
276038 78523 120 2957
276039 78523 120 19949
276040 78523 120 1625
276041 78526 120 1572
276042 78526 120 1625
276043 78526 120 19950
276044 78526 120 19951
276045 78526 120 19952
276046 78526 120 19953
276047 78528 120 46
276048 78528 120 138
276049 78528 120 44
276050 78528 120 1738
276051 78529 120 1191
276057 78531 120 19954
276058 78531 120 19955
276059 78531 120 19956
276060 78531 120 1036
276061 78531 120 19957
276062 78531 120 4661
276063 78532 120 503
276064 78532 120 3441
276065 78532 120 929
276066 78532 120 1050
276067 78533 120 996
276068 78533 120 1591
276069 78533 120 1191
276070 78533 120 19958
276071 78534 120 19959
276072 78534 120 19960
276073 78534 120 5765
276074 78534 120 1802
276075 78534 120 523
276082 78536 120 40
276083 78536 120 3185
276084 78536 120 1704
276085 78536 120 19963
276086 78536 120 311
276087 78537 120 2861
276088 78537 120 19964
276089 78537 120 19965
276090 78537 120 1627
276091 78537 120 1828
276092 78537 120 1625
276093 78537 120 15799
276094 78538 120 2861
276095 78538 120 3130
276096 78539 120 19966
276097 78539 120 181
276098 78540 120 374
276099 78544 120 941
276100 78544 120 19967
276101 78545 120 1625
276102 78545 120 125
276103 78545 120 4681
276104 78546 120 1735
276105 78546 120 2359
276106 78546 120 425
276107 78546 120 2942
276108 78546 120 19968
276109 78546 120 2889
276118 78549 120 1896
276119 78549 120 2556
276120 78549 120 2100
276121 78551 120 16837
276122 78551 120 19970
276123 78551 120 2276
276130 78554 120 1191
276131 78554 120 1722
276135 78560 120 19976
276136 78560 120 503
276137 78561 120 19977
276138 78561 120 19978
276139 78561 120 1958
276140 78562 120 8475
276141 78562 120 1257
276142 78562 120 19979
276143 78562 120 3653
276144 78562 120 1808
276145 78562 120 1157
276151 78566 120 1767
276152 78566 120 3085
276153 78566 120 2072
276154 78566 120 2391
276155 78566 120 2424
276156 78567 120 652
276157 78567 120 19982
276158 78567 120 19983
276159 78567 120 19984
276160 78567 120 16020
276161 78567 120 15082
276162 78570 120 503
276163 78570 120 10773
276164 78570 120 1126
276165 78570 120 19985
276166 78571 120 523
276167 78571 120 1896
276168 78571 120 6725
276174 78578 120 1958
276175 78578 120 1546
276176 78578 120 29
276177 78578 120 19978
276178 78579 120 1828
276179 78579 120 19986
276182 78581 120 46
276183 78581 120 138
276184 78581 120 926
276185 78582 120 1102
276186 78582 120 125
276187 19367 120 125
276196 78588 120 4
276197 78588 120 4369
276198 78588 120 16124
276199 78595 120 19586
276200 78595 120 1802
276201 78596 120 7784
276202 78596 120 11
276203 78596 120 374
276204 78596 120 2376
276209 78599 120 342
276210 78599 120 1775
276211 78599 120 749
276212 78599 120 523
276213 78602 120 1331
276214 78602 120 29
276215 78602 120 2601
276216 78602 120 72
276217 78605 120 816
276218 78605 120 2131
276219 78605 120 2094
276220 78605 120 2677
276221 78605 120 4302
276222 78605 120 1897
276223 78606 120 523
276224 78606 120 1808
276225 78606 120 1257
276226 78606 120 2936
276227 78607 120 19941
276228 78607 120 14075
276229 78607 120 19945
276232 38011 120 1703
276233 38011 120 108
276234 38011 120 138
276239 78614 120 5733
276240 78614 120 13822
276241 78614 120 1896
276242 78614 120 125
276243 78615 120 1704
276244 78615 120 2707
276245 78615 120 557
276246 78615 120 1896
276250 5138 120 1728
276251 5138 120 125
276252 5138 120 503
276253 5138 120 523
276254 5138 120 311
276255 78618 120 425
276256 78618 120 1823
276257 47802 120 125
276258 47802 120 2152
276259 47802 120 19950
276260 47802 120 2378
276261 47802 120 1625
276266 55051 120 138
276267 55051 120 289
276268 55051 120 1937
276269 31962 120 11
276270 31962 120 359
276271 31962 120 8297
276272 31962 120 1058
276273 78623 120 254
276274 78623 120 1058
276275 78623 120 11
276276 78623 120 39
276277 78623 120 915
276278 78623 120 7063
276285 78628 120 557
276286 78628 120 2392
276287 78629 120 536
276292 78632 120 1802
276293 78632 120 1896
276294 78632 120 1284
276295 78632 120 3050
276302 78636 120 873
276303 78636 120 507
276304 78636 120 503
276305 78636 120 18736
276306 78636 120 1314
276307 78636 120 18102
276324 73056 120 2795
276325 73056 120 19993
276326 78642 120 19509
276327 78642 120 19994
276328 78642 120 40
276329 78642 120 15199
276330 78642 120 3130
276331 78643 120 1051
276332 78643 120 1034
276333 78643 120 1907
276334 78643 120 941
276335 78644 120 16732
276336 78644 120 19995
276337 5519 120 39
276338 5519 120 125
276339 5519 120 1147
276340 78645 120 19996
276341 78645 120 6355
276342 78645 120 16043
276343 78645 120 2463
276364 78654 120 774
276365 78654 120 1763
276366 78654 120 2469
276367 78654 120 507
276368 78654 120 461
276369 78654 120 20002
276372 78657 120 2072
276373 78657 120 20003
276374 78663 120 6
276375 78663 120 1367
276376 78665 120 638
276377 78665 120 369
276378 78665 120 90
276379 78665 120 374
276380 78665 120 1136
276381 78665 120 20
276382 78665 120 104
276383 78665 120 1127
276384 78666 120 1625
276385 78666 120 20004
276386 78666 120 1565
276387 78666 120 20005
276388 78666 120 20006
276389 78668 120 29
276390 78668 120 127
276391 78668 120 126
276392 78668 120 1004
276393 78668 120 139
276394 78668 120 795
276395 78668 120 734
276406 78674 120 557
276407 78678 120 3200
276408 78678 120 1058
276409 78678 120 138
276410 78678 120 20007
276411 78679 120 523
276412 78679 120 3200
276413 78679 120 359
276414 78679 120 8297
276415 78680 120 359
276416 78680 120 8297
276417 14549 120 11
276418 14549 120 359
276419 14549 120 100
276420 14549 120 1058
276421 78681 120 359
276422 78681 120 12733
276438 78686 120 1767
276439 78686 120 1923
276440 78686 120 1703
276441 78686 120 1124
276453 78692 120 1947
276454 78692 120 1625
276455 78692 120 1572
276456 78692 120 1728
276462 43843 120 557
276463 43843 120 1896
276464 43843 120 507
276465 43843 120 44
276466 78696 120 20016
276467 78696 120 20017
276468 78696 120 1323
276481 78709 120 3811
276482 78709 120 1157
276483 78709 120 5319
276484 78709 120 5318
276485 78709 120 20021
276486 78709 120 3479
276487 78710 120 100
276488 78710 120 11
276489 78710 120 369
276492 49387 120 100
276493 49387 120 11
276494 49387 120 21
276495 49387 120 72
276496 49387 120 982
276500 21737 120 1738
276501 21737 120 46
276502 21737 120 7885
276503 21737 120 1117
276512 78723 120 386
276513 78723 120 20025
276514 78724 120 996
276515 78724 120 523
276516 78724 120 1625
276517 78724 120 503
276518 78726 120 374
276519 78726 120 11
276520 78726 120 1808
276521 78726 120 1257
276522 78726 120 2936
276523 78727 120 359
276524 78727 120 638
276525 78727 120 4216
276526 78727 120 769
276531 78730 120 20026
276532 78730 120 20027
276533 78730 120 20028
276547 78740 120 11
276548 78740 120 100
276549 78740 120 90
276550 78740 120 72
276551 78740 120 81
276552 78740 120 638
276553 78740 120 1058
276554 78743 120 1698
276555 78743 120 5229
276556 78743 120 20034
276557 78743 120 1124
276562 78747 120 5
276563 78747 120 104
276564 78747 120 477
276565 78747 120 982
276566 78747 120 72
276567 78747 120 781
276568 78747 120 1230
276569 78749 120 20038
276570 78749 120 2338
276571 78749 120 469
276572 16700 120 1957
276573 16700 120 5289
276574 16700 120 507
276575 16700 120 44
276576 16700 120 374
276577 16700 120 982
276578 37774 120 138
276579 37774 120 289
276580 37774 120 3147
276581 37774 120 1731
276582 37774 120 4302
276586 78758 120 20022
276587 78758 120 20039
276588 78759 120 9999
276589 78759 120 5319
276590 78759 120 2892
276591 78759 120 20040
276592 78759 120 20041
276593 78759 120 20042
276594 78759 120 20043
276595 78761 120 20044
276596 78761 120 20045
276597 78761 120 2776
276598 78761 120 816
276599 78763 120 767
276600 78763 120 523
276604 78766 120 1049
276605 78766 120 125
276606 78766 120 20046
276611 78769 120 3722
276612 78769 120 20048
276613 78770 120 4297
276614 78770 120 187
276615 78770 120 20049
276616 78770 120 1744
276617 78771 120 388
276618 78771 120 311
276619 78771 120 992
276620 78771 120 254
276621 78771 120 2610
276622 78775 120 941
276623 78775 120 1703
276624 78775 120 1704
276625 78775 120 138
276626 78776 120 1034
276627 78776 120 4682
276628 78776 120 5804
276629 78776 120 6260
276630 78776 120 20050
276631 78781 120 1795
276632 78781 120 2072
276633 78782 120 2424
276634 78782 120 16382
276635 78782 120 869
276636 78782 120 4499
276637 78782 120 1762
276638 5987 120 29
276639 5987 120 2215
276640 5987 120 982
276641 78787 120 941
276642 78787 120 1703
276643 78787 120 1896
276648 58319 120 125
276652 78792 120 20054
276653 78792 120 17798
276691 78810 120 1820
276692 78810 120 503
276693 78810 120 523
276694 78810 120 1124
276695 78810 120 1728
276696 78810 120 557
276697 78812 120 20062
276698 78812 120 20063
276703 78823 120 1125
276704 78823 120 6
276705 78823 120 1141
276706 78823 120 90
276707 78824 120 503
276708 78824 120 1943
276709 78824 120 20065
276710 78824 120 39
276711 78824 120 416
276712 78824 120 1561
276716 78829 120 19948
276717 78829 120 15093
276718 78829 120 20066
276719 78829 120 19947
276723 78832 120 19941
276724 78833 120 1331
276725 78833 120 29
276726 78833 120 19992
276727 78833 120 469
276728 70690 120 1742
276729 70690 120 4861
276730 70690 120 9491
276731 70690 120 1565
276732 70690 120 1947
276733 70690 120 20068
276734 4083 120 1565
276735 4083 120 1625
276736 78835 120 536
276737 78835 120 1625
276738 78835 120 4369
276739 78835 120 3463
276740 78835 120 1728
276741 78835 120 2332
276742 78835 120 1748
276743 78835 120 2056
276744 78835 120 2449
276757 78841 120 941
276758 78841 120 125
276759 78841 120 2392
276760 78841 120 2520
276761 78841 120 1162
276762 78842 120 6475
276763 78842 120 1388
276764 78842 120 4053
276765 78847 120 503
276766 78847 120 425
276767 78847 120 2332
276768 78847 120 1728
276769 78847 120 1704
276770 78847 120 2889
276771 78847 120 2942
276772 78848 120 20069
276773 78848 120 181
276779 78853 120 1331
276780 78853 120 81
276781 78853 120 1703
276787 78855 120 1611
276788 78855 120 44
276789 78855 120 3047
276791 78860 120 46
276792 78860 120 108
276793 78861 120 503
276794 78861 120 523
276795 78861 120 20070
276798 78863 120 2795
276799 78863 120 503
276800 78863 120 1923
276801 78863 120 17088
276802 78863 120 20071
276803 78863 120 3726
276808 78865 120 20072
276809 78865 120 8705
276810 78865 120 2023
276814 78867 120 20076
276815 78867 120 1625
276816 78867 120 4923
276819 78869 120 20077
276820 78869 120 7404
276824 78872 120 1625
276825 78872 120 1572
276826 78873 120 20078
276827 78873 120 1703
276837 78875 120 125
276838 78875 120 1052
276839 78875 120 2332
276840 78875 120 1943
276841 78875 120 503
276842 78875 120 416
276843 78877 120 1049
276844 78877 120 1744
276845 78877 120 523
276846 78877 120 20082
276847 78877 120 1692
276848 78879 120 1808
276849 78879 120 1257
276850 78879 120 2936
276851 78879 120 6725
276852 78880 120 374
276853 78880 120 557
276854 78880 120 1896
276855 78880 120 188
276856 78880 120 681
276859 78885 120 719
276860 78885 120 20083
276861 78885 120 1052
276862 78885 120 1051
276863 78885 120 503
276870 78888 120 20085
276871 78888 120 16710
276872 78888 120 20086
276873 78888 120 18173
276884 78894 120 20088
276885 78894 120 2476
276886 78895 120 503
276887 78895 120 1564
276888 78895 120 1927
276899 78902 120 9535
276900 78902 120 20092
276901 78903 120 1958
276902 78903 120 29
276903 78903 120 2601
276904 78905 120 104
276905 78905 120 72
276906 78906 120 1191
276907 78906 120 996
276908 78906 120 1722
276909 78908 120 125
276910 78908 120 138
276911 78908 120 982
276912 78908 120 557
276913 78909 120 2964
276914 78909 120 3050
276915 78909 120 7398
276922 78915 120 1261
276923 78915 120 869
276924 78915 120 1565
276925 78915 120 307
276926 78915 120 1728
276927 78915 120 1554
276928 78915 120 643
276929 78915 120 2186
276930 78915 120 2115
276931 78916 120 72
276932 78916 120 8991
276933 78916 120 1275
276934 78917 120 1958
276935 78917 120 1245
276936 78921 120 1565
276937 78921 120 2032
276938 78921 120 20094
276939 78921 120 20066
276940 72878 120 1958
276941 72878 120 29
276944 78926 120 928
276945 78926 120 2765
276946 78927 120 221
276947 78928 120 1896
276948 78928 120 5549
276949 78928 120 1233
276953 53564 120 138
276954 53564 120 992
276955 78929 120 20095
276956 78929 120 2072
276957 78929 120 9829
276958 78929 120 1703
276962 78931 120 2460
276963 78931 120 1565
276964 78931 120 2776
276965 17503 120 125
276966 17503 120 307
276967 17503 120 1554
276968 17503 120 3083
276969 78932 120 1808
276970 78932 120 1257
276971 78932 120 1157
276972 78932 120 2936
276973 78932 120 6725
276979 78937 120 1565
276980 78937 120 20068
276983 78940 120 291
276984 78940 120 1125
276985 78940 120 6
276986 78940 120 929
276987 78940 120 941
276988 78941 120 2347
276989 78941 120 20099
276990 78941 120 1124
276993 56337 120 20101
276994 56337 120 20102
276995 56337 120 16710
276996 56337 120 18173
276997 56337 120 20103
276998 78945 120 20104
277005 78947 120 276
277006 78947 120 285
277007 78947 120 1172
277008 78947 120 139
277009 78947 120 635
277013 78949 120 992
277014 78949 120 254
277015 78949 120 2206
277016 78949 120 3451
277017 78949 120 1172
277018 78950 120 1125
277019 78950 120 1627
277020 78950 120 20110
277021 78951 120 20111
277022 78951 120 20112
277029 78952 120 4028
277030 78952 120 941
277031 78952 120 1703
277037 78955 120 503
277038 78955 120 118
277039 78955 120 16043
277040 78955 120 2177
277041 78955 120 1625
277054 78963 120 1605
277055 78963 120 367
277056 78963 120 557
277057 78965 120 503
277058 78965 120 996
277059 78965 120 1820
277060 78965 120 2175
277061 78965 120 1728
277062 78966 120 3463
277063 78966 120 3462
277064 78966 120 19583
277076 24962 120 138
277077 24962 120 825
277078 24962 120 64
277079 24962 120 46
277080 24962 120 328
277081 24962 120 287
277085 51113 120 1116
277086 51113 120 287
277087 51113 120 46
277088 51113 120 5071
277089 51113 120 138
277090 51113 120 7732
277091 51113 120 5330
277092 51113 120 72
277093 78979 120 287
277094 78979 120 4103
277095 78979 120 356
277096 78979 120 138
277097 78979 120 825
277098 78979 120 328
277099 78979 120 46
277100 78979 120 302
277106 78987 120 11940
277107 78987 120 20117
277108 78987 120 20118
277122 78990 120 941
277123 78990 120 125
277124 78990 120 6676
277125 78990 120 6
277126 78990 120 3240
277127 78990 120 1185
277128 78990 120 1703
277129 78993 120 19950
277130 78993 120 1625
277131 78993 120 523
277132 78993 120 1742
277133 78993 120 5947
277134 78993 120 1261
277135 78993 120 1565
277136 78993 120 1692
277137 78995 120 557
277138 78995 120 3760
277139 78996 120 2936
277140 78996 120 1257
277141 78996 120 20120
277142 78996 120 1808
277143 78996 120 3653
277148 78999 120 1795
277149 78999 120 816
277150 78999 120 6
277151 78999 120 1124
277152 78999 120 2072
277153 44766 120 941
277154 44766 120 125
277155 44766 120 1703
277156 79004 120 20121
277157 79005 120 20122
277158 79006 120 4216
277159 79006 120 769
277160 79006 120 9803
277161 79006 120 2816
277162 79006 120 372
277173 38897 120 125
277174 38897 120 138
277182 79022 120 125
277183 79022 120 1625
