332095 86719 127 15423
332096 86719 127 23980
332097 86720 127 104
332098 3777 127 1723
332099 3777 127 1722
332100 65415 127 4767
332107 3857 127 1299
332108 3857 127 635
332109 3857 127 637
332110 86724 127 637
332111 86724 127 1846
332122 86729 127 23981
332123 86729 127 523
332124 852 127 16
332125 852 127 285
332126 86730 127 2319
332127 86730 127 1150
332128 86731 127 21
332129 86731 127 474
332130 86731 127 982
332131 86731 127 854
332132 86731 127 40
332133 86731 127 72
332151 86736 127 15
332152 86736 127 5947
332153 86736 127 557
332159 75471 127 21
332160 75471 127 2469
332161 75471 127 1034
332165 86741 127 23984
332166 86741 127 5346
332167 86742 127 3451
332168 86742 127 5619
332169 86742 127 23985
332174 86747 127 3219
332175 86747 127 5201
332176 86747 127 23981
332177 86748 127 23981
332178 86749 127 2729
332179 86749 127 23981
332182 86751 127 29
332183 86751 127 331
332184 86751 127 1034
332185 86752 127 1034
332187 86753 127 1647
332188 86753 127 380
332189 86753 127 2441
332190 86753 127 846
332197 4156 127 19677
332198 4156 127 19640
332199 4156 127 1647
332200 4156 127 2441
332201 4156 127 846
332202 86756 127 912
332203 86756 127 2441
332208 86759 127 1560
332209 86759 127 23987
332210 86760 127 4933
332211 86761 127 5619
332212 86761 127 869
332223 86764 127 2441
332224 86764 127 23982
332225 86764 127 139
332226 86764 127 380
332227 86764 127 11
332232 86767 127 18611
332233 86767 127 380
332234 86767 127 13791
332235 86768 127 507
332236 86768 127 380
332237 86768 127 331
332250 86773 127 3451
332251 86773 127 23984
332254 86775 127 3541
332255 86775 127 90
332256 86775 127 638
332257 86776 127 21
332258 86776 127 4156
332259 86776 127 1034
332260 65414 127 13981
332261 65414 127 23989
332262 86777 127 10254
332263 86777 127 2469
332264 86777 127 1262
332265 86777 127 869
332266 64971 127 90
332267 64971 127 1331
332270 86779 127 1150
332271 86779 127 1230
332272 86779 127 72
332273 4482 127 21
332274 86780 127 16134
332275 86781 127 854
332276 86781 127 16134
332277 86781 127 2964
332278 12173 127 4104
332279 86782 127 318
332280 86782 127 915
332281 86782 127 1322
332282 86782 127 72
332283 86783 127 15
332284 86783 127 557
332294 86787 127 16134
332295 86787 127 1062
332300 86789 127 15
332301 86789 127 5947
332302 86789 127 557
332303 86790 127 5947
332304 86790 127 4156
332305 86790 127 139
332310 86793 127 2940
332311 86793 127 780
332316 86796 127 18611
332317 86796 127 1560
332318 86796 127 13791
332321 86798 127 4104
332330 86800 127 638
332331 86800 127 1560
332332 86800 127 3541
332336 86802 127 4104
332337 86803 127 1723
332338 86803 127 5016
332339 86803 127 1722
332344 86806 127 6824
332345 86807 127 1751
332346 86807 127 20461
332347 86807 127 18611
332348 86807 127 963
332356 86812 127 915
332357 86812 127 285
332358 86813 127 359
332359 86813 127 2589
332364 86815 127 912
332367 86817 127 6824
332368 86817 127 23992
332369 86817 127 869
332371 86819 127 21
332388 78338 127 4381
332389 78338 127 5947
332390 78338 127 1034
332391 79647 127 301
332392 79647 127 285
332393 79647 127 264
332394 86828 127 529
332397 41274 127 961
332398 41274 127 1937
332399 79667 127 637
332400 79667 127 23987
332406 86831 127 380
332407 86831 127 5947
332408 86831 127 529
332409 86831 127 23993
332410 13012 127 21
332411 13012 127 2990
332412 13012 127 982
332415 5138 127 40
332416 5138 127 1128
332417 5138 127 503
332421 86834 127 2990
332422 86834 127 285
332432 35 127 16
332433 86836 127 70
332434 86836 127 380
332438 13157 127 2441
332439 13157 127 139
332440 13157 127 795
332441 13157 127 709
332444 86839 127 380
332445 86839 127 139
332446 86839 127 2441
332447 86839 127 23982
332448 86840 127 369
332449 86840 127 734
332453 86842 127 18611
332454 86843 127 4104
332455 86844 127 23987
332460 86847 127 1257
332461 86847 127 16767
332462 86847 127 10321
332463 86848 127 12453
332464 86848 127 322
332467 86850 127 2441
332468 86850 127 23982
332469 86850 127 23995
332470 86850 127 139
332474 86851 127 1258
332475 86851 127 795
332476 86852 127 362
332477 86852 127 1230
332478 86852 127 3811
332479 86852 127 4639
332499 86857 127 15423
332500 86857 127 1034
332503 86859 127 369
332504 86859 127 15423
332505 5448 127 21
332524 25626 127 139
332525 25626 127 285
332526 25626 127 1230
332527 25626 127 635
332528 25626 127 4188
332529 25626 127 1123
332530 86866 127 1723
332531 86866 127 4104
332540 86871 127 2441
332541 86871 127 846
332542 86872 127 2441
332543 86872 127 846
332544 86873 127 2441
332545 86873 127 380
332546 86873 127 139
332547 86874 127 2441
332548 86874 127 380
332549 86874 127 139
332553 86876 127 380
332554 86876 127 139
332555 86876 127 23982
332561 86878 127 12369
332562 86878 127 1647
332563 86878 127 846
332564 86879 127 1722
332565 86879 127 369
332566 86880 127 996
332567 86880 127 20553
332573 3287 127 1647
332574 3287 127 846
332575 86882 127 4104
332576 86882 127 1723
332577 86882 127 1034
332581 69718 127 5947
332582 69718 127 529
332583 86884 127 15423
332584 86884 127 4156
332585 86884 127 1034
332593 86887 127 3451
332594 86888 127 23996
332595 86888 127 1561
332601 86891 127 322
332602 86891 127 23993
332603 86891 127 12453
332606 1822 127 285
332607 1822 127 318
332608 1822 127 16
332613 86895 127 70
332622 86898 127 3233
332626 25103 127 1367
332627 25103 127 816
332633 5798 127 507
332634 5798 127 1230
332635 5798 127 980
332636 86902 127 3121
332637 86902 127 139
332641 86904 127 1723
332642 86904 127 2371
332643 86904 127 1722
332644 45865 127 624
332645 45865 127 1257
332646 45865 127 23997
332647 86905 127 70
332648 86905 127 3558
332657 86908 127 1664
332658 86908 127 795
332659 59241 127 11207
332660 59241 127 982
332666 86910 127 16767
332667 86910 127 369
332668 86910 127 1257
332678 86913 127 139
332679 86913 127 1664
332680 86913 127 795
332689 5954 127 6049
332690 5954 127 816
332691 5954 127 1247
332692 5954 127 1897
332693 5954 127 6
332696 73327 127 795
332697 73327 127 1664
332698 73327 127 139
332702 86919 127 795
332703 86919 127 139
332713 86924 127 70
332714 86924 127 769
332715 86924 127 638
332716 32987 127 1647
332717 32987 127 1819
332718 32987 127 392
332719 86925 127 307
332720 86925 127 72
332723 86927 127 2589
332724 86927 127 963
332725 86928 127 734
332736 67420 127 39
332737 67420 127 369
332738 67420 127 5947
332739 67420 127 15
332740 86933 127 139
332741 86933 127 1937
332742 86933 127 90
332743 86933 127 6
332744 86934 127 4104
332745 86934 127 1723
332747 21181 127 5947
332748 21181 127 982
332749 21181 127 139
332750 86936 127 5603
332751 86936 127 1034
332752 86936 127 285
332753 86936 127 15423
332754 86937 127 24001
332755 86938 127 4062
332756 86938 127 1034
332774 86943 127 1299
332775 86943 127 637
332776 86943 127 362
332785 32077 127 276
332786 32077 127 523
332787 32077 127 76
332788 86947 127 70
332789 86947 127 7216
332799 86951 127 1367
332800 86951 127 816
332806 86954 127 1122
332807 86955 127 104
332808 86955 127 369
332820 86959 127 369
332821 86959 127 1722
332826 86962 127 638
332827 86962 127 1560
332828 86962 127 23987
332829 86963 127 996
332830 86963 127 1062
332831 86963 127 1672
332832 86963 127 1867
332833 86964 127 23987
332834 86964 127 1560
332835 86965 127 1560
332836 86965 127 15518
332837 86965 127 2061
332838 14521 127 1560
332839 14521 127 15518
332841 86967 127 4156
332842 86967 127 19534
332843 86968 127 10254
332844 86968 127 869
332845 86969 127 18611
332846 86969 127 369
332850 86972 127 3376
332851 86972 127 369
332852 86972 127 5346
332853 86972 127 637
332857 86973 127 104
332858 86974 127 1560
332859 86975 127 996
332860 86976 127 24003
332861 86976 127 369
332862 86976 127 637
332863 86977 127 1445
332864 86977 127 18611
332865 86977 127 507
332866 86977 127 638
332867 86978 127 638
332868 86978 127 507
332869 86978 127 285
332870 86979 127 638
332871 86979 127 369
332872 86979 127 816
332876 86981 127 1722
332877 86981 127 4104
332878 86981 127 1723
332879 86982 127 72
332880 86982 127 507
332881 86982 127 638
332882 86982 127 90
332883 86983 127 21
332884 86983 127 1299
332885 86983 127 637
332886 86983 127 635
332887 86983 127 1846
332896 86987 127 2441
332897 86988 127 380
332898 86988 127 2441
332899 86988 127 1597
332900 86988 127 5911
332903 86989 127 359
332906 86991 127 24002
332907 86991 127 285
332908 86991 127 2441
332909 86991 127 139
332910 2188 127 1230
332911 2188 127 963
332912 2188 127 912
332915 6593 127 795
332916 6593 127 1664
332917 6593 127 139
332918 86993 127 638
332923 86995 127 362
332924 86995 127 1819
332925 86995 127 639
332926 6776 127 40
332927 6776 127 1560
332928 6776 127 90
332929 6776 127 1128
332930 6776 127 638
332931 6776 127 2061
332937 6801 127 21
332938 6801 127 40
332939 6801 127 474
332940 6801 127 72
332943 87000 127 1122
332944 87000 127 380
332945 87000 127 23982
332961 87004 127 637
332962 87004 127 2990
332963 87004 127 635
332978 87010 127 4104
332984 6985 127 507
332985 6985 127 1664
332994 87014 127 16767
332995 87014 127 854
332996 87014 127 1257
332999 87016 127 23981
333000 87016 127 523
333001 87016 127 912
333002 87017 127 647
333003 87017 127 912
333004 87017 127 23981
333008 87019 127 3451
333009 87019 127 23991
333012 87021 127 29
333013 87021 127 369
333014 87021 127 331
333015 87021 127 72
333025 87027 127 1169
333026 87027 127 331
333027 87027 127 982
333028 87027 127 40
333032 79907 127 21
333033 79907 127 982
333034 2742 127 276
333035 2742 127 1897
333036 2742 127 854
333042 87030 127 322
333043 87030 127 23993
333044 87030 127 12453
333045 7106 127 1299
333046 7106 127 635
333047 7106 127 637
333048 7106 127 15
333051 16425 127 637
333052 16425 127 1299
333058 87035 127 1430
333059 87035 127 795
333060 87035 127 1664
333061 87035 127 139
333063 87037 127 29
333064 87037 127 331
333071 87041 127 1560
333072 87041 127 23987
333076 87044 127 854
333077 87044 127 318
333078 87044 127 4156
333079 87044 127 1034
333081 87045 127 637
333082 35018 127 322
333083 35018 127 23993
333084 35018 127 12453
333085 52812 127 5947
333086 52812 127 285
333087 7313 127 21
333088 7313 127 795
333089 7313 127 982
333090 7313 127 1664
333095 70382 127 1728
333096 70382 127 503
333098 87048 127 24008
333099 87048 127 2441
333100 87048 127 369
333101 87048 127 72
333102 87048 127 139
333104 87050 127 3558
333106 87052 127 846
333107 87052 127 21
333108 87052 127 5
333113 87054 127 1672
333114 87054 127 1257
333115 87054 127 16767
333116 87054 127 90
333117 87054 127 72
333118 32280 127 719
333119 32280 127 963
333120 87055 127 719
333121 87055 127 963
333124 87056 127 70
333125 87057 127 380
333126 87057 127 70
333127 87057 127 139
333133 87059 127 3558
333134 87059 127 70
333135 87059 127 301
333136 50623 127 1647
333137 50623 127 2441
333138 50623 127 380
333139 87060 127 1257
333140 87060 127 16767
333141 87061 127 523
333142 87062 127 2441
333143 87062 127 846
333145 87064 127 15423
333146 87064 127 1034
333153 74382 127 523
333167 75714 127 507
333168 75714 127 912
333169 75714 127 638
333170 74392 127 4
333171 74392 127 4855
333172 74392 127 72
333176 87071 127 854
333179 87073 127 2729
333181 74470 127 1647
333182 74470 127 5947
333183 74470 127 380
333184 74470 127 24011
333185 74470 127 2441
333186 87075 127 24011
333188 87077 127 24011
333189 87078 127 24011
333190 87079 127 24011
333192 87081 127 24011
333201 87087 127 6824
333202 87087 127 23992
333203 87087 127 869
333206 87089 127 6824
333207 87089 127 869
333208 87089 127 23992
333215 87093 127 1230
333216 87094 127 523
333218 87096 127 18611
333219 87096 127 1257
333220 87096 127 20553
333221 87096 127 1034
333229 87098 127 285
333230 87098 127 1230
333231 87098 127 529
333241 87102 127 1062
333245 74608 127 285
333246 74608 127 24005
333247 74608 127 1230
333252 74611 127 780
333253 74611 127 285
333254 74611 127 1230
333257 87106 127 455
333258 87106 127 16
333259 87106 127 457
333260 87106 127 146
333263 87108 127 21
333264 87108 127 331
333265 87108 127 1169
333266 87109 127 380
333267 87109 127 2441
333268 87109 127 139
333269 87110 127 2441
333272 75743 127 1647
333273 75743 127 369
333274 75743 127 734
333275 87111 127 2441
333276 87111 127 380
333277 87111 127 139
333278 87112 127 635
333279 87112 127 637
333280 87112 127 639
333281 87112 127 1560
333282 87113 127 813
333283 87113 127 963
333292 87117 127 2441
333293 87117 127 24013
333294 87117 127 139
333295 26700 127 29
333296 26700 127 813
333297 87118 127 4767
333298 87118 127 637
333299 87119 127 618
333300 87119 127 635
333301 87119 127 285
333302 87119 127 1611
333303 87120 127 380
333304 87120 127 1647
333305 87120 127 846
333306 35145 127 854
333307 87121 127 780
333308 87121 127 285
333309 87121 127 1230
333310 87122 127 4061
333311 87122 127 369
333312 87122 127 11
333313 87122 127 4188
333314 87122 127 2441
333315 87122 127 10461
333319 87124 127 21
333322 87126 127 1846
333323 87127 127 1257
333324 87127 127 637
333327 87128 127 2441
333328 87128 127 23982
333331 74756 127 24014
333332 74756 127 307
333333 74756 127 869
333334 74756 127 2990
333335 87130 127 4104
333336 87131 127 1723
333337 87131 127 380
333338 87131 127 1722
333339 87132 127 4104
333340 87132 127 1722
333341 87133 127 1723
333342 87134 127 4104
333343 87134 127 638
333344 74786 127 637
333345 74786 127 639
333346 74786 127 1299
333347 74786 127 635
333350 50749 127 362
333351 50749 127 1560
333352 50749 127 1299
333353 50749 127 637
333354 50749 127 639
333358 87137 127 3367
333359 87137 127 380
333360 87138 127 23993
333361 35177 127 79
333365 87140 127 331
333366 87140 127 29
333367 87140 127 1169
333368 87140 127 963
333373 87141 127 1723
333374 87141 127 4104
333375 87142 127 2441
333376 87142 127 23982
333377 87142 127 380
333378 87143 127 2441
333379 87143 127 24002
333380 87143 127 139
333381 87144 127 24002
333382 87144 127 90
333383 87144 127 139
333388 87145 127 795
333389 87145 127 1664
333390 87145 127 139
333397 87147 127 285
333398 87147 127 1230
333399 87147 127 2940
333401 47909 127 529
333402 47909 127 79
333403 47909 127 523
333406 87149 127 1723
333407 87149 127 4104
333410 87151 127 1257
333411 87151 127 16767
333412 87151 127 10321
333413 87151 127 24016
333420 87155 127 2917
333421 87155 127 1937
333422 87155 127 380
333423 87155 127 2441
333424 87155 127 2918
333425 87155 127 846
333426 87156 127 2441
333439 74946 127 1723
333441 87163 127 1723
333447 32447 127 5947
333448 32447 127 523
333449 87166 127 369
333450 87166 127 734
333451 87167 127 1647
333452 87167 127 90
333453 87167 127 139
333454 87168 127 638
333455 87168 127 369
333456 87168 127 72
333457 28780 127 90
333458 28780 127 72
333459 28780 127 139
333460 87170 127 2441
333461 87170 127 846
333467 74987 127 4156
333468 74987 127 19534
333469 87173 127 359
333470 87173 127 795
333471 87173 127 491
333472 87173 127 139
333473 87174 127 23982
333474 87174 127 6674
333475 87174 127 24018
333476 30856 127 523
333481 87177 127 5911
333482 87178 127 2990
333483 87178 127 23993
333484 87179 127 72
333485 87179 127 1728
333486 87179 127 19229
333487 87180 127 18611
333488 87180 127 2441
333489 87180 127 13791
333490 87181 127 380
333491 87181 127 139
333498 87184 127 961
333499 87184 127 5285
333502 87186 127 2441
333503 87186 127 23982
333504 87186 127 380
333509 87188 127 6824
333510 87188 127 23992
333511 87188 127 869
333514 87190 127 380
333515 87190 127 18611
333516 87190 127 1751
333517 87190 127 24009
333520 1399 127 5
333521 1399 127 255
333522 1399 127 21
333523 1399 127 1230
333524 1399 127 79
333525 72060 127 10254
333526 72060 127 869
333527 87192 127 3451
333528 87192 127 23991
333531 87194 127 637
333532 87194 127 1846
333533 87195 127 637
333534 87196 127 638
333535 87196 127 507
333536 87196 127 331
333537 87196 127 72
333540 87198 127 882
333541 87198 127 1119
333542 87198 127 846
333546 87200 127 2602
333547 87200 127 24003
333553 87203 127 21
333554 87203 127 5
333555 87203 127 1034
333558 87206 127 10254
333559 87206 127 1262
333560 87206 127 869
333563 78268 127 4156
333564 87207 127 15
333565 87207 127 5947
333566 87207 127 557
333569 87209 127 1430
333570 87209 127 3239
333571 87209 127 139
333572 87210 127 23984
333581 87214 127 10254
333582 87214 127 869
333583 87215 127 24014
333591 87218 127 869
333592 87218 127 18611
333593 87218 127 9612
333601 87222 127 923
333604 87224 127 40
333605 87224 127 2187
333606 87225 127 23981
333607 87225 127 23992
333608 87225 127 869
333609 87226 127 1299
333610 87226 127 635
333611 87226 127 637
333612 87226 127 1846
333613 87227 127 8048
333614 87227 127 285
333615 87227 127 2441
333616 87227 127 734
333617 87227 127 139
333618 87228 127 23987
333619 87229 127 23987
333620 87230 127 380
333621 87230 127 18611
333622 87230 127 1751
333623 87230 127 24009
333624 87231 127 18611
333625 87231 127 24009
333626 87232 127 359
333627 87232 127 2589
333630 87234 127 1034
333631 87235 127 11544
333632 87235 127 369
333633 87235 127 285
333634 87236 127 3451
333635 87236 127 23991
333640 87238 127 318
333641 87238 127 285
333642 87238 127 72
333643 87238 127 255
333644 87239 127 307
333645 87239 127 285
333646 87239 127 24019
333647 87239 127 3367
333648 87240 127 915
333649 87240 127 24012
333652 87242 127 380
333653 87242 127 20858
333671 87250 127 2441
333672 87250 127 1119
333673 87250 127 846
333678 87253 127 40
333679 87253 127 3451
333680 87253 127 787
333681 87254 127 4104
333684 3141 127 5142
333685 3141 127 18279
333686 87256 127 2441
333687 87256 127 139
333695 87260 127 2762
333696 87260 127 774
333697 87260 127 285
333698 87260 127 2441
333699 87260 127 846
333700 87261 127 1723
333701 87261 127 1722
333702 87261 127 1191
333704 87263 127 719
333705 87263 127 507
333706 87263 127 963
333707 87264 127 3451
333708 87264 127 4297
333709 87265 127 4104
333710 87265 127 24015
333711 87265 127 1191
333712 87265 127 1722
333713 87266 127 4104
333714 87266 127 1722
333721 24861 127 1664
333722 24861 127 795
333723 24861 127 1430
333724 24861 127 139
333730 1932 127 139
333731 1932 127 982
333732 1932 127 734
333733 1932 127 2028
333739 87272 127 29
333740 87272 127 7089
333745 87273 127 285
333746 87273 127 72
333747 87273 127 4
333748 87273 127 318
333749 87273 127 915
333750 87274 127 90
333751 87274 127 72
333752 87274 127 734
333753 87275 127 1723
333754 87275 127 1722
333757 9197 127 638
333758 9197 127 1560
333759 9197 127 23248
333760 9197 127 72
333761 87277 127 1034
333765 87280 127 2441
333766 87280 127 369
333767 87280 127 72
333768 87280 127 734
333769 87280 127 139
333776 87283 127 637
333786 87286 127 318
333787 87286 127 3182
333788 87286 127 1664
333794 87289 127 24024
333795 87289 127 4
333796 87289 127 285
333797 1961 127 1262
333798 1961 127 10253
333799 1961 127 10254
333800 1961 127 869
333804 87291 127 3238
333805 87291 127 322
333806 87291 127 23993
333807 87291 127 12453
333811 87293 127 24025
333812 87293 127 2175
333813 87294 127 996
333814 87294 127 20553
333815 87294 127 2175
333819 87296 127 3541
333820 87297 127 24026
333833 87300 127 2990
333834 87300 127 1230
333835 87300 127 285
333836 87300 127 1819
333837 87300 127 276
333838 87300 127 637
333839 87300 127 639
333840 87300 127 362
333841 87301 127 5911
333849 87303 127 1647
333850 87303 127 769
333851 87303 127 507
333852 87303 127 369
333853 87303 127 2441
333854 87303 127 846
333855 87304 127 2442
333856 87304 127 2471
333857 87304 127 369
333858 87304 127 2441
333859 87304 127 734
333864 27485 127 104
333865 27485 127 72
333866 27485 127 618
333867 87308 127 795
333868 87308 127 388
333869 87308 127 709
333870 87308 127 24008
333871 87308 127 139
333880 87311 127 734
333881 87311 127 2442
333882 87311 127 2028
333883 87311 127 2372
333884 87311 127 285
333885 87312 127 20858
333888 87314 127 1322
333889 87314 127 2056
333890 87314 127 575
333891 87315 127 5947
333892 87315 127 1257
333893 87315 127 20553
333894 87315 127 16767
333895 87316 127 2056
333896 87316 127 5346
333897 87316 127 3451
333898 87316 127 23985
333899 87317 127 359
333900 87317 127 2589
333906 51119 127 70
333907 51119 127 5947
333919 87322 127 3451
333920 87322 127 23991
333927 87325 127 3451
333928 87325 127 24027
333929 87325 127 24003
333942 87330 127 285
333943 87330 127 2990
333946 87332 127 1257
333947 87332 127 16767
333955 87336 127 322
333956 87336 127 17519
333959 25751 127 285
333960 25751 127 1230
333961 25751 127 877
333962 25751 127 635
333963 25751 127 1123
333966 87339 127 4104
333967 87339 127 1723
333972 87341 127 10254
333973 87341 127 4156
333974 87341 127 10253
333975 87341 127 2469
333976 87341 127 869
333977 87341 127 1262
333981 87343 127 12369
333982 87343 127 1647
333983 87343 127 926
333984 87343 127 2441
333985 87343 127 846
333986 87343 127 72
333990 87345 127 380
333991 87345 127 388
333992 87345 127 734
333993 87345 127 2441
333994 87345 127 23982
333995 87346 127 1057
333996 87346 127 7147
334013 87351 127 865
334014 87351 127 10426
334015 87351 127 638
334016 87351 127 2441
334017 87351 127 846
334018 87352 127 369
334019 87352 127 734
334021 87354 127 1560
334022 87354 127 1722
334023 87354 127 13981
334024 87355 127 2642
334025 87355 127 9382
334038 87360 127 2441
334039 87360 127 1937
334040 87360 127 380
334041 87360 127 23982
334042 87360 127 139
334043 87361 127 2441
334044 87361 127 139
334045 87362 127 523
334046 87363 127 23982
334047 87363 127 380
334048 87363 127 2441
334049 87364 127 2441
334050 87364 127 139
334051 87365 127 2441
334052 87365 127 24002
334053 87365 127 139
334054 87366 127 915
334055 87366 127 318
334056 87366 127 1322
334057 87366 127 72
334061 35507 127 2990
334062 35507 127 1611
334063 25219 127 318
334064 25219 127 285
334069 28043 127 637
