334073 87371 128 125
334079 15073 128 44
334080 15073 128 108
334086 87377 128 668
334087 87377 128 188
334091 52299 128 138
334094 87380 128 668
334095 87380 128 1058
334096 87380 128 188
334097 87380 128 44
334100 87382 128 44
334101 87382 128 138
334113 87385 128 4290
334116 87387 128 44
334119 87389 128 44
334120 87389 128 1007
334121 87389 128 1058
334123 57764 128 44
334124 57764 128 138
334125 87390 128 24032
334126 65493 128 125
334127 65493 128 24033
334128 22919 128 44
334129 22919 128 138
334132 87393 128 798
334133 87393 128 4316
334138 21814 128 108
334141 31819 128 2404
334142 31819 128 11
334143 11825 128 798
334149 87403 128 138
334152 87406 128 717
334154 87408 128 637
334155 87408 128 635
334156 87409 128 2279
334163 51683 128 108
334164 57873 128 982
334165 57873 128 1611
334171 87419 128 11
334172 87420 128 188
334173 87420 128 7271
334178 23268 128 138
334179 87424 128 188
334180 87425 128 1325
334181 87426 128 21
334182 87426 128 1123
334183 87427 128 108
334184 87427 128 44
334185 87428 128 108
334186 87428 128 138
334187 38014 128 44
334188 38014 128 138
334189 244 128 44
334190 27646 128 108
334191 27646 128 44
334198 87432 128 44
334199 87432 128 11
334202 87433 128 734
334203 87434 128 2642
334205 35620 128 668
334206 35620 128 11
334212 5265 128 523
334213 5265 128 44
334221 87443 128 388
334225 87445 128 1007
334230 87448 128 21
334231 87448 128 982
334232 87448 128 781
334234 87450 128 503
334235 87451 128 637
334236 87452 128 734
334237 87453 128 138
334238 87453 128 798
334239 87454 128 24033
334244 32004 128 668
334245 32004 128 1058
334246 32004 128 44
334248 30658 128 798
334249 30658 128 1058
334251 87461 128 1340
334252 23607 128 108
334253 23607 128 44
334265 55314 128 44
334266 55314 128 1611
334267 55314 128 982
334269 87472 128 2279
334270 21056 128 125
334271 53188 128 138
334272 53188 128 44
334273 53188 128 285
334276 50169 128 781
334277 50169 128 21
334278 87475 128 2279
334282 87479 128 4290
334283 87479 128 635
334284 87479 128 20494
334285 57063 128 220
334286 57063 128 44
334291 87482 128 24031
334292 87482 128 2279
334295 87484 128 44
334296 87484 128 108
334297 87484 128 138
334299 87485 128 24
334300 87485 128 2840
334301 87486 128 507
334302 87486 128 221
334303 87487 128 388
334304 87487 128 734
334313 87492 128 2279
334318 87495 128 125
334319 87495 128 637
334321 10933 128 637
334322 10933 128 2922
334325 87498 128 125
334330 87500 128 846
334331 87500 128 734
334334 87503 128 24032
334339 87507 128 188
334340 87507 128 10013
334344 87509 128 188
334358 87517 128 125
334359 87517 128 1007
334364 87519 128 108
334365 87519 128 44
334370 74124 128 1565
334374 87523 128 24038
334377 87525 128 44
334378 87525 128 139
334379 87525 128 5217
334383 87528 128 798
334384 87528 128 138
334385 87529 128 4316
334386 87530 128 4316
334394 59809 128 44
334395 59809 128 138
334399 87538 128 9041
334400 87538 128 798
334403 87540 128 125
334404 87541 128 798
334405 87541 128 139
334406 87542 128 2028
334407 87542 128 734
334408 87543 128 220
334409 87543 128 44
334411 38487 128 44
334412 38487 128 188
334413 87545 128 108
334414 87545 128 527
334415 78098 128 1058
334416 78098 128 139
334419 87548 128 2642
334420 87548 128 138
334427 27405 128 982
334428 27405 128 1611
334438 87560 128 2279
334441 87562 128 507
334442 87562 128 221
334443 87563 128 2279
334446 87565 128 44
334447 87565 128 1007
334450 87567 128 44
334451 87567 128 1007
334454 87569 128 1007
334463 87576 128 505
334464 87576 128 11
334465 87577 128 637
334472 87581 128 1007
334473 87581 128 75
334474 12177 128 44
334483 59636 128 668
334484 59636 128 2371
334485 59636 128 9439
334486 87586 128 125
334487 87586 128 1058
334492 87590 128 507
334493 87591 128 139
334494 87591 128 734
334495 955 128 4880
334496 87592 128 139
334497 13585 128 188
334498 27935 128 44
334499 27935 128 138
334501 87594 128 44
334505 87597 128 846
334517 29730 128 798
334518 29730 128 4140
334521 87607 128 125
334522 87607 128 11
334523 87608 128 873
334524 87609 128 64
334525 87609 128 125
334526 87609 128 1058
334527 87610 128 44
334528 87610 128 138
334530 24729 128 108
334531 24729 128 44
334538 87616 128 367
334540 35803 128 188
334549 87622 128 2279
334552 87624 128 1123
334553 87624 128 24042
334554 87625 128 1565
334555 24588 128 1141
334556 24588 128 90
334557 87626 128 635
334558 87627 128 996
334559 87627 128 1802
334560 87628 128 1127
334561 87628 128 1007
334562 75863 128 44
334563 75863 128 668
334564 75863 128 4362
334565 35364 128 44
334566 87629 128 798
334568 87630 128 24033
334569 87630 128 125
334570 87631 128 637
334571 87632 128 44
334572 87632 128 138
334576 87635 128 1367
334577 87636 128 8629
334578 87636 128 264
334579 87636 128 374
334584 76287 128 138
334585 76287 128 44
334586 87640 128 846
334587 87640 128 1430
334590 87641 128 21
334594 87643 128 734
334595 54131 128 1125
334596 87644 128 2918
334597 87644 128 388
334598 87644 128 374
334609 17730 128 1123
334617 87655 128 1007
334618 87655 128 44
334619 87655 128 1058
334620 87655 128 1325
334698 87710 128 21
334743 87743 128 388
334744 87743 128 5217
