6268 2517 13 1212
6269 2517 13 1213
6270 2517 13 1214
6274 2520 13 1209
6275 2520 13 1215
6293 2531 13 450
6294 2531 13 1219
6310 2542 13 1224
6311 2542 13 869
6317 2546 13 749
6318 2546 13 1228
6327 2552 13 1224
6328 2552 13 869
6331 2554 13 523
6332 2554 13 1230
6344 2563 13 1234
6345 2563 13 869
6351 2568 13 1213
6352 2568 13 1236
6357 2571 13 1216
6361 2574 13 1238
6362 2574 13 869
6363 2575 13 450
6364 2575 13 1239
6365 2576 13 450
6366 2576 13 1240
6378 2584 13 563
6387 2589 13 1224
6388 2589 13 869
6395 2593 13 1224
6396 2593 13 869
6416 2607 13 1199
6417 2607 13 1202
6420 2610 13 1213
6421 2610 13 1200
6424 2613 13 563
6426 2615 13 1234
6427 2615 13 869
6437 2620 13 1213
6438 2621 13 1215
6451 2628 13 651
6452 2628 13 1250
6459 2633 13 563
6464 2636 13 1233
6470 2640 13 1215
6471 2640 13 1204
6472 2641 13 1210
6473 2641 13 1254
6480 2646 13 285
6481 2646 13 1230
6482 2646 13 1257
6502 2657 13 1215
6511 2662 13 1262
6512 2662 13 869
6513 2663 13 1262
6514 2663 13 869
6515 2664 13 1263
6527 2671 13 450
6528 2671 13 1266
6529 2672 13 29
6530 2672 13 1267
6531 2673 13 1243
6532 2673 13 1234
6539 2677 13 1188
6540 2677 13 1200
6541 2678 13 450
6542 2678 13 1239
6543 2679 13 1219
6544 2679 13 450
6546 2681 13 1224
6547 2681 13 450
6548 2682 13 1234
6549 2682 13 450
6550 2683 13 1243
6551 2683 13 1237
6552 2684 13 450
6553 2684 13 1268
6556 2686 13 450
6557 2686 13 1239
6558 2687 13 1270
6559 2687 13 450
6562 2689 13 1243
6563 2689 13 1254
6564 2690 13 1271
6569 2694 13 1213
6579 2700 13 1194
6583 2188 13 912
6584 2188 13 1230
6585 2703 13 1227
6586 2703 13 1221
6594 2709 13 450
6595 2709 13 1219
6596 2710 13 1273
6597 2711 13 1273
6602 2714 13 1275
6603 2714 13 1200
6611 2719 13 563
6612 2719 13 361
6613 2720 13 1224
6614 2720 13 869
6615 2721 13 1213
6628 2728 13 910
6629 2728 13 1200
6630 2729 13 646
6631 2729 13 1200
6633 2731 13 1217
6634 2731 13 1280
6642 2736 13 1234
6643 2736 13 651
6652 2742 13 1125
6661 2748 13 1215
6662 2748 13 869
6663 2749 13 1215
6664 2749 13 769
6672 2754 13 757
6673 2754 13 1230
6674 2754 13 285
6675 2755 13 1194
6678 2758 13 29
6695 2768 13 1244
6696 2768 13 1239
6704 2773 13 29
6705 2773 13 1286
6710 2776 13 912
6711 2776 13 29
6724 2783 13 1288
6725 2783 13 1275
6730 2786 13 1289
6731 2787 13 1234
6732 2787 13 651
6733 2788 13 651
6734 2788 13 1250
6735 2789 13 1250
6736 2789 13 1244
6739 2791 13 450
6740 2791 13 1239
6741 2792 13 450
6742 2792 13 1239
6743 2793 13 1239
6744 2793 13 450
6745 2794 13 450
6746 2794 13 1239
6747 2795 13 1227
6748 2795 13 1221
6749 2796 13 1213
6750 2796 13 1241
6760 2803 13 1239
6761 2803 13 1294
6762 2804 13 1227
6763 2804 13 1221
6767 2807 13 1219
6768 2807 13 1295
6769 2808 13 1229
6770 2808 13 1215
6786 2818 13 1213
6792 2821 13 1215
6793 2821 13 450
6803 2827 13 1243
6810 2832 13 29
6811 2833 13 29
6814 2835 13 1297
6815 2835 13 869
6829 2844 13 1213
6835 2848 13 1239
6836 2848 13 869
6838 2850 13 1224
6839 2850 13 869
6840 2851 13 29
6844 2854 13 1266
6845 2854 13 1244
6848 2856 13 1297
6849 2856 13 869
6850 2857 13 1299
6851 2857 13 285
6856 2860 13 1275
6857 2860 13 1300
6860 2863 13 1275
6861 2863 13 1200
6866 2866 13 1253
6867 2866 13 651
6870 2868 13 1263
6871 2868 13 1283
6882 2874 13 1188
6883 2874 13 1200
6886 2876 13 1226
6887 2876 13 1237
6890 2878 13 1213
6891 2878 13 1241
6895 2881 13 651
6896 2881 13 1239
6897 2315 13 1000
6898 2315 13 769
6899 2882 13 1241
6900 2883 13 1237
6901 2883 13 651
6902 2883 13 1244
6903 1902 13 719
6904 1902 13 769
6905 2884 13 1244
6906 2884 13 1239
6910 2887 13 1051
6911 2887 13 1305
6912 2888 13 450
6913 2888 13 1234
6914 2889 13 1213
6917 2891 13 1128
6918 2891 13 563
6919 2892 13 1239
6920 2892 13 450
6921 2893 13 1215
6922 2893 13 769
6923 2894 13 1229
6924 2894 13 1292
6925 2895 13 1227
6926 2895 13 1221
6927 2896 13 1275
6928 2896 13 1300
6931 2898 13 1297
6932 2898 13 869
6933 2898 13 450
6938 2901 13 1297
6939 2901 13 450
6942 2903 13 1224
6943 2903 13 869
6944 2904 13 1215
6945 2904 13 869
6954 2911 13 1308
6982 2926 13 450
6983 2926 13 1237
6997 2935 13 1210
6998 2935 13 1311
7008 2941 13 1234
7009 2941 13 869
7014 2944 13 1233
