334825 87793 130 20212
334826 36109 130 4256
334827 36109 130 507
334828 36109 130 285
334861 87800 130 8931
334862 87800 130 1000
334863 87800 130 540
334864 87800 130 24054
334865 87800 130 24055
334866 87801 130 24056
334867 87801 130 3355
334868 87802 130 24057
334869 87802 130 1331
334870 87802 130 645
334871 87802 130 24058
334882 87807 130 540
334883 87807 130 451
334884 87807 130 8215
334885 87808 130 1731
334886 87808 130 4
334887 87808 130 4323
334888 87809 130 618
334889 87809 130 90
334890 87809 130 1868
334891 87810 130 29
334892 87810 130 285
334893 87810 130 240
334894 87811 130 285
334895 65445 130 4636
334896 65445 130 635
334897 65445 130 362
334898 65445 130 3
334899 87812 130 540
334900 87812 130 618
334901 87813 130 1775
334902 87813 130 125
334903 87813 130 15
334906 87815 130 818
334907 87815 130 3
334908 87815 130 285
334909 87815 130 79
334910 87815 130 84
334912 87817 130 285
334913 87817 130 11882
334923 87822 130 540
334924 87823 130 540
334931 87828 130 540
334934 87830 130 638
334935 87830 130 90
334936 87830 130 507
334944 87834 130 540
334949 87836 130 302
334950 87836 130 818
334951 87836 130 84
334957 87839 130 2427
334958 87839 130 79
334959 87839 130 55
334960 87839 130 302
334961 87840 130 46
334962 87840 130 138
334963 87840 130 10000
334966 87842 130 4406
334967 87843 130 15740
334968 87843 130 302
334969 87843 130 540
334973 87845 130 10967
334978 87847 130 29
334979 87847 130 90
334980 87847 130 24066
334983 87849 130 156
334984 87849 130 24053
334985 87850 130 302
334986 22958 130 318
334987 22958 130 2427
334988 22958 130 4329
334989 87851 130 254
334990 87851 130 302
334991 87851 130 240
334992 87851 130 1172
334997 87853 130 540
334998 87854 130 3
334999 87854 130 13
335000 87854 130 828
335001 87854 130 30
335002 87854 130 2427
335008 87858 130 668
335009 87858 130 3
335021 87863 130 4073
335022 87864 130 20323
335023 87864 130 4323
335024 87864 130 6177
335029 65784 130 458
335030 65784 130 4406
335031 65784 130 3
335032 65784 130 15
335033 65784 130 54
335034 87867 130 391
335035 87867 130 5827
335036 87867 130 30
335037 87867 130 1414
335039 87869 130 254
335040 87869 130 152
335041 87870 130 24072
335042 87870 130 24073
335043 87870 130 507
335044 87871 130 24074
335045 87871 130 1779
335050 87873 130 359
335051 87873 130 2816
335052 87873 130 1410
335053 87874 130 1275
335054 87874 130 5081
335055 87875 130 1170
335056 87875 130 24076
335057 87875 130 331
335058 87875 130 1775
335059 87876 130 13
335060 87876 130 751
335073 19042 130 2330
335074 19042 130 30
335075 19042 130 24077
335076 19042 130 240
335082 87882 130 29
335083 87883 130 29
335087 87886 130 2330
335088 87886 130 2613
335089 87886 130 342
335090 87887 130 80
335091 87887 130 2916
335092 87888 130 4019
335093 87888 130 15
335094 87888 130 24078
335095 87888 130 39
335096 87889 130 1220
335103 87892 130 331
335104 87892 130 2514
335105 87892 130 1122
335109 87894 130 540
335110 87895 130 540
335111 87896 130 1169
335112 87896 130 24079
335113 87897 130 540
335114 87897 130 84
335117 87899 130 4282
335118 87899 130 540
335119 87899 130 24081
335129 87904 130 54
335130 87904 130 3
335131 87905 130 285
335132 87905 130 254
335133 87905 130 10291
335134 87905 130 139
335135 87905 130 3
335136 87906 130 1775
335137 87906 130 254
335138 87906 130 4406
335139 87907 130 3
335140 87907 130 24083
335147 87911 130 1775
335148 87911 130 285
335149 87911 130 125
335150 87911 130 15
335151 87911 130 216
335152 87912 130 1775
335153 87912 130 3122
335156 87915 130 24076
335157 87915 130 15
335158 87915 130 1169
335159 87915 130 331
335160 87915 130 125
335161 87915 130 1775
335162 87915 130 1170
335174 87918 130 4256
335175 87918 130 24085
335176 87918 130 24086
335177 87919 130 4135
335178 87919 130 240
335179 87919 130 540
335180 87919 130 24087
335181 87920 130 285
335182 87920 130 24088
335183 15423 130 79
335184 15423 130 818
335185 15423 130 3060
335186 15423 130 302
335192 87923 130 24090
335193 87923 130 139
335194 87923 130 254
335195 87923 130 668
335196 87923 130 3
335198 87925 130 254
335199 87925 130 301
335200 87925 130 342
335201 87925 130 2936
335209 46289 130 3
335210 46289 130 46
335211 46289 130 90
335212 46289 130 15
335213 23164 130 3
335214 23164 130 1277
335224 42642 130 11016
335225 42642 130 254
335226 87930 130 254
335227 87930 130 240
335228 87930 130 4267
335229 87930 130 11016
335237 87934 130 19460
335238 87934 130 29
335245 87936 130 156
335246 87936 130 17441
335247 87937 130 507
335248 87937 130 894
335249 87937 130 1957
335254 87940 130 24093
335255 87940 130 1172
335260 87943 130 76
335261 87943 130 2427
335262 87943 130 24094
335263 87944 130 730
335264 87944 130 1257
335265 87944 130 1808
335266 87944 130 139
335267 66354 130 3
335268 66354 130 15
335269 66354 130 4406
335270 66354 130 458
335271 87945 130 1664
335272 87945 130 29
335273 87945 130 44
335278 87946 130 4406
335279 87946 130 15
335280 87946 130 458
335282 87948 130 10253
335283 87948 130 869
335291 87952 130 24095
335292 87952 130 2613
335293 87952 130 342
335294 87953 130 16143
335295 87953 130 301
335296 87953 130 39
335297 87953 130 1275
335298 87953 130 1704
335299 87953 130 54
335300 87953 130 302
335321 87959 130 466
335322 87959 130 4282
335323 87959 130 240
335324 87959 130 16
335325 87960 130 285
335326 87960 130 904
335327 87961 130 876
335328 87961 130 240
335346 87966 130 24100
335347 87966 130 540
335348 87967 130 276
335349 87967 130 24052
335350 87967 130 24101
335351 87968 130 302
335359 21911 130 285
335360 21911 130 139
335361 87971 130 4256
335362 87971 130 24102
335363 87972 130 1560
335364 87972 130 5215
335365 87972 130 24103
335368 87973 130 4343
335369 87973 130 285
335370 87973 130 2935
335371 87973 130 254
335372 87973 130 240
335385 87978 130 1176
335386 87978 130 1563
335387 87978 130 19912
335388 87978 130 1057
335389 87979 130 4535
335390 87979 130 254
335391 87979 130 4551
335394 87981 130 1299
335395 87982 130 24104
335396 87982 130 46
335397 87983 130 254
335398 87983 130 20323
335399 87983 130 1775
335400 87984 130 156
335401 87984 130 20372
335408 87986 130 917
335409 87986 130 24059
335410 13039 130 46
335411 87987 130 16143
335412 87987 130 4633
335413 87987 130 39
335438 88001 130 1021
335439 88001 130 139
335446 88003 130 139
335447 88003 130 635
335448 88003 130 285
335449 88004 130 139
335450 88004 130 2627
335451 88004 130 29
335456 5265 130 39
335457 5265 130 466
335458 5265 130 668
335459 5265 130 54
335460 5265 130 254
335461 5265 130 3
335467 88007 130 587
335468 88007 130 3
335469 88007 130 523
335481 26700 130 331
335482 26700 130 1122
335483 26700 130 29
335484 26700 130 24062
335485 88009 130 540
335486 88010 130 39
335487 88011 130 126
335488 88011 130 285
335489 63720 130 1611
335490 63720 130 1612
335491 63720 130 2908
335492 63720 130 240
335493 63720 130 285
335494 88012 130 2613
335495 88012 130 254
335496 88012 130 20212
335501 88015 130 254
335502 88015 130 240
335503 88015 130 302
335504 88015 130 4247
335505 88015 130 10000
335506 88015 130 6177
335507 88015 130 24110
335513 88017 130 656
335514 88017 130 285
335515 88017 130 1052
335516 88017 130 240
335517 88017 130 6177
335528 88021 130 24112
335529 88021 130 285
335530 88021 130 1838
335531 88022 130 254
335532 88022 130 4677
335533 88022 130 4247
335534 88022 130 540
335535 88022 130 4267
335543 88025 130 1169
335544 88025 130 4247
335545 88025 130 254
335546 88025 130 2637
335547 88025 130 7089
335557 88030 130 15
335558 88030 130 3
335559 88030 130 458
335567 38096 130 2371
335568 38096 130 4234
335569 38096 130 139
335570 88033 130 24115
335571 88033 130 29
335573 88035 130 276
335574 88035 130 216
335602 88048 130 3769
335603 88048 130 2472
335604 1308 130 139
335605 1308 130 894
335606 1308 130 992
335609 47985 130 4044
335610 47985 130 3
335611 47985 130 24121
335612 47985 130 146
335613 47985 130 362
335614 88050 130 24122
335615 88050 130 285
335616 88050 130 30
335617 88050 130 128
335621 88052 130 3394
335622 88053 130 3
335623 88053 130 285
335624 88053 130 254
335625 88054 130 6573
335626 88054 130 638
335627 88055 130 645
335628 88055 130 366
335634 41497 130 876
335635 41497 130 24123
335636 41497 130 1745
335637 41497 130 285
335645 88059 130 507
335646 88059 130 2990
335656 15874 130 164
335657 15874 130 5076
335658 15874 130 125
335659 15874 130 285
335660 15874 130 2427
335663 88063 130 76
335664 88063 130 4332
335665 88063 130 2427
335674 88067 130 1178
335675 88067 130 9441
335676 88067 130 6731
335678 88069 130 540
335685 88074 130 1431
335686 88074 130 359
335687 88074 130 507
335692 88078 130 961
335693 88078 130 24124
335697 88080 130 254
335700 88082 130 4323
335701 88082 130 1745
335702 88082 130 4135
335703 88082 130 240
335726 5947 130 507
335727 5947 130 9441
335728 5947 130 139
335729 88093 130 982
335730 88093 130 152
335731 88093 130 20212
335732 88093 130 254
335741 23666 130 1148
335742 23666 130 1057
335743 23666 130 915
335744 23666 130 156
335749 88100 130 13
335750 15986 130 254
335751 15986 130 1172
335755 88102 130 4810
335756 88103 130 359
335757 14549 130 359
335759 23702 130 3
335760 23702 130 668
335761 65153 130 4308
335762 65153 130 340
335763 65153 130 10185
335764 65153 130 4234
335765 65153 130 338
335779 88107 130 698
335780 88107 130 276
335784 88109 130 6573
335785 88109 130 749
335786 88109 130 1169
335787 88109 130 23993
335788 88109 130 24062
335793 25064 130 698
335794 25064 130 643
335795 25064 130 3
335796 25064 130 285
335801 88112 130 156
335802 88112 130 540
335803 88113 130 2613
335804 88113 130 540
335807 88115 130 1819
335808 88115 130 285
335809 88115 130 2990
335815 88118 130 24052
335816 88118 130 5932
335817 88118 130 638
335818 88119 130 276
335819 88119 130 928
335820 88119 130 4435
335821 88119 130 7169
335822 88119 130 307
335823 88120 130 276
335824 88120 130 1653
335825 88121 130 5932
335826 88121 130 1672
335830 88123 130 276
335831 88124 130 20212
335832 88124 130 11283
335834 88125 130 540
335835 88125 130 79
335836 88125 130 1731
335837 88125 130 318
335858 88132 130 540
335859 88133 130 1775
335860 88133 130 15
335861 88133 130 125
335863 15360 130 4308
335864 15360 130 992
335865 15360 130 894
335874 67602 130 15
335875 67602 130 4406
335876 67602 130 54
335880 88139 130 3428
335881 88139 130 139
335882 88139 130 507
335885 24655 130 1172
335886 24655 130 635
335887 24655 130 884
335888 24655 130 254
335896 88145 130 8528
335897 88145 130 331
335900 88147 130 125
335901 88147 130 4406
335910 88153 130 24071
335911 88153 130 29
335912 88154 130 285
335913 88154 130 24134
335918 88156 130 450
335919 88156 130 1220
335920 88157 130 2637
335921 88157 130 4267
335922 88157 130 17152
335923 43898 130 254
335924 43898 130 17439
335925 43898 130 1775
335937 88162 130 17152
335938 88162 130 2637
335941 88164 130 1819
335942 88164 130 1299
335943 88164 130 635
335944 88165 130 540
335945 88165 130 643
335949 88166 130 17152
335950 88166 130 2637
335957 88169 130 1775
335958 88169 130 15
335962 866 130 638
335970 88172 130 285
335971 88172 130 139
335972 88173 130 276
335973 88173 130 1653
335974 88173 130 128
335975 88173 130 798
335976 88173 130 4188
335977 88173 130 307
335983 88177 130 156
335994 6593 130 795
335995 6593 130 139
335996 6593 130 285
336006 88186 130 318
336007 88186 130 76
336008 88186 130 332
336009 57123 130 24071
336010 57123 130 29
336013 88188 130 156
336014 6663 130 3
336015 6663 130 54
336016 6663 130 125
336017 6663 130 302
336018 6663 130 138
336021 88190 130 24072
336022 88190 130 24073
336027 88193 130 20212
336028 88193 130 254
336029 88193 130 24120
336030 88194 130 2587
336031 88194 130 4323
336032 88195 130 668
336033 88195 130 3
336034 88196 130 4323
336036 88197 130 1999
336037 88197 130 1731
336038 88197 130 1025
336039 88198 130 331
336040 88198 130 125
336041 88198 130 16143
336042 88198 130 2472
336043 88198 130 3408
336044 88198 130 78
336045 88199 130 254
336046 88199 130 20212
336047 88200 130 1775
336048 88200 130 125
336049 88200 130 1882
336050 88201 130 46
336051 88201 130 139
336052 88201 130 39
336053 88201 130 4406
336054 88202 130 4308
336055 88202 130 540
336056 88202 130 24089
336061 88204 130 24067
336062 88204 130 4579
336066 88208 130 3394
336067 88208 130 9819
336068 88208 130 6782
336079 88213 130 540
336087 57480 130 4308
336088 57480 130 342
336089 57480 130 138
336090 88216 130 276
336100 88219 130 3394
336101 88219 130 216
336105 61808 130 4133
336108 88221 130 1057
336109 88221 130 4354
336110 88221 130 338
336113 68035 130 15
336114 68035 130 4406
336115 68035 130 458
336116 38321 130 8603
336117 88223 130 240
336118 88223 130 254
336121 88225 130 507
336122 68080 130 668
336123 68080 130 254
336124 68080 130 4234
336125 68080 130 3
336126 68080 130 618
336127 88226 130 1057
336128 88226 130 635
336129 88226 130 156
336133 88229 130 618
336134 88229 130 9135
336146 88233 130 507
336147 16373 130 254
336148 16373 130 138
336149 16373 130 3
336150 6985 130 507
336151 6985 130 126
336156 88235 130 6159
336157 88235 130 5535
336159 88237 130 1299
336160 88237 130 638
336161 88237 130 635
336162 88237 130 618
336169 88239 130 125
336170 88239 130 507
336171 88239 130 3
336172 88239 130 1057
336173 88240 130 507
336174 88240 130 6177
336184 7039 130 302
336185 7039 130 152
336186 7039 130 342
336187 7039 130 54
336188 7039 130 3
336192 2896 130 29
336193 2896 130 24071
336196 27342 130 645
336197 27342 130 81
336198 27342 130 1868
336204 88249 130 540
336205 88249 130 1702
336212 88252 130 3
336213 88252 130 24148
336231 88258 130 2371
336232 88258 130 3
336237 88261 130 331
336238 88261 130 16143
336239 88261 130 6177
336246 22654 130 289
336247 22654 130 138
336255 88266 130 4252
336256 88266 130 128
336257 88266 130 285
336262 16465 130 5217
336263 16465 130 15714
336269 88271 130 894
336270 88271 130 629
336271 88271 130 6737
336272 88272 130 894
336276 88274 130 677
336277 88274 130 507
336278 88274 130 39
336279 88274 130 90
336285 1579 130 992
336286 88277 130 6783
336287 88277 130 24142
336288 88278 130 4256
336289 88278 130 24086
336290 88278 130 854
336291 88278 130 24152
336294 88279 130 1034
336295 88279 130 24153
336296 88279 130 24154
336297 88280 130 638
336298 88280 130 507
336299 88280 130 912
336300 88281 130 20212
336301 16521 130 540
336302 16521 130 699
336303 16521 130 286
336318 86852 130 362
336319 86852 130 4639
336320 86852 130 3
336325 88287 130 225
336326 88287 130 818
336327 88287 130 125
336328 88287 130 1775
336329 88288 130 10967
336330 88289 130 156
336331 88290 130 54
336332 88290 130 818
336333 88290 130 302
336337 88293 130 618
336338 88293 130 302
336339 88293 130 818
336340 88294 130 507
336341 88294 130 15540
336342 88294 130 1004
336354 88298 130 894
336355 88298 130 139
336356 88298 130 24158
336362 88301 130 1299
336363 88301 130 1819
336364 88302 130 1819
336365 88302 130 1299
336366 88303 130 225
336367 88303 130 79
336368 88303 130 635
336369 88303 130 254
336370 88303 130 285
336371 88304 130 20212
336372 87300 130 1819
336373 87300 130 1299
336375 88307 130 125
336376 88307 130 15
336377 88307 130 342
336378 88307 130 1057
336379 88307 130 46
336380 88307 130 3
336381 88308 130 216
336382 88311 130 3
336383 88312 130 876
336384 88312 130 8603
336385 88312 130 24161
336391 40301 130 1771
336392 40301 130 2627
336393 40301 130 39
336394 40301 130 507
336396 88317 130 6783
336397 88317 130 24162
336398 88317 130 24163
336406 88319 130 540
336417 88324 130 10229
336422 88326 130 29
336423 88326 130 24164
336424 88326 130 884
336442 88334 130 540
336455 88338 130 1063
336456 88338 130 3
336457 88338 130 302
336458 88338 130 540
336462 88340 130 4234
336463 88340 130 302
336464 88340 130 39
336465 88340 130 3
336476 88346 130 6737
336477 88346 130 2642
336478 88346 130 139
336479 88347 130 240
336480 88347 130 125
336481 88347 130 302
336482 88347 130 54
336483 88347 130 3
336484 354 130 3
336485 354 130 2427
336486 354 130 255
336490 88350 130 540
336491 88351 130 240
336492 88351 130 2613
336493 88351 130 302
336502 88355 130 152
336503 88355 130 3
336506 16713 130 3
336507 16713 130 54
336508 16713 130 302
336509 16713 130 668
336514 88359 130 302
336515 88359 130 54
336518 88361 130 540
336519 88361 130 380
336520 88361 130 78
336521 88362 130 540
336525 88364 130 1431
336526 88364 130 359
336530 88366 130 342
336531 88366 130 29
336538 88367 130 1410
336539 88367 130 4573
336550 88372 130 540
336562 24327 130 3
336565 39702 130 1170
336566 39702 130 331
336567 39702 130 54
336568 39702 130 285
336569 39702 130 24062
336577 88380 130 1819
336578 88380 130 276
336579 88381 130 1819
336580 88381 130 5932
336586 88384 130 540
336587 88385 130 4580
336588 88385 130 254
336589 88385 130 6737
336590 88385 130 2637
336591 88385 130 4252
336601 54280 130 254
336602 54280 130 285
336606 88391 130 1868
336607 88391 130 90
336608 88391 130 645
336609 88391 130 507
336610 88392 130 24115
336611 88392 130 29
336617 88396 130 4308
336618 88396 130 338
336619 88396 130 340
336620 88397 130 912
336621 88397 130 24173
336622 88397 130 78
336623 88397 130 24174
336624 88398 130 24175
336635 88403 130 540
336636 88403 130 996
336637 88403 130 24176
336647 87119 130 618
336648 87119 130 285
336649 88408 130 39
336650 88408 130 1119
336651 88408 130 523
336652 88408 130 3177
336653 88408 130 254
336654 88408 130 15
336665 88412 130 2613
336666 88412 130 1796
336677 88416 130 5932
336678 88416 130 76
336679 88416 130 24178
336690 88422 130 125
336691 88422 130 4234
336692 88422 130 78
336693 88422 130 342
336694 88422 130 3
336695 88422 130 39
336698 88424 130 3
336699 88424 130 302
336700 88425 130 285
336701 88425 130 6177
336707 88428 130 24095
336708 88428 130 1565
336709 88428 130 618
336710 88428 130 4
336713 88431 130 156
336714 88431 130 16143
336717 88433 130 8931
336718 88433 130 225
336719 88433 130 2637
336730 80086 130 138
336731 80086 130 4234
336732 80086 130 1039
336733 80086 130 4308
336741 88439 130 161
336742 88439 130 138
336743 88439 130 11660
336744 88439 130 1034
336750 88442 130 1299
336751 88442 130 71
336752 87577 130 635
336753 87577 130 24091
336755 88444 130 668
336756 88444 130 3
336757 88444 130 54
336761 88446 130 139
336762 88446 130 380
336766 88447 130 24180
336767 88447 130 24181
336768 88447 130 5668
336769 88447 130 285
336776 88452 130 20212
336791 88457 130 331
336792 88457 130 24076
336793 88457 130 125
336794 88457 130 1169
336797 88459 130 76
336798 88459 130 139
336799 88459 130 285
336800 24557 130 668
336801 24557 130 3
336803 88461 130 11
336804 88461 130 10000
336805 88461 130 139
336806 88461 130 1058
336820 88470 130 216
336821 88470 130 24182
336823 88471 130 331
336824 88471 130 4230
336825 88471 130 29
336826 88471 130 24062
336827 88472 130 156
336828 88472 130 6177
336829 88473 130 8528
336830 88473 130 29
336831 88473 130 507
336837 88475 130 331
336838 88475 130 2514
336852 88481 130 798
336853 88481 130 156
336854 88481 130 7327
336859 88484 130 4135
336860 88484 130 1704
336861 88484 130 4323
336862 88484 130 187
336865 88486 130 3
336866 88486 130 16217
336867 88486 130 2908
336870 88488 130 6
336871 88488 130 125
336872 88488 130 816
336873 88488 130 285
336874 88488 130 3
336875 88488 130 6177
336876 88489 130 6259
336877 88489 130 507
336878 88489 130 2514
336880 88491 130 8603
336881 88491 130 1169
336882 88491 130 90
336891 88496 130 24071
336892 88496 130 29
336895 88498 130 210
336896 88498 130 225
336897 88500 130 254
336898 88500 130 29
336902 959 130 302
336903 959 130 342
336904 959 130 3
336907 88503 130 24188
336912 42253 130 1739
336913 42253 130 287
336914 42253 130 285
336915 88507 130 458
336916 88507 130 3
336917 88507 130 15
336918 88507 130 4406
336924 88509 130 1299
336925 88509 130 635
336929 88511 130 540
336930 88512 130 302
336931 88512 130 54
336948 88518 130 254
336949 88518 130 1172
336950 88519 130 254
336951 88520 130 254
336952 88520 130 3
336953 88520 130 4406
336954 88520 130 4247
336955 88521 130 254
336956 88521 130 20323
336957 88521 130 2935
336958 88522 130 29
336959 88522 130 139
336960 88522 130 3122
336961 88522 130 331
336972 64360 130 6177
336973 64360 130 904
336974 64360 130 3
336979 88528 130 540
336980 88528 130 643
336981 88529 130 5000
336982 88529 130 225
336983 88529 130 8931
336984 88529 130 540
336985 88529 130 3
336988 88531 130 540
336989 88531 130 643
336990 88532 130 540
336991 88532 130 1775
336992 88533 130 540
336993 88533 130 2587
336994 88533 130 24169
336996 88535 130 240
336997 88535 130 540
336998 88536 130 540
336999 88537 130 24089
337000 88537 130 24191
337001 88537 130 24192
337002 88537 130 540
337003 967 130 302
337004 967 130 54
337005 88538 130 156
337006 88538 130 285
337007 88539 130 540
337008 88540 130 254
337009 88540 130 302
337010 88540 130 39
337011 88540 130 3
337012 88540 130 618
337013 88540 130 139
337014 88540 130 285
337015 88540 130 15
337016 88540 130 1775
337017 88540 130 240
337018 88541 130 668
337019 88541 130 3
337020 88542 130 302
337021 88542 130 84
337028 88547 130 254
337029 88548 130 24195
337030 88548 130 540
337031 88549 130 24196
337032 88549 130 24197
337041 88552 130 2613
337042 88552 130 302
337045 26014 130 884
337046 26014 130 125
337047 26014 130 1775
337049 62198 130 125
337050 62198 130 302
337051 62198 130 3
337052 62198 130 285
337053 62198 130 54
337054 88556 130 30
337055 88556 130 1414
337059 28529 130 1160
337060 28529 130 285
337061 28529 130 643
337062 88559 130 992
337063 88559 130 1122
337064 88559 130 3451
337065 88560 130 254
337066 88560 130 20212
337067 88560 130 24120
337068 88560 130 982
337074 25448 130 816
337075 25448 130 2297
337076 25448 130 6
337077 25448 130 1125
337084 88566 130 1957
337085 88566 130 6
337086 88566 130 10223
337087 88566 130 507
337096 88570 130 20
337097 88570 130 638
337111 88575 130 146
337112 88575 130 3
337113 88575 130 54
337114 88575 130 4753
337135 88582 130 359
337136 88582 130 982
337137 88582 130 20212
337138 88582 130 540
337149 88587 130 125
337150 88587 130 1775
337151 88587 130 540
337152 88588 130 2613
337153 88588 130 798
337154 88589 130 7076
337155 88589 130 240
337156 88589 130 285
337157 88589 130 24206
337158 75430 130 3
337159 75430 130 302
337160 75430 130 39
337161 17274 130 3
337162 17274 130 2427
337163 88590 130 3
337164 88590 130 285
337165 88591 130 125
337166 88591 130 2324
337167 88591 130 1775
337168 88591 130 668
337174 88593 130 751
337175 88593 130 39
337176 88593 130 1731
337177 88593 130 2637
337178 88593 130 451
337179 88594 130 254
337180 88594 130 20212
337181 88594 130 540
337182 88594 130 3
337183 88594 130 24089
337184 46532 130 138
337185 46532 130 39
337186 46532 130 3
337187 88595 130 20321
337188 88595 130 4308
337189 88596 130 24207
337190 88596 130 24208
337191 88596 130 6177
337192 88597 130 20321
337193 88597 130 4308
337194 62233 130 39
337195 62233 130 4323
337199 88599 130 139
337200 88599 130 2610
337201 88599 130 285
337213 88603 130 285
337214 88603 130 23780
337215 88604 130 638
337216 88604 130 81
337217 88605 130 29
337225 88608 130 2330
337226 88608 130 44
337236 88612 130 156
337241 88615 130 982
337242 88615 130 540
337243 88615 130 20212
337247 88617 130 4234
337248 88617 130 302
337249 88617 130 3
337250 88617 130 618
337251 88617 130 469
337255 88619 130 540
337256 88619 130 342
337257 88619 130 79
337258 88620 130 828
337259 88620 130 751
337260 88620 130 2587
337261 88620 130 13
337262 88620 130 24129
337263 88621 130 29
337264 88621 130 39
337265 88622 130 29
337266 88622 130 24071
337267 88623 130 17152
337268 88623 130 4247
337269 88623 130 2637
337270 88624 130 29
337271 88624 130 24210
337286 88630 130 302
337287 88630 130 79
337288 88630 130 3
337289 88630 130 6177
337290 88631 130 1323
337291 88632 130 152
337292 88632 130 342
337293 88632 130 254
337294 88632 130 29
337295 88633 130 982
337296 88633 130 20212
337297 88633 130 4366
337298 88635 130 982
337299 88635 130 254
337300 88635 130 20212
337301 88636 130 20212
337302 88636 130 152
337303 88636 130 982
337304 88637 130 982
337305 88637 130 20212
337306 88638 130 982
337307 88638 130 152
337308 88638 130 254
337309 88638 130 20212
337310 88639 130 24120
337318 88643 130 24089
337319 88643 130 540
337324 70519 130 3
337325 70519 130 16143
337326 70519 130 523
337327 70519 130 125
337328 70519 130 342
337329 70519 130 540
337330 88645 130 3
337331 88645 130 2427
337332 88645 130 1775
337349 88652 130 540
337350 88652 130 2587
337360 17407 130 139
337361 17407 130 635
337362 17407 130 3
337363 17407 130 39
337364 36317 130 285
337365 36317 130 76
337366 36317 130 3
337367 36317 130 164
337370 88656 130 359
337371 88656 130 342
337372 88657 130 29
337373 88657 130 24096
337374 88657 130 643
337375 88657 130 24087
337376 88658 130 2637
337377 88658 130 17152
337378 88658 130 20323
337379 88658 130 254
337380 88659 130 24071
337381 88659 130 29
337389 88662 130 24185
337390 88662 130 225
337395 88666 130 540
337396 88666 130 391
337397 88667 130 3
337398 88667 130 523
337400 78347 130 29
337401 78347 130 24071
337402 78347 130 127
337403 78347 130 3
337404 78347 130 79
337405 78347 130 2427
337408 88670 130 507
337409 88670 130 2324
337410 88670 130 4234
337415 88673 130 4096
337416 88673 130 24211
337421 88677 130 24212
337422 88677 130 331
337423 88677 130 285
337424 88677 130 139
337425 88677 130 1123
337435 88682 130 20212
337436 24934 130 331
337437 24934 130 29
337438 88683 130 29
337439 88683 130 992
337440 88683 130 4230
337441 88683 130 1664
337445 88685 130 507
337446 88685 130 302
337447 88685 130 869
337448 88685 130 1052
337449 88685 130 6177
337450 88686 130 366
337451 88686 130 90
337452 88686 130 81
337453 88686 130 6177
337462 88689 130 894
337463 88689 130 1019
337464 88689 130 730
337465 88689 130 139
337466 88689 130 1771
337467 88689 130 992
337480 88694 130 540
337481 88695 130 24214
337482 88695 130 5336
337483 88695 130 156
337486 88697 130 156
337489 88700 130 10967
337490 88701 130 156
337494 88703 130 10967
337495 88704 130 156
337496 28570 130 156
337497 28570 130 305
337498 28570 130 125
337512 88713 130 156
337519 88717 130 540
337520 88717 130 302
337523 24981 130 668
337524 24981 130 254
337525 24981 130 302
337526 24981 130 29
337527 24981 130 39
337528 24981 130 3
337536 88723 130 2324
337537 88723 130 6052
337538 88723 130 302
337539 88723 130 79
337540 88723 130 3
337541 88723 130 507
337542 88723 130 5046
337545 88726 130 540
337546 88726 130 4135
337547 88726 130 24169
337567 88732 130 507
337568 88732 130 24054
337569 88733 130 507
337570 88733 130 2908
337571 88734 130 507
337572 88734 130 125
337573 88734 130 15786
337575 88736 130 507
337576 88736 130 1775
337577 88736 130 2472
337578 88736 130 342
337579 88736 130 3
337580 56472 130 638
337581 56472 130 90
337582 56472 130 507
337586 79439 130 29
337587 79439 130 302
337588 88739 130 668
337589 88739 130 3
337598 22452 130 46
337599 22452 130 138
337602 88743 130 54
337603 88743 130 39
337604 88743 130 318
337610 65268 130 7089
337611 65268 130 331
337612 12963 130 668
337613 12963 130 3
337614 12963 130 895
337615 12963 130 2371
337616 12963 130 635
337634 88750 130 540
337635 88750 130 24089
337642 88755 130 3
337645 88757 130 39
337646 88757 130 302
337647 88757 130 254
337648 88757 130 3
337653 88760 130 668
337654 88760 130 3
337655 88760 130 39
337656 88760 130 302
337658 88762 130 751
337659 88762 130 3593
337665 88764 130 1611
337666 88764 130 216
337670 88766 130 1057
337671 88766 130 507
337672 88766 130 285
337677 88770 130 15
337678 88770 130 1775
337679 88770 130 285
337689 88775 130 240
337690 88775 130 895
337691 88775 130 1299
337692 88775 130 285
337710 2062 130 3
337711 2062 130 139
337712 2062 130 618
337713 2062 130 285
337714 88780 130 156
337718 88782 130 254
337719 88782 130 2637
337720 88782 130 17152
337721 88782 130 638
337727 88785 130 362
337728 88785 130 285
337729 88786 130 540
337730 88786 130 4135
337731 88787 130 302
337732 88788 130 618
337737 88790 130 13
337738 88790 130 751
337739 88790 130 10966
337740 88791 130 156
337741 88791 130 540
337742 88792 130 1057
337743 88793 130 5827
337744 88793 130 76
337758 88800 130 24067
337759 88800 130 24222
337760 88800 130 469
337783 88809 130 1178
337784 88809 130 150
337785 88809 130 507
337787 36114 130 1775
337788 36114 130 4406
337789 36114 130 139
337790 88811 130 24225
337791 88812 130 216
337792 88812 130 24226
337796 88814 130 618
337797 88814 130 869
337798 88814 130 302
337799 88815 130 20212
337802 25173 130 216
337803 25173 130 46
337804 25173 130 14136
337816 88824 130 3
337817 88825 130 254
337818 88825 130 20323
337819 88825 130 1172
337820 88825 130 635
337821 25751 130 668
337822 25751 130 302
337823 25751 130 39
337827 22745 130 3
337828 22745 130 884
337829 22745 130 380
337830 22745 130 184
337832 88828 130 29
337833 88828 130 4385
337834 88828 130 2815
337835 88828 130 24227
337836 88828 130 4186
337837 88829 130 24228
337838 88829 130 24229
337841 88832 130 13
337842 42957 130 458
337843 42957 130 1058
337844 42957 130 30
337845 42957 130 681
337847 88833 130 24100
337848 88833 130 540
337849 88833 130 24117
337857 88835 130 17152
337858 88835 130 3
337861 88837 130 540
337862 88838 130 6785
337863 88838 130 305
337864 88838 130 110
337880 88847 130 240
337881 88847 130 15540
337882 88847 130 319
337883 88847 130 4234
337892 88851 130 668
337893 88851 130 302
337894 88851 130 39
337895 88851 130 3
337896 25626 130 3
337897 25626 130 240
337898 25626 130 254
337899 25626 130 2642
337900 25626 130 139
