339966 90180 133 24273
339967 90180 133 24274
339982 90188 133 24273
339983 90188 133 24274
339984 90189 133 24273
339985 90189 133 24274
339988 90191 133 24273
339989 90191 133 24274
339990 90192 133 24278
339991 90192 133 24274
339992 90193 133 24273
339993 90193 133 24274
339994 90194 133 24273
339995 90194 133 24274
339996 90195 133 24273
339997 90195 133 24274
339998 90196 133 24277
339999 90196 133 24274
340000 90197 133 24279
340001 90197 133 24274
340002 90198 133 24273
340003 90198 133 24274
340004 90199 133 24275
340005 90199 133 24274
340008 90201 133 24278
340009 90201 133 24274
340034 90214 133 24273
340035 90214 133 24274
340038 90216 133 24273
340039 90216 133 24274
340042 90218 133 24278
340043 90218 133 24274
340044 90219 133 24278
340045 90219 133 24274
340050 90222 133 24273
340051 90222 133 24274
340056 90225 133 24273
340057 90225 133 24274
340075 90233 133 24277
340076 90233 133 24274
340089 69132 133 24273
340090 69132 133 24274
340093 90241 133 24273
340094 90241 133 24274
340101 90245 133 24276
340102 90245 133 24274
340103 90246 133 24273
340104 90246 133 24274
340105 90247 133 24273
340106 90247 133 24274
340107 90248 133 24273
340108 90248 133 24274
340109 90249 133 24273
340110 90249 133 24274
340111 90250 133 24277
340112 90250 133 24274
340113 90251 133 24273
340114 90251 133 24274
340115 90252 133 24273
340116 90252 133 24274
340123 90256 133 24278
340124 90256 133 24274
340127 90258 133 24279
340128 90258 133 24274
340165 90277 133 24273
340166 90277 133 24274
340177 90283 133 24278
340178 90283 133 24274
340181 90285 133 2993
340182 90285 133 294
340183 90285 133 323
340184 955 133 302
340185 955 133 24287
340202 90294 133 2332
340203 90294 133 1313
340210 90298 133 24289
340211 90298 133 24274
340212 90299 133 24278
340213 90299 133 24274
340218 90302 133 24273
340219 90302 133 24274
340220 90303 133 24276
340221 90303 133 24274
340222 90304 133 24278
340223 90304 133 24274
340224 90305 133 24278
340225 90305 133 24274
340226 90306 133 24276
340227 90306 133 24274
340240 90313 133 24273
340241 90313 133 24274
340251 90319 133 24273
340252 90319 133 24274
340253 65594 133 24273
340254 65594 133 24274
340255 90320 133 24273
340256 90320 133 24274
340257 90321 133 24273
340258 90321 133 24274
340261 90323 133 24278
340262 90323 133 24274
340265 90325 133 24273
340266 90325 133 24274
340267 90326 133 24273
340268 90326 133 24274
340293 90339 133 24273
340294 90339 133 24274
340295 90340 133 24273
340296 90340 133 24274
340301 90343 133 24281
340302 90343 133 24274
340307 90346 133 24273
340308 90346 133 24274
340311 90348 133 24273
340312 90348 133 24274
340328 90356 133 24273
340329 90356 133 24274
340330 90357 133 24273
340331 90357 133 24274
340338 90361 133 24273
340339 90361 133 24274
340346 90365 133 24277
340347 90365 133 24274
340362 90373 133 24292
340363 90373 133 24274
340364 90374 133 24273
340365 90374 133 24274
340366 90375 133 24273
340367 90375 133 24274
340368 90376 133 24273
340369 90376 133 24274
340372 90378 133 24278
340373 90378 133 24274
340376 90380 133 24273
340377 90380 133 24274
340378 90381 133 24278
340379 90381 133 24274
340384 90384 133 24273
340385 90384 133 24274
340388 90386 133 24278
340389 90386 133 24274
340390 90387 133 24273
340391 90387 133 24274
340392 90388 133 24273
340393 90388 133 24274
340402 90393 133 24273
340403 90393 133 24274
340406 90395 133 24278
340407 90395 133 24274
340408 90396 133 24278
340409 90396 133 24274
340418 90401 133 24278
340419 90401 133 24274
340432 90408 133 24273
340433 90408 133 24274
340436 90410 133 24273
340437 90410 133 24274
340460 90422 133 24277
340461 90422 133 24274
340466 90425 133 24278
340467 90425 133 24274
340468 90426 133 24273
340469 90426 133 24274
340470 90427 133 24280
340471 90427 133 24274
340476 453 133 1245
340477 453 133 23
340478 453 133 4007
340495 4324 133 24289
340496 4324 133 24274
340505 90442 133 24273
340506 90442 133 24274
340507 90443 133 24273
340508 90443 133 24274
340525 65871 133 24278
340526 65871 133 24274
340551 90462 133 24278
340552 90462 133 24274
340553 90463 133 24273
340554 90463 133 24274
340555 90464 133 24273
340556 90464 133 24274
340559 90466 133 24273
340560 90466 133 24274
340561 18984 133 24286
340562 18984 133 24274
340579 90474 133 24278
340580 90474 133 24274
340581 90475 133 24273
340582 90475 133 24274
340583 90476 133 24273
340584 90476 133 24274
340585 90477 133 24273
340586 90477 133 24274
340587 81002 133 24278
340588 81002 133 24274
340589 90478 133 24273
340590 90478 133 24274
340591 90479 133 24273
340592 90479 133 24274
340593 90480 133 24273
340594 90480 133 24274
340595 90481 133 24273
340596 90481 133 24274
340597 90482 133 24273
340598 90482 133 24274
340599 90483 133 24286
340600 90483 133 24274
340601 90484 133 24273
340602 90484 133 24274
340603 90485 133 24273
340604 90485 133 24274
340605 90486 133 24273
340606 90486 133 24274
340607 90487 133 24273
340608 90487 133 24274
340609 90488 133 24273
340610 90488 133 24274
340611 90489 133 24273
340612 90489 133 24274
340623 90495 133 24275
340624 90495 133 24274
340627 90497 133 24273
340628 90497 133 24274
340647 90507 133 24273
340648 90507 133 24274
340649 90508 133 24273
340650 90508 133 24274
340651 90509 133 24273
340652 90509 133 24274
340653 90510 133 24277
340654 90510 133 24274
340685 90525 133 24273
340686 90525 133 24274
340687 90526 133 24295
340688 90526 133 24274
340693 90529 133 24280
340694 90529 133 24274
340697 90531 133 24275
340698 90531 133 24274
340699 90532 133 24273
340700 90532 133 24274
340701 90533 133 24273
340702 90533 133 24274
340713 90539 133 24276
340714 90539 133 24274
340715 90540 133 24277
340716 90540 133 24274
340729 90547 133 24278
340730 90547 133 24274
340731 90548 133 24277
340732 90548 133 24274
340737 90551 133 24273
340738 90551 133 24274
340749 21637 133 24273
340750 21637 133 24274
340753 8461 133 24278
340754 8461 133 24274
340755 90558 133 24273
340756 90558 133 24274
340759 90560 133 24273
340760 90560 133 24274
340763 90562 133 24278
340764 90562 133 24274
340773 90567 133 24273
340774 90567 133 24274
340779 90570 133 24273
340780 90570 133 24274
340781 90571 133 24273
340782 90571 133 24274
340785 90573 133 24273
340786 90573 133 24274
340787 90574 133 24273
340788 90574 133 24274
340791 90576 133 24278
340792 90576 133 24274
340797 90579 133 24278
340798 90579 133 24274
340799 90580 133 24280
340800 90580 133 24274
340803 90582 133 24273
340804 90582 133 24274
340805 90583 133 24273
340806 90583 133 24274
340807 90584 133 24273
340808 90584 133 24274
340809 90585 133 24273
340810 90585 133 24274
340813 90587 133 24273
340814 90587 133 24274
340821 90591 133 24273
340822 90591 133 24274
340833 90597 133 24273
340834 90597 133 24274
340835 90598 133 24278
340836 90598 133 24274
340839 90600 133 24278
340840 90600 133 24274
340841 90601 133 24273
340842 90601 133 24274
340849 90604 133 24286
340850 90604 133 24274
340867 90613 133 24278
340868 90613 133 24274
340869 90614 133 24273
340870 90614 133 24274
340881 90620 133 24289
340882 90620 133 24274
340887 90623 133 24292
340888 90623 133 24274
340893 90626 133 24278
340894 90626 133 24274
340895 90626 133 1025
340896 90626 133 1185
340897 90627 133 24278
340898 90627 133 24274
340899 90627 133 1025
340900 90627 133 1185
340901 90628 133 24277
340902 90628 133 24274
340905 90630 133 24278
340906 90630 133 24274
340915 90635 133 24278
340916 90635 133 24274
340921 90638 133 24289
340922 90638 133 24274
340935 90644 133 24273
340936 90644 133 24274
340949 90651 133 24278
340950 90651 133 24274
340951 90652 133 24273
340952 90652 133 24274
340953 90653 133 24273
340954 90653 133 24274
340973 90663 133 24298
340974 90663 133 24274
340983 90668 133 24273
340984 90668 133 24274
340997 90675 133 24278
340998 90675 133 24274
340999 90676 133 24278
341000 90676 133 24274
341001 90677 133 24277
341002 90677 133 24274
341005 90679 133 638
341006 90679 133 730
341007 90679 133 72
341008 90679 133 859
341013 90682 133 24273
341014 90682 133 24274
341015 90683 133 24279
341016 90683 133 24274
341021 90686 133 24281
341022 90686 133 24274
341037 90694 133 24273
341038 90694 133 24274
341039 90695 133 24273
341040 90695 133 24274
341041 90696 133 24278
341042 90696 133 24274
341051 90701 133 24278
341052 90701 133 24274
341053 90702 133 24273
341054 90702 133 24274
341061 90706 133 24273
341062 90706 133 24274
341063 90707 133 24278
341064 90707 133 24274
341067 90709 133 24278
341068 90709 133 24274
341077 90714 133 4246
341078 90714 133 76
341083 90717 133 24278
341084 90717 133 24274
341085 90718 133 1184
341086 90718 133 2520
341087 90718 133 638
341096 90723 133 24278
341097 90723 133 24274
341118 90734 133 24280
341119 90734 133 24274
341120 90735 133 24278
341121 90735 133 24274
341122 90736 133 24289
341123 90736 133 24274
341124 72811 133 24278
341125 72811 133 24274
341126 90737 133 24289
341127 90737 133 24274
341144 90746 133 24273
341145 90746 133 24274
341146 90747 133 24273
341147 90747 133 24274
341152 90750 133 24278
341153 90750 133 24274
341206 90777 133 24278
341207 90777 133 24274
341208 90778 133 24278
341209 90778 133 24274
341212 90780 133 24278
341213 90780 133 24274
341220 90784 133 24278
341221 90784 133 24274
341222 90785 133 24278
341223 90785 133 24274
341224 90786 133 24289
341225 90786 133 24274
341230 90789 133 24273
341231 90789 133 24274
341238 90793 133 24278
341239 90793 133 24274
341242 90795 133 24273
341243 90795 133 24274
341246 90797 133 24273
341247 90797 133 24274
341252 90800 133 24273
341253 90800 133 24274
341254 90801 133 24275
341255 90801 133 24274
341256 79175 133 819
341257 79175 133 11
341258 79175 133 90
341259 79175 133 4042
341260 79175 133 12
341295 90818 133 24273
341296 90818 133 24274
341315 5239 133 24273
341316 5239 133 24274
341317 90828 133 24273
341318 90828 133 24274
341319 90829 133 24278
341320 90829 133 24274
341343 90841 133 24273
341344 90841 133 24274
341345 90842 133 24288
341346 90842 133 24274
341347 90843 133 24278
341348 90843 133 24274
341387 9938 133 24278
341388 9938 133 24274
341389 90860 133 24278
341390 90860 133 24274
341391 90861 133 24273
341392 90861 133 24274
341403 90867 133 24273
341404 90867 133 24274
341405 76519 133 24273
341406 76519 133 24274
341421 90872 133 24278
341422 90872 133 24274
341423 23467 133 24279
341424 23467 133 24274
341431 90876 133 24273
341432 90876 133 24274
341433 90877 133 24273
341434 90877 133 24274
341435 90878 133 24273
341436 90878 133 24274
341437 90879 133 24273
341438 90879 133 24274
341439 90880 133 24273
341440 90880 133 24274
341443 90882 133 24278
341444 90882 133 24274
341479 90899 133 24292
341480 90899 133 24274
341481 90900 133 24273
341482 90900 133 24274
341495 90906 133 24277
341496 90906 133 24274
341499 90908 133 24273
341500 90908 133 24274
341509 90913 133 24273
341510 90913 133 24274
341511 90914 133 24273
341512 90914 133 24274
341515 90916 133 24275
341516 90916 133 24274
341549 82020 133 24278
341550 82020 133 24274
341551 90933 133 24273
341552 90933 133 24274
341553 90934 133 24273
341554 90934 133 24274
341555 5525 133 24273
341556 5525 133 24274
341563 90938 133 24273
341564 90938 133 24274
341565 90939 133 24273
341566 90939 133 24274
341583 90948 133 24273
341584 90948 133 24274
341601 90957 133 24280
341602 90957 133 24274
341603 90958 133 24273
341604 90958 133 24274
341605 90959 133 24279
341606 90959 133 24274
341607 90960 133 24280
341608 90960 133 24274
341609 74007 133 24278
341610 74007 133 24274
341617 90964 133 24289
341618 90964 133 24274
341619 90965 133 24273
341620 90965 133 24274
341621 82120 133 24273
341622 82120 133 24274
341623 90966 133 24278
341624 90966 133 24274
341643 90976 133 24273
341644 90976 133 24274
341645 90977 133 24278
341646 90977 133 24274
341647 90978 133 24277
341648 90978 133 24274
341659 90984 133 24273
341660 90984 133 24274
341669 90989 133 24273
341670 90989 133 24274
341675 90992 133 24273
341676 90992 133 24274
341693 91001 133 24278
341694 91001 133 24274
341697 91003 133 24278
341698 91003 133 24274
341701 91005 133 24273
341702 91005 133 24274
341703 91005 133 259
341704 91005 133 70
341705 91005 133 1125
341706 5726 133 24273
341707 5726 133 24274
341708 91006 133 24278
341709 91006 133 24274
341712 91008 133 24278
341713 91008 133 24274
341714 91009 133 24273
341715 91009 133 24274
341718 91011 133 24273
341719 91011 133 24274
341722 91013 133 24273
341723 91013 133 24274
341724 91014 133 24273
341725 91014 133 24274
341732 91018 133 24273
341733 91018 133 24274
341734 91019 133 24278
341735 91019 133 24274
341736 91020 133 24278
341737 91020 133 24274
341738 91021 133 24273
341739 91021 133 24274
341740 91022 133 24279
341741 91022 133 24274
341742 91023 133 24273
341743 91023 133 24274
341744 91024 133 24273
341745 91024 133 24274
341746 91025 133 24273
341747 91025 133 24274
341756 29225 133 24278
341757 29225 133 24274
341763 91031 133 24273
341764 91031 133 24274
341775 91037 133 24286
341776 91037 133 24274
341779 91039 133 24278
341780 91039 133 24274
341781 91040 133 24273
341782 91040 133 24274
341783 91041 133 24273
341784 91041 133 24274
341785 91042 133 24273
341786 91042 133 24274
341813 91056 133 24277
341814 91056 133 24274
341817 91058 133 24273
341818 91058 133 24274
341819 91059 133 24273
341820 91059 133 24274
341831 91064 133 2404
341832 91064 133 2902
341833 91064 133 77
341834 91064 133 982
341835 55296 133 780
341836 55296 133 35
341837 55296 133 1184
341840 91066 133 24275
341841 91066 133 24274
341848 91070 133 24273
341849 91070 133 24274
341850 91071 133 24278
341851 91071 133 24274
341854 91072 133 24278
341855 91072 133 24274
341858 91073 133 24273
341859 91073 133 24274
341870 9283 133 24273
341871 9283 133 24274
341872 91079 133 24278
341873 91079 133 24274
341874 91080 133 24278
341875 91080 133 24274
341878 91082 133 24275
341879 91082 133 24274
341886 91086 133 24280
341887 91086 133 24274
341894 91090 133 24280
341895 91090 133 24274
341896 91091 133 24280
341897 91091 133 24274
341916 91101 133 24275
341917 91101 133 24274
341918 91102 133 24278
341919 91102 133 24274
341926 91106 133 24278
341927 91106 133 24274
341932 91109 133 24273
341933 91109 133 24274
341940 91112 133 24273
341941 91112 133 24274
341944 91114 133 24275
341945 91114 133 24274
341946 91115 133 24273
341947 91115 133 24274
341948 91116 133 24273
341949 91116 133 24274
341950 36578 133 24278
341951 36578 133 24274
341958 91120 133 24273
341959 91120 133 24274
341962 91122 133 24273
341963 91122 133 24274
341972 91127 133 24278
341973 91127 133 24274
341979 14162 133 982
341980 14162 133 1528
341981 14162 133 1804
341982 14162 133 240
341993 91134 133 24273
341994 91134 133 24274
341999 91137 133 24273
342000 91137 133 24274
342007 91139 133 24273
342008 91139 133 24274
342020 51868 133 24276
342021 51868 133 24274
342026 91145 133 24278
342027 91145 133 24274
342036 91150 133 24278
342037 91150 133 24274
342040 91152 133 24273
342041 91152 133 24274
342042 91153 133 24273
342043 91153 133 24274
342044 91154 133 24273
342045 91154 133 24274
342046 91155 133 24278
342047 91155 133 24274
342050 91157 133 24273
342051 91157 133 24274
342052 91158 133 2902
342053 91158 133 1805
342054 91158 133 1123
342059 91161 133 24278
342060 91161 133 24274
342063 91163 133 24273
342064 91163 133 24274
342065 91164 133 24278
342066 91164 133 24274
342067 91165 133 24278
342068 91165 133 24274
342075 91169 133 24278
342076 91169 133 24274
342103 91183 133 24278
342104 91183 133 24274
342107 91185 133 24292
342108 91185 133 24274
342123 91192 133 24275
342124 91192 133 24274
342141 91201 133 24273
342142 91201 133 24274
342145 91203 133 24273
342146 91203 133 24274
342147 91204 133 24279
342148 91204 133 24274
342151 91206 133 24273
342152 91206 133 24274
342153 91207 133 24279
342154 91207 133 24274
342155 91208 133 24273
342156 91208 133 24274
342163 91212 133 24273
342164 91212 133 24274
342167 91213 133 24273
342168 91213 133 24274
342169 91214 133 24278
342170 91214 133 24274
342171 85273 133 638
342172 85273 133 72
342173 85273 133 240
342174 91215 133 24273
342175 91215 133 24274
342181 91218 133 24273
342182 91218 133 24274
342183 91219 133 3148
342184 91219 133 638
342185 91219 133 1743
342188 91220 133 24304
342189 91220 133 24274
342190 91221 133 24278
342191 91221 133 24274
342192 91222 133 24273
342193 91222 133 24274
342194 91223 133 24273
342195 91223 133 24274
342196 91224 133 24273
342197 91224 133 24274
342198 91225 133 24273
342199 91225 133 24274
342202 8508 133 24273
342203 8508 133 24274
342256 91252 133 24273
342257 91252 133 24274
342272 91260 133 24273
342273 91260 133 24274
342404 91326 133 24278
342405 91326 133 24274
342414 91331 133 24278
342415 91331 133 24274
342496 91372 133 24278
342497 91372 133 24274
342506 91377 133 24281
342507 91377 133 24274
342514 91381 133 24273
342515 91381 133 24274
342688 91466 133 24278
342689 91466 133 24274
342846 91543 133 24273
342847 91543 133 24274
342848 91544 133 24273
342849 91544 133 24274
342852 91545 133 24273
342853 91545 133 24274
342890 91564 133 24273
342891 91564 133 24274
342910 91574 133 24286
342911 91574 133 24274
342912 91575 133 24286
342913 91575 133 24274
342922 91580 133 24277
342923 91580 133 24274
342924 91581 133 24278
342925 91581 133 24274
342926 91582 133 24277
342927 91582 133 24274
342928 91583 133 24273
342929 91583 133 24274
342930 91584 133 24277
342931 91584 133 24274
342932 91585 133 24277
342933 91585 133 24274
342934 91586 133 24277
342935 91586 133 24274
342948 91593 133 24278
342949 91593 133 24274
342972 91605 133 24273
342973 91605 133 24274
342986 91612 133 24278
342987 91612 133 24274
342988 91613 133 24273
342989 91613 133 24274
342996 91617 133 24278
342997 91617 133 24274
342998 91618 133 24278
342999 91618 133 24274
343000 68966 133 24278
343001 68966 133 24274
343002 91619 133 24278
343003 91619 133 24274
343008 91622 133 24273
343009 91622 133 24274
343016 91626 133 24273
343017 91626 133 24274
343018 91627 133 24278
343019 91627 133 24274
343020 91628 133 24275
343021 91628 133 24274
343022 91629 133 24278
343023 91629 133 24274
343024 91630 133 24280
343025 91630 133 24274
343026 91631 133 24273
343027 91631 133 24274
343036 91636 133 2156
343037 91636 133 72
343038 91636 133 7021
343041 91638 133 24278
343042 91638 133 24274
343043 91639 133 24273
343044 91639 133 24274
343045 91640 133 24273
343046 91640 133 24274
343047 91641 133 24273
343048 91641 133 24274
343049 91642 133 24278
343050 91642 133 24274
343053 91644 133 24280
343054 91644 133 24274
343057 91646 133 24278
343058 91646 133 24274
343059 91647 133 24273
343060 91647 133 24274
343061 91648 133 24273
343062 91648 133 24274
343063 91649 133 24273
343064 91649 133 24274
343097 91666 133 24278
343098 91666 133 24274
343105 91670 133 24277
343106 91670 133 24274
343107 91671 133 24275
343108 91671 133 24274
343111 91673 133 24280
343112 91673 133 24274
343113 91674 133 24278
343114 91674 133 24274
343115 91675 133 24278
343116 91675 133 24274
343117 91676 133 24273
343118 91676 133 24274
343119 91677 133 24273
343120 91677 133 24274
343121 91678 133 24285
343122 91678 133 24274
343123 91679 133 24273
343124 91679 133 24274
343125 91680 133 24273
343126 91680 133 24274
343127 91681 133 24273
343128 91681 133 24274
343131 91683 133 24273
343132 91683 133 24274
343133 91684 133 24273
343134 91684 133 24274
343135 91685 133 24273
343136 91685 133 24274
343137 91686 133 24273
343138 91686 133 24274
343139 91687 133 24273
343140 91687 133 24274
343141 91688 133 24273
343142 91688 133 24274
343143 91689 133 24273
343144 91689 133 24274
343145 91690 133 24273
343146 91690 133 24274
343147 91691 133 24273
343148 91691 133 24274
343149 91692 133 24273
343150 91692 133 24274
343151 91693 133 24285
343152 91693 133 24274
343153 91694 133 24273
343154 91694 133 24274
343155 91695 133 24273
343156 91695 133 24274
343157 91696 133 24273
343158 91696 133 24274
343161 91698 133 24273
343162 91698 133 24274
343163 91699 133 24273
343164 91699 133 24274
343165 91700 133 24273
343166 91700 133 24274
343167 91701 133 24273
343168 91701 133 24274
343169 91702 133 24275
343170 91702 133 24274
343175 91705 133 24273
343176 91705 133 24274
343177 91706 133 24278
343178 91706 133 24274
343181 91708 133 24280
343182 91708 133 24274
343191 91713 133 24277
343192 91713 133 24274
343197 91716 133 24275
343198 91716 133 24274
343199 91717 133 24285
343200 91717 133 24274
343213 91724 133 24289
343214 91724 133 24274
343215 91725 133 24278
343216 91725 133 24274
343219 91727 133 24273
343220 91727 133 24274
343221 91728 133 24273
343222 91728 133 24274
343229 91732 133 24278
343230 91732 133 24274
343231 91733 133 638
343232 91733 133 1732
343233 91734 133 24273
343234 91734 133 24274
343245 91740 133 24273
343246 91740 133 24274
343247 91741 133 24273
343248 91741 133 24274
343249 91742 133 24273
343250 91742 133 24274
343251 91743 133 24273
343252 91743 133 24274
343265 91750 133 24289
343266 91750 133 24274
343267 91751 133 24286
343268 91751 133 24274
343269 91752 133 24278
343270 91752 133 24274
343277 91756 133 24273
343278 91756 133 24274
343279 91757 133 24278
343280 91757 133 24274
343287 91761 133 24273
343288 91761 133 24274
343291 91763 133 24278
343292 91763 133 24274
343293 91764 133 24273
343294 91764 133 24274
343307 91771 133 24278
343308 91771 133 24274
343323 91778 133 24277
343324 91778 133 24274
343325 91779 133 24277
343326 91779 133 24274
343327 91780 133 24273
343328 91780 133 24274
343339 91786 133 24277
343340 91786 133 24274
343349 91791 133 24276
343350 91791 133 24274
343357 91795 133 24275
343358 91795 133 24274
343359 91796 133 24278
343360 91796 133 24274
343361 91797 133 24280
343362 91797 133 24274
343365 91799 133 24280
343366 91799 133 24274
343375 91804 133 24273
343376 91804 133 24274
343377 91805 133 24273
343378 91805 133 24274
343379 91806 133 24273
343380 91806 133 24274
343398 91814 133 24273
343399 91814 133 24274
343400 91815 133 24273
343401 91815 133 24274
343402 91816 133 24286
343403 91816 133 24274
343404 91817 133 24276
343405 91817 133 24274
343406 45333 133 24273
343407 45333 133 24274
343408 91818 133 24273
343409 91818 133 24274
343410 91819 133 24273
343411 91819 133 24274
343412 91820 133 24273
343413 91820 133 24274
343416 91822 133 24273
343417 91822 133 24274
343426 91827 133 24289
343427 91827 133 24274
343432 91829 133 24273
343433 91829 133 24274
343438 91832 133 24273
343439 91832 133 24274
343440 91833 133 24278
343441 91833 133 24274
343442 91834 133 24278
343443 91834 133 24274
343444 91835 133 24273
343445 91835 133 24274
343448 91837 133 24278
343449 91837 133 24274
343450 91838 133 24278
343451 91838 133 24274
343454 91840 133 24273
343455 91840 133 24274
343482 91854 133 24275
343483 91854 133 24274
343538 91882 133 24273
343539 91882 133 24274
343662 91944 133 24273
343663 91944 133 24274
343672 91949 133 24275
343673 91949 133 24274
343678 91952 133 24278
343679 91952 133 24274
343682 91954 133 24277
343683 91954 133 24274
344022 92123 133 24278
344023 92123 133 24274
344024 92124 133 24273
344025 92124 133 24274
344026 92125 133 24278
344027 92125 133 24274
344028 92126 133 791
344029 92126 133 6259
344030 92126 133 24308
344031 92127 133 24278
344032 92127 133 24274
344143 92183 133 24278
344144 92183 133 24274
344147 27347 133 24273
344148 27347 133 24274
344153 92187 133 24278
344154 92187 133 24274
344159 92190 133 24292
344160 92190 133 24274
344161 92191 133 24278
344162 92191 133 24274
344177 92199 133 24273
344178 92199 133 24274
344179 92199 133 19546
344180 92200 133 24273
344181 92200 133 24274
344184 92202 133 24273
344185 92202 133 24274
344186 92203 133 24278
344187 92203 133 24274
344188 92204 133 24273
344189 92204 133 24274
344194 92207 133 24273
344195 92207 133 24274
344196 92208 133 24273
344197 92208 133 24274
344210 92215 133 24273
344211 92215 133 24274
344212 92216 133 8398
344213 92216 133 4791
344214 92216 133 80
344215 92216 133 302
344218 92218 133 24279
344219 92218 133 24274
344220 92219 133 24278
344221 92219 133 24274
344224 92221 133 24273
344225 92221 133 24274
344226 92222 133 24273
344227 92222 133 24274
344228 92223 133 24273
344229 92223 133 24274
344230 75685 133 104
344231 75685 133 529
344232 75685 133 139
344233 75685 133 72
344234 92224 133 24273
344235 92224 133 24274
344236 92225 133 24273
344237 92225 133 24274
344238 92226 133 24278
344239 92226 133 24274
344254 92233 133 24278
344255 92233 133 24274
344260 92236 133 24278
344261 92236 133 24274
344264 92238 133 24278
344265 92238 133 24274
344276 92244 133 24281
344277 92244 133 24274
344280 92246 133 24278
344281 92246 133 24274
344290 68347 133 24278
344291 68347 133 24274
344300 92255 133 24280
344301 92255 133 24274
344317 92263 133 392
344318 92263 133 24309
344325 92266 133 24278
344326 92266 133 24274
344377 83326 133 24273
344378 83326 133 24274
344379 92291 133 24273
344380 92291 133 24274
344381 92292 133 24273
344382 92292 133 24274
344383 92293 133 24273
344384 92293 133 24274
344393 92298 133 24273
344394 92298 133 24274
344403 92303 133 24286
344404 92303 133 24274
344407 83351 133 24278
344408 83351 133 24274
344411 92306 133 24273
344412 92306 133 24274
344419 92310 133 24277
344420 92310 133 24274
344427 92314 133 24277
344428 92314 133 24274
344445 92323 133 24273
344446 92323 133 24274
344447 92324 133 24273
344448 92324 133 24274
344455 92327 133 24289
344456 92327 133 24274
344461 92330 133 24278
344462 92330 133 24274
344463 92331 133 24277
344464 92331 133 24274
344469 92334 133 24273
344470 92334 133 24274
344471 92335 133 24273
344472 92335 133 24274
344477 92338 133 24278
344478 92338 133 24274
344481 92340 133 24273
344482 92340 133 24274
344491 92345 133 24280
344492 92345 133 24274
344493 92346 133 24273
344494 92346 133 24274
344501 92350 133 24280
344502 92350 133 24274
344505 92352 133 24277
344506 92352 133 24274
344515 92357 133 24273
344516 92357 133 24274
344517 92358 133 24273
344518 92358 133 24274
344519 92359 133 24273
344520 92359 133 24274
344521 92360 133 24273
344522 92360 133 24274
344525 92362 133 24273
344526 92362 133 24274
344537 92367 133 24278
344538 92367 133 24274
344545 92371 133 24273
344546 92371 133 24274
344549 92373 133 24273
344550 92373 133 24274
344553 92375 133 24278
344554 92375 133 24274
344555 92376 133 24273
344556 92376 133 24274
344559 92378 133 24273
344560 92378 133 24274
344561 92379 133 24273
344562 92379 133 24274
344569 92383 133 13444
344570 92383 133 12371
344573 92385 133 24273
344574 92385 133 24274
344575 92386 133 24278
344576 92386 133 24274
344587 92392 133 24278
344588 92392 133 24274
344597 92397 133 24278
344598 92397 133 24274
344599 92398 133 24278
344600 92398 133 24274
344601 92399 133 24273
344602 92399 133 24274
344613 92405 133 24280
344614 92405 133 24274
344615 92406 133 24273
344616 92406 133 24274
344621 92409 133 24289
344622 92409 133 24274
344623 92410 133 24278
344624 92410 133 24274
344627 92412 133 24280
344628 92412 133 24274
344629 92413 133 24273
344630 92413 133 24274
344631 92414 133 24275
344632 92414 133 24274
344641 92419 133 24277
344642 92419 133 24274
344643 92420 133 24277
344644 92420 133 24274
344645 92421 133 24277
344646 92421 133 24274
344647 92422 133 24277
344648 92422 133 24274
344649 92423 133 24277
344650 92423 133 24274
344651 92424 133 24275
344652 92424 133 24274
344653 78787 133 24278
344654 78787 133 24274
344663 92429 133 24279
344664 92429 133 24274
344667 92431 133 24278
344668 92431 133 24274
344675 92435 133 24286
344676 92435 133 24274
344683 92438 133 24273
344684 92438 133 24274
344687 92440 133 1133
344688 92440 133 7091
344693 92443 133 24273
344694 92443 133 24274
344695 92444 133 24273
344696 92444 133 24274
344697 92445 133 24273
344698 92445 133 24274
344701 92447 133 24273
344702 92447 133 24274
344703 92448 133 24278
344704 92448 133 24274
344707 92450 133 24273
344708 92450 133 24274
344715 92454 133 24273
344716 92454 133 24274
344719 32605 133 24278
344720 32605 133 24274
344729 59500 133 24289
344730 59500 133 24274
344751 92470 133 24273
344752 92470 133 24274
344753 92471 133 24273
344754 92471 133 24274
344761 92475 133 24273
344762 92475 133 24274
344767 92478 133 24278
344768 92478 133 24274
344769 92479 133 24279
344770 92479 133 24274
344771 92480 133 24277
344772 92480 133 24274
344773 92481 133 24278
344774 92481 133 24274
344777 92483 133 24273
344778 92483 133 24274
344789 92489 133 24273
344790 92489 133 24274
344811 92500 133 24273
344812 92500 133 24274
344813 92501 133 24280
344814 92501 133 24274
344827 92508 133 24273
344828 92508 133 24274
344833 92511 133 24273
344834 92511 133 24274
344845 92517 133 4007
344846 92517 133 2627
344847 92518 133 24273
344848 92518 133 24274
344849 92519 133 24280
344850 92519 133 24274
344851 92520 133 24273
344852 92520 133 24274
344853 92521 133 24273
344854 92521 133 24274
344865 92527 133 24273
344866 92527 133 24274
344867 92528 133 24278
344868 92528 133 24274
344879 92534 133 24273
344880 92534 133 24274
344888 92537 133 24278
344889 92537 133 24274
344896 92541 133 24273
344897 92541 133 24274
344900 92543 133 24273
344901 92543 133 24274
344912 92548 133 24273
344913 92548 133 24274
344918 92551 133 24273
344919 92551 133 24274
344920 92552 133 24273
344921 92552 133 24274
344924 92554 133 24273
344925 92554 133 24274
344932 92558 133 214
344933 92558 133 941
344934 92558 133 138
344935 92558 133 125
344940 92561 133 24314
344941 92561 133 24274
344947 92564 133 24278
344948 92564 133 24274
344949 78810 133 24278
344950 78810 133 24274
344968 92573 133 24273
344969 92573 133 24274
344974 92576 133 24273
344975 92576 133 24274
344976 92577 133 24278
344977 92577 133 24274
344980 92579 133 24275
344981 92579 133 24274
344988 92583 133 24278
344989 92583 133 24274
344992 92585 133 24273
344993 92585 133 24274
345026 92602 133 24280
345027 92602 133 24274
345028 92603 133 24273
345029 92603 133 24274
345032 92605 133 24279
345033 92605 133 24274
345042 84113 133 24278
345043 84113 133 24274
345048 92612 133 24273
345049 92612 133 24274
345050 92613 133 24278
345051 92613 133 24274
345052 92614 133 24273
345053 92614 133 24274
345058 92617 133 7496
345059 92617 133 3846
345060 92617 133 138
345061 92617 133 80
345062 92618 133 24278
345063 92618 133 24274
345066 92620 133 24277
345067 92620 133 24274
345068 92621 133 24273
345069 92621 133 24274
345070 92622 133 24278
345071 92622 133 24274
345076 92625 133 24278
345077 92625 133 24274
345092 92633 133 24278
345093 92633 133 24274
345106 92640 133 24278
345107 92640 133 24274
345108 92641 133 24273
345109 92641 133 24274
345116 92645 133 24286
345117 92645 133 24274
345132 92653 133 24278
345133 92653 133 24274
345136 92655 133 24273
345137 92655 133 24274
345138 92656 133 24273
345139 92656 133 24274
345142 92658 133 24273
345143 92658 133 24274
345156 92665 133 24278
345157 92665 133 24274
345160 92667 133 24273
345161 92667 133 24274
345164 92669 133 24278
345165 92669 133 24274
345170 92672 133 24273
345171 92672 133 24274
345198 74813 133 2012
345199 74813 133 1679
345200 74813 133 638
345201 74813 133 1743
345204 92686 133 24273
345205 92686 133 24274
345206 92687 133 24278
345207 92687 133 24274
345214 92691 133 24273
345215 92691 133 24274
345220 92694 133 24273
345221 92694 133 24274
345224 92696 133 24277
345225 92696 133 24274
345232 32385 133 286
345233 32385 133 941
345234 32385 133 1937
345235 32385 133 138
345236 92700 133 24286
345237 92700 133 24274
345250 92707 133 24273
345251 92707 133 24274
345254 92709 133 24292
345255 92709 133 24274
345256 92710 133 24273
345257 92710 133 24274
345260 92712 133 24277
345261 92712 133 24274
345264 92714 133 24278
345265 92714 133 24274
345268 92716 133 24273
345269 92716 133 24274
345270 92717 133 24273
345271 92717 133 24274
345272 92718 133 24273
345273 92718 133 24274
345274 92719 133 24273
345275 92719 133 24274
345276 92720 133 24273
345277 92720 133 24274
345278 92721 133 24273
345279 92721 133 24274
345280 92722 133 24273
345281 92722 133 24274
345282 92723 133 24273
345283 92723 133 24274
345284 92724 133 24280
345285 92724 133 24274
345296 92730 133 24273
345297 92730 133 24274
345300 92732 133 24273
345301 92732 133 24274
345302 92733 133 24273
345303 92733 133 24274
345306 92735 133 24278
345307 92735 133 24274
345334 92749 133 24273
345335 92749 133 24274
345342 92753 133 24280
345343 92753 133 24274
345344 92754 133 24277
345345 92754 133 24274
345350 92757 133 24277
345351 92757 133 24274
345358 92761 133 24278
345359 92761 133 24274
345362 92763 133 24289
345363 92763 133 24274
345364 92764 133 24273
345365 92764 133 24274
345378 32434 133 24273
345379 32434 133 24274
345382 92771 133 24277
345383 92771 133 24274
345384 92772 133 24278
345385 92772 133 24274
345386 24368 133 24273
345387 24368 133 24274
345388 24368 133 1722
345389 24368 133 1723
345396 92776 133 24278
345397 92776 133 24274
345400 92778 133 24273
345401 92778 133 24274
345410 92783 133 24286
345411 92783 133 24274
345420 92788 133 24279
345421 92788 133 24274
345434 92795 133 24286
345435 92795 133 24274
345466 92811 133 24278
345467 92811 133 24274
345488 92822 133 24278
345489 92822 133 24274
345496 92825 133 24278
345497 92825 133 24274
345500 92827 133 24281
345501 92827 133 24274
345504 92829 133 24279
345505 92829 133 24274
345508 92831 133 24273
345509 92831 133 24274
345510 92832 133 24273
345511 92832 133 24274
345512 92833 133 76
345513 92833 133 523
345514 92834 133 24278
345515 92834 133 24274
345526 92840 133 24298
345527 92840 133 24274
345528 92841 133 24273
345529 92841 133 24274
345532 92843 133 24273
345533 92843 133 24274
345540 92847 133 24273
345541 92847 133 24274
345542 62135 133 24273
345543 62135 133 24274
345544 92848 133 24273
345545 92848 133 24274
345564 92858 133 24273
345565 92858 133 24274
345574 92863 133 24286
345575 92863 133 24274
345578 92865 133 24273
345579 92865 133 24274
345608 92880 133 24286
345609 92880 133 24274
345614 92883 133 24273
345615 92883 133 24274
345626 92889 133 24273
345627 92889 133 24274
345628 92890 133 24273
345629 92890 133 24274
345630 27927 133 24273
345631 27927 133 24274
345632 92891 133 24278
345633 92891 133 24274
345636 92893 133 24295
345637 92893 133 24274
345646 92898 133 24278
345647 92898 133 24274
345658 64655 133 24273
345659 64655 133 24274
345660 92904 133 24273
345661 92904 133 24274
345662 92905 133 24273
345663 92905 133 24274
345668 92908 133 24273
345669 92908 133 24274
345670 92909 133 24276
345671 92909 133 24274
345674 92911 133 24276
345675 92911 133 24274
345676 92912 133 24278
345677 92912 133 24274
345690 92919 133 24289
345691 92919 133 24274
345706 92925 133 24273
345707 92925 133 24274
345708 92926 133 24292
345709 92926 133 24274
345722 92931 133 24273
345723 92931 133 24274
345728 92934 133 24273
345729 92934 133 24274
345750 92945 133 24273
345751 92945 133 24274
345752 92946 133 24273
345753 92946 133 24274
345754 92947 133 24273
345755 92947 133 24274
345756 92948 133 24281
345757 92948 133 24274
345758 92949 133 24273
345759 92949 133 24274
345760 92950 133 24279
345761 92950 133 24274
345762 92951 133 24273
345763 92951 133 24274
345764 92952 133 24276
345765 92952 133 24274
345766 92953 133 24273
345767 92953 133 24274
345768 92953 133 24318
345769 92953 133 24319
345770 92953 133 4693
345771 92954 133 24276
345772 92954 133 24274
345773 92955 133 24273
345774 92955 133 24274
345775 92956 133 24273
345776 92956 133 24274
345777 92957 133 24273
345778 92957 133 24274
345779 92958 133 24273
345780 92958 133 24274
345781 92959 133 24281
345782 92959 133 24274
345783 92960 133 24281
345784 92960 133 24274
345785 92961 133 24281
345786 92961 133 24274
345787 92962 133 24273
345788 92962 133 24274
345789 92963 133 24289
345790 92963 133 24274
345791 92964 133 24273
345792 92964 133 24274
345793 92965 133 24273
345794 92965 133 24274
345795 92966 133 24281
345796 92966 133 24274
345797 92967 133 24273
345798 92967 133 24274
345799 92968 133 24281
345800 92968 133 24274
345801 92969 133 24273
345802 92969 133 24274
345803 92970 133 24278
345804 92970 133 24274
345807 92972 133 24278
345808 92972 133 24274
345809 92973 133 24278
345810 92973 133 24274
345813 92975 133 24289
345814 92975 133 24274
345817 78879 133 24273
345818 78879 133 24274
345821 92978 133 24273
345822 92978 133 24274
345823 92979 133 24275
345824 92979 133 24274
345825 92980 133 24273
345826 92980 133 24274
345833 43889 133 24277
345834 43889 133 24274
345835 92984 133 24278
345836 92984 133 24274
345837 92985 133 24279
345838 92985 133 24274
345841 92987 133 24278
345842 92987 133 24274
345845 92989 133 24273
345846 92989 133 24274
345847 33197 133 24273
345848 33197 133 24274
345853 92992 133 24278
345854 92992 133 24274
345869 93000 133 24273
345870 93000 133 24274
345873 93002 133 24289
345874 93002 133 24274
345879 93005 133 24278
345880 93005 133 24274
345881 93006 133 24289
345882 93006 133 24274
345889 93010 133 24278
345890 93010 133 24274
345893 93012 133 24279
345894 93012 133 24274
345897 93014 133 24278
345898 93014 133 24274
345905 93018 133 24277
345906 93018 133 24274
345907 93019 133 24278
345908 93019 133 24274
345909 93020 133 24273
345910 93020 133 24274
345917 93024 133 24289
345918 93024 133 24274
345925 93027 133 24273
345926 93027 133 24274
345929 93029 133 24278
345930 93029 133 24274
345931 93030 133 24278
345932 93030 133 24274
345935 93032 133 4230
345936 93032 133 638
345937 93032 133 1169
345938 93032 133 507
345939 93033 133 24276
345940 93033 133 24274
345947 93037 133 24278
345948 93037 133 24274
345949 93038 133 24273
345950 93038 133 24274
345953 93040 133 24280
345954 93040 133 24274
345955 93041 133 24273
345956 93041 133 24274
345959 93043 133 24273
345960 93043 133 24274
345961 93044 133 24273
345962 93044 133 24274
345963 93045 133 24278
345964 93045 133 24274
345965 93046 133 24273
345966 93046 133 24274
345967 93047 133 24278
345968 93047 133 24274
345969 93048 133 24278
345970 93048 133 24274
345971 93049 133 24273
345972 93049 133 24274
345973 93050 133 24289
345974 93050 133 24274
345975 93051 133 24273
345976 93051 133 24274
345995 93061 133 24273
345996 93061 133 24274
345999 93063 133 24273
346000 93063 133 24274
346005 93066 133 24273
346006 93066 133 24274
346007 93067 133 24273
346008 93067 133 24274
346009 93068 133 24320
346010 93068 133 24274
346011 93069 133 3814
346012 93069 133 3750
346013 93069 133 2993
346014 93070 133 24273
346015 93070 133 24274
346016 93071 133 24273
346017 93071 133 24274
346018 93072 133 24275
346019 93072 133 24274
346020 93073 133 24278
346021 93073 133 24274
346036 93081 133 24273
346037 93081 133 24274
346042 93084 133 24281
346043 93084 133 24274
346044 93085 133 24278
346045 93085 133 24274
346046 93086 133 24278
346047 93086 133 24274
346048 93087 133 24273
346049 93087 133 24274
346050 93088 133 24273
346051 93088 133 24274
346052 93089 133 24278
346053 93089 133 24274
346054 93090 133 24273
346055 93090 133 24274
346056 93091 133 24273
346057 93091 133 24274
346058 93092 133 24273
346059 93092 133 24274
346060 93093 133 24273
346061 93093 133 24274
346062 93094 133 24273
346063 93094 133 24274
346066 93096 133 24273
346067 93096 133 24274
346073 93099 133 24277
346074 93099 133 24274
346077 93101 133 24273
346078 93101 133 24274
346087 93106 133 24278
346088 93106 133 24274
346089 93107 133 24273
346090 93107 133 24274
346103 93114 133 24273
346104 93114 133 24274
346105 93115 133 24273
346106 93115 133 24274
346107 93116 133 24278
346108 93116 133 24274
346109 93117 133 24289
346110 93117 133 24274
346115 93120 133 24280
346116 93120 133 24274
346119 93122 133 24278
346120 93122 133 24274
346121 93123 133 24278
346122 93123 133 24274
346125 93125 133 24273
346126 93125 133 24274
346127 93126 133 24273
346128 93126 133 24274
346131 93128 133 24273
346132 93128 133 24274
346133 93129 133 24278
346134 93129 133 24274
346135 93130 133 24278
346136 93130 133 24274
346139 93132 133 24273
346140 93132 133 24274
346141 93133 133 24273
346142 93133 133 24274
346143 57543 133 24273
346144 57543 133 24274
346145 93134 133 24273
346146 93134 133 24274
346159 93140 133 24278
346160 93140 133 24274
346161 93141 133 24278
346162 93141 133 24274
346165 93143 133 24277
346166 93143 133 24274
346167 93144 133 24278
346168 93144 133 24274
346169 93145 133 24278
346170 93145 133 24274
346175 93148 133 24279
346176 93148 133 24274
346186 93150 133 24278
346187 93150 133 24274
346188 93151 133 24298
346189 93151 133 24274
346190 93152 133 24278
346191 93152 133 24274
346192 93153 133 24271
346193 93153 133 24274
346198 93156 133 24278
346199 93156 133 24274
346200 93157 133 64
346201 93157 133 11
346202 93157 133 80
346203 93157 133 138
346204 93157 133 791
346205 93157 133 19
346208 93159 133 24278
346209 93159 133 24274
346210 93160 133 24273
346211 93160 133 24274
346214 93162 133 48
346217 93164 133 24273
346218 93164 133 24274
346219 93165 133 24277
346220 93165 133 24274
346221 93166 133 24273
346222 93166 133 24274
346223 93167 133 24289
346224 93167 133 24274
346229 93170 133 24277
346230 93170 133 24274
346233 93172 133 24273
346234 93172 133 24274
346237 93174 133 24278
346238 93174 133 24274
346241 93176 133 24273
346242 93176 133 24274
346243 93177 133 24273
346244 93177 133 24274
346245 93178 133 24273
346246 93178 133 24274
346249 93180 133 24281
346250 93180 133 24274
346251 93181 133 24289
346252 93181 133 24274
346253 93182 133 24278
346254 93182 133 24274
346255 93183 133 24273
346256 93183 133 24274
346257 93184 133 24273
346258 93184 133 24274
346263 93187 133 24278
346264 93187 133 24274
346265 24905 133 24273
346266 24905 133 24274
346269 93189 133 24276
346270 93189 133 24274
346271 93190 133 24276
346272 93190 133 24274
346296 93202 133 24278
346297 93202 133 24274
346300 93204 133 24278
346301 93204 133 24274
346302 93205 133 24273
346303 93205 133 24274
346306 93207 133 24278
346307 93207 133 24274
346308 93208 133 24277
346309 93208 133 24274
346324 93216 133 24277
346325 93216 133 24274
346328 93218 133 24273
346329 93218 133 24274
346344 93226 133 24278
346345 93226 133 24274
346348 93228 133 24273
346349 93228 133 24274
346350 93229 133 24273
346351 93229 133 24274
346392 93249 133 24280
346393 93249 133 24274
346394 93250 133 24273
346395 93250 133 24274
346398 93252 133 24273
346399 93252 133 24274
346400 93253 133 24273
346401 93253 133 24274
346404 93255 133 24273
346405 93255 133 24274
346406 28001 133 155
346407 28001 133 2440
346408 93256 133 24279
346409 93256 133 24274
346502 93303 133 24273
346503 93303 133 24274
346560 93332 133 24273
346561 93332 133 24274
346566 93335 133 24273
346567 93335 133 24274
346580 93341 133 24289
346581 93341 133 24274
346582 64741 133 24273
346583 64741 133 24274
346584 93342 133 24286
346585 93342 133 24274
346586 93343 133 24273
346587 93343 133 24274
346592 93346 133 24273
346593 93346 133 24274
346594 93347 133 24273
346595 93347 133 24274
346696 93398 133 24278
346697 93398 133 24274
346708 93404 133 24279
346709 93404 133 24274
346710 93405 133 24277
346711 93405 133 24274
346732 93416 133 24276
346733 93416 133 24274
346736 93418 133 24273
346737 93418 133 24274
346738 93419 133 24278
346739 93419 133 24274
346740 93420 133 24276
346741 93420 133 24274
346772 93436 133 24273
346773 93436 133 24274
346780 93440 133 24277
346781 93440 133 24274
346782 93441 133 24273
346783 93441 133 24274
346788 93444 133 24273
346789 93444 133 24274
346790 93445 133 24289
346791 93445 133 24274
346792 93446 133 24326
346793 93446 133 24274
346794 93447 133 24278
346795 93447 133 24274
346798 93449 133 24278
346799 93449 133 24274
346800 93450 133 24273
346801 93450 133 24274
346804 93451 133 24280
346805 93451 133 24274
346816 93457 133 24278
346817 93457 133 24274
346818 93458 133 24273
346819 93458 133 24274
346822 93460 133 24278
346823 93460 133 24274
346824 93461 133 24289
346825 93461 133 24274
346826 93462 133 24273
346827 93462 133 24274
346830 93464 133 24278
346831 93464 133 24274
346832 93465 133 24273
346833 93465 133 24274
346834 93466 133 24273
346835 93466 133 24274
346836 93467 133 24273
346837 93467 133 24274
346854 93476 133 24276
346855 93476 133 24274
346856 93477 133 24273
346857 93477 133 24274
346862 93480 133 24273
346863 93480 133 24274
346868 93483 133 24278
346869 93483 133 24274
346870 93484 133 24278
346871 93484 133 24274
346872 93485 133 24278
346873 93485 133 24274
346874 93486 133 24286
346875 93486 133 24274
346888 93493 133 24273
346889 93493 133 24274
346890 93494 133 24278
346891 93494 133 24274
346894 93496 133 24275
346895 93496 133 24274
346898 93498 133 24278
346899 93498 133 24274
346902 93500 133 24278
346903 93500 133 24274
346906 93502 133 24281
346907 93502 133 24274
346908 93503 133 24273
346909 93503 133 24274
346910 93504 133 24278
346911 93504 133 24274
346912 93505 133 24276
346913 93505 133 24274
346914 93506 133 24273
346915 93506 133 24274
346916 93507 133 24273
346917 93507 133 24274
346918 93508 133 24273
346919 93508 133 24274
346920 93509 133 24273
346921 93509 133 24274
346922 93510 133 24273
346923 93510 133 24274
346924 93511 133 24281
346925 93511 133 24274
346926 93512 133 24281
346927 93512 133 24274
346928 93513 133 24288
346929 93513 133 24274
346930 93514 133 24273
346931 93514 133 24274
346932 93515 133 24273
346933 93515 133 24274
346934 93516 133 24273
346935 93516 133 24274
346936 93517 133 24273
346937 93517 133 24274
346938 93518 133 24278
346939 93518 133 24274
346954 93526 133 24280
346955 93526 133 24274
346956 93527 133 24273
346957 93527 133 24274
346960 93529 133 24278
346961 93529 133 24274
346962 93530 133 24273
346963 93530 133 24274
346964 93531 133 24278
346965 93531 133 24274
346966 93532 133 24278
346967 93532 133 24274
346968 93533 133 24278
346969 93533 133 24274
347110 93604 133 24286
347111 93604 133 24274
347112 93605 133 24278
347113 93605 133 24274
347138 93618 133 24273
347139 93618 133 24274
347186 93642 133 24273
347187 93642 133 24274
347200 93649 133 24278
347201 93649 133 24274
347204 93651 133 24278
347205 93651 133 24274
347208 93653 133 24278
347209 93653 133 24274
347210 93654 133 24278
347211 93654 133 24274
347214 93656 133 24278
347215 93656 133 24274
347216 93657 133 24278
347217 93657 133 24274
347218 93658 133 24278
347219 93658 133 24274
347226 93662 133 24278
347227 93662 133 24274
347228 93663 133 24278
347229 93663 133 24274
347230 93664 133 24278
347231 93664 133 24274
347262 93680 133 24278
347263 93680 133 24274
347264 93681 133 24278
347265 93681 133 24274
347268 93683 133 24278
347269 93683 133 24274
347272 93685 133 24278
347273 93685 133 24274
347276 93687 133 24278
347277 93687 133 24274
347280 93689 133 24278
347281 93689 133 24274
347282 93690 133 24278
347283 93690 133 24274
347286 93692 133 24278
347287 93692 133 24274
347290 93694 133 24278
347291 93694 133 24274
347302 93700 133 24278
347303 93700 133 24274
347310 93704 133 24278
347311 93704 133 24274
347320 93709 133 24278
347321 93709 133 24274
347324 93711 133 24278
347325 93711 133 24274
347423 93758 133 24289
347424 93758 133 24274
347485 93789 133 24289
347486 93789 133 24274
347493 93793 133 24277
347494 93793 133 24274
347497 93795 133 24278
347498 93795 133 24274
347527 93809 133 24278
347528 93809 133 24274
347533 93812 133 24273
347534 93812 133 24274
347535 93813 133 24278
347536 93813 133 24274
