348082 94210 135 795
348083 94211 135 24391
348085 94213 135 24392
348088 94216 135 15695
348095 94223 135 1723
348099 94227 135 24393
348100 94228 135 20015
348101 94229 135 24395
348111 88871 135 1823
348112 88871 135 359
348113 88871 135 557
348115 94240 135 11199
348120 94245 135 563
348121 94245 135 24404
348122 15137 135 24405
348124 94246 135 5452
348125 94247 135 24406
348126 94248 135 24394
348127 94249 135 1453
348128 94250 135 24407
348130 94252 135 2860
348132 94254 135 4293
348137 94258 135 24410
348141 94261 135 12407
348142 94262 135 869
348145 87341 135 24395
348146 94265 135 869
348147 94266 135 17898
348148 94267 135 24407
348149 94268 135 15
348150 94269 135 24413
348153 94272 135 2990
348154 94273 135 24409
348159 94276 135 14135
348161 94278 135 24417
348164 94281 135 19834
348166 94283 135 24419
348167 94284 135 4157
348168 94285 135 24420
348169 94286 135 4157
348170 94287 135 150
348171 94288 135 4963
348175 94292 135 24422
348176 94293 135 451
348178 94295 135 21
348179 94296 135 1257
348180 94297 135 477
348184 94301 135 24425
348187 94304 135 17636
348188 94305 135 24428
348189 94306 135 24429
348193 94310 135 24394
348194 94311 135 24394
348195 94312 135 24394
348197 94314 135 24394
348198 94315 135 24074
348199 94316 135 24430
348200 94317 135 6049
348201 94318 135 24403
348204 94321 135 12407
348206 94323 135 1747
348207 94324 135 1823
348208 80906 135 24433
348211 94328 135 1696
348212 94329 135 24074
348213 94330 135 15
348214 94331 135 24425
348215 94332 135 24434
348221 94336 135 24436
348222 94337 135 172
348223 94338 135 172
348224 37893 135 12002
348226 94340 135 24437
348227 94341 135 24438
348228 94342 135 24439
348230 94343 135 869
348232 94345 135 127
348241 94353 135 13981
348242 94354 135 873
348245 94357 135 9436
348247 94359 135 4019
348248 94360 135 3813
348251 94363 135 1019
348252 94364 135 24397
348253 94365 135 4019
348256 94368 135 9975
348258 94370 135 1123
348261 94373 135 128
348262 94373 135 638
348263 94374 135 1275
348264 94375 135 138
348265 81249 135 21140
348267 94377 135 1224
348271 94381 135 1239
348272 94382 135 1723
348274 94384 135 4963
348276 94386 135 24449
348277 94387 135 24450
348281 94391 135 869
348283 94393 135 24424
348284 94394 135 22265
348286 94396 135 24451
348290 94400 135 24394
348291 94401 135 1723
348292 94402 135 5076
348293 94403 135 1257
348294 94404 135 24453
348295 19606 135 5922
348296 94405 135 24394
348297 94406 135 24454
348298 72603 135 13822
348299 4767 135 3769
348305 79620 135 6
348310 94416 135 15
348311 94417 135 24456
348314 94420 135 4657
348315 94420 135 869
348316 94421 135 24457
348322 94426 135 6
348324 94428 135 24459
348325 94429 135 24394
348327 94430 135 15
348328 23255 135 240
348329 94431 135 6573
348332 94434 135 24461
348333 94435 135 138
348334 94435 135 24462
348335 11819 135 5452
348337 4963 135 17284
348338 72734 135 457
348341 94440 135 5452
348343 94442 135 24464
348344 94443 135 24465
348345 94444 135 24465
348350 94447 135 4073
348351 87972 135 24467
348357 52866 135 24470
348358 45051 135 24471
348362 89009 135 730
348363 94455 135 24472
348364 94456 135 24473
348368 94460 135 477
348369 94461 135 24475
348370 94462 135 5452
348371 94463 135 24476
348380 68199 135 24478
348386 94476 135 1257
348387 94477 135 4033
348392 94482 135 24462
348393 94483 135 24479
348395 94485 135 24480
348396 94486 135 1670
348401 94489 135 587
348404 94492 135 24080
348405 94493 135 24438
348407 72953 135 474
348408 72953 135 139
348409 94495 135 24485
348412 94499 135 24486
348413 94500 135 21696
348414 94501 135 21696
348415 66839 135 884
348418 94504 135 24489
348422 94508 135 1823
348426 73018 135 8387
348427 73018 135 6049
348431 94515 135 24493
348434 94518 135 1723
348436 94519 135 1867
348437 94519 135 24404
348438 94520 135 24495
348440 94522 135 331
348441 94522 135 24496
348447 94527 135 24394
348448 94528 135 24394
348451 94531 135 5452
348452 94532 135 24495
348453 94533 135 19447
348454 94534 135 24498
348456 94536 135 24499
348464 94543 135 24503
348465 94543 135 24504
348466 94544 135 24505
348467 94545 135 24394
348468 94546 135 10888
348469 94546 135 734
348470 94547 135 1747
348473 94551 135 24506
348474 61649 135 24507
348475 94552 135 507
348476 5696 135 17284
348477 19220 135 24508
348481 94555 135 24460
348482 94556 135 70
348483 94557 135 24509
348484 94558 135 3437
348491 94564 135 869
348492 94565 135 869
348493 94566 135 24481
348495 94567 135 24413
348497 94569 135 1723
348498 23629 135 15
348499 94570 135 24511
348500 94570 135 24512
348501 94571 135 1823
348502 94572 135 1257
348503 94573 135 24513
348505 94575 135 4909
348506 94576 135 15
348507 94577 135 8568
348509 94580 135 5603
348513 94584 135 23996
348514 38173 135 869
348516 94586 135 24418
348517 77780 135 24418
348518 94587 135 794
348524 94593 135 24489
348525 94594 135 24489
348526 94595 135 24489
348527 94596 135 2290
348528 94597 135 859
348531 94599 135 24395
348532 94600 135 24518
348533 94600 135 276
348534 94601 135 24488
348536 94603 135 19212
348537 94604 135 730
348542 94607 135 24519
348543 94608 135 70
348544 94609 135 5452
348550 94613 135 24394
348551 94614 135 24456
348555 86938 135 24521
348556 86938 135 4213
348558 94618 135 4073
348562 94622 135 24523
348563 94623 135 5452
348564 94624 135 5452
348568 39484 135 24497
348569 94628 135 9270
348570 94629 135 3367
348571 94630 135 3463
348573 24237 135 276
348574 24237 135 1937
348575 94632 135 1823
348577 94634 135 24419
348581 94638 135 17286
348582 55412 135 15
348583 94639 135 24526
348584 94640 135 24527
348587 94643 135 1823
348590 94646 135 24419
348594 21459 135 19417
348595 85234 135 3769
348596 94650 135 3769
348598 94652 135 5452
348599 94653 135 3796
348600 94654 135 79
348601 94655 135 29
348602 94656 135 3769
348603 94657 135 9975
348604 59285 135 9975
348605 94658 135 3769
348606 94659 135 4156
348608 94661 135 24394
348609 94662 135 24394
348611 94664 135 24443
348613 94666 135 23389
348617 94669 135 8988
348618 94670 135 24519
348619 94671 135 1723
348620 94672 135 24530
348625 94674 135 3769
348629 94678 135 24534
348631 94680 135 1453
348632 94681 135 2445
348633 94682 135 24535
348634 94683 135 24536
348638 94686 135 8988
348639 94687 135 743
348640 67754 135 19447
348641 94688 135 3769
348642 94689 135 79
348643 94690 135 1257
348644 94690 135 7113
348645 94691 135 338
348646 94692 135 6332
348647 94693 135 3769
348648 21716 135 11199
348649 94694 135 7013
348650 94694 135 1819
348651 27308 135 5452
348652 94695 135 24418
348653 94696 135 2187
348654 94697 135 8988
348655 94698 135 8988
348661 94704 135 3527
348662 94705 135 557
348664 94707 135 24540
348665 6573 135 3437
348666 94708 135 24533
348669 94711 135 4909
348670 27747 135 795
348672 13555 135 24393
348674 94714 135 1224
348677 94717 135 3367
348679 94719 135 24542
348680 94720 135 5452
348683 94722 135 24544
348684 94723 135 24545
348685 94724 135 24546
348686 94725 135 24547
348693 94732 135 24459
348697 94736 135 24548
348703 94740 135 24438
348706 94743 135 24438
348707 94744 135 1216
348709 27504 135 3394
348712 94747 135 1703
348714 94749 135 557
348718 94752 135 24552
348719 94753 135 276
348720 94754 135 18861
348722 94756 135 6356
348723 94757 135 4909
348725 94759 135 3394
348726 94760 135 24394
348729 94762 135 24401
348730 64497 135 70
348731 94763 135 8988
348732 94764 135 8988
348733 94765 135 8988
348734 94766 135 941
348735 94767 135 941
348736 94768 135 869
348743 94772 135 24394
348746 94775 135 24555
348748 94777 135 4105
348750 94779 135 5452
348751 94780 135 15695
348757 94786 135 24522
348758 94787 135 24556
348759 94787 135 1216
348760 94788 135 9436
348761 94789 135 1257
348765 73979 135 563
348766 73979 135 24404
348767 94792 135 24419
348768 94793 135 1823
348769 94794 135 9753
348774 7075 135 24404
348777 94800 135 6049
348778 94800 135 1703
348782 94803 135 6573
348783 94803 135 742
348784 94804 135 730
348785 94805 135 1605
348787 94806 135 4003
348789 94808 135 24401
348792 94812 135 24533
348793 94813 135 24533
348796 94816 135 4551
348797 94817 135 15
348798 94818 135 24486
348801 94821 135 802
348802 16465 135 24467
348803 94822 135 886
348804 94822 135 264
348805 94822 135 11678
348806 68352 135 4293
348809 94824 135 24561
348810 94824 135 5452
348811 94825 135 5452
348813 94826 135 5452
348814 94827 135 5452
348815 94828 135 5452
348817 94830 135 5452
348818 94831 135 730
348819 48301 135 730
348820 1583 135 5452
348821 94832 135 4293
348822 94833 135 24563
348823 94833 135 618
348824 94834 135 1727
348825 94835 135 1727
348827 94837 135 24512
348828 94838 135 24564
348829 94839 135 70
348830 94840 135 23589
348831 94841 135 24393
348834 94844 135 220
348838 94847 135 24394
348839 94848 135 24401
348844 94853 135 1727
348845 94854 135 4909
348847 94856 135 24566
348853 31195 135 24494
348854 40301 135 24568
348856 94861 135 3367
348859 94864 135 24570
348864 83730 135 15
348865 94869 135 15423
348866 94870 135 24571
348867 94870 135 264
348868 94870 135 24572
348869 94871 135 2199
348870 94872 135 24573
348875 94876 135 5452
348877 94877 135 1257
348881 94881 135 24574
348882 74380 135 474
348883 74380 135 139
348884 94882 135 1299
348885 94883 135 1224
348887 94885 135 24575
348890 94887 135 1257
348895 94892 135 9975
348897 94894 135 24576
348901 94898 135 24396
348902 94899 135 24562
348903 94900 135 24421
348906 94902 135 24460
348909 94904 135 3769
348910 94905 135 3769
348911 94906 135 24562
348912 94907 135 15043
348913 94907 135 5319
348914 94908 135 3269
348915 94909 135 24561
348917 94911 135 1227
348918 94911 135 24404
348919 94912 135 15
348920 94913 135 344
348921 94914 135 3731
348924 94916 135 70
348926 94918 135 24580
348927 94919 135 1124
348928 94920 135 24576
348929 70521 135 24413
348933 94923 135 3269
348934 94924 135 5452
348937 94927 135 4551
348941 94930 135 1561
348942 94930 135 15444
348943 94931 135 24583
348944 94932 135 24393
348945 94933 135 12169
348948 94935 135 451
348949 24351 135 2860
348950 94936 135 24474
348953 94938 135 24429
348955 94939 135 24424
348956 94940 135 24429
348957 94941 135 24584
348959 94942 135 24553
348962 94945 135 24468
348963 94946 135 3437
348964 94947 135 5229
348965 94948 135 24585
348971 94952 135 24455
348972 94953 135 4963
348973 94954 135 4061
348980 94961 135 19417
348988 94969 135 6573
348989 94970 135 20838
348990 94970 135 24393
348991 94971 135 1723
348994 94974 135 4963
348998 94977 135 5452
348999 94978 135 24479
349001 94980 135 24404
349002 94981 135 8719
349005 27418 135 5452
349006 94983 135 1656
349008 94985 135 1696
349009 94986 135 24591
349010 94987 135 869
349011 94988 135 4963
349012 94989 135 24592
349014 94991 135 24594
349015 94992 135 6
349017 94995 135 12407
349018 94996 135 12407
349021 94998 135 24499
349023 95000 135 24394
349024 95001 135 3151
349030 95007 135 24592
349031 95008 135 1625
349035 95012 135 24486
349036 95014 135 557
349038 95016 135 24596
349039 95017 135 5452
349041 95019 135 24418
349042 95020 135 331
349047 95025 135 24562
349048 95026 135 24424
349049 95027 135 24533
349050 95028 135 3760
349055 95033 135 24598
349059 95037 135 24524
349061 95039 135 24429
349073 95052 135 3769
349074 95053 135 24602
349075 95054 135 24527
349077 45569 135 374
349079 95057 135 802
349080 95058 135 24603
349081 95059 135 4108
349082 95060 135 1323
349083 56148 135 24497
349086 95063 135 395
349087 95064 135 15
349088 95065 135 9749
349089 95066 135 1723
349094 95071 135 24604
349096 95073 135 24427
349098 95075 135 3862
349101 95076 135 220
349104 95078 135 477
349106 95080 135 311
349111 95085 135 2442
349112 95085 135 24608
349113 95086 135 24448
349114 95087 135 1284
349115 95088 135 24609
349116 95089 135 24610
349117 95090 135 1062
349119 95091 135 24394
349120 95092 135 24429
349121 95093 135 5452
349123 95095 135 18552
349124 95096 135 20015
349125 95097 135 24612
349126 95098 135 1122
349127 70889 135 13981
349128 95099 135 24396
349129 95100 135 24561
349131 95102 135 4293
349132 95103 135 24418
349136 95106 135 24475
349138 95108 135 3769
349139 95109 135 24615
349140 95110 135 15329
349141 95111 135 24616
349144 95113 135 24562
349146 95115 135 19364
349152 95120 135 1703
349153 95121 135 24395
349154 95121 135 1597
349158 95123 135 21140
349162 95125 135 24391
349163 95126 135 6573
349164 95127 135 24527
349174 95133 135 24394
349177 95136 135 1176
349182 95141 135 780
349187 95146 135 24424
349190 95149 135 24424
349191 95150 135 24622
349194 95153 135 5508
349195 10368 135 6049
349201 95159 135 24624
349204 95161 135 11199
349206 95163 135 6478
349207 95164 135 474
349208 95164 135 318
349211 95167 135 19447
349218 95172 135 24576
349221 95175 135 127
349224 95178 135 20567
349225 95179 135 19947
349228 48783 135 1367
349229 95181 135 1453
349230 95182 135 1823
349231 95183 135 3285
349237 95188 135 451
349239 95190 135 24444
349241 95192 135 2476
349242 95193 135 24627
349243 24825 135 730
349244 95194 135 730
349245 95195 135 24412
349246 95196 135 24628
349249 95199 135 1446
349250 1931 135 24397
349252 95201 135 1257
349253 95202 135 1257
349254 95202 135 1561
349255 95202 135 2347
349256 95203 135 8988
349257 95204 135 12127
349258 95205 135 12759
349259 95206 135 24629
349260 95206 135 3463
349261 95206 135 4909
349262 95206 135 24630
349265 95209 135 16678
349267 95211 135 730
349269 14017 135 12407
349270 95213 135 4108
349271 95214 135 1227
349272 95215 135 557
349273 95216 135 749
349275 95218 135 24491
349278 95221 135 24450
349281 95224 135 4073
349284 24905 135 318
349286 95228 135 24631
349289 95231 135 9975
349290 95232 135 24633
349291 54010 135 1160
349292 95234 135 884
349293 95235 135 6769
349301 95240 135 802
349302 95241 135 1299
349303 95242 135 24438
349304 95243 135 3190
349306 95245 135 24634
349307 95245 135 18861
349312 95251 135 5452
349313 95252 135 4963
349314 95253 135 6
349315 95254 135 24635
349316 95255 135 24406
349317 95255 135 24497
349318 95256 135 1823
349320 95258 135 17286
349321 95259 135 24636
349322 95260 135 4019
349329 95266 135 1643
349331 95268 135 24394
349332 95269 135 1943
349333 95269 135 24637
349334 95270 135 24638
349335 95271 135 24639
349338 95274 135 24394
349339 95275 135 24624
349342 95277 135 24640
349347 95281 135 5452
349348 95282 135 4131
349349 95283 135 12407
349351 95285 135 24601
349352 95286 135 730
349354 95288 135 24642
349355 95289 135 24643
349356 95290 135 24644
349358 12989 135 24645
349359 95291 135 4961
349361 95293 135 6573
349363 95295 135 816
349364 95295 135 1565
349368 95299 135 802
349372 95301 135 1823
349374 95303 135 24479
349378 95307 135 1723
349379 95308 135 1123
349381 95310 135 24406
349382 95311 135 1123
349383 25123 135 1703
349384 95312 135 24413
349385 95313 135 21140
349387 95315 135 451
349389 95317 135 19924
349392 95320 135 19797
349393 95321 135 24394
349394 95322 135 24394
349395 95323 135 12759
349398 95326 135 20434
349399 25751 135 240
349400 95327 135 5452
349405 95332 135 79
349409 95335 135 655
349414 95339 135 941
349415 95340 135 24607
349419 95343 135 846
349422 95346 135 24484
349425 95349 135 9823
349426 80372 135 11199
349433 95356 135 24657
349439 95361 135 1257
349440 95362 135 24485
349441 95363 135 24485
349445 7051 135 24460
