363418 104239 140 734
363419 104239 140 13533
363420 104239 140 2992
363422 104241 140 16192
363425 104243 140 139
363426 104243 140 2472
363427 104243 140 2636
363428 79682 140 6
363429 79682 140 90
363430 79682 140 1125
363434 104245 140 1917
363435 104245 140 139
363436 104245 140 2472
363437 104246 140 139
363438 104246 140 795
363442 5856 140 104
363443 5856 140 125
363444 5856 140 139
363445 38170 140 139
363446 38170 140 795
363447 6007 140 21
363448 6007 140 11
363451 104251 140 16192
363461 104259 140 16192
363462 104259 140 19330
363463 104260 140 139
363464 104260 140 795
363465 104261 140 886
363466 104261 140 374
363467 104261 140 25171
363472 104263 140 886
363473 104263 140 374
363474 104263 140 2556
363480 104266 140 139
363481 104267 140 8761
363482 104268 140 4051
363483 104268 140 11
363498 104275 140 25166
363499 104276 140 16192
363505 104279 140 4661
363528 104293 140 25170
