397462 110372 144 100
397466 110376 144 1491
397467 110376 144 27129
397468 110376 144 11
397469 110376 144 64
397470 110376 144 2587
397471 110376 144 138
397472 110376 144 10382
397473 110376 144 27130
397474 1829 144 181
397477 110379 144 1491
397478 110380 144 27133
397481 110382 144 797
397482 110382 144 1804
397483 110383 144 1491
397484 110383 144 996
397485 110383 144 1191
397486 110383 144 27135
397487 110383 144 1867
397488 110383 144 1744
397489 110383 144 2338
397503 110387 144 3308
397506 110389 144 27138
397507 110390 144 27139
397508 110391 144 8988
397509 110392 144 27140
397512 110394 144 1491
397513 110394 144 27141
397514 110395 144 2942
397515 110395 144 425
397516 110396 144 1727
397520 110398 144 1257
397524 110400 144 370
397525 110400 144 3357
397526 110400 144 1230
397527 110400 144 1868
397528 110401 144 27140
397529 22823 144 1720
397530 22823 144 727
397531 22823 144 4196
397532 110402 144 15693
397533 110403 144 22513
397534 110404 144 27137
397543 110406 144 1491
397544 110406 144 21
397545 110406 144 2647
397546 110406 144 2236
397547 110406 144 301
397548 110406 144 926
397549 11299 144 1738
397553 3827 144 27142
397561 110409 144 4247
397562 110410 144 27143
397563 110410 144 3378
397564 110410 144 10450
397565 110411 144 27136
397566 110411 144 29
397567 110412 144 2358
397568 110412 144 80
397569 110412 144 1450
397570 110413 144 1491
397571 110413 144 302
397572 110413 144 1775
397573 110413 144 540
397574 110413 144 3
397575 110413 144 369
397576 110413 144 818
397585 110415 144 6515
397586 110416 144 4177
397587 110416 144 4148
397588 110417 144 27134
397589 110417 144 15693
397590 110417 144 24244
397591 110418 144 1491
397592 110418 144 1938
397593 110418 144 90
397594 110418 144 46
397595 110418 144 1141
397596 110418 144 369
397597 110418 144 1937
397601 110422 144 1720
397602 110423 144 1745
397611 110425 144 1491
397612 110425 144 678
397613 110425 144 779
397614 110425 144 28
397615 110425 144 5909
397616 110425 144 369
397617 110425 144 11
397618 110425 144 1106
397619 107892 144 8608
397620 107892 144 70
397621 3898 144 5914
397622 3898 144 1861
397623 110426 144 16994
397624 110426 144 3704
397625 110426 144 15925
397626 22884 144 1491
397627 22884 144 1564
397628 22884 144 1715
397629 22884 144 369
397630 22884 144 4123
397631 22884 144 1124
397632 22884 144 996
397633 22884 144 138
397634 110427 144 25749
397638 110430 144 8820
397639 110431 144 5230
397640 110431 144 8820
397641 110432 144 2990
397642 110433 144 12958
397643 22898 144 108
397644 22898 144 286
397645 22898 144 935
397646 110434 144 3708
397647 110435 144 829
397648 110436 144 9974
397649 110437 144 9974
397650 110437 144 2424
397653 110439 144 2576
397654 110440 144 12747
397656 110442 144 104
397657 110442 144 8818
397658 22916 144 286
397660 110443 144 785
397663 110446 144 27140
397664 110447 144 369
397665 110447 144 100
397666 110447 144 11
397667 110447 144 27146
397668 110448 144 1174
397669 110448 144 2964
397670 110448 144 4551
397671 110449 144 27147
397674 110452 144 27148
397675 110452 144 27149
397676 110453 144 3076
397678 110455 144 960
397679 110456 144 24220
397681 110458 144 1491
397682 110458 144 678
397683 110458 144 5080
397684 110458 144 4727
397685 110458 144 1172
397686 110459 144 668
397687 110459 144 27150
397688 110459 144 19
397689 110459 144 24312
397690 35567 144 8019
397691 35567 144 668
397694 110462 144 27151
397695 110463 144 5922
397696 110464 144 27152
397697 110465 144 4551
397698 110466 144 15262
397699 110466 144 27153
397700 110467 144 27151
397701 110468 144 27152
397702 110468 144 1299
397703 110469 144 27154
397704 110469 144 6515
397705 110469 144 27137
397706 110470 144 4661
397707 110470 144 523
397708 110471 144 27140
397709 110472 144 27152
397710 110473 144 1744
397711 110473 144 27154
397712 110474 144 27152
397713 110474 144 27151
397714 110474 144 5914
397715 110475 144 27154
397716 110475 144 27137
397717 110476 144 3582
397718 110476 144 1119
397719 110477 144 27152
397720 110478 144 27152
397721 58668 144 11
397722 110479 144 503
397723 110480 144 2637
397724 110480 144 4247
397725 110481 144 1119
397726 110482 144 825
397727 110482 144 1119
397728 110482 144 1738
397729 110483 144 27152
397730 110484 144 1123
397731 110484 144 27151
397732 110485 144 27152
397733 57809 144 27151
397734 101108 144 365
397735 110486 144 1491
397736 110486 144 606
397737 110486 144 4082
397738 110486 144 4181
397739 110486 144 5624
397740 110486 144 4472
397741 110486 144 2100
397742 110486 144 2892
397743 110487 144 27155
397744 110488 144 1049
397745 110488 144 7326
397747 110490 144 2797
397755 110492 144 27156
397756 110493 144 2797
397757 110493 144 294
397758 110494 144 4053
397759 110495 144 27157
397760 110496 144 27158
397761 110497 144 1491
397762 110497 144 1012
397763 110497 144 28
397764 110497 144 369
397765 110497 144 9635
397766 110497 144 798
397767 110497 144 4140
397768 110497 144 1013
397769 110498 144 2441
397770 110499 144 27159
397771 110499 144 27128
397772 110499 144 27160
397773 110499 144 27161
397774 110500 144 971
397775 98024 144 2150
397776 98024 144 1184
397777 98024 144 941
397778 98024 144 10939
397779 110501 144 1491
397780 110501 144 27162
397781 110501 144 8776
397782 110501 144 27163
397783 110501 144 28
397784 110501 144 1392
397785 110501 144 1058
397786 110501 144 11
397787 110501 144 1707
397789 110503 144 1491
397790 110503 144 27162
397791 110503 144 779
397792 110503 144 1393
397793 110503 144 28
397794 110504 144 4420
397795 110504 144 1172
397798 110506 144 1491
397799 110506 144 1133
397800 110506 144 11
397801 110506 144 1058
397802 110507 144 6515
397804 110509 144 1491
397805 110510 144 27128
397806 110511 144 1491
397807 110511 144 678
397808 110512 144 4061
397809 110513 144 1491
397810 110514 144 2964
397811 110514 144 27166
397812 110514 144 25232
397813 110515 144 4518
397814 110517 144 27138
397815 110518 144 9974
397816 110519 144 1491
397817 110519 144 678
397818 110520 144 16418
397819 110520 144 971
397821 110523 144 9974
397822 110524 144 9974
397824 110526 144 9974
397829 110530 144 4322
397830 110530 144 4044
397832 110532 144 1675
397833 110532 144 6296
397834 110533 144 1450
397835 110534 144 27168
397836 110535 144 27128
397837 110535 144 12959
397838 110536 144 563
397839 110536 144 1450
397840 110537 144 1450
397841 110538 144 563
397842 110539 144 2358
397843 110539 144 80
397844 110539 144 1450
397845 19127 144 1174
397846 19127 144 2964
397847 19127 144 4551
397848 110540 144 4234
397849 110541 144 20494
397850 110542 144 328
397851 110542 144 287
397853 110544 144 507
397854 110544 144 1000
397855 110545 144 1303
397856 110545 144 1932
397857 110545 144 5331
397858 110546 144 1491
397859 110546 144 27129
397860 110546 144 27169
397861 110546 144 64
397862 110546 144 1049
397863 110546 144 6384
397864 110546 144 27170
397865 110546 144 11
397866 110546 144 325
397868 110548 144 9974
397869 110549 144 3357
397871 110551 144 1491
397872 110551 144 4177
397873 110551 144 27171
397874 110551 144 11
397875 110551 144 285
397876 110551 144 4101
397877 110551 144 12
397878 110551 144 4148
397879 110552 144 1898
397880 110552 144 5563
397881 110552 144 27159
397883 110554 144 1491
397884 110554 144 678
397885 110554 144 6780
397886 110554 144 369
397887 110554 144 11
397888 110554 144 618
397889 110554 144 1530
397890 110554 144 1528
397891 110554 144 18102
397897 110558 144 72
397899 110561 144 1171
397900 110562 144 27173
397902 110564 144 15239
397903 110564 144 4767
397905 4571 144 181
397909 110566 144 1491
397910 110566 144 27165
397911 88950 144 4100
397912 110567 144 3439
397913 110567 144 26427
397914 110568 144 1491
397915 110568 144 24
397916 110568 144 536
397917 110568 144 4984
397918 110568 144 503
397919 110568 144 2450
397920 110568 144 1728
397921 110568 144 3704
397922 35586 144 1175
397924 110570 144 1491
397925 110571 144 27174
397926 110571 144 3760
397927 110571 144 27175
397928 110572 144 8489
397929 110573 144 1491
397930 110573 144 678
397931 110573 144 2602
397932 110573 144 3
397933 110573 144 79
397934 110573 144 285
397935 110573 144 2908
397936 110573 144 877
397937 110574 144 1106
397938 110575 144 3722
397939 110575 144 27176
397940 110576 144 4415
397941 110576 144 2637
397942 110577 144 3722
397943 110577 144 5914
397944 99179 144 27172
397945 110578 144 285
397946 110579 144 1491
397947 110579 144 7326
397948 110579 144 28
397949 110579 144 8334
397950 110579 144 120
397951 110579 144 4127
397952 110579 144 16364
397953 110580 144 27177
397964 110583 144 27159
397966 110585 144 4106
397967 110585 144 519
397968 110585 144 700
397970 110587 144 2215
397971 110588 144 1491
397973 54970 144 3240
397974 110590 144 10457
397975 110591 144 1491
397976 110591 144 678
397977 110591 144 4334
397978 110591 144 2486
397979 110591 144 469
397980 110591 144 286
397981 110591 144 1937
397982 110591 144 292
397983 110591 144 7122
397986 110593 144 29
397987 110593 144 27180
398007 110597 144 27140
398008 110598 144 4958
398009 110598 144 4106
398010 110599 144 27182
398011 110600 144 1491
398012 110601 144 27183
398016 110604 144 20858
398017 110604 144 3794
398018 110605 144 2215
398019 110606 144 27184
398020 110607 144 1491
398021 110607 144 4308
398022 110607 144 340
398023 110607 144 138
398024 110607 144 4273
398025 110607 144 125
398026 110607 144 635
398027 110608 144 8474
398028 110608 144 19202
398029 110609 144 8474
398030 110610 144 27128
398034 110613 144 4053
398035 110614 144 4053
398036 110615 144 1491
398037 110615 144 678
398038 110615 144 3666
398039 110615 144 11
398040 110615 144 104
398041 110615 144 72
398042 110615 144 98
398043 110615 144 1335
398044 110615 144 7639
398045 110616 144 27186
398046 110616 144 27187
398050 110618 144 4563
398051 110618 144 254
398052 110618 144 3358
398053 110618 144 27188
398054 110619 144 5362
398059 11326 144 27189
398060 110621 144 27190
398062 110623 144 15693
398063 110624 144 285
398065 110626 144 17514
398066 110626 144 16382
398067 110626 144 27192
398068 110627 144 1491
398069 110627 144 4273
398070 110627 144 4308
398071 110627 144 3
398074 110629 144 27193
398076 1159 144 6161
398077 110630 144 1491
398078 110630 144 1133
398079 110630 144 11
398080 110630 144 5145
398081 110630 144 1747
398082 110630 144 1728
398083 110630 144 80
398084 110630 144 18279
398085 110631 144 4082
398086 110632 144 12747
398087 110633 144 2464
398088 110633 144 27194
398089 110634 144 25963
398090 110634 144 846
398091 110634 144 3290
398092 110635 144 3290
398093 110635 144 846
398094 110636 144 27189
398095 110637 144 2138
398096 110638 144 13472
398097 110638 144 4367
398098 110638 144 16220
398099 110639 144 2464
398100 110641 144 846
398101 110641 144 3290
398102 31910 144 27195
398103 31910 144 2949
398104 31910 144 367
398105 110642 144 1491
398106 110642 144 11
398107 110642 144 81
398108 110642 144 1058
398109 110642 144 5346
398110 110642 144 1861
398111 110642 144 1868
398112 110642 144 1106
398113 110643 144 12747
398114 62850 144 3357
398115 461 144 239
398117 110645 144 1491
398118 110645 144 340
398119 110645 144 144
398120 110646 144 11
398121 110647 144 1491
398122 110647 144 2520
398123 110647 144 6030
398124 110647 144 1611
398125 110647 144 941
398126 110647 144 982
398127 110648 144 1491
398128 110648 144 5922
398129 110648 144 6618
398130 110648 144 5984
398131 69582 144 365
398132 69582 144 1707
398133 110649 144 4040
398136 110651 144 2230
398137 110652 144 27179
398138 4976 144 1491
398139 4976 144 11
398140 4976 144 52
398141 4976 144 72
398142 4976 144 1106
398143 4976 144 1058
398144 4976 144 90
398145 110653 144 5820
398146 110653 144 6323
398150 110656 144 4061
398151 110657 144 4246
398152 110658 144 27196
398153 110660 144 1174
398154 110660 144 2964
398155 110660 144 1175
398156 110660 144 996
398158 110661 144 1034
398159 110661 144 27197
398160 110662 144 17856
398161 110662 144 27198
398162 110663 144 4240
398163 110663 144 3151
398164 110663 144 27199
398165 110663 144 27189
398166 110663 144 11522
398167 110664 144 1172
398168 110664 144 369
398169 110664 144 338
398170 110664 144 1039
398171 110665 144 27200
398172 110666 144 27201
398173 110666 144 1034
398174 110666 144 4065
398175 110667 144 1284
398176 110667 144 27202
398177 110667 144 27203
398178 110668 144 27204
398179 110669 144 289
398180 110670 144 4551
398181 110670 144 27205
398182 110671 144 8409
398183 110672 144 4100
398184 110673 144 1197
398185 110673 144 871
398186 110674 144 27203
398187 110674 144 27202
398188 110675 144 27206
398189 110675 144 731
398190 110676 144 18045
398191 110676 144 27203
398192 110677 144 4256
398193 110677 144 780
398194 110678 144 1034
398195 110678 144 13907
398196 110679 144 2276
398197 110679 144 27207
398198 110680 144 27208
398199 110681 144 27209
398200 110681 144 15518
398201 110682 144 27210
398202 110682 144 27211
398203 110682 144 4256
398204 110683 144 27212
398205 110683 144 10119
398206 110683 144 3814
398207 110684 144 1034
398208 110684 144 13907
398209 110684 144 26288
398210 110685 144 15518
398211 110685 144 27213
398212 110686 144 27202
398213 110686 144 27203
398214 110686 144 4251
398215 110686 144 1702
398216 110687 144 22513
398217 110688 144 4329
398218 110688 144 846
398219 110689 144 4053
398220 15581 144 27165
398221 110690 144 287
398222 110691 144 287
398223 110692 144 287
398224 110693 144 287
398225 110693 144 8640
398226 110693 144 4067
398227 110694 144 287
398228 110695 144 8640
398229 110695 144 4067
398230 54980 144 27214
398254 110701 144 1354
398255 110701 144 26646
398256 110701 144 2742
398257 110701 144 4260
398266 52868 144 1491
398267 52868 144 678
398268 52868 144 104
398269 52868 144 285
398270 52868 144 635
398271 52868 144 139
398272 52868 144 829
398273 52868 144 77
398274 52868 144 748
398281 110708 144 24418
398282 110708 144 27217
398283 110709 144 276
398284 110709 144 4188
398285 110710 144 286
398286 110711 144 286
398291 110714 144 953
398294 110716 144 11253
398295 1229 144 27218
398296 110717 144 3574
398297 110718 144 1491
398298 110718 144 27141
398299 110718 144 1808
398300 110718 144 1257
398301 110718 144 20177
398302 110718 144 369
398303 110718 144 637
398304 110718 144 2587
398305 110718 144 638
398308 110720 144 4271
398309 110721 144 1491
398310 110721 144 27129
398311 90828 144 30
398312 90828 144 4263
398315 23408 144 1491
398316 23408 144 941
398317 23408 144 138
398318 23408 144 6
398319 23408 144 1937
398320 23408 144 1939
398321 23408 144 1897
398322 23408 144 302
398325 110724 144 6515
398327 110726 144 10762
398328 5266 144 181
398329 13215 144 5670
398330 110727 144 4661
398331 110727 144 27221
398333 110729 144 1491
398334 110729 144 27162
398335 110729 144 779
398336 110729 144 27222
398337 110730 144 27223
398338 110731 144 15518
398339 110732 144 1491
398340 110732 144 28
398341 110733 144 1491
398342 110733 144 21
398343 110733 144 4661
398348 110735 144 4823
398349 110735 144 5563
398350 110735 144 27159
398356 110737 144 14617
398357 110738 144 35
398358 110738 144 785
398359 110739 144 4106
398360 110740 144 1491
398361 110740 144 678
398363 110742 144 1491
398364 110742 144 678
398365 110742 144 285
398366 110742 144 1184
398367 110742 144 7122
398368 110742 144 3
398369 110742 144 23834
398370 110742 144 1230
398371 110742 144 138
398373 110743 144 1491
398374 110743 144 27162
398375 110743 144 27224
398376 110744 144 9974
398377 110745 144 1491
398378 110745 144 678
398379 110745 144 28
398380 20442 144 16220
398389 110747 144 27225
398390 110748 144 1174
398391 110748 144 2964
398392 110748 144 4551
398402 110753 144 1491
398403 110753 144 27162
398404 31989 144 1491
398405 31989 144 27162
398406 31989 144 779
398407 31989 144 28
398408 31989 144 11
398409 31989 144 1393
398410 31989 144 1058
398411 31989 144 139
398412 31989 144 77
398416 110755 144 20494
398417 110756 144 27159
398419 110758 144 27228
398420 110758 144 27229
398426 110762 144 5387
398427 110763 144 1450
398428 110763 144 365
398430 35947 144 27230
398431 35947 144 563
398432 35947 144 318
398433 89044 144 15
398434 110765 144 14058
398435 110765 144 941
398436 110766 144 316
398437 110766 144 27231
398438 110766 144 27189
398439 110767 144 1491
398440 50063 144 27232
398441 50063 144 10426
398446 110770 144 1404
398447 110770 144 21842
398448 110771 144 9974
398453 110774 144 4322
398454 110774 144 4044
398455 110775 144 1347
398456 110776 144 4061
398459 103968 144 1491
398460 103968 144 3693
398461 103968 144 2276
398462 103968 144 2186
398463 103968 144 27233
398464 103968 144 24
398465 103968 144 1808
398466 103968 144 1123
398470 110781 144 27140
398471 110782 144 1896
398472 110782 144 8448
398473 110782 144 557
398474 110782 144 28
398475 110783 144 528
398476 110783 144 668
398477 13616 144 4062
398478 110784 144 27234
398479 110785 144 1491
398480 110785 144 678
398481 110785 144 11095
398482 110785 144 98
398483 110785 144 11
398484 110785 144 90
398485 110785 144 104
398486 110785 144 1679
398487 110785 144 369
398490 110787 144 1491
398491 110787 144 678
398492 110787 144 7639
398493 110787 144 98
398494 110787 144 90
398495 110787 144 104
398496 110787 144 369
398497 110787 144 11
398498 110787 144 1679
398499 13671 144 1491
398500 13671 144 678
398501 13671 144 359
398502 13671 144 1943
398503 13671 144 221
398504 13671 144 3203
398505 13671 144 1128
398506 13671 144 503
398507 110788 144 27235
398508 110789 144 1932
398509 110789 144 1049
398512 110791 144 1491
398513 110791 144 27141
398516 110793 144 1491
398517 110793 144 27141
398521 110795 144 27164
398522 20812 144 1897
398523 20812 144 816
398524 110796 144 29
398525 110796 144 27136
398527 110798 144 27138
398528 110799 144 27237
398529 110801 144 3811
398538 110804 144 978
398539 5747 144 996
398540 110805 144 1868
398546 3004 144 286
398547 110809 144 27137
398548 110810 144 27172
398549 5798 144 980
398550 5798 144 3098
398551 5798 144 507
398552 110811 144 27140
398553 110812 144 27157
398554 110813 144 27128
398555 110814 144 8570
398556 110815 144 1191
398567 110818 144 4563
398568 110819 144 4767
398572 110822 144 4053
398575 110823 144 4061
398577 110824 144 1491
398578 110824 144 90
398579 110824 144 941
398580 110824 144 1184
398581 110824 144 27241
398582 5987 144 29
398583 110825 144 20
398584 110826 144 4053
398585 110827 144 27242
398587 38173 144 869
398596 52 144 16220
398597 6007 144 781
398603 110833 144 1491
398604 110833 144 26002
398605 110833 144 26243
398606 110833 144 369
398607 110833 144 20395
398608 110834 144 1491
398609 110834 144 678
398610 110834 144 11
398611 110834 144 819
398612 110834 144 27243
398613 110834 144 469
398614 110834 144 4042
398615 110834 144 939
398616 110834 144 791
398617 110835 144 26288
398619 67315 144 286
398620 110837 144 12747
398624 65153 144 1491
398625 65153 144 340
398626 65153 144 4308
398627 65153 144 369
398628 65153 144 138
398629 65153 144 4234
398630 65153 144 72
398634 89094 144 3239
398635 110842 144 2139
398636 110843 144 2139
398637 110844 144 10762
398647 110847 144 27140
398648 55362 144 365
398658 110850 144 1996
398659 110851 144 1996
398664 23724 144 1230
398665 23724 144 7122
398666 110853 144 10856
398677 110856 144 10762
398682 110859 144 27151
398689 110863 144 3355
398694 21333 144 3666
398695 21333 144 276
398696 110865 144 276
398697 110865 144 8797
398698 32088 144 1491
398699 32088 144 27141
398700 32088 144 28
398701 32088 144 276
398702 32088 144 75
398703 32088 144 27169
398704 32088 144 27248
398705 32088 144 11
398706 32088 144 1058
398707 110866 144 27128
398708 110867 144 3704
398709 110869 144 1491
398710 110869 144 678
398711 110869 144 28
398712 110869 144 4595
398713 110869 144 77
398714 110869 144 27249
398715 110869 144 4127
398716 110869 144 1154
398717 110869 144 11
398718 110870 144 1491
398719 110870 144 678
398720 110870 144 4595
398721 110870 144 606
398722 110870 144 1049
398723 110870 144 1154
398724 110870 144 2230
398726 110872 144 18298
398727 110873 144 27250
398735 110878 144 181
398736 110879 144 973
398737 110880 144 29
398738 110880 144 5734
398739 110881 144 2215
398740 110881 144 27159
398742 110883 144 1122
398743 110884 144 4431
398744 110884 144 13237
398745 110885 144 27219
398746 110885 144 16117
398748 110887 144 1605
398749 110887 144 27140
398750 110888 144 27254
398751 110889 144 27128
398752 110889 144 27255
398753 110890 144 1491
398754 110890 144 678
398755 110890 144 1679
398756 110890 144 1335
398757 110890 144 98
398758 110890 144 104
398759 110890 144 11
398760 110890 144 819
398761 110890 144 285
398763 110892 144 2907
398764 110893 144 1034
398766 110895 144 27257
398767 110896 144 10028
398768 110896 144 1354
398776 110898 144 27134
398779 110901 144 4563
398792 110905 144 27259
398793 110906 144 2442
398794 110906 144 1373
398795 110906 144 27260
398796 110907 144 1049
398798 110909 144 1932
398799 110909 144 4373
398800 110909 144 27261
398801 110909 144 6948
398808 110915 144 4963
398809 110915 144 15693
398815 110917 144 2657
398816 110918 144 1491
398817 110919 144 11253
398818 110919 144 27264
398819 110919 144 2161
398820 110920 144 27265
398821 110921 144 27266
398822 110921 144 3722
398823 110922 144 1491
398824 110922 144 678
398825 110922 144 28
398826 110922 144 2138
398827 110922 144 1172
398828 110922 144 6720
398829 110922 144 2892
398830 110922 144 4329
398831 110923 144 9557
398832 110924 144 81
398833 110924 144 3357
398834 110925 144 10457
398835 110926 144 27267
398836 110927 144 27172
398839 110929 144 1125
398840 110929 144 27268
398843 110931 144 1491
398844 110931 144 678
398845 110931 144 4173
398846 110931 144 829
398847 110931 144 27269
398848 110931 144 8769
398849 110931 144 104
398850 110931 144 11
398851 110931 144 748
398852 110932 144 1172
398853 110932 144 4234
398854 110932 144 15348
398858 110935 144 27138
398859 110936 144 367
398860 110937 144 1123
398861 110937 144 365
398864 95997 144 638
398865 110939 144 27270
398866 110939 144 1122
398867 110939 144 846
398869 110941 144 1491
398870 110941 144 678
398871 110941 144 104
398872 110941 144 829
398873 110941 144 2404
398874 110941 144 369
398875 110941 144 638
398878 110944 144 1491
398879 110945 144 29
398880 110945 144 6592
398882 110947 144 4446
398883 110948 144 1491
398884 110948 144 678
398885 110948 144 7639
398886 110948 144 104
398887 110948 144 98
398888 110948 144 72
398889 110948 144 1679
398890 110948 144 11
398891 110948 144 638
398895 110951 144 1491
398896 110951 144 27162
398897 110951 144 28
398898 110951 144 1730
398899 110951 144 27272
398900 110951 144 27224
398901 110951 144 9825
398902 110951 144 77
398903 110951 144 278
398904 110952 144 5362
398905 110953 144 1174
398906 110953 144 2964
398907 110953 144 4551
398911 2188 144 912
398917 110960 144 27274
398923 110963 144 1122
398925 110965 144 27275
398926 110966 144 4028
398927 110967 144 27179
398928 110968 144 873
398929 110969 144 4271
398933 110973 144 469
398934 110973 144 643
398938 110975 144 15518
398939 110975 144 27277
398940 110975 144 1932
398944 110977 144 4053
398946 110979 144 286
398947 110980 144 16678
398948 110981 144 4713
398949 110982 144 27278
398950 110983 144 5246
398951 110984 144 4713
398952 110984 144 1933
398953 110984 144 4373
398954 110985 144 1049
398955 110985 144 5246
398956 110986 144 4713
398957 110987 144 1932
398958 110987 144 4713
398959 110987 144 27279
398960 110988 144 4713
398979 110994 144 10109
398980 110994 144 8799
398981 110995 144 1807
398982 110996 144 3437
398983 110996 144 1125
398984 110997 144 2150
398985 110997 144 5927
398986 110998 144 27282
398987 21629 144 3505
398988 21629 144 941
398989 21629 144 1141
398990 21629 144 1937
398991 110999 144 27283
398992 111000 144 27284
398993 111000 144 15518
398994 111001 144 27203
398995 111002 144 27285
398996 111002 144 35
398997 111003 144 27282
398998 111004 144 6374
398999 111005 144 24128
399000 111006 144 27286
399001 111007 144 287
399002 111008 144 27287
399003 111009 144 1491
399004 111009 144 2723
399005 111009 144 21022
399006 111009 144 27288
399007 111009 144 27289
399008 111010 144 1491
399009 111010 144 678
399010 111010 144 28
399011 111010 144 44
399012 111010 144 75
399013 111010 144 11
399014 111010 144 27290
399015 111010 144 1058
399016 111011 144 27291
399018 111013 144 4053
399019 111014 144 27292
399022 111017 144 5914
399035 105469 144 1491
399036 105469 144 678
399037 105469 144 2152
399038 105469 144 503
399039 105469 144 4
399040 105469 144 1728
399041 105469 144 1808
399042 105469 144 16652
399043 105469 144 369
399044 111020 144 27275
399045 111020 144 12119
399046 111021 144 1491
399047 111021 144 678
399056 111022 144 11
399057 111022 144 28
399058 111022 144 3722
399059 111022 144 12958
399060 111023 144 10762
399062 111025 144 27140
399063 111026 144 1491
399064 111026 144 678
399065 111026 144 28
399066 111026 144 7868
399067 111026 144 44
399068 111026 144 6039
399069 111026 144 11
399070 111026 144 14121
399071 111026 144 7927
399073 111028 144 1491
399074 111028 144 27141
399075 111028 144 28
399076 111028 144 374
399077 111028 144 9728
399078 111028 144 12
399079 111028 144 27294
399080 111028 144 11
399081 111028 144 1058
399082 111029 144 1491
399083 111029 144 28
399084 111029 144 27295
399085 111029 144 11
399086 111029 144 27296
399087 111029 144 269
399088 111029 144 2625
399093 111032 144 5387
399094 111033 144 1491
399095 111033 144 27162
399096 111034 144 27140
399097 111034 144 28
399098 111034 144 285
399099 111035 144 27298
399100 111035 144 27299
399101 111035 144 5503
399102 111035 144 27300
399106 111039 144 27139
399107 111040 144 27140
399108 111041 144 8286
399109 111042 144 27302
399110 111043 144 1491
399111 111043 144 27141
399112 111043 144 27303
399113 111043 144 325
399114 111043 144 27304
399115 111043 144 11
399116 111043 144 27169
399117 111043 144 28
399118 111043 144 64
399119 111044 144 1491
399120 111044 144 678
399121 111044 144 5146
399122 111044 144 188
399123 111045 144 1491
399124 111045 144 6833
399125 111046 144 27305
399126 111047 144 16418
399127 111048 144 16418
399128 111048 144 27306
399130 111050 144 27179
399131 111051 144 20494
399132 111051 144 27307
399135 111053 144 20083
399136 111054 144 2342
399137 57178 144 259
399146 111057 144 27159
399147 50431 144 1491
399148 50431 144 27165
399149 50431 144 303
399150 50431 144 70
399151 50431 144 3594
399152 50431 144 44
399153 50431 144 618
399154 50431 144 304
399155 50431 144 285
399156 32201 144 1491
399157 32201 144 678
399158 32201 144 11
399159 32201 144 125
399160 32201 144 757
399161 32201 144 819
399162 32201 144 791
399163 111058 144 1049
399169 111062 144 1106
399170 111063 144 1491
399171 111063 144 52
399172 111063 144 873
399173 111063 144 11
399174 111063 144 4727
399175 111063 144 8014
399176 111063 144 125
399177 111064 144 5808
399178 111065 144 27310
399179 111065 144 2156
399180 111066 144 1491
399181 111066 144 939
399182 111066 144 11
399183 111066 144 90
399184 111066 144 80
399185 111066 144 638
399186 111066 144 72
399187 111067 144 27200
399195 111069 144 2215
399204 111072 144 287
399205 32212 144 27189
399206 32212 144 1392
399207 7099 144 5
399208 111073 144 1932
399209 111073 144 5331
399210 79907 144 27200
399211 79907 144 16220
399214 111075 144 27271
399215 111076 144 27159
399216 111077 144 27159
399217 16425 144 3239
399218 16425 144 26047
399233 111080 144 27312
399249 111083 144 2371
399251 111085 144 27140
399254 94805 144 27140
399255 111087 144 9974
399256 111088 144 1491
399257 111088 144 678
399258 111088 144 11
399259 111088 144 27195
399260 111088 144 1058
399261 111088 144 334
399262 111088 144 139
399263 111088 144 3659
399264 111088 144 1747
399265 111089 144 1491
399266 111089 144 678
399267 111089 144 276
399268 111089 144 919
399269 111089 144 4028
399270 111089 144 616
399271 111089 144 4820
399272 111089 144 4965
399273 111089 144 302
399276 111091 144 289
399278 111093 144 27314
399279 111093 144 27315
399280 16465 144 316
399281 111094 144 365
399282 111094 144 1707
399283 24117 144 264
399284 24117 144 1406
399286 111096 144 27186
399287 111096 144 15235
399288 111096 144 4551
399289 111097 144 15518
399296 111101 144 3240
399297 111101 144 4323
399298 111102 144 27317
399299 111102 144 4188
399300 111102 144 5989
399301 50533 144 781
399304 111104 144 799
399305 111105 144 1172
399306 111105 144 4234
399307 111105 144 15348
399308 111106 144 27318
399327 111119 144 27159
399328 79963 144 286
399329 79963 144 138
399330 79963 144 698
399331 79963 144 28
399332 111120 144 1491
399333 111121 144 971
399335 111123 144 365
399336 111123 144 20454
399337 111123 144 80
399338 111123 144 72
399339 111123 144 6911
399343 55773 144 181
399344 111125 144 27140
399346 111127 144 27140
399347 111128 144 12747
399349 111130 144 1491
399350 111130 144 27327
399351 111130 144 27328
399352 111130 144 27329
399353 111131 144 27128
399355 111133 144 27128
399364 111135 144 1344
399365 111135 144 2332
399366 111135 144 2599
399367 111136 144 1868
399368 111137 144 1491
399369 111137 144 11
399370 111137 144 52
399371 111137 144 507
399372 111137 144 5126
399373 111137 144 90
399374 111137 144 27331
399375 111138 144 967
399376 111138 144 40
399377 111139 144 4106
399378 111140 144 27332
399381 111141 144 3582
399382 111142 144 5059
399383 111142 144 1313
399384 111142 144 27333
399385 111143 144 583
399386 111143 144 361
399387 111143 144 25235
399388 111143 144 352
399389 111144 144 19996
399390 111145 144 27163
399391 111146 144 26234
399392 111146 144 563
399393 111147 144 4563
399400 78782 144 1762
399401 78782 144 16382
399402 111152 144 104
399403 111152 144 1303
399404 111152 144 1021
399407 111154 144 27128
399408 83706 144 4053
399418 111156 144 1491
399431 111162 144 15348
399437 111166 144 27128
399438 111167 144 27338
399439 111167 144 380
399440 111168 144 24794
399443 111170 144 27265
399446 111173 144 527
399447 111173 144 6181
399448 96296 144 563
399449 96296 144 27339
399453 111176 144 996
399454 111177 144 2358
399455 111177 144 80
399456 111177 144 1450
399460 111180 144 5362
399462 111182 144 27180
399463 111183 144 27180
399464 111184 144 27180
399468 111187 144 5820
399469 111187 144 27340
399470 111188 144 316
399471 111189 144 2543
399472 111190 144 40
399473 1681 144 1491
399474 1681 144 877
399475 1681 144 1230
399476 1681 144 1021
399477 1681 144 44
399478 1681 144 285
399479 1681 144 709
399480 1681 144 1613
399481 39709 144 10382
399482 39709 144 6129
399483 78121 144 27341
399484 78121 144 1169
399487 111192 144 668
399488 111193 144 1491
399489 111193 144 27162
399490 85845 144 27136
399491 85845 144 29
399492 111194 144 27218
399496 111196 144 9382
399497 111196 144 2642
399498 111196 144 1354
399499 111196 144 4061
399500 111197 144 1491
399501 111197 144 27129
399502 111197 144 11
399503 111197 144 138
399504 111197 144 1049
399505 111197 144 64
399506 111197 144 27342
399507 111197 144 1106
399508 111197 144 451
399518 111199 144 1491
399521 111202 144 80
399526 111205 144 4767
399527 111206 144 1491
399541 111210 144 1125
399542 111210 144 3582
399543 111210 144 982
399546 111212 144 1491
399547 100361 144 27203
399548 100361 144 139
399549 111213 144 15
399550 111214 144 8820
399551 111215 144 27343
399552 111216 144 4
399553 111216 144 24
399560 111219 144 27346
399570 111221 144 27136
399571 111221 144 29
399572 50734 144 1491
399573 50734 144 287
399574 50734 144 825
399575 50734 144 46
399576 50734 144 138
399577 50734 144 12320
399578 50734 144 328
399579 50734 144 2661
399580 111222 144 6515
399584 111225 144 1491
399585 111226 144 908
399586 111226 144 286
399589 44323 144 1939
399592 111229 144 27347
399593 111230 144 27138
399595 111232 144 1491
399596 111232 144 678
399597 111232 144 27348
399598 111232 144 24090
399599 111232 144 27349
399600 111232 144 5073
399601 111232 144 139
399602 111232 144 4343
399603 111232 144 3
399620 35177 144 27151
399622 111241 144 10939
399623 111242 144 1491
399624 111242 144 678
399625 111242 144 798
399626 111242 144 138
399627 111242 144 17900
399628 111242 144 90
399629 111242 144 2486
399630 111242 144 1173
399631 111242 144 638
399632 111243 144 5914
399633 111243 144 1727
399635 111245 144 27351
399638 1734 144 286
399639 1734 144 11
399640 1734 144 28
399641 1734 144 698
399642 111247 144 1491
399643 111248 144 1491
399644 111248 144 4308
399645 111248 144 340
399646 111248 144 138
399647 111248 144 4234
399648 111248 144 369
399649 111248 144 254
399650 111249 144 1491
399651 111249 144 4308
399652 111249 144 4273
399653 111249 144 340
399654 111249 144 138
399655 111249 144 4746
399656 111249 144 369
399660 111251 144 2936
399661 111251 144 187
399662 111251 144 1257
399663 111251 144 254
399664 111251 144 583
399665 111252 144 1034
399666 111252 144 4381
399667 111252 144 27197
399668 111253 144 1491
399669 111253 144 678
399670 111253 144 8333
399671 111253 144 4432
399672 111253 144 7326
399673 111253 144 27352
399674 111253 144 77
399675 111253 144 4127
399686 32392 144 971
399687 32392 144 11
399688 32392 144 2590
399690 111258 144 1172
399692 111259 144 1491
399693 111259 144 2520
399694 111259 144 1560
399695 111259 144 4256
399696 111260 144 20494
399698 111262 144 27138
399702 105717 144 1679
399703 111265 144 1450
399705 111269 144 27157
399708 111272 144 27180
399709 89383 144 8988
399711 111274 144 5503
399713 111276 144 1491
399714 111276 144 27354
399715 111277 144 2407
399716 111277 144 11551
399718 111279 144 27355
399719 111279 144 25907
399720 111279 144 4088
399721 111280 144 239
399724 111282 144 8267
399725 111282 144 1937
399726 111283 144 3722
399727 111284 144 40
399728 111284 144 967
399731 111286 144 27357
399732 111286 144 20373
399734 111288 144 4053
399735 111289 144 27140
399736 111290 144 24
399737 111291 144 1491
399738 111291 144 678
399739 111291 144 15
399746 111294 144 3704
399747 111295 144 27358
399748 111295 144 11
399749 111296 144 1807
399750 111297 144 27136
399751 111297 144 29
399752 111298 144 1491
399753 111298 144 678
399754 111298 144 819
399755 111298 144 27303
399756 111298 144 1344
399757 111299 144 1174
399767 108200 144 27167
399768 108200 144 8918
399769 39808 144 1491
399770 39808 144 4308
399771 39808 144 340
399772 39808 144 138
399773 39808 144 369
399774 39808 144 90
399775 39808 144 638
399776 111303 144 19347
399777 111304 144 1450
399778 111305 144 1491
399779 111305 144 678
399780 111305 144 27303
399781 111305 144 11
399782 111305 144 80
399783 111305 144 28
399784 111305 144 819
399785 111305 144 7271
399787 111307 144 20494
399788 111307 144 27307
399797 111309 144 4053
399798 9875 144 4053
399799 111310 144 20083
399800 111311 144 4
399801 111311 144 72
399804 32494 144 4767
399805 111312 144 2138
399806 111313 144 3290
399807 111313 144 846
399808 111314 144 318
399809 111314 144 4661
399814 111317 144 1491
399815 111317 144 27141
399816 111318 144 29
399817 111319 144 10327
399818 111319 144 1679
399819 111319 144 98
399820 111320 144 1491
399821 111320 144 27129
399822 111320 144 11
399823 111320 144 4113
399824 111320 144 64
399825 111320 144 1058
399826 111320 144 139
399827 111320 144 583
399828 111320 144 1106
399829 111321 144 15518
399830 111322 144 5346
399831 79370 144 27359
399832 111323 144 798
399833 111323 144 27360
399834 111323 144 7327
399835 111324 144 8474
399836 111324 144 19202
399837 111325 144 1128
399838 111326 144 188
399839 111327 144 939
399840 111327 144 11
399841 111328 144 5914
399842 111328 144 2624
399844 111330 144 1491
399845 111331 144 27361
399846 111331 144 27362
399847 111331 144 27234
399850 111333 144 668
399851 111334 144 1491
399852 111334 144 27162
399853 111334 144 108
399854 111334 144 70
399855 111334 144 27363
399856 111334 144 46
399857 111334 144 27364
399858 111334 144 138
399859 111335 144 8474
399860 111335 144 19202
399864 111339 144 11474
399865 80155 144 1191
399866 80155 144 27367
399867 80155 144 27238
399871 111343 144 254
399872 111343 144 5947
399873 111344 144 10327
399877 111347 144 1807
399878 64075 144 816
399879 64075 144 1897
399881 111348 144 1491
399882 111348 144 939
399883 111348 144 11
399884 111348 144 90
399885 111348 144 819
399886 111348 144 139
399887 111348 144 72
399891 111350 144 27234
399892 111351 144 27362
399893 111352 144 126
399894 111352 144 27368
399897 111354 144 27164
399898 111355 144 2647
399899 111355 144 25727
399900 111356 144 1491
399901 111356 144 678
399902 111356 144 142
399903 111356 144 1781
399904 111356 144 28
399905 111356 144 1058
399906 111356 144 23887
399907 111356 144 1139
399908 111357 144 27370
399909 111358 144 27370
399917 111361 144 1491
399918 111361 144 678
399932 111365 144 187
399933 111366 144 1303
399934 111366 144 1932
399935 111366 144 5331
399936 111367 144 1491
399937 111367 144 678
399938 111367 144 11
399939 111367 144 1344
399940 111367 144 16566
399941 111367 144 7881
399942 111367 144 643
399943 111367 144 2589
399946 111369 144 1491
399947 111369 144 27129
399948 111369 144 64
399949 111369 144 11
399950 111369 144 6129
399951 111369 144 138
399952 111369 144 2587
399953 111369 144 1058
399954 111370 144 1491
399955 111370 144 678
399956 111371 144 27218
399957 111371 144 12297
399966 111380 144 1491
399967 111380 144 678
399968 111380 144 859
399969 111380 144 72
399970 111380 144 104
399971 111380 144 894
399972 111380 144 3666
399973 111380 144 2373
399974 111380 144 638
399977 111382 144 27378
399978 111382 144 27379
399979 111382 144 27380
399980 111382 144 27381
399984 111386 144 76
399986 111388 144 1491
399987 111388 144 27129
399988 111389 144 1491
399989 111389 144 27129
399990 111389 144 1739
399991 111389 144 1058
399992 111389 144 1049
399993 111389 144 11
399994 111389 144 12
399995 111390 144 27383
399996 111390 144 7635
399998 111392 144 27139
399999 111393 144 1491
400000 111393 144 678
400001 111394 144 668
400002 111394 144 128
400003 111394 144 5827
400004 111395 144 3910
400005 111396 144 10939
400006 111397 144 1491
400007 111397 144 678
400008 111398 144 1491
400009 111398 144 678
400010 111399 144 3357
400011 111399 144 40
400012 111400 144 1169
400022 111403 144 29
400023 111403 144 2215
400024 111403 144 4744
400025 111404 144 9974
400026 111406 144 276
400027 111407 144 1491
400028 111407 144 678
400029 111407 144 1154
400030 111407 144 27385
400031 111407 144 27386
400032 111407 144 1058
400033 111407 144 28
400034 111407 144 11
400035 111407 144 2138
400036 111408 144 285
400037 111408 144 700
400038 111408 144 4263
400039 111409 144 1491
400040 111409 144 678
400041 111410 144 1704
400042 111411 144 27151
400043 111412 144 1491
400044 111412 144 3
400045 111412 144 6293
400046 111412 144 2637
400047 111412 144 4502
400048 111412 144 225
400056 111414 144 1491
400057 111414 144 678
400058 111414 144 3334
400059 111414 144 187
400060 111414 144 369
400061 111415 144 27387
400062 111415 144 27388
400063 111416 144 1491
400064 111416 144 21
400065 111416 144 2236
400066 111416 144 2647
400067 111416 144 20461
400068 111416 144 3634
400069 111416 144 1714
400070 111416 144 725
400071 111417 144 22513
400072 111417 144 187
400073 111417 144 1746
400074 111417 144 11248
400075 111418 144 287
400076 111418 144 27389
400077 75840 144 799
400079 111419 144 27390
400082 111421 144 1491
400083 111421 144 678
400084 111421 144 798
400085 111421 144 11
400086 111421 144 4140
400087 111421 144 90
400088 111421 144 138
400089 111421 144 638
400090 111421 144 1347
400091 111422 144 1491
400092 111422 144 678
400093 111422 144 798
400094 111422 144 64
400095 111422 144 11
400096 111422 144 138
400097 111422 144 4140
400098 111422 144 72
400099 111422 144 1058
400105 111425 144 4061
400106 111426 144 11746
400107 111426 144 795
400110 111429 144 1727
400111 111430 144 104
400112 111430 144 27392
400115 111432 144 27167
400116 111433 144 3203
400117 111434 144 27186
400118 111434 144 27377
400119 111435 144 1491
400120 111435 144 678
400121 111435 144 28
400122 111435 144 27393
400123 111435 144 1424
400124 111435 144 1056
400125 111435 144 11
400126 111435 144 27394
400128 111437 144 1722
400129 111437 144 4174
400131 111441 144 27395
400132 111442 144 27396
400133 111443 144 1491
400134 111443 144 2364
400135 111443 144 1565
400136 111443 144 2657
400137 111443 144 27397
400138 111443 144 6
400139 111444 144 27271
400140 111445 144 287
400141 111446 144 1491
400142 111446 144 678
400143 111446 144 3527
400144 111446 144 24
400145 111446 144 11209
400146 111446 144 27398
400147 111446 144 27399
400148 111446 144 1406
400150 111448 144 4563
400151 111449 144 4746
400153 17401 144 1491
400154 17401 144 678
400155 17401 144 643
400156 17401 144 139
400157 17401 144 6453
400158 17401 144 11
400159 17401 144 77
400160 17401 144 873
400161 17401 144 285
400167 111452 144 1491
400168 111452 144 11
400169 111452 144 139
400170 111452 144 4185
400171 111452 144 15062
400172 111453 144 1491
400173 111453 144 6780
400174 111453 144 4663
400175 111453 144 6779
400176 111453 144 285
400177 111453 144 1138
400178 111453 144 1133
400179 111453 144 894
400180 111454 144 27140
400181 111455 144 27138
400182 111456 144 1491
400183 111456 144 3408
400184 111456 144 1123
400185 111456 144 23896
400186 58536 144 5978
400188 111457 144 1303
400189 111457 144 18279
400190 111457 144 15693
400191 111458 144 27138
400192 111459 144 365
400193 111460 144 25741
400194 111460 144 11
400195 13486 144 29
400196 111461 144 4677
400200 111463 144 29
400203 111465 144 1491
400204 111465 144 27141
400205 111465 144 2520
400206 111465 144 6030
400207 111465 144 1714
400208 111465 144 529
400209 111465 144 44
400210 111466 144 1491
400211 111466 144 678
400212 111466 144 873
400213 111466 144 2993
400214 111466 144 503
400215 111466 144 4
400216 111466 144 2590
400217 111466 144 4575
400218 111467 144 9974
400220 111469 144 27137
400221 111470 144 1491
400222 111470 144 2520
400223 111470 144 557
400224 111470 144 1744
400225 111470 144 1896
400226 111470 144 187
400227 111470 144 2186
400229 111472 144 1807
400235 111477 144 24
400236 111477 144 27140
400237 111478 144 138
400239 111480 144 27128
400240 111481 144 1491
400241 111481 144 678
400242 111481 144 12222
400243 111481 144 104
400244 111481 144 638
400245 111481 144 369
400246 111481 144 72
400247 111481 144 797
400248 111481 144 139
400255 27478 144 1491
400256 27478 144 27141
400257 27478 144 2762
400258 27478 144 1177
400259 27478 144 6734
400260 27478 144 6715
400261 27478 144 1176
400262 27478 144 865
400263 27478 144 846
400264 111485 144 27332
400265 111486 144 29
400266 111486 144 2215
400267 111487 144 20083
400269 111489 144 3299
400270 111489 144 2236
400278 111493 144 583
400279 111493 144 334
400280 111493 144 1744
400281 111494 144 1491
400282 111494 144 27141
400283 111494 144 2520
400284 111494 144 6030
400285 111494 144 1714
400286 111494 144 72
400287 111494 144 1896
400288 111495 144 27402
400289 111496 144 27134
400290 111497 144 27403
400301 111501 144 1174
400302 111501 144 2964
400303 111501 144 4551
400306 111503 144 978
400311 111507 144 27140
400312 111507 144 28
400313 111507 144 5909
400314 111508 144 4713
400315 111509 144 27128
400329 54031 144 1446
400338 111512 144 1491
400339 111512 144 27165
400340 111512 144 2015
400341 111512 144 303
400344 111514 144 1491
400345 111514 144 27165
400346 111514 144 303
400350 111517 144 9974
400358 53929 144 3357
400359 53929 144 40
400360 86470 144 98
400361 86470 144 104
400362 86470 144 8818
400364 111522 144 1491
400366 111524 144 27409
400367 111525 144 1197
400368 111526 144 1450
400369 111529 144 287
400370 111530 144 5230
400372 5480 144 1491
400373 5480 144 27165
400374 5480 144 70
400375 5480 144 262
400376 5480 144 27410
400377 5480 144 305
400378 5480 144 978
400379 5480 144 1382
400380 111531 144 1491
400389 111534 144 27411
400390 111534 144 3561
400391 111535 144 3606
400392 111535 144 27412
400393 111535 144 27413
400395 111537 144 1491
400396 111537 144 960
400397 111537 144 1374
400398 111537 144 1007
400399 111537 144 798
400400 111537 144 77
400401 111537 144 139
400402 111537 144 44
400403 111538 144 27414
400404 111538 144 19677
400405 111538 144 4947
400406 111539 144 27140
400407 111540 144 5387
400412 111544 144 1491
400413 111545 144 286
400416 111547 144 19685
400418 111549 144 27193
400419 111549 144 1932
400420 111549 144 1303
400431 111553 144 27286
400432 111554 144 20330
400434 111556 144 20331
400435 111557 144 9974
400444 111560 144 1491
400445 111560 144 678
400446 111560 144 64
400447 111560 144 6129
400448 111560 144 28
400449 111561 144 1491
400450 111561 144 678
400451 111562 144 16678
400452 111562 144 4356
400453 111562 144 1932
400454 111562 144 1049
400457 111564 144 25749
400462 111567 144 2358
400463 111567 144 712
400464 111567 144 1450
400465 111567 144 80
400466 111567 144 365
400467 111568 144 1491
400468 111568 144 11
400469 111568 144 100
400470 111568 144 39
400471 111568 144 3145
400473 111570 144 5146
400474 111570 144 668
400475 111571 144 27286
400476 111572 144 35
400477 111572 144 785
400487 111575 144 1491
400488 111575 144 678
400490 111577 144 941
400491 111577 144 40
400492 111577 144 1230
400493 111578 144 1491
400494 111579 144 1491
400495 111579 144 27420
400496 111579 144 4261
400497 111579 144 72
400498 111579 144 4
400499 111579 144 39
400500 111579 144 926
400508 111581 144 1450
400509 111582 144 27421
400510 111583 144 1491
400511 111583 144 678
400512 111583 144 4173
400513 111583 144 11
400514 111583 144 1738
400515 111583 144 1058
400516 111583 144 90
400517 111583 144 1747
400518 111583 144 44
400519 111584 144 1679
400520 111584 144 2012
400522 111586 144 1491
400523 111587 144 1491
400524 111587 144 2637
400525 111587 144 254
400526 111587 144 4247
400527 111587 144 1157
400528 111587 144 5045
400529 111587 144 187
400530 111588 144 4563
400533 111590 144 27276
400534 111590 144 7069
400535 111592 144 4106
400536 79460 144 6649
400537 79460 144 27136
400538 111594 144 1939
400539 111595 144 225
400540 111595 144 2771
400541 111596 144 16117
400542 111596 144 1678
400544 111598 144 1491
400545 111598 144 873
400546 111598 144 11
400547 111598 144 2993
400548 111598 144 52
400549 111598 144 6855
400550 111598 144 8512
400551 111599 144 1491
400552 111599 144 798
400553 111599 144 4140
400554 111599 144 138
400555 111599 144 960
400556 111599 144 90
400557 111599 144 369
400558 111599 144 11
400559 111600 144 1491
400560 111600 144 678
400561 111600 144 6079
400562 111600 144 188
400563 111600 144 668
400564 111600 144 90
400565 111600 144 46
400566 111600 144 14062
400567 111601 144 2746
400568 96932 144 1450
400572 80114 144 29
400573 80114 144 331
400574 71533 144 1450
400575 71533 144 80
400576 71533 144 2358
400577 71533 144 712
400578 111604 144 1123
400579 17730 144 1123
400593 111608 144 668
400594 111608 144 188
400595 111608 144 881
400596 111609 144 4322
400597 111609 144 4044
400598 111610 144 1174
400599 111610 144 2964
400600 111610 144 4551
400601 111611 144 1174
400602 111611 144 2964
400603 111611 144 4551
400604 111612 144 668
400605 111612 144 188
400615 111613 144 27136
400616 111613 144 29
400617 111614 144 27139
400618 111615 144 638
400619 111615 144 5927
400630 111621 144 1491
400631 111621 144 678
400632 111621 144 1727
400633 111621 144 187
400634 111621 144 2359
400635 111621 144 1726
400636 111621 144 4649
400637 111621 144 125
400638 111621 144 1123
400639 75954 144 1727
400641 111623 144 27159
400643 95332 144 2990
400644 95332 144 27429
400646 39045 144 3505
400650 111627 144 27145
