408279 4079 148 21614
408280 4079 148 2045
408281 97685 148 469
408282 113311 148 27765
408283 113311 148 21614
408294 113316 148 27765
408295 113316 148 22179
408296 113316 148 2045
408308 113324 148 469
408309 113325 148 27765
408310 113325 148 21614
408311 113325 148 2045
408334 113338 148 1052
408336 113340 148 2045
408337 113340 148 22179
408338 113340 148 21614
408339 113341 148 27765
408341 113343 148 1052
408342 113345 148 27769
408343 113346 148 27769
408344 113347 148 1052
408350 113351 148 21614
408354 113353 148 21614
408357 113355 148 1052
408358 113355 148 6289
408359 113355 148 507
408360 113356 148 1052
408361 113357 148 27770
408362 113357 148 1126
408363 113357 148 11583
408364 113358 148 15073
408365 113359 148 27771
408372 113362 148 507
408373 113362 148 27768
408374 113362 148 21614
408394 113373 148 15073
408395 113373 148 3704
408405 113380 148 469
408406 113380 148 21614
408407 113380 148 25519
408408 113381 148 1052
408409 113382 148 1126
408410 113382 148 11583
408411 113382 148 21614
408412 113383 148 1126
408413 113383 148 523
408416 113385 148 21614
408417 113385 148 27765
408418 113386 148 21614
408419 113386 148 27765
408430 62233 148 21614
408431 113391 148 21614
408432 113391 148 2045
408435 113393 148 469
408440 113396 148 27765
408442 113397 148 6289
408443 113397 148 1052
408444 113397 148 507
408453 69048 148 21614
408454 69048 148 27765
408455 69048 148 22179
408460 113404 148 1180
408461 113404 148 27772
408462 113404 148 39
408468 113408 148 27769
408477 113413 148 27773
