7961 3188 15 104
7965 3191 15 1462
7974 3198 15 104
7978 3202 15 846
7979 3202 15 139
7987 3210 15 846
7988 3210 15 139
8006 3222 15 126
8019 3233 15 1476
8057 3260 15 104
8062 3263 15 104
8063 3264 15 104
8070 3269 15 846
8071 3269 15 139
8072 3270 15 846
8073 3270 15 139
8074 3271 15 104
8092 3287 15 846
8093 3287 15 139
8101 3293 15 104
8104 3296 15 1467
8120 3309 15 126
8126 3312 15 126
8132 3317 15 846
8133 3317 15 139
8138 3322 15 104
8143 3327 15 276
8167 3347 15 846
8168 3347 15 139
8169 3348 15 104
8172 3351 15 104
8173 3352 15 104
8200 3369 15 104
8208 3377 15 1466
8217 3385 15 104
8219 3387 15 104
8229 3397 15 104
8230 3398 15 104
8234 3402 15 104
8236 3404 15 104
8237 3405 15 104
8241 3409 15 104
8242 3410 15 104
8245 3413 15 104
8246 3414 15 104
8247 3415 15 104
8248 3416 15 846
8249 3416 15 139
8250 3417 15 104
8252 3419 15 1465
8256 3423 15 104
8259 3425 15 104
8260 3426 15 104
8273 3435 15 44
8274 3435 15 1481
8284 3443 15 846
8285 3443 15 139
8286 2209 15 126
8291 3446 15 846
8292 3446 15 139
8293 3447 15 846
8294 3447 15 139
8301 3453 15 126
8306 3458 15 104
8307 3459 15 104
8311 3462 15 846
8312 3462 15 139
8316 3466 15 104
8364 3499 15 846
8365 3499 15 139
8381 3509 15 1121
8388 3515 15 1461
8389 1829 15 104
8394 3518 15 532
8402 3524 15 846
8403 3524 15 139
8411 3530 15 1476
8414 3533 15 104
8415 3534 15 104
8417 3536 15 104
8418 3537 15 104
8419 3538 15 104
8420 3539 15 104
8421 3540 15 846
8422 3540 15 139
8423 3541 15 104
8424 3542 15 104
8425 3543 15 44
8426 3543 15 1481
8428 3545 15 1461
8433 1961 15 532
8437 3552 15 104
8438 1973 15 104
8439 3553 15 104
8442 3556 15 104
8444 3558 15 846
8445 3558 15 139
8449 3562 15 104
8451 3564 15 1462
8455 3568 15 1462
8463 3576 15 104
8464 3577 15 104
8465 3578 15 104
8466 3579 15 846
8467 3579 15 139
8470 3582 15 104
8473 3584 15 1467
8483 3590 15 846
8484 3590 15 139
