431155 121977 159 307
431156 121977 159 29201
431157 121978 159 719
431160 121980 159 29202
431164 71401 159 19794
431165 71401 159 29204
431166 71401 159 869
431178 121989 159 29207
431181 121991 159 811
431182 121992 159 29208
431184 121994 159 29209
431191 121997 159 1239
431194 121999 159 29210
431195 121999 159 29211
431196 122000 159 11826
431201 3957 159 18297
431202 3957 159 72
431204 122005 159 29210
431205 122006 159 29213
431206 122006 159 1732
431207 122006 159 996
431208 122006 159 3463
431209 122007 159 1861
431210 122007 159 24
431213 122009 159 1191
431214 122009 159 29214
431217 122011 159 29211
431218 122011 159 29215
431226 122017 159 719
431227 122019 159 1453
431230 122021 159 29218
431231 122022 159 29219
431241 122028 159 719
431242 122029 159 29220
431244 122031 159 939
431245 122031 159 8331
431246 122032 159 451
431247 122033 159 11826
431248 122034 159 11826
431252 122037 159 1239
431254 122039 159 1062
431255 122039 159 996
431257 122041 159 2936
431258 122041 159 29221
431259 122042 159 12233
431260 122042 159 730
431261 122043 159 10180
431265 122044 159 4861
431266 122044 159 1191
431267 122045 159 4157
431268 122045 159 1021
431269 122045 159 846
431272 122048 159 20019
431273 122049 159 20019
431274 122050 159 276
431279 122054 159 4469
431280 122054 159 4044
431283 122056 159 29224
431284 122056 159 2936
431291 122059 159 730
431292 122059 159 155
431294 122061 159 11826
431299 122064 159 16767
431300 122064 159 451
431301 453 159 451
431302 453 159 4
431303 122065 159 24887
431308 4303 159 4777
431309 4303 159 72
431310 4303 159 79
431311 122068 159 4682
431314 122070 159 286
431315 122070 159 359
431322 122074 159 4376
431323 122074 159 4657
431324 122074 159 12169
431327 122076 159 1219
431328 122076 159 1191
431329 122077 159 1239
431330 122077 159 29
431331 122078 159 72
431332 122078 159 2012
431333 122078 159 29226
431337 122080 159 5015
431338 122080 159 4469
431341 122083 159 4469
431342 122084 159 29221
431343 122085 159 4169
431344 11090 159 873
431345 11090 159 4169
431346 122086 159 2330
431347 122086 159 813
431348 122087 159 657
431349 122087 159 813
431350 122088 159 29228
431351 122088 159 2330
431352 122088 159 29229
431353 122089 159 2330
431354 122089 159 813
431355 122090 159 2330
431356 122090 159 813
431357 122091 159 2330
431358 122091 159 11826
431359 122092 159 996
431360 122092 159 2591
431361 122093 159 1905
431364 122095 159 4376
431365 122095 159 1191
431366 122095 159 29230
431367 122096 159 4469
431368 122096 159 8705
431369 122097 159 3463
431371 122099 159 29231
431374 122101 159 5015
431375 122101 159 4594
431383 122106 159 6025
431384 122106 159 557
431385 122107 159 2592
431392 77563 159 869
431395 122113 159 16764
431396 122113 159 5523
431397 122114 159 1169
431398 122114 159 20036
431399 122114 159 26734
431412 122121 159 29236
431413 122122 159 11826
431414 122123 159 29218
431417 122125 159 29209
431418 122125 159 2964
431420 122127 159 1869
431424 122129 159 719
431425 122130 159 869
431426 122130 159 29238
431427 122131 159 1215
431428 122132 159 1215
431429 66228 159 869
431430 66228 159 3145
431431 66228 159 1124
431432 122133 159 20150
431433 122134 159 4469
431434 122134 159 5498
431435 61421 159 29208
431436 122135 159 362
431443 122140 159 1239
431444 122141 159 1453
431451 122145 159 29241
431452 122145 159 11417
431453 122145 159 1231
431454 122146 159 1231
431455 122146 159 4736
431458 122148 159 1722
431459 122148 159 68
431466 122152 159 29243
431467 122153 159 6
431468 122153 159 11969
431469 122154 159 6
431470 122155 159 29244
431478 122159 159 29210
431479 122160 159 6
431480 122161 159 6
431481 122161 159 150
431484 119157 159 6
431485 119157 159 15693
431486 122163 159 29210
431489 122166 159 4462
431490 122166 159 1191
431491 122166 159 20022
431492 122167 159 29237
431493 122167 159 996
431494 122168 159 1191
431495 122168 159 996
431498 122171 159 29245
431499 122171 159 4657
431500 122172 159 276
431501 122172 159 254
431504 122175 159 5849
431505 122176 159 6453
431506 122176 159 72
431507 122176 159 643
431513 122179 159 22605
431514 122180 159 70
431515 122180 159 53
431516 122181 159 1239
431517 122181 159 4657
431526 122186 159 5849
431527 122187 159 286
431529 122188 159 26909
431530 122188 159 780
431531 122189 159 719
431535 15506 159 4
431536 15506 159 72
431539 122193 159 1239
431546 122196 159 719
431549 122198 159 1453
431553 122201 159 29250
431554 122201 159 4469
431557 122203 159 795
431558 122203 159 734
431566 122207 159 15693
431567 122207 159 6
431569 122209 159 29210
431576 122212 159 1231
431577 122212 159 638
431578 122213 159 10022
431579 122213 159 13907
431580 122214 159 1231
431581 122215 159 1231
431582 122215 159 1722
431587 122218 159 1262
431588 122218 159 1239
431589 122219 159 29252
431590 122220 159 29216
431591 122221 159 29253
431594 122223 159 12958
431595 122223 159 24363
431596 122223 159 4107
431600 95664 159 730
431601 95664 159 4004
431605 13835 159 1722
431606 13835 159 20380
431607 13835 159 72
431608 122227 159 4376
431609 122227 159 4657
431610 5013 159 1722
431611 5013 159 1723
431612 122228 159 1722
431613 122228 159 1219
431614 122229 159 3367
431615 122229 159 276
431616 122230 159 285
431617 122230 159 29255
431618 122231 159 5523
431619 122231 159 72
431620 122231 159 90
431621 122232 159 1197
431622 122232 159 846
431623 122233 159 16382
431624 122233 159 869
431625 122233 159 28043
431626 122234 159 80
431627 122234 159 869
431628 122235 159 5302
431629 122235 159 12145
431630 122235 159 2949
431631 122235 159 5453
431646 122239 159 4378
431648 122241 159 996
431649 122241 159 24601
431650 122242 159 29256
431651 122242 159 3443
431652 122242 159 4073
431658 122246 159 150
431659 122247 159 719
431660 122248 159 4376
431661 122248 159 1191
431662 122248 159 81
431663 122248 159 68
431664 122248 159 15215
431665 122249 159 29242
431666 122249 159 4376
431669 122251 159 1191
431670 122251 159 1722
431671 122251 159 503
431672 122252 159 20154
431673 122253 159 4378
431677 122256 159 4
431678 122256 159 29259
431679 122257 159 1191
431680 122258 159 1239
431683 122260 159 1224
431684 122261 159 1224
431685 122261 159 869
431686 122262 159 1722
431687 122262 159 15722
431688 122263 159 20380
431689 122263 159 5015
431690 122263 159 1191
431691 122263 159 1723
431692 122264 159 1224
431693 122264 159 2837
431694 122264 159 869
431700 122267 159 5015
431701 122267 159 4736
431702 122267 159 1191
431705 15659 159 730
431706 15659 159 474
431709 122269 159 719
431712 122271 159 29260
431720 122274 159 712
431721 122274 159 29263
431722 122274 159 80
431723 122275 159 100
431724 122275 159 5909
431727 122278 159 6
431728 122278 159 15693
431729 122279 159 6
431734 79135 159 72
431735 79135 159 98
431737 122283 159 21550
431738 122284 159 1239
431739 122284 159 11826
431740 122285 159 4144
431741 122285 159 11
431742 122286 159 100
431743 122286 159 188
431744 122286 159 29265
431748 66862 159 6
431749 122288 159 1861
431750 122288 159 24
431751 122289 159 4469
431752 122289 159 29235
431753 122289 159 15720
431759 122291 159 2678
431760 122291 159 16707
431761 122291 159 29267
431768 122294 159 6
431769 122294 159 1261
431770 122294 159 2424
431774 122296 159 1239
431775 122296 159 4657
431777 122298 159 277
431778 122298 159 441
431781 122300 159 11826
431783 122302 159 4861
431784 122302 159 4657
431785 122303 159 4861
431786 122303 159 11417
431787 122304 159 4861
431788 122305 159 1239
431789 122305 159 1191
431790 122306 159 1239
431791 122306 159 1191
431792 122307 159 1191
431793 122307 159 1239
431794 122308 159 1215
431795 122308 159 5015
431796 122309 159 4861
431797 122309 159 11417
431798 122310 159 4861
431799 122310 159 1191
431800 122310 159 29206
431801 122311 159 4861
431802 122312 159 1219
431803 122313 159 1239
431804 122313 159 1191
431805 122314 159 20380
431806 122314 159 14058
431808 122316 159 780
431809 122316 159 1779
431810 122316 159 734
431815 122319 159 12233
431816 122319 159 730
431817 122320 159 12233
431818 122321 159 11826
431819 122322 159 29237
431820 122323 159 29202
431822 122325 159 29270
431823 122326 159 4469
431824 122326 159 4657
431825 122327 159 24183
431826 122327 159 29271
431827 122328 159 5015
431828 122329 159 5849
431829 122329 159 11826
431832 122331 159 643
431833 122331 159 12233
431834 122332 159 719
431835 122333 159 1453
431836 122334 159 1453
431838 122336 159 4469
431839 122336 159 657
431846 122340 159 29273
431847 122340 159 869
431848 122341 159 11
431849 122341 159 727
431850 122341 159 5909
431851 122342 159 6
431852 122343 159 29274
431853 122344 159 29211
431854 122344 159 29210
431858 122345 159 6
431860 122347 159 1779
431864 122348 159 24722
431865 122348 159 29276
431866 122348 159 4376
431876 122352 159 3312
431879 122355 159 1905
431880 122356 159 6
431881 122356 159 2008
431882 122356 159 139
431883 122356 159 992
431887 20824 159 1239
431888 20824 159 18398
431891 122360 159 72
431892 122360 159 915
431893 122360 159 4342
431896 122362 159 29210
431897 122363 159 8475
431898 122364 159 16707
431899 122365 159 29210
431900 122365 159 16707
431903 122367 159 3722
431904 122367 159 27341
431908 122371 159 26208
431909 122371 159 20019
431910 122372 159 941
431911 122372 159 138
431917 122375 159 5174
431918 122375 159 1262
431919 122375 159 44
431923 122377 159 1191
431924 122377 159 1722
431925 122377 159 72
431927 122379 159 29212
431936 122385 159 6
431937 13873 159 6
431938 13873 159 882
431939 13873 159 19670
431946 122388 159 4044
431947 122388 159 1239
431948 122388 159 719
431949 122389 159 20016
431950 122389 159 29278
431951 104970 159 3722
431952 104970 159 4649
431953 122390 159 618
431954 122390 159 100
431960 122393 159 150
431961 122393 159 6
431962 122394 159 24670
431963 122394 159 29276
431964 122394 159 4376
431965 122395 159 869
431966 122395 159 1239
431967 122396 159 29211
431968 122396 159 29210
431970 122398 159 719
431971 122399 159 1191
431972 122399 159 4469
431975 14156 159 643
431976 122401 159 719
431981 86938 159 4062
431984 122405 159 29237
431985 122405 159 1723
431986 122405 159 20380
431999 122411 159 29272
432000 122411 159 16767
432001 14182 159 276
432002 14182 159 1313
432005 21333 159 276
432006 21333 159 72
432033 122427 159 29264
432034 122427 159 29212
432035 122428 159 29212
432036 122428 159 29264
432043 122431 159 29260
432044 122435 159 13981
432047 122437 159 29210
432051 122440 159 72
432052 122440 159 4051
432056 122442 159 4469
432057 122442 159 29212
432058 122443 159 4376
432060 122445 159 1123
432061 122445 159 72
432062 122445 159 639
432063 122446 159 939
432064 122447 159 11826
432068 122449 159 719
432069 122450 159 29210
432072 122452 159 869
432073 122452 159 4696
432074 122453 159 869
432075 122453 159 4696
432076 122454 159 1299
432077 122454 159 4271
432078 122455 159 286
432079 122455 159 941
432084 122457 159 4469
432085 122457 159 2278
432086 122457 159 16382
432087 122458 159 1219
432088 122458 159 1231
432089 122459 159 331
432090 120034 159 1692
432091 120034 159 17589
432092 120034 159 869
432093 120034 159 19794
432099 67754 159 18297
432103 67725 159 1679
432104 67725 159 72
432108 122464 159 1058
432109 122464 159 527
432110 122464 159 72
432111 122464 159 44
432112 122465 159 70
432113 122465 159 53
432124 122471 159 29211
432125 122471 159 29210
432127 122473 159 5014
432128 122474 159 4469
432136 122478 159 10483
432137 122478 159 24794
432142 122480 159 5849
432143 122481 159 1219
432144 122481 159 4044
432149 122485 159 13981
432150 122486 159 1808
432151 122486 159 4376
432155 122488 159 730
432156 122488 159 1021
432159 122491 159 29210
432163 122493 159 4469
432164 122493 159 12169
432166 122495 159 29210
432170 122498 159 2707
432171 122498 159 4044
432172 122499 159 342
432173 6808 159 3527
432174 6808 159 72
432175 6809 159 3527
432176 6809 159 72
432177 122500 159 29285
432180 122503 159 20019
432189 122506 159 12169
432190 122506 159 4376
432194 122508 159 1299
432197 122510 159 29210
432198 122511 159 4469
432199 122511 159 4657
432200 122512 159 188
432201 122512 159 5387
432207 122517 159 29210
432208 122518 159 1299
432209 122518 159 639
432211 122520 159 4469
432212 122520 159 11417
432213 122520 159 4657
432214 122521 159 638
432215 122521 159 2949
432216 122521 159 2709
432217 122521 159 29286
432218 122522 159 28502
432219 122523 159 4469
432220 122523 159 1453
432221 122524 159 1453
432234 122529 159 15270
432235 122529 159 869
432237 122531 159 4594
432238 122531 159 1453
432239 122531 159 4376
432241 122533 159 27889
432245 122536 159 2627
432246 122536 159 4759
432247 122537 159 104
432248 122537 159 1153
432249 122537 159 10762
432280 122550 159 1299
432284 122552 159 719
432285 122552 159 29208
432290 122555 159 4140
432291 122555 159 146
432296 122557 159 1722
432297 122557 159 3145
432298 122557 159 2837
432300 1528 159 725
432301 122559 159 993
432302 122559 159 29291
432303 122559 159 5051
432304 122559 159 4320
432305 122560 159 29292
432306 122560 159 2658
432309 122562 159 29208
432310 36238 159 72
432311 36238 159 98
432312 89214 159 869
432313 89214 159 72
432314 122563 159 11826
432317 122565 159 1239
432318 122565 159 1191
432319 122565 159 4657
432320 122566 159 996
432321 122566 159 29294
432325 122568 159 2964
432326 122568 159 4469
432327 122569 159 29210
432328 122570 159 719
432330 122572 159 4011
432331 122572 159 29295
432332 122573 159 1383
432336 68352 159 992
432337 68352 159 2797
432341 122576 159 730
432342 122577 159 730
432343 122577 159 285
432344 122578 159 704
432347 122580 159 730
432348 122580 159 859
432349 122580 159 72
432350 122581 159 730
432351 122582 159 1239
432352 122582 159 29206
432353 38173 159 869
432354 38173 159 618
432355 122583 159 16956
432356 122583 159 2647
432357 122584 159 4469
432358 122584 159 1239
432359 122584 159 4350
432360 79963 159 286
432364 122586 159 1367
432365 122586 159 1125
432366 122586 159 146
432370 122588 159 307
432371 122588 159 188
432372 122588 159 1313
432373 122589 159 1191
432374 122589 159 1224
432376 122591 159 6
432377 68466 159 873
432378 68466 159 2589
432382 122594 159 719
432383 122595 159 1744
432384 122595 159 583
432388 122597 159 100
432389 122597 159 29265
432393 122600 159 1692
432394 122600 159 915
432395 122601 159 29297
432396 122602 159 1058
432397 122602 159 4148
432398 122602 159 100
432399 122603 159 1191
432400 122603 159 276
432404 122605 159 29298
432405 122605 159 29206
432413 122608 159 5849
432414 122609 159 4469
432415 122609 159 4657
432416 122610 159 2678
432417 122611 159 996
432418 122611 159 15721
432424 116434 159 1299
432425 116434 159 639
432426 122615 159 138
432427 122615 159 139
432428 122615 159 1058
432440 122622 159 6453
432441 122622 159 11
432442 122622 159 72
432445 122624 159 6
432446 122624 159 941
432458 122630 159 1453
432459 122631 159 53
432460 122631 159 70
432461 122632 159 70
432462 122632 159 53
432463 122632 159 72
432464 122632 159 25775
432465 122633 159 70
432466 122633 159 53
432467 122633 159 25775
432470 122635 159 1239
432471 122636 159 2342
432472 122636 159 1722
432478 122639 159 1723
432479 122640 159 29210
432480 122641 159 2678
432481 122641 159 81
432482 122641 159 996
432483 62009 159 3
432484 62009 159 6917
432485 62009 159 79
432486 122642 159 18441
432487 122643 159 960
432488 122643 159 7098
432489 122643 159 730
432490 122644 159 1239
432491 122645 159 29210
432492 122646 159 869
432493 122646 159 21
432494 122647 159 29211
432496 94892 159 6
432497 94892 159 9975
432498 122649 159 1453
432499 122649 159 3689
432500 122649 159 29281
432501 122650 159 29281
432502 122650 159 1453
432503 122650 159 3689
432506 74442 159 6
432509 122654 159 29210
432510 122654 159 15720
432513 122656 159 2837
432514 122656 159 1224
432515 122657 159 2837
432523 122662 159 1239
432524 122662 159 1191
432526 122664 159 1239
432527 122664 159 9950
432530 122666 159 730
432531 122666 159 992
432532 122667 159 2861
432533 122667 159 941
432534 122668 159 1124
432535 122668 159 2943
432536 122668 159 4
432537 122668 159 503
432543 89311 159 286
432553 9730 159 70
432554 9730 159 53
432555 122676 159 5453
432556 122676 159 14038
432564 122679 159 6
432565 122679 159 9975
432576 122685 159 6271
432577 122685 159 138
432578 122685 159 4044
432579 122686 159 7561
432580 122686 159 5909
432581 122686 159 11
432584 122687 159 1723
432589 122690 159 2591
432590 122691 159 331
432595 122694 159 331
432596 122695 159 331
432597 122696 159 2443
432598 122696 159 21117
432599 122697 159 29210
432611 122703 159 11336
432612 122703 159 730
432613 122703 159 6
432616 122705 159 29202
432617 122706 159 29218
432618 122707 159 16767
432623 122710 159 29301
432624 122710 159 3145
432625 122711 159 29209
432628 38534 159 29208
432629 122714 159 730
432630 122714 159 10189
432631 122715 159 1239
432632 122715 159 1191
432633 122716 159 20019
432634 27868 159 11826
432635 27868 159 29208
432637 122718 159 2443
432638 122719 159 29210
432639 122720 159 1239
432640 122721 159 6
432641 122721 159 72
432645 122724 159 9950
432646 122724 159 2008
432649 24430 159 4333
432650 24430 159 1007
432651 122726 159 730
432652 122727 159 15712
432656 116698 159 1299
432657 116698 159 1133
432660 122730 159 70
432661 122730 159 730
432662 122730 159 797
432663 122731 159 20022
432677 122738 159 16767
432678 122739 159 450
432679 122739 159 4861
432684 122742 159 474
432685 122742 159 4469
432686 122743 159 3271
432687 122743 159 276
432688 122744 159 1453
432689 122745 159 1453
432690 122746 159 20252
432691 122746 159 9750
432693 122748 159 29210
432698 122751 159 10928
432699 122752 159 4
432700 122752 159 523
432701 122752 159 342
432702 122752 159 2613
432703 122753 159 29202
432704 122754 159 17540
432705 79312 159 16767
432706 79312 159 29264
432710 122756 159 941
432711 122756 159 6
432713 122758 159 1239
432714 122758 159 6
432719 107884 159 996
432720 122763 159 6453
432721 122763 159 11
432722 122763 159 72
432723 16942 159 1058
432724 16942 159 188
432725 16942 159 527
432726 122764 159 17997
432727 122764 159 643
432728 122765 159 6271
432729 122765 159 4657
432732 122767 159 4469
432733 122767 159 1191
432734 122767 159 29311
432738 122769 159 1231
432739 122769 159 10022
432740 122769 159 3443
432741 122770 159 2023
432742 122770 159 4376
432746 122773 159 20380
432747 122773 159 14058
432751 122776 159 1191
432752 122776 159 12169
432754 122778 159 1723
432755 122778 159 22586
432756 122778 159 20380
432757 122779 159 1723
432758 122779 159 20380
432766 122783 159 29313
432767 122784 159 996
432768 122784 159 72
432769 122785 159 996
432774 122787 159 5524
432775 122787 159 813
432776 122787 159 4169
432777 122788 159 3375
432778 122788 159 29210
432779 122789 159 3358
432780 122789 159 5453
432781 122790 159 1723
432782 122790 159 29271
432783 122790 159 24183
432784 122791 159 4469
432785 122791 159 4657
432786 122791 159 29276
432787 122792 159 4469
432788 122792 159 4657
432789 122793 159 992
432790 122793 159 882
432791 122794 159 29202
432793 122796 159 1057
432794 122796 159 869
432797 122799 159 1191
432798 122800 159 1723
432802 122802 159 29210
432803 122802 159 29315
432804 122803 159 1932
432810 122806 159 4405
432811 122806 159 4540
432812 122807 159 1021
432813 122807 159 10682
432817 122809 159 4469
432818 122809 159 4657
432819 122809 159 29299
432820 122810 159 4469
432821 122810 159 72
432822 122810 159 1191
432823 122811 159 4469
432824 122811 159 4657
432827 122813 159 4354
432828 122813 159 1057
432829 122813 159 11570
432830 122814 159 4088
432831 122815 159 2236
432832 122815 159 19207
432833 32487 159 338
432834 32487 159 139
432835 32487 159 44
432838 122817 159 6312
432839 122817 159 4376
432851 122822 159 11417
432852 122822 159 29319
432853 122822 159 4088
432857 122824 159 20380
432858 122824 159 68
432859 122824 159 1722
432860 122824 159 4469
432861 122824 159 3145
432862 122824 159 1191
432863 122825 159 4469
432864 122825 159 4657
432865 122825 159 29268
432868 122827 159 29212
432874 122831 159 4469
432875 122831 159 996
432876 122832 159 4469
432877 122832 159 4657
432890 122839 159 2922
432891 122840 159 29315
432892 122840 159 29210
432897 32494 159 24
432898 32494 159 3145
432899 32494 159 787
432907 122847 159 125
432908 122848 159 29210
432911 122850 159 820
432912 122850 159 11
432913 122850 159 6961
432917 122852 159 1219
432918 122852 159 1191
432919 122852 159 29206
432924 122854 159 4434
432927 122856 159 1779
432936 122859 159 4174
432937 122859 159 20380
432942 70855 159 5015
432943 70855 159 72
432944 70855 159 882
432945 122863 159 719
432950 122866 159 4469
432951 122866 159 4044
432952 122867 159 4469
432953 122867 159 4657
432966 122873 159 1231
432967 122873 159 4469
432968 122874 159 719
432970 122876 159 1565
432971 122877 159 18297
432972 122877 159 1744
432974 122879 159 5498
432975 122879 159 5015
432976 122879 159 1239
432977 56183 159 6
432979 122881 159 29326
432980 122882 159 1453
432981 122883 159 730
432982 122884 159 992
432983 122884 159 882
432984 122885 159 1299
432985 122885 159 10939
432986 122886 159 1732
432987 122886 159 1421
432988 122886 159 4187
432989 122886 159 882
432994 122888 159 16767
433003 122895 159 1605
433004 122896 159 719
433008 122898 159 895
433010 122900 159 362
433011 122900 159 4641
433012 122900 159 5285
433018 122904 159 2647
433019 122905 159 1444
433026 122909 159 27827
433027 122909 159 4469
433033 122912 159 18441
433042 122917 159 6453
433043 122917 159 643
433044 122918 159 9967
433045 122918 159 2641
433046 122918 159 2642
433047 122918 159 29330
433051 122920 159 5849
433052 122921 159 188
433053 122921 159 108
433058 122924 159 2579
433059 122924 159 1191
433060 122924 159 15721
433065 45618 159 29332
433066 45618 159 11
433067 45618 159 820
433068 45618 159 507
433069 45618 159 657
433081 96651 159 730
433082 96651 159 1021
433083 122932 159 29212
433091 122938 159 13981
433092 122938 159 4469
433093 122939 159 12169
433094 122939 159 1239
433096 122941 159 68
433097 122941 159 1722
433098 122941 159 1191
433099 122942 159 734
433100 122942 159 3136
433101 122943 159 4469
433102 122943 159 29206
433103 122944 159 1231
433104 122944 159 10022
433105 122945 159 23996
433106 122945 159 72
433107 22722 159 29299
433111 122949 159 5075
433112 122949 159 1732
433113 122950 159 24722
433114 122950 159 1191
433115 122950 159 29276
433116 122950 159 4376
433117 122951 159 81
433118 122951 159 2647
433119 122951 159 1890
433121 122953 159 5015
433122 122953 159 72
433126 122955 159 869
433130 122957 159 503
433131 122957 159 29335
433132 122957 159 29336
433133 122958 159 3846
433134 122958 159 138
433135 122958 159 643
433136 122959 159 29337
433144 122964 159 307
433145 122965 159 11826
433146 122966 159 1722
433147 122966 159 1191
433148 122966 159 1723
433153 122970 159 996
433154 122970 159 1869
433155 122970 159 1062
433156 122971 159 6
433161 122974 159 450
433162 122974 159 4861
433163 122975 159 4469
433164 122975 159 11417
433167 122977 159 29292
433168 122977 159 4
433169 122977 159 79
433170 122977 159 4046
433171 122978 159 4657
433172 122978 159 4469
433173 111437 159 1191
433174 111437 159 503
433175 122979 159 276
433176 122979 159 72
433177 122979 159 29340
433179 122981 159 941
433180 122981 159 6
433181 122982 159 996
433182 122982 159 29
433183 122983 159 286
433184 122983 159 138
433185 122983 159 29341
433186 122984 159 1239
433187 122984 159 4657
433188 122985 159 4376
433189 122985 159 9950
433192 122987 159 730
433194 122989 159 29212
433195 122989 159 1409
433196 122989 159 2709
433197 122990 159 16767
433198 122990 159 29342
433199 122991 159 29343
433200 122992 159 29307
433201 122992 159 4657
433205 122995 159 11826
433207 122997 159 1723
433208 38760 159 730
433209 122998 159 2936
433210 122999 159 29208
433211 123000 159 23104
433212 123000 159 1191
433213 123000 159 1723
433214 123000 159 29254
433215 123001 159 1723
433216 123001 159 22589
433217 123002 159 20380
433218 123002 159 19911
433219 123003 159 1723
433220 123003 159 1191
433221 123003 159 1722
433222 123003 159 1235
433223 123004 159 23104
433224 123004 159 1723
433225 123004 159 20380
433226 123004 159 29254
433227 123005 159 72
433228 123005 159 1191
433229 123005 159 996
433230 123005 159 1722
433237 123010 159 276
433239 123012 159 4169
433240 123013 159 6
433241 123014 159 1722
433242 123014 159 1235
433246 123018 159 13910
433247 123019 159 72
433248 123019 159 8988
433249 123020 159 29210
433255 123025 159 869
433256 123025 159 29273
433257 123026 159 21423
433261 123029 159 5174
433262 123030 159 1299
433263 123030 159 139
433264 123030 159 1133
433275 123036 159 21020
433276 123036 159 9754
433277 123036 159 869
433278 123037 159 29344
433279 123037 159 1191
433280 123038 159 869
433281 123038 159 307
433282 123039 159 719
433283 123040 159 469
433284 123040 159 11826
433286 123042 159 2156
433287 123042 159 20713
433288 123042 159 3862
433289 88685 159 4657
433290 88685 159 882
433291 88685 159 4469
433292 88685 159 1191
433293 88685 159 1239
433294 88685 159 869
433295 123043 159 869
433296 123043 159 19794
433297 123044 159 2627
433298 123044 159 912
433299 24957 159 859
433300 24957 159 1861
433301 24957 159 7336
433302 123045 159 29210
433303 123046 159 6
433306 123048 159 4097
433307 123048 159 441
433308 123048 159 4044
433309 123048 159 4594
433313 123051 159 1197
433317 123053 159 1021
433318 123054 159 16019
433320 24981 159 4044
433321 24981 159 79
433322 24981 159 29347
433323 123055 159 29348
433324 123056 159 6
433328 123058 159 19533
433332 123059 159 29237
433333 123059 159 20380
433347 11528 159 138
433348 11528 159 295
433349 123065 159 4088
433350 123066 159 996
433359 123072 159 719
433360 123073 159 719
433361 123074 159 1605
433362 123075 159 1453
433363 123075 159 29349
433364 123076 159 29209
433365 123077 159 20019
433366 123078 159 4088
433367 123078 159 1191
433368 123079 159 719
433369 123080 159 941
433370 123081 159 392
433371 123081 159 20433
433372 123081 159 869
433373 22465 159 3558
433374 22465 159 188
433375 22465 159 1679
433376 32700 159 100
433377 32700 159 11
433378 32700 159 44
433381 112543 159 188
433382 112543 159 2602
433383 112543 159 44
433384 112543 159 100
433385 123083 159 6
433390 123086 159 4469
433391 123086 159 1675
433392 123086 159 68
433393 123087 159 4376
433394 123087 159 16382
433395 123087 159 29350
433400 123090 159 4469
433401 123090 159 9950
433402 72060 159 5174
433403 72060 159 21343
433404 72060 159 72
433410 123093 159 29351
433411 123093 159 4657
433412 123093 159 11417
433413 123093 159 23104
433423 123098 159 7089
433428 123101 159 24
433429 123101 159 254
433430 123101 159 1744
433437 123106 159 1453
433438 123107 159 19034
433439 123107 159 2592
433440 123108 159 138
433441 123109 159 1119
433442 123109 159 618
433443 123110 159 276
433444 123110 159 4469
433445 123110 159 1178
433448 123112 159 469
433449 123112 159 5908
433450 123113 159 469
433451 123113 159 285
433454 123115 159 20252
433455 123115 159 618
433456 123115 159 469
433458 123117 159 1119
433459 123117 159 1178
433462 123119 159 6312
433463 123119 159 4469
433473 123123 159 29212
433474 123123 159 2949
433477 123125 159 4376
433478 123125 159 730
433479 123125 159 4469
433480 123126 159 277
433481 123126 159 643
433482 123126 159 620
433484 123128 159 29208
433486 88814 159 869
433487 88814 159 618
433488 80354 159 286
433489 80354 159 307
433490 80354 159 4072
433491 112570 159 730
433492 17730 159 1123
433495 22745 159 1772
433496 22745 159 5367
433497 123131 159 877
433498 123131 159 1021
433501 123133 159 4069
433502 123133 159 4004
433503 123133 159 5285
433509 123136 159 734
433510 123136 159 295
433511 123136 159 29355
433515 123138 159 19534
433516 123138 159 4156
433517 123139 159 458
433518 123139 159 17034
433519 123140 159 4
433520 123140 159 4097
433521 123140 159 4376
433523 123141 159 4469
433524 123141 159 4657
433527 123143 159 1453
433528 123143 159 4469
433529 123144 159 29356
433543 108740 159 28502
433544 123157 159 12169
433545 123157 159 4376
433548 106299 159 1727
433549 106299 159 25825
433550 106299 159 28894
433551 106299 159 583
433552 123158 159 5307
433553 123158 159 29357
433554 123158 159 873
433555 123158 159 643
433556 123159 159 276
433557 123159 159 307
433558 123159 159 1779
433564 32732 159 2589
433565 32732 159 17179
433566 123162 159 1191
433567 123162 159 2579
433568 123162 159 4469
433569 123163 159 1239
433570 123163 159 4657
433571 123164 159 29218
433573 123166 159 29226
433574 123166 159 1679
433575 123167 159 29358
433576 123168 159 29359
