449638 128077 165 29
449639 128077 165 557
449640 128077 165 20383
449641 128077 165 138
449642 128077 165 1897
449643 128077 165 1702
449646 128079 165 2187
449647 119680 165 1123
449648 119680 165 285
449650 128081 165 425
449651 128081 165 21
449652 128082 165 2795
449653 128083 165 376
449660 128086 165 1191
449661 128086 165 311
449662 128087 165 2795
449663 128088 165 2450
449664 128089 165 21
449665 128089 165 30026
449666 128090 165 1647
449667 128090 165 39
449668 101166 165 1586
449669 128091 165 21240
449670 128092 165 21
449671 128092 165 2795
449672 128093 165 1586
449673 128093 165 2450
449674 128093 165 21
449675 128095 165 2448
449676 128095 165 425
449677 128096 165 30027
449678 128096 165 40
449679 128097 165 2450
449680 128098 165 5776
449682 128100 165 14112
449683 128101 165 1591
449684 128101 165 39
449685 128102 165 1565
449686 128103 165 15921
449687 128104 165 1565
449688 128104 165 30028
449690 128106 165 941
449691 128106 165 425
449696 128109 165 1775
449697 128109 165 15
449703 128112 165 2450
449704 128113 165 2450
449705 128114 165 2450
449706 128114 165 39
449707 128115 165 16583
449708 128116 165 2450
449709 128117 165 941
449710 128117 165 1591
449711 128117 165 311
449712 128118 165 2795
449713 128118 165 2450
449714 128119 165 21
449715 128119 165 24
449716 128119 165 664
449717 128120 165 1564
449720 128122 165 1647
449721 128122 165 28715
449722 128123 165 1586
449723 128123 165 2840
449724 128123 165 2964
449738 5289 165 664
449739 128133 165 2216
449740 128133 165 425
449741 128134 165 40
449742 128134 165 1565
449743 128135 165 30031
449744 128136 165 2450
449754 128141 165 2450
449755 128141 165 30033
449762 128145 165 2450
449763 128145 165 30033
449766 128147 165 1591
449767 128147 165 18860
449768 128148 165 18840
449769 128149 165 30034
449770 128149 165 2450
449771 128149 165 30029
449774 128152 165 1647
449775 128152 165 301
449783 5988 165 1923
449784 128156 165 583
449785 128157 165 2450
449786 95892 165 1647
449787 128158 165 30036
449788 128158 165 2450
449789 128158 165 30037
449792 128160 165 18236
449794 128162 165 301
449795 128162 165 276
449796 128163 165 30033
449797 128163 165 311
449798 73762 165 311
449799 73762 165 29047
449801 128165 165 30039
449802 128165 165 1565
449805 128167 165 2993
449806 128167 165 301
449807 128168 165 39
449808 128168 165 1889
449809 128168 165 30028
449810 128169 165 24
449811 128169 165 21
449817 128172 165 2795
449821 128175 165 376
449822 128175 165 17515
449823 128176 165 652
449824 128176 165 30028
449825 128176 165 19962
449826 128177 165 3362
449827 6786 165 3015
449830 128179 165 1565
449831 128179 165 2861
449832 128180 165 21
449835 128182 165 21
449836 128183 165 2450
449837 128183 165 30029
449838 128183 165 23238
449839 128184 165 16583
449840 128184 165 583
449841 128185 165 1775
449842 128185 165 15
449843 128185 165 301
449844 128186 165 6
449848 128189 165 24
449849 128190 165 2450
449850 128190 165 39
449851 128191 165 21
449852 128191 165 2450
449853 128191 165 2477
449854 128192 165 2450
449855 128192 165 2477
449856 128192 165 30040
449857 128192 165 583
449858 128193 165 2450
449859 128193 165 39
449860 128194 165 30038
449861 128194 165 2450
449862 128194 165 23889
449863 128195 165 2795
449864 128195 165 2450
449865 128195 165 30038
449866 128196 165 16583
449871 128198 165 16583
449873 128201 165 2450
449874 128202 165 3592
449881 128205 165 2450
449885 128207 165 2450
449886 128207 165 664
449887 128207 165 30041
449895 128212 165 24
449896 128212 165 80
449897 128212 165 712
449902 128215 165 1591
449903 128216 165 342
449904 128216 165 1690
449905 128217 165 1564
449906 128218 165 2347
449908 128220 165 3362
449913 128222 165 2993
449918 128224 165 30033
449919 128224 165 583
449920 128225 165 1565
449921 128226 165 1586
449923 128229 165 376
449924 128229 165 1586
449925 128230 165 1586
449926 128230 165 30044
449931 128233 165 1924
449936 128236 165 2450
449937 128236 165 18840
449938 128237 165 2450
449939 128237 165 11474
449940 128238 165 21
449947 128242 165 1565
449948 128242 165 30026
449949 128243 165 1565
449950 128243 165 40
449953 128246 165 1591
449954 128247 165 30039
449955 128248 165 2450
449956 128248 165 24
449958 128250 165 425
449959 128250 165 583
449963 128252 165 1775
449966 128255 165 1586
449967 128255 165 44
449969 128257 165 2450
449970 128257 165 254
449971 128258 165 3362
449972 128259 165 1923
449973 128260 165 30046
449974 128260 165 21584
449976 128262 165 503
449977 128262 165 16310
449978 128262 165 2584
449979 128263 165 2450
449980 128265 165 2450
449981 128265 165 30033
449982 128266 165 2450
449983 128266 165 30033
449984 128267 165 2450
449985 128267 165 30033
449987 128269 165 30033
449990 128271 165 30033
449991 128271 165 1775
449992 128272 165 1647
449993 128272 165 1775
449994 128273 165 1565
449995 128273 165 425
449996 128273 165 583
449997 128274 165 2450
450014 128283 165 29047
450015 128283 165 1889
450021 128286 165 1586
450023 128288 165 2936
450024 128289 165 342
450025 128290 165 21
450026 128290 165 2236
450027 128291 165 342
450028 128292 165 1586
450032 128295 165 311
450033 128295 165 29047
450034 128296 165 2450
450035 128296 165 30033
450036 128297 165 2450
450037 128297 165 30033
450038 128298 165 2450
450039 128298 165 30049
450045 128302 165 29047
450046 128302 165 1565
450047 128302 165 1889
450048 128303 165 30031
450049 128303 165 23889
450050 128304 165 30035
450051 128304 165 29047
450052 128305 165 1647
450053 128305 165 301
450060 128310 165 2795
450061 128310 165 3015
450062 128311 165 39
450063 128311 165 44
450071 128316 165 1565
450072 128317 165 2450
450075 128319 165 1565
450076 128319 165 2795
450077 128319 165 3015
450078 128320 165 2450
450079 128320 165 3722
450083 128323 165 24
