513342 128375 170 1625
513346 135804 170 1565
513347 135804 170 38090
513353 18183 170 187
513354 135809 170 1625
513355 135810 170 16118
513356 135810 170 1625
513357 135810 170 25452
513361 135812 170 38092
513362 135812 170 1728
513364 3773 170 1564
513365 3773 170 638
513366 3773 170 1716
513371 135814 170 1716
513372 135814 170 4532
513373 135814 170 72
513374 135814 170 1564
513375 135815 170 1728
513376 135815 170 4486
513381 135818 170 24324
513382 135819 170 1625
513385 3921 170 16118
513386 135821 170 16118
513387 135821 170 1625
513388 78522 170 1625
513389 78522 170 16118
513390 78522 170 38093
513391 135822 170 16118
513392 135823 170 16118
513393 135823 170 1625
513394 135824 170 16118
513395 135824 170 1625
513398 135826 170 16118
513399 135826 170 1625
513402 135828 170 16118
513403 135828 170 1625
513404 135828 170 1947
513405 135829 170 1625
513406 135830 170 667
513407 135831 170 24324
513411 135833 170 1062
513413 3990 170 1062
513415 69222 170 342
513416 69222 170 523
513417 69222 170 1565
513418 69222 170 2613
513419 69222 170 1193
513420 135836 170 38095
513421 135836 170 38096
513422 2113 170 72
513423 2113 170 932
513424 2113 170 5926
513425 2113 170 318
513426 135837 170 8988
513427 135838 170 17799
513431 135841 170 1561
513432 135841 170 2155
513433 135841 170 650
513434 135842 170 1828
513435 135842 170 22605
513436 135842 170 1947
513437 135842 170 38098
513441 97671 170 3463
513442 135844 170 667
513443 135845 170 38099
513444 135846 170 469
513447 135848 170 17
513448 135848 170 24
513449 135848 170 24324
513450 97733 170 3246
513452 98739 170 1625
513453 98739 170 1565
513454 98739 170 2056
513458 135852 170 38094
513475 118801 170 38095
513476 118801 170 38096
513477 135857 170 24324
513478 135857 170 667
513479 135858 170 19330
513480 65718 170 667
513481 65718 170 31684
513483 135859 170 38102
513484 135860 170 80
513485 135860 170 38103
513486 135860 170 38104
513487 135861 170 25878
513488 135861 170 16382
513489 135861 170 5547
513490 135862 170 1193
513493 4200 170 1062
513494 98041 170 3246
513498 135864 170 1625
513505 135867 170 425
513506 135867 170 1625
513507 135868 170 1947
513508 4229 170 38105
513513 98185 170 1625
513514 98186 170 1625
513515 135870 170 342
513516 135870 170 1625
513517 69335 170 2236
513518 135871 170 503
513519 135872 170 5346
513526 135875 170 1625
513527 110526 170 38109
513528 135876 170 20025
513529 135876 170 3463
513530 135876 170 1748
513531 135876 170 1828
513532 135877 170 38110
513533 135877 170 2964
513534 135877 170 72
513540 135880 170 4654
513541 135880 170 3358
513542 135880 170 1605
513543 135880 170 38111
513545 98651 170 2152
513546 135882 170 5547
513550 4475 170 1820
513551 98688 170 2152
513555 4483 170 667
513560 98726 170 2152
513561 98740 170 1625
513562 135885 170 1625
513563 135885 170 30281
513564 135885 170 38113
513565 135885 170 6101
513566 135885 170 20025
513569 135887 170 1625
513571 135889 170 19324
513581 135894 170 1062
513582 135895 170 469
513583 135895 170 20025
513584 135895 170 2054
513585 135896 170 20025
513586 135896 170 2054
513587 135896 170 1828
513588 135896 170 469
513589 135897 170 20025
513590 135897 170 2054
513591 135897 170 618
513592 135897 170 1828
513593 69449 170 21
513594 135898 170 301
513595 135898 170 1703
513596 135898 170 3558
513597 135898 170 285
513598 135899 170 1625
513600 69458 170 21
513601 69458 170 882
513602 135901 170 477
513603 135902 170 667
513604 135903 170 24324
513606 34551 170 24
513607 135905 170 536
513608 135906 170 2450
513609 135907 170 38115
513610 135907 170 38116
513613 135909 170 3722
513617 135912 170 1828
513618 135912 170 2056
513619 135912 170 1625
513620 135913 170 2949
513623 135914 170 1947
513624 135915 170 4256
513625 135915 170 738
513626 135916 170 1193
513627 135917 170 1565
513628 135917 170 2936
513632 135921 170 38102
513634 54970 170 3240
513637 135924 170 1947
513638 135924 170 3693
513641 135927 170 4039
513642 135927 170 19324
513643 135928 170 38102
513644 135929 170 38118
513645 135929 170 16283
513646 135929 170 38119
513647 135929 170 2220
513648 135929 170 1040
513650 135930 170 29380
513651 135930 170 38120
513652 135930 170 38121
513653 135930 170 1591
513654 72676 170 21
513655 72676 170 2236
513659 135932 170 1625
513660 135933 170 635
513661 135933 170 639
513662 135933 170 996
513663 135933 170 4378
513664 135933 170 12
513665 135933 170 18284
513666 135933 170 638
513667 135933 170 24324
513668 135933 170 667
513669 135933 170 1728
513671 135934 170 38117
513673 135936 170 523
513674 135936 170 40
513675 135937 170 33623
513676 4936 170 667
513677 135938 170 3451
513679 12771 170 365
513680 12771 170 1123
513681 129628 170 6269
513687 135943 170 25002
513688 72754 170 4484
513689 72754 170 667
513695 135947 170 1625
513697 135949 170 38115
513699 135950 170 1625
513700 99878 170 1625
513703 135951 170 24915
513704 135951 170 4381
513705 135952 170 667
513706 135952 170 4484
513707 135953 170 38124
513708 135953 170 1751
513712 135957 170 1193
513713 135957 170 1742
513714 135957 170 342
513715 135957 170 523
513716 135957 170 1565
513717 72773 170 1193
513719 72775 170 2691
513720 72775 170 1625
513721 135959 170 2054
513722 135959 170 1625
513723 135959 170 1565
513724 135959 170 469
513729 135960 170 1625
513730 135961 170 1625
513731 100033 170 72
513732 100077 170 16118
513734 100124 170 2152
513735 129800 170 2428
513736 129800 170 1625
513747 127019 170 1625
513748 135963 170 19315
513754 135967 170 3531
513755 119397 170 16118
513756 119397 170 1625
513757 135968 170 1625
513762 135971 170 20025
513763 135971 170 469
513764 135971 170 1828
513765 135971 170 2052
513766 135972 170 1896
513769 135974 170 1128
513770 135975 170 1193
513771 5289 170 7944
513772 5289 170 365
513773 5289 170 664
513779 135979 170 311
513780 135979 170 16283
513781 135979 170 38118
513782 135979 170 1040
513783 135979 170 72
513784 135980 170 1773
513785 135980 170 1728
513786 135980 170 38100
513787 73112 170 1923
513788 73112 170 503
513789 73112 170 1703
513790 73112 170 40
513791 135981 170 1625
513792 135982 170 1943
513793 135982 170 503
513794 135982 170 416
513795 135982 170 90
513796 135982 170 1728
513797 135983 170 1565
513798 135983 170 1829
513799 135984 170 1625
513808 135988 170 2449
513809 135988 170 2152
513810 135988 170 1625
513811 135989 170 1625
513812 135990 170 48
513813 135990 170 1564
513814 135990 170 503
513815 135991 170 40
513816 135991 170 15248
513817 135991 170 72
513818 135992 170 1625
513819 1290 170 1947
513820 2995 170 24324
513832 5566 170 425
513833 135994 170 80
513836 135996 170 1062
513838 135998 170 38094
513839 135999 170 16797
513840 135999 170 2056
513841 135999 170 2709
513842 136000 170 276
513843 136000 170 369
513844 136000 170 72
513845 136000 170 44
513848 136003 170 1628
513849 136003 170 1728
513850 136004 170 25499
513851 136004 170 3531
513852 136004 170 503
513860 136007 170 20025
513861 136007 170 469
513862 136007 170 1828
513863 136008 170 21
513864 119680 170 1123
513865 136009 170 1781
513866 136009 170 1062
513869 136011 170 1062
513872 136013 170 38127
513873 136013 170 1062
513874 136013 170 996
513876 136015 170 869
513877 136015 170 667
513878 136016 170 1788
513879 136016 170 38128
513880 136016 170 27610
513881 136016 170 1714
513882 136017 170 3141
513883 136017 170 1561
513884 136017 170 1564
513885 136017 170 28054
513886 136018 170 6269
513887 136019 170 9828
513888 136020 170 3139
513889 136021 170 1062
513890 136021 170 401
513891 136021 170 38127
513892 136021 170 38129
513893 136021 170 1710
513894 106987 170 667
513895 73192 170 38130
513896 73192 170 19071
513897 73192 170 1883
513898 73192 170 1808
513899 73192 170 38131
513900 136022 170 3531
513901 136023 170 342
513902 136023 170 1947
513903 3309 170 285
513904 136024 170 869
513905 136024 170 15560
513906 136024 170 3593
513907 136025 170 16118
513908 136025 170 1625
513909 136025 170 2054
513910 136026 170 1625
513913 136028 170 1193
513914 136029 170 1625
513916 136031 170 667
513917 104970 170 2332
513920 136033 170 21
513925 136035 170 1625
513926 136036 170 38132
513927 136036 170 523
513928 69926 170 1123
513929 69926 170 72
513930 69926 170 3231
513932 105014 170 38094
513933 136038 170 3246
513934 136039 170 3246
513935 136039 170 441
513936 136040 170 2152
513937 136040 170 3246
513938 118228 170 503
513939 118228 170 2152
513951 136046 170 20025
513952 136046 170 1828
513953 136046 170 469
513962 136049 170 2056
513963 136049 170 667
513965 136051 170 72
513967 136053 170 477
513971 95944 170 38094
513972 136055 170 6269
513975 136057 170 311
513976 136058 170 1193
513979 136061 170 40
513981 136063 170 38135
513982 136063 170 38136
513983 136063 170 17779
513984 136063 170 4392
513985 120024 170 667
513986 136064 170 19330
513987 136065 170 311
513988 136066 170 1625
513989 136067 170 5547
513990 136067 170 6824
513991 136067 170 19324
513992 136067 170 667
513995 117230 170 1561
513996 117230 170 1303
514004 136071 170 536
514005 136071 170 18646
514006 136071 170 24
514007 136071 170 503
514008 136071 170 2332
514009 136071 170 3383
514010 136071 170 1732
514011 136072 170 1625
514012 136072 170 38101
514013 136073 170 1828
514014 75969 170 72
514015 75969 170 638
514016 75969 170 15274
514017 136074 170 503
514018 866 170 667
514019 120055 170 1565
514031 35692 170 17492
514032 35692 170 9829
514033 35692 170 1582
514034 136076 170 1625
514035 136077 170 1728
514036 136077 170 523
514038 136079 170 25002
514039 136080 170 5346
514040 136081 170 1062
514045 136085 170 2056
514046 136085 170 1565
514047 136085 170 1625
514049 136087 170 1625
514051 25681 170 17713
514057 6586 170 1062
514058 136092 170 1625
514059 136092 170 3463
514060 136092 170 1582
514061 136092 170 25759
514062 136092 170 38137
514063 23863 170 2156
514067 6637 170 20025
514068 6637 170 2152
514069 6637 170 425
514070 6637 170 19536
514071 6638 170 20025
514072 136094 170 6269
514073 136095 170 3722
514078 97326 170 16118
514082 136100 170 1728
514083 136101 170 523
514084 136101 170 72
514085 136102 170 1625
514086 136102 170 342
514087 136102 170 1742
514088 136103 170 536
514089 136103 170 667
514090 136104 170 5347
514091 136105 170 15891
514092 136105 170 2332
514093 136106 170 44
514094 136106 170 72
514095 136106 170 90
514096 6794 170 667
514097 6801 170 667
514098 136107 170 1123
514099 136107 170 72
514100 136107 170 1781
514101 136108 170 11864
514105 105238 170 667
514106 105238 170 3240
514107 136110 170 3531
514108 136111 170 25499
514109 136111 170 3531
514110 136112 170 16118
514115 136114 170 38139
514120 136117 170 2161
514121 136117 170 1625
514122 136118 170 1625
514123 136118 170 29489
514125 136120 170 285
514126 136120 170 301
514127 136120 170 667
514129 75658 170 2152
514130 136121 170 38101
514131 136121 170 1625
514132 131673 170 38101
514133 131673 170 1625
514135 136123 170 38101
514136 136124 170 1572
514137 136124 170 2054
514138 136124 170 1828
514139 136124 170 469
514140 136125 170 469
514141 136125 170 618
514142 136125 170 1565
514143 136125 170 22605
514144 136126 170 2332
514145 136126 170 18284
514146 136127 170 1625
514147 136128 170 1828
514148 136128 170 2056
514149 136128 170 1565
514150 136128 170 4
514151 136128 170 469
514152 136128 170 23338
514153 136129 170 1625
514155 136131 170 1625
514156 136131 170 38101
514157 136131 170 29489
514158 136132 170 3246
514159 136133 170 1062
514161 136135 170 1625
514163 7032 170 2152
514164 7032 170 2691
514170 136138 170 2332
514177 136140 170 28729
514178 136140 170 38096
514179 7099 170 474
514180 7099 170 72
514181 70293 170 667
514182 79907 170 3139
514183 79907 170 21
514186 136143 170 38094
514187 136144 170 38140
514188 136145 170 1625
514189 136145 170 469
514190 136146 170 1193
514191 136146 170 38102
514192 136146 170 1564
514193 136146 170 667
514194 136146 170 1565
514195 7193 170 3510
514196 136147 170 2236
514197 136148 170 2236
514199 136150 170 16118
514200 136150 170 1625
514201 136151 170 1625
514204 7263 170 18646
514205 16465 170 4256
514206 16465 170 1123
514208 136155 170 21
514212 6283 170 477
514213 74145 170 72
514214 74145 170 2723
514215 74145 170 3779
514216 74145 170 2970
514217 74145 170 2152
514225 136160 170 2691
514227 105418 170 1193
514232 7313 170 21
514235 7320 170 667
514236 136164 170 1605
514237 136164 170 365
514238 136164 170 38141
514239 68446 170 24
514240 68446 170 583
514241 68446 170 18284
514242 136165 170 1625
514243 136165 170 29489
514244 136166 170 25064
514248 136169 170 1625
514249 136170 170 20961
514250 136170 170 72
514251 136170 170 311
514252 136170 170 469
514253 136171 170 15994
514254 136171 170 311
514260 136174 170 24
514261 136174 170 3527
514263 70373 170 1193
514264 70373 170 1742
514265 70373 170 2613
514266 70373 170 342
514267 70373 170 523
514269 136177 170 650
514270 136177 170 38142
514271 136177 170 503
514272 136177 170 25583
514273 136177 170 16583
514275 136179 170 24324
514276 136180 170 24324
514277 68511 170 2332
514285 136183 170 21
514286 136184 170 2152
514296 136190 170 38094
514304 136194 170 3451
514305 136195 170 38143
514309 136197 170 647
514314 136199 170 10520
514326 136203 170 2152
514327 136203 170 2063
514328 127469 170 2152
514329 127469 170 334
514340 79997 170 307
514341 79997 170 7895
514342 79997 170 72
514345 27381 170 1267
514346 136206 170 667
514347 136206 170 6207
514348 136207 170 2691
514349 136208 170 1123
514350 136209 170 9591
514351 136209 170 19330
514352 136209 170 2415
514354 136211 170 425
514355 136211 170 3510
514361 136214 170 1565
514362 136214 170 25387
514363 136214 170 469
514364 136214 170 2054
514366 354 170 999
514367 354 170 44
514370 68728 170 536
514378 136219 170 11474
514379 136219 170 503
514380 136219 170 39
514381 136220 170 1625
514382 136221 170 29489
514383 136221 170 1584
514384 136221 170 3487
514385 136221 170 1625
514386 136222 170 2052
514387 136222 170 1625
514389 136224 170 3451
514393 136227 170 38094
514395 136229 170 16118
514404 136234 170 38096
514405 136234 170 2313
514410 136237 170 1625
514412 136239 170 1828
514413 136239 170 38146
514419 136241 170 38129
514420 136242 170 16118
514421 136243 170 38096
514422 96305 170 2152
514423 136244 170 3311
514424 136244 170 2949
514425 136245 170 21
514426 136246 170 38147
514430 136249 170 2152
514436 24351 170 667
514438 136254 170 5346
514440 136256 170 20025
514441 136256 170 1828
514442 136256 170 618
514443 136257 170 3337
514444 136258 170 1625
514446 105619 170 1625
514454 136263 170 996
514455 136263 170 1624
514456 136264 170 2525
514457 136265 170 1625
514458 136266 170 2691
514461 136267 170 2276
514462 26700 170 29
514463 136268 170 38096
514464 136268 170 2161
514465 136268 170 1193
514469 136270 170 2152
514472 136272 170 16118
514473 136273 170 3198
514474 136273 170 1947
514481 136279 170 7944
514482 136279 170 4
514483 136279 170 667
514484 136279 170 334
514486 136281 170 24324
514491 136286 170 16118
514493 136288 170 1625
514494 136288 170 16118
514495 136288 170 25452
514496 136289 170 982
514497 136289 170 5
514498 136289 170 21
514499 136289 170 2236
514511 136295 170 1828
514512 136295 170 469
514513 136295 170 20025
514514 136295 170 2054
514515 121006 170 1820
514516 121006 170 1728
514517 121006 170 1794
514518 121006 170 2242
514524 136298 170 38149
514525 76191 170 583
514526 76191 170 19564
514531 136300 170 2054
514532 136300 170 1828
514533 136300 170 1625
514534 136301 170 342
514535 136301 170 1625
514536 78835 170 2449
514540 136304 170 3294
514541 136304 170 1565
514542 136305 170 1625
514549 136307 170 12456
514550 136307 170 301
514551 136307 170 285
514552 136308 170 2152
514553 136309 170 469
514554 136309 170 20025
514555 136309 170 2054
514556 136309 170 1828
514558 136310 170 1123
514559 136310 170 72
514560 136310 170 1707
514561 136310 170 365
514562 136310 170 40
514563 136311 170 20025
514564 136311 170 1625
514565 136311 170 2054
514566 136312 170 1605
514571 136315 170 1625
514572 136315 170 38151
514573 136315 170 29489
514576 136318 170 44
514577 136318 170 1123
514578 136318 170 2647
514579 136319 170 2056
514580 136319 170 1565
514581 136319 170 1947
514583 136321 170 38115
514589 136326 170 1625
514590 136326 170 425
514591 136327 170 1625
514592 74601 170 667
514593 136328 170 1625
514594 136329 170 20025
514595 136329 170 1828
514596 136329 170 469
514597 136330 170 1717
514598 136330 170 29
514599 136331 170 1625
514600 136331 170 1828
514603 136334 170 311
514604 136334 170 2056
514605 136334 170 37137
514606 136335 170 25215
514607 136335 170 1728
514608 136336 170 20025
514609 136336 170 1625
514612 136339 170 3760
514615 136342 170 72
514616 136342 170 503
514619 136344 170 647
514620 136344 170 342
514621 136344 170 38094
514625 136347 170 24
514626 136347 170 17
514627 136347 170 4378
514628 136347 170 12
514629 136347 170 9829
514630 136348 170 6269
514631 136349 170 1625
514632 136350 170 1565
514633 136350 170 1625
514636 136353 170 16118
514637 136353 170 1625
514638 136353 170 507
514641 136356 170 11864
514642 136356 170 2236
514643 136357 170 2236
514644 136357 170 11864
514645 136357 170 14140
514646 136357 170 72
514647 136357 170 1781
514651 136359 170 2276
514655 136361 170 1828
514656 136361 170 20025
514657 136361 170 469
514658 136361 170 2054
514659 136362 170 20025
514660 136362 170 1828
514661 136362 170 618
514662 136363 170 667
514663 136364 170 1565
514664 136364 170 2959
514667 22351 170 301
514668 22351 170 285
514669 22351 170 1406
514670 136366 170 1947
514671 136367 170 1625
514672 136368 170 38152
514673 136368 170 425
514674 136368 170 21022
514675 136369 170 1565
514676 136369 170 38096
514677 136370 170 583
514678 136370 170 72
514679 136370 170 789
514680 136370 170 4
514681 136371 170 1625
514683 136373 170 643
514684 136373 170 2114
514685 136373 170 2056
514686 136373 170 72
514687 136373 170 4
514688 136373 170 38153
514689 136373 170 1796
514690 136374 170 1062
514691 136375 170 507
514692 136375 170 29
514698 136379 170 1062
514700 105913 170 1062
514704 136382 170 1625
514705 136382 170 16118
514706 136383 170 38115
514708 136385 170 3706
514709 136385 170 30141
514710 136385 170 2359
514711 136386 170 11996
514713 136388 170 667
514719 136393 170 19324
514720 93048 170 1773
514728 136395 170 38095
514729 136395 170 38094
514730 136395 170 523
514731 136395 170 342
514732 136395 170 2092
514733 136395 170 16907
514734 136395 170 1565
514736 136397 170 3246
514737 136397 170 2152
514738 121399 170 40
514739 121399 170 1565
514740 121399 170 2056
514741 136398 170 667
514742 136399 170 38102
514743 136400 170 1119
514744 136400 170 650
514745 136400 170 4
514749 32583 170 5346
514750 75835 170 996
514754 136403 170 38154
514757 136405 170 2274
514758 136405 170 503
514759 136406 170 38105
514762 136408 170 1625
514763 136408 170 2691
514764 136409 170 19339
514767 136412 170 16118
514769 136414 170 1062
514770 136415 170 2691
514774 136418 170 1625
514775 136418 170 19947
514776 136419 170 2236
514777 136419 170 311
514778 136419 170 80
514779 136419 170 667
514780 136419 170 4
514781 136419 170 2647
514783 136421 170 1625
514784 99579 170 38105
514785 136422 170 1625
514789 136423 170 1828
514790 136424 170 1625
514791 136424 170 16118
514792 136425 170 3246
514793 136426 170 1723
514794 136426 170 1191
514795 136426 170 38155
514796 136426 170 1062
514797 136426 170 401
514799 136428 170 38102
514814 136435 170 1572
514815 136435 170 1625
514819 136439 170 38156
514820 136440 170 1625
514829 35810 170 3141
514830 35810 170 1563
514831 35810 170 1561
514832 136442 170 38115
514833 136442 170 2052
514834 136443 170 32143
514835 136444 170 1625
514836 136444 170 20025
514837 136445 170 38157
514838 136445 170 72
514839 136445 170 583
514840 136445 170 477
514842 136446 170 2476
514843 136447 170 38100
514844 136448 170 3722
514845 136448 170 536
514854 136450 170 21
514857 136452 170 3246
514858 136452 170 2236
514859 136452 170 2152
514860 125907 170 1794
514861 125907 170 3531
514862 136453 170 342
514863 136453 170 1625
514864 111441 170 477
514865 111441 170 2236
514866 96733 170 72
514867 96733 170 3246
514868 96733 170 2152
514869 136454 170 2691
514874 128290 170 2236
514875 136456 170 2152
514876 136457 170 2236
514877 136457 170 11737
514878 136458 170 1193
514880 136460 170 3463
514881 136460 170 2056
514882 136461 170 38115
514883 136462 170 1625
514884 136462 170 20025
514885 136463 170 125
514886 136464 170 2052
514887 136465 170 1625
514888 136466 170 24324
514889 136467 170 5346
514891 136469 170 1625
514894 136472 170 1828
514895 136472 170 38146
514896 136473 170 16118
514897 136474 170 3246
514898 136474 170 2063
514899 136474 170 2158
514900 136475 170 20025
514901 136475 170 469
514902 136475 170 38160
514903 136475 170 38161
514904 136475 170 38162
514907 136478 170 1193
514910 136480 170 1193
514911 136480 170 138
514916 75863 170 1274
514917 75863 170 285
514923 136485 170 1062
514924 136485 170 2278
514925 136486 170 24324
514926 136487 170 1796
514927 136487 170 72
514928 136487 170 38164
514929 136488 170 996
514930 136489 170 1123
514931 136490 170 1947
514932 136491 170 1625
514935 136493 170 22605
514936 136493 170 2056
514937 136493 170 32672
514938 136493 170 15620
514939 136493 170 15892
514940 136494 170 40
514941 136494 170 635
514942 136494 170 667
514949 136498 170 21
514957 136501 170 5346
514960 136503 170 311
514961 136503 170 6618
514962 136504 170 1947
514964 111489 170 2236
514965 111489 170 21
514967 136507 170 38166
514970 80269 170 2161
514971 80269 170 374
514972 80269 170 301
514978 106110 170 1628
514979 136512 170 301
514980 136512 170 285
514982 136514 170 6101
514983 136514 170 1625
514984 136514 170 20025
514985 136514 170 2054
514987 136516 170 1625
514990 136518 170 38094
514993 136520 170 667
514994 136520 170 4
514995 136520 170 5021
514996 136520 170 318
514998 136522 170 667
514999 136522 170 15892
515000 136522 170 5420
515001 136522 170 2056
515002 136522 170 298
515003 136523 170 2691
515004 136524 170 13962
515005 136525 170 38167
515006 136526 170 2691
515007 69048 170 2691
515008 136527 170 3246
515009 136527 170 2158
515010 136527 170 2152
515011 136528 170 19339
515012 136528 170 37905
515013 136529 170 6269
515014 136529 170 1193
515015 136530 170 25563
515016 136531 170 2086
515017 136531 170 72
515018 136531 170 285
515023 136533 170 3463
515028 136537 170 1625
515029 136538 170 667
515030 84265 170 25002
515031 136539 170 1193
515032 136539 170 3198
515035 136542 170 1703
515036 136542 170 40
515037 136542 170 2056
515038 136543 170 38097
515039 3156 170 563
515040 3156 170 667
515041 3156 170 286
515042 108554 170 38102
515043 71400 170 38094
515044 136544 170 22605
515045 136544 170 2861
515046 136544 170 1627
515047 95290 170 3463
515048 136545 170 17799
515050 136547 170 996
515057 73122 170 1625
515058 73122 170 1773
515059 136552 170 38102
515062 136554 170 1193
515063 136554 170 38096
515064 136554 170 125
515065 136554 170 647
515067 108589 170 40
515068 108589 170 536
515069 108589 170 17492
515070 108589 170 503
515071 136556 170 2691
515078 136561 170 425
515079 136562 170 21836
515080 136562 170 1625
515090 28612 170 21
515100 136568 170 2205
515101 71474 170 1625
515102 98589 170 38105
515103 136569 170 1896
515108 136572 170 25215
515110 136574 170 2276
515111 118400 170 1625
515112 118400 170 2691
515113 136575 170 1828
515114 136575 170 1572
515115 136575 170 2054
515116 136575 170 469
515117 108655 170 477
515118 108655 170 2236
515119 106239 170 19343
515120 136576 170 19330
515121 136576 170 1703
515122 136576 170 1728
515123 136577 170 20025
515124 136577 170 1828
515125 136577 170 618
515126 136577 170 2054
515127 136578 170 6269
515131 136581 170 20025
515132 136581 170 618
515133 136582 170 1124
515134 136582 170 1564
515135 136582 170 38170
515139 136584 170 2152
515140 136585 170 425
515143 121917 170 38171
515147 136590 170 1123
515148 136590 170 72
515149 136590 170 926
515151 136592 170 1123
515152 136593 170 365
515153 136593 170 638
515154 136593 170 1123
515155 136593 170 72
515156 136594 170 16118
515157 136595 170 15892
515158 136595 170 1193
515159 136595 170 38172
515167 136600 170 507
515168 136600 170 1896
515169 136600 170 3462
515170 136601 170 17799
515171 136601 170 172
515175 136604 170 667
515176 136604 170 425
515187 79022 170 1625
515188 136609 170 38127
515189 136610 170 29
515190 136611 170 583
