575356 147911 186 1162
575357 147911 186 125
575358 147911 186 3
575363 147913 186 458
575364 147913 186 6384
575365 147913 186 1740
575366 147913 186 828
575367 147913 186 6083
575369 147915 186 41066
575370 147915 186 41067
575371 147916 186 187
575373 3835 186 734
575374 3835 186 369
575375 3835 186 285
575376 132027 186 1138
575377 132027 186 1133
575378 147918 186 7263
575379 147918 186 10013
575382 3857 186 635
575383 3857 186 125
575384 3857 186 637
575385 88787 186 869
575386 88787 186 146
575391 147922 186 1007
575392 147922 186 41069
575393 147923 186 41069
575394 147923 186 7400
575395 11523 186 2610
575396 11523 186 311
575397 147924 186 7149
575398 147924 186 41070
575399 11538 186 4068
575400 11538 186 1239
575401 11538 186 311
575405 147927 186 798
575406 147927 186 17900
575407 147927 186 388
575408 147928 186 798
575409 147928 186 17900
575410 147928 186 388
575424 147932 186 221
575425 147932 186 4896
575426 147932 186 11
575427 147932 186 35993
575435 147934 186 128
575441 147937 186 15099
575442 147937 186 311
575443 147937 186 1162
575447 147940 186 668
575448 147940 186 90
575457 147944 186 125
575458 147944 186 29
575459 147945 186 294
575460 147945 186 41075
575461 147945 186 1034
575463 114286 186 29
575464 114286 186 72
575465 147946 186 29
575466 147946 186 41076
575472 147948 186 1565
575473 147948 186 23812
575474 147948 186 2217
575475 147949 186 1554
575476 147950 186 828
575477 147950 186 1738
575478 147951 186 698
575479 147952 186 125
575480 147952 186 1565
575481 147953 186 21
575482 147953 186 125
575483 147954 186 125
575484 147954 186 1119
575492 147957 186 4552
575493 147957 186 5306
575494 147957 186 41077
575498 147960 186 941
575499 147960 186 125
575502 4293 186 125
575503 4293 186 21
575513 147965 186 1740
575514 147965 186 72
575515 147965 186 1738
575516 147965 186 388
575517 147965 186 1056
575522 36405 186 668
575523 36405 186 1740
575524 36405 186 2140
575525 147967 186 4129
575526 147967 186 7496
575527 147967 186 1738
575528 147968 186 41079
575529 147969 186 4727
575530 69364 186 125
575531 69364 186 2709
575532 69364 186 1565
575533 8395 186 318
575534 8395 186 1128
575535 147970 186 11
575536 147970 186 301
575537 147970 186 3
575538 147970 186 1162
575539 147970 186 302
575540 147970 186 4307
575545 147972 186 869
575549 147974 186 125
575550 147974 186 1239
575551 147974 186 92
575552 147975 186 125
575553 147976 186 7149
575554 147976 186 4551
575555 147976 186 869
575557 147978 186 4551
575558 147978 186 1239
575559 147978 186 41080
575568 19303 186 1049
575569 19303 186 125
575571 147982 186 318
575572 147982 186 15
575573 147983 186 125
575574 147983 186 21
575577 147985 186 1775
575579 19367 186 125
575585 147989 186 869
575586 147990 186 2707
575587 147990 186 41079
575588 147991 186 125
575589 147991 186 254
575591 147992 186 523
575596 147995 186 19756
575602 147999 186 138
575608 148002 186 4462
575609 148002 186 1554
575610 148003 186 11011
575611 148003 186 311
575612 4704 186 1867
575613 148004 186 1244
575614 148004 186 518
575615 148004 186 941
575616 148004 186 41083
575617 148005 186 941
575618 148005 186 41083
575619 148005 186 518
575620 148005 186 1244
575621 148005 186 4
575622 148005 186 1056
575623 148005 186 367
575624 87946 186 125
575625 87946 186 1119
575628 148007 186 1244
575629 148007 186 41084
575630 99599 186 72
575631 99599 186 1554
575632 148008 186 125
575633 148008 186 1052
575634 148009 186 1723
575635 148009 186 20844
575639 148012 186 1565
575640 148012 186 1559
575641 148012 186 1239
575642 148013 186 33931
575643 148013 186 138
575646 1140 186 1119
575647 148015 186 125
575658 148018 186 1138
575659 148018 186 1133
575660 148019 186 1751
575661 148019 186 1034
575677 43490 186 125
575678 43490 186 254
575679 43490 186 44
575683 148028 186 125
575684 148028 186 2709
575687 148030 186 1138
575688 148030 186 18639
575689 148030 186 1133
575690 148030 186 828
575691 148031 186 1867
575692 148031 186 2338
575697 12973 186 125
575698 12973 186 1239
575699 12973 186 23455
575700 65127 186 125
575701 65127 186 1565
575702 65127 186 16907
575703 148033 186 7149
575704 148033 186 41087
575705 148034 186 125
575706 148034 186 1565
575707 148034 186 2936
575708 148035 186 18639
575709 66682 186 699
575710 66682 186 2100
575711 13969 186 125
575712 148036 186 125
575713 148036 186 7232
575714 148036 186 734
575715 15644 186 41088
575716 15644 186 4356
575718 13079 186 23455
575719 13079 186 4417
575720 148038 186 125
575721 148038 186 254
575722 148038 186 2709
575723 148039 186 359
575724 148039 186 4356
575729 148040 186 1867
575731 5265 186 523
575732 5265 186 39
575733 5265 186 3
575746 66839 186 2891
575747 66839 186 1611
575748 66839 186 301
575757 148046 186 19756
575758 148046 186 41089
575759 148047 186 311
575760 148047 186 1239
575761 148048 186 1239
575762 148048 186 311
575763 13404 186 4657
575764 13404 186 1239
575765 13404 186 125
575766 148049 186 7149
575767 148049 186 1034
575768 23483 186 20130
575769 23483 186 4371
575770 148050 186 4633
575771 148050 186 1565
575772 148050 186 4587
575773 148051 186 125
575774 148051 186 15791
575775 148052 186 125
575776 148052 186 21
575778 148054 186 869
575779 148054 186 41090
575780 1290 186 1565
575781 1290 186 2709
575782 1290 186 1119
575784 148056 186 125
575790 148058 186 6037
575791 148058 186 18639
575792 148058 186 1738
575795 67000 186 1723
575796 67000 186 1191
575797 148060 186 7302
575798 148060 186 388
575800 148062 186 388
575801 148063 186 138
575802 148063 186 33931
575803 148064 186 941
575804 148064 186 125
575805 148064 186 1244
575817 148067 186 4129
575818 148067 186 7496
575819 148067 186 1738
575820 77742 186 869
575821 77742 186 4436
575822 148068 186 125
575823 148069 186 285
575826 145971 186 125
575827 26700 186 29
575828 26700 186 813
575829 148070 186 41068
575830 148070 186 41085
575831 148070 186 24908
575832 148071 186 7149
575833 148071 186 41087
575834 148072 186 4727
575835 148072 186 1739
575836 148072 186 285
575839 148074 186 20496
575840 136015 186 869
575846 13846 186 1239
575847 148077 186 7149
575848 148077 186 869
575849 148078 186 125
575850 148078 186 254
575851 5971 186 2855
575852 5971 186 11
575861 148082 186 125
575864 148084 186 125
575865 148084 186 1239
575866 148085 186 125
575867 148085 186 869
575870 148086 186 1554
575871 148086 186 4027
575872 148087 186 307
575873 148087 186 1554
575874 148087 186 4027
575877 148089 186 285
575878 148090 186 41093
575879 148091 186 125
575880 148091 186 1565
575887 148093 186 125
575888 148093 186 1119
575889 148093 186 254
575890 2175 186 698
575891 2175 186 276
575895 34835 186 276
575896 34835 186 125
575903 148095 186 1897
575904 148095 186 1795
575905 148095 186 276
575908 148097 186 1138
575909 148097 186 18639
575910 148098 186 1138
575911 148098 186 1133
575912 148098 186 1738
575913 148098 186 4577
575914 148098 186 2705
575915 148098 186 369
575916 148098 186 41094
575917 148099 186 7149
575918 148099 186 20745
575919 21389 186 1383
575920 21389 186 125
575921 148100 186 125
575922 148101 186 869
575923 148102 186 21
575924 14316 186 668
575925 14316 186 1738
575926 148103 186 1133
575927 148103 186 1138
575928 148103 186 1058
575929 148103 186 285
575932 148105 186 41095
575933 148105 186 41075
575934 148105 186 1034
575936 148107 186 1267
575937 148107 186 1565
575939 148109 186 1554
575940 148109 186 869
575941 148110 186 15195
575942 148110 186 311
575943 107135 186 1565
575944 107135 186 125
575945 94833 186 4030
575948 148112 186 869
575949 148112 186 4642
575950 148112 186 1178
575953 75969 186 72
575954 75969 186 4
575955 75969 186 39
575959 148114 186 7232
575960 148114 186 388
575961 148114 186 72
575964 148116 186 734
575965 148116 186 41096
575968 148118 186 19762
575969 148118 186 638
575971 148120 186 734
575972 148120 186 1007
575988 148126 186 7017
575989 148126 186 8867
575990 148126 186 18639
575993 148128 186 72
575994 148128 186 18398
576003 148133 186 216
576007 64485 186 2331
576008 148136 186 138
576009 148136 186 33931
576010 148137 186 2217
576011 148137 186 21
576012 148137 186 311
576013 148138 186 1138
576020 148140 186 41068
576021 148141 186 41068
576022 148141 186 29
576038 148146 186 1138
576041 148147 186 941
576042 68035 186 125
576043 68035 186 1119
576046 10961 186 4129
576047 10961 186 11
576055 148151 186 664
576056 148151 186 72
576057 148151 186 4
576058 148151 186 2220
576061 148154 186 125
576062 148154 186 1565
576063 148155 186 125
576064 148155 186 1119
576065 148155 186 4727
576066 148155 186 41098
576067 131848 186 125
576068 148156 186 1182
576069 148157 186 125
576070 148157 186 1119
576071 148157 186 388
576072 148158 186 10472
576073 34973 186 125
576076 148160 186 125
576077 138127 186 125
576078 122555 186 146
576079 122555 186 4140
576080 122555 186 1106
576084 148162 186 125
576085 148162 186 2709
576088 16415 186 125
576089 16415 186 1119
576090 1528 186 21
576091 1528 186 146
576092 148164 186 125
576093 16425 186 125
576094 16425 186 637
576098 148166 186 20496
576099 148166 186 4068
576104 70318 186 21
576105 70318 186 4737
576106 70318 186 92
576107 125659 186 4050
576108 125659 186 4027
576109 125659 186 311
576110 125659 186 17025
576111 125659 186 4068
576112 125659 186 20496
576124 148172 186 41087
576125 148172 186 311
576126 148172 186 4068
576127 148172 186 4030
576128 148173 186 125
576129 148173 186 1690
576130 148173 186 1053
576132 68337 186 125
576133 68337 186 11
576134 68337 186 1058
576135 68337 186 1138
576143 148178 186 3394
576144 148178 186 6737
576147 148180 186 4896
576148 148180 186 221
576149 148180 186 188
576150 148181 186 7232
576151 148181 186 1138
576153 148182 186 125
576155 7322 186 29
576156 7322 186 276
576157 148183 186 668
576159 68471 186 125
576160 68471 186 276
576161 68471 186 1119
576162 148185 186 125
576163 148185 186 1565
576164 148185 186 16907
576165 148186 186 125
576166 148186 186 21
576177 107547 186 523
576178 148188 186 1049
576179 148188 186 138
576180 148188 186 17025
576181 148188 186 1267
576184 148190 186 3394
576186 148192 186 4641
576187 148192 186 5020
576188 148192 186 2990
576189 148193 186 388
576190 148194 186 1058
576191 148194 186 388
576192 148194 186 1534
576193 148195 186 388
576194 148195 186 2441
576197 148197 186 388
576204 148200 186 41100
576205 148200 186 1554
576206 148200 186 41079
576207 148201 186 125
576208 148201 186 1239
576209 148201 186 1049
576210 148201 186 23455
576211 148202 186 941
576212 148202 186 125
576213 148203 186 125
576214 148203 186 1119
576215 148204 186 20221
576216 148205 186 1690
576217 148205 186 1907
576218 148205 186 1239
576219 148206 186 11474
576220 148206 186 8048
576221 148207 186 20496
576222 148207 186 1239
576223 148207 186 4068
576224 148207 186 17025
576225 148208 186 1239
576226 148208 186 23455
576227 148208 186 17025
576228 148209 186 125
576229 148209 186 1244
576230 148209 186 941
576231 148209 186 1704
576232 148210 186 125
576233 148210 186 1244
576235 148212 186 1244
576236 148212 186 941
576237 148212 186 1239
576238 148212 186 41101
576239 58821 186 6128
576240 58821 186 26678
576242 124460 186 960
576243 148214 186 1267
576244 148214 186 4737
576245 148214 186 92
576246 148215 186 1138
576247 148215 186 638
576248 148215 186 734
576249 148215 186 7232
576250 148215 186 7290
576251 148215 186 1136
576252 148215 186 20221
576253 148215 186 748
576254 148215 186 7546
576259 148218 186 2140
576260 148218 186 307
576267 148220 186 41091
576268 148221 186 1119
576269 148221 186 4027
576270 74470 186 388
576271 29499 186 285
576272 148222 186 1239
576273 148222 186 15195
576274 148222 186 311
576287 2795 186 1267
576288 2795 186 1239
576296 111441 186 21
576300 148229 186 21584
576301 148230 186 523
576302 148230 186 4633
576303 148231 186 1239
576306 24290 186 4633
576314 7870 186 4030
576324 148240 186 1239
576325 148240 186 523
576326 148240 186 2729
576329 148242 186 1239
576330 148242 186 15791
576331 148242 186 873
576344 148247 186 41101
576345 148247 186 1244
576346 148247 186 367
576347 148248 186 41067
576350 68884 186 125
576351 68884 186 1119
576354 70538 186 125
576355 70538 186 21
576356 148249 186 311
576357 148249 186 1239
576358 148249 186 4068
576359 68927 186 125
576360 148250 186 668
576361 16780 186 1133
576362 16780 186 1138
576363 148251 186 285
576364 148251 186 1738
576365 148251 186 11
576372 107719 186 1565
576373 107719 186 1559
576380 148255 186 518
576381 148255 186 828
576382 148256 186 125
576383 148256 186 1565
576384 148257 186 8499
576385 148257 186 10013
576386 148257 186 64
576387 148257 186 41107
576390 148259 186 7806
576391 148259 186 1740
576404 148265 186 307
576405 107781 186 125
576406 107781 186 1119
576410 55806 186 734
576411 55806 186 1007
576412 148268 186 388
576413 148268 186 1007
576414 148268 186 1740
576415 148269 186 1007
576416 148269 186 13271
576417 9944 186 125
576418 9944 186 29
576419 148270 186 125
576420 148270 186 1453
576421 148271 186 1138
576423 148272 186 1170
576424 148273 186 1170
576429 148275 186 125
576430 148275 186 2709
576431 148276 186 1049
576432 148276 186 1239
576433 148276 186 125
576434 148276 186 17025
576439 35200 186 1034
576440 35200 186 21
576441 35200 186 7149
576442 148278 186 4371
576443 148278 186 734
576444 148279 186 3
576445 148279 186 128
576446 148279 186 1896
576454 148282 186 41111
576455 148283 186 1267
576456 148283 186 92
576457 148283 186 1704
576458 148283 186 4027
576467 148285 186 31993
576468 148286 186 1007
576469 148286 186 1138
576470 148287 186 223
576471 148287 186 1138
576472 148287 186 77
576475 148289 186 7546
576476 148289 186 1138
576477 148289 186 1611
576487 148293 186 125
576488 148293 186 1138
576492 65552 186 125
576493 148295 186 41085
576494 148295 186 41068
576495 148295 186 331
576500 148296 186 125
576501 148296 186 1565
576505 148299 186 20844
576506 148300 186 1239
576507 148300 186 17025
576508 148301 186 1446
576509 148302 186 41089
576511 148304 186 18639
576512 148305 186 18639
576513 148306 186 2290
576514 148306 186 4329
576515 148307 186 41112
576516 148308 186 29
576517 148309 186 8820
576518 148309 186 17025
576519 148309 186 311
576520 148309 186 1239
576521 148309 186 41113
576522 148310 186 125
576523 148310 186 1119
576526 148313 186 125
576527 148314 186 76
576528 148314 186 1170
576538 148317 186 1133
576539 148317 186 1138
576540 148318 186 1133
576555 148322 186 125
576556 148323 186 125
576557 148323 186 2709
576562 147594 186 10321
576563 87195 186 125
576568 148328 186 15195
576569 88507 186 125
576570 88507 186 1119
576571 27935 186 125
576579 148330 186 1138
576580 148330 186 41115
576583 148332 186 125
576584 1829 186 1119
576585 1829 186 104
576589 148334 186 4642
576590 148334 186 869
576591 148334 186 1287
576601 148339 186 2525
576602 148339 186 41117
576603 148340 186 4129
576604 148340 186 2702
576605 148340 186 7496
576606 148341 186 20130
576612 148343 186 25726
576613 148343 186 1231
576614 148343 186 4417
576615 148343 186 869
576616 148344 186 25726
576617 148344 186 125
576618 148344 186 1231
576622 148346 186 125
576623 148346 186 1239
576624 148346 186 23455
576625 148346 186 4068
576626 148347 186 125
576627 32555 186 276
576628 32555 186 1172
576629 32555 186 4727
576630 32555 186 41118
576631 148348 186 1559
576632 148348 186 125
576633 148348 186 1565
576634 148349 186 125
576638 148351 186 29
576639 148351 186 1305
576640 148351 186 125
576646 148353 186 125
576647 148353 186 4068
576648 148353 186 1239
576649 148354 186 20130
576650 148354 186 4371
576651 148354 186 1138
576652 148355 186 7149
576653 148355 186 2964
576654 148356 186 125
576655 148356 186 1565
576656 29751 186 75
576657 29751 186 1007
576663 148359 186 960
576664 148359 186 146
576672 148361 186 125
576673 148361 186 1565
576674 148361 186 16907
576680 148364 186 125
576681 148364 186 1565
576682 148364 186 1559
576685 75430 186 1119
576686 75430 186 125
576687 75430 186 523
576688 148365 186 125
576689 148365 186 1119
576691 22722 186 15
576692 22722 186 318
576693 22722 186 146
576694 148367 186 3394
576695 148367 186 2100
576696 148367 186 6737
576697 75832 186 1690
576700 32583 186 8409
576703 148370 186 125
576704 148370 186 29
576708 148372 186 125
576711 148374 186 1738
576714 148375 186 29
576715 148376 186 29
576716 148376 186 41120
576717 148377 186 41120
576718 148377 186 29
576719 148378 186 41120
576723 148380 186 41083
576724 148380 186 1244
576725 148380 186 1056
576726 148381 186 1049
576727 148381 186 125
576728 148381 186 23455
576729 17340 186 637
576730 17340 186 1867
576731 17340 186 996
576738 148384 186 125
576739 148384 186 1565
576742 148386 186 41068
576743 148386 186 21
576744 140711 186 125
576745 140711 186 1119
576746 113187 186 139
576747 113187 186 1172
576748 113187 186 8409
576755 17503 186 307
576756 17503 186 1554
576757 17503 186 125
576759 148391 186 1244
576762 29771 186 4633
576763 29771 186 1239
576764 148393 186 23455
576765 148393 186 125
576766 148393 186 1239
576767 35089 186 523
576768 35089 186 4633
576770 26988 186 1267
576771 26988 186 1704
576773 148396 186 29
576774 32594 186 1138
576775 32594 186 901
576776 32594 186 6128
576777 148397 186 29
576778 148397 186 41121
576786 148400 186 4727
576787 148400 186 138
576791 96750 186 1119
576792 96750 186 4027
576797 148404 186 1565
576798 148404 186 1267
576799 148404 186 4027
576800 148405 186 311
576804 148406 186 963
576805 148406 186 523
576808 148408 186 29
576809 148408 186 41120
576810 148408 186 4030
576811 148408 186 15171
576812 148409 186 125
576813 148409 186 1565
576814 148409 186 16907
576815 148410 186 1565
576816 148410 186 1559
576817 148410 186 1267
576821 148412 186 125
576825 145210 186 125
576826 145210 186 301
576827 148415 186 15
576828 148415 186 1267
576829 148415 186 1565
576830 148416 186 311
576831 148417 186 1138
576832 148417 186 748
576833 148417 186 20221
576834 148417 186 1136
576835 148417 186 7546
576838 148419 186 125
576839 148419 186 21
576841 148421 186 92
576842 148422 186 146
576843 148422 186 2005
576844 148423 186 698
576845 148423 186 254
576846 148424 186 698
576847 148424 186 254
576848 148425 186 1559
576849 148425 186 1565
576850 148425 186 125
576851 148426 186 7149
576852 148426 186 869
576853 148427 186 1049
576854 148427 186 125
576855 148427 186 1239
576858 71309 186 1923
576859 71309 186 256
576860 148429 186 125
576861 148429 186 10321
576872 148433 186 15
576873 148433 186 1138
576874 148433 186 1133
576875 148434 186 301
576889 148442 186 388
576890 148442 186 41123
576892 148444 186 1554
576893 148444 186 41079
576894 148445 186 18639
576895 148445 186 1738
576896 148446 186 138
576897 148446 186 33931
576898 112527 186 1138
576899 112527 186 992
576900 108528 186 125
576901 108528 186 1119
576904 148448 186 311
576905 148448 186 307
576906 148448 186 1239
576908 148450 186 6083
576909 148450 186 41124
576910 148450 186 388
576911 148451 186 388
576912 148451 186 1740
576913 148451 186 6083
576916 148453 186 920
576917 71064 186 125
576918 71064 186 2936
576919 71064 186 2709
576920 71064 186 1565
576927 148456 186 24908
576928 148456 186 2525
576929 148457 186 125
576930 148458 186 4633
576931 148458 186 1565
576934 148460 186 828
576935 148461 186 828
576936 88757 186 3
576939 148464 186 1565
576940 148464 186 1554
576941 148464 186 72
576945 148466 186 41066
576950 148469 186 125
576952 148471 186 3394
576953 148471 186 4019
576956 148472 186 24908
576957 148473 186 125
576960 148475 186 734
576961 148475 186 2013
576962 148476 186 734
576963 148477 186 734
576964 148477 186 748
576965 148478 186 285
576971 35474 186 523
576972 35474 186 1119
576973 148481 186 4360
576974 148481 186 27885
576980 148484 186 125
576981 148484 186 1565
576982 148485 186 254
576983 148485 186 523
576984 148485 186 4633
576985 148486 186 41067
576986 148486 186 869
576987 148487 186 125
576988 148488 186 523
576989 148488 186 4633
576990 148488 186 254
576991 148489 186 7232
576992 148490 186 311
576993 148490 186 1239
576994 148490 186 4068
576995 148490 186 20496
577000 25193 186 64
577001 25193 186 138
577002 25193 186 7430
577003 25193 186 1738
577004 25193 186 668
577005 134895 186 1118
577006 134895 186 1738
577007 134895 186 13005
577009 148493 186 458
577010 148493 186 668
577018 148496 186 4657
577019 148496 186 1239
