10001 4072 19 1958
10002 4072 19 72
10003 4072 19 727
10004 4072 19 29
10005 4073 19 2033
10006 4073 19 2034
10020 4079 19 4
10021 4079 19 2045
10022 4079 19 1711
10023 4079 19 2046
10024 4079 19 2047
10025 4079 19 2048
10036 4082 19 1625
10037 4082 19 1742
10038 4082 19 523
10039 4082 19 1565
10040 4082 19 1626
10041 4082 19 2052
10042 4082 19 4
10043 4082 19 1583
10044 4082 19 1555
10045 4082 19 1627
10046 4082 19 1261
10047 4082 19 1947
10048 4083 19 2053
10049 4083 19 1816
10050 4083 19 2054
10051 4083 19 1634
10052 4083 19 1626
10053 4083 19 1625
10054 4083 19 2055
10055 4083 19 1742
10056 4083 19 2056
10057 4083 19 523
10058 4083 19 1628
10059 4083 19 1583
10060 4083 19 1565
10073 4088 19 52
10074 4088 19 11
10075 4088 19 4
10076 4089 19 2059
10087 4093 19 1711
10088 4093 19 2063
10104 4098 19 503
10105 4098 19 1923
10106 4098 19 2071
10107 4098 19 1124
10108 4098 19 2072
10109 4098 19 12
10110 4098 19 1744
10111 4098 19 2073
10114 4101 19 1723
10115 4101 19 1722
10116 4102 19 1616
10118 4104 19 125
10119 4104 19 1727
10120 4104 19 1710
10121 4104 19 1868
10122 4104 19 1869
10123 4104 19 72
10124 4105 19 1625
10125 4105 19 1572
10126 4105 19 2074
10127 4105 19 2075
10128 4106 19 1640
10145 4110 19 882
10146 4110 19 719
10147 4110 19 963
10148 4111 19 29
10150 4113 19 72
10151 4113 19 1751
10152 4113 19 2082
10153 4113 19 81
10154 4113 19 311
10155 4114 19 2083
10156 4115 19 1616
10157 4116 19 996
10158 4116 19 1591
10159 4116 19 1923
10160 4116 19 523
10161 4116 19 72
10162 4116 19 1781
10170 4120 19 638
10171 4120 19 1025
10172 4120 19 2086
10173 4120 19 769
10174 4120 19 2087
10175 4120 19 331
10176 4120 19 127
10177 4120 19 90
10178 4120 19 29
10179 4120 19 72
10180 4120 19 369
10181 4120 19 285
10182 4121 19 76
10183 4121 19 882
10184 4121 19 523
10185 4121 19 39
10200 4127 19 1616
10203 4130 19 1616
10206 4132 19 1742
10207 4132 19 978
10208 4132 19 139
10209 4132 19 1528
10210 4132 19 108
10211 4132 19 46
10212 4133 19 978
10213 4133 19 139
10214 4133 19 1436
10215 4133 19 108
10216 4133 19 1056
10217 4133 19 77
10222 4137 19 1665
10223 4137 19 774
10224 4137 19 2095
10225 4137 19 1640
10226 4137 19 126
10229 4140 19 2097
10230 4140 19 1643
10231 4140 19 2098
10234 4142 19 2100
10235 4142 19 2101
10241 4145 19 2100
10242 4146 19 2103
10246 4148 19 2100
10247 4148 19 2103
10248 4149 19 2100
10249 4149 19 21
10250 4150 19 2105
10251 4151 19 2100
10252 4151 19 1838
10253 4151 19 2106
10254 4151 19 2107
10255 4151 19 2108
10256 4152 19 1577
10257 4152 19 2100
10258 4153 19 2100
10264 4156 19 846
10265 4156 19 523
10266 4156 19 39
10283 4160 19 1591
10284 4160 19 1586
10285 4161 19 1565
10286 4161 19 72
10287 4161 19 311
10288 4161 19 40
10289 4161 19 1704
10290 4161 19 2116
10291 4161 19 2117
10293 4163 19 125
10294 4163 19 1625
10295 4163 19 2119
10296 4164 19 72
10297 4164 19 2092
10298 4164 19 1565
10299 4164 19 2120
10300 4164 19 1692
10309 4168 19 734
10310 4168 19 139
10311 4168 19 77
10312 4168 19 2127
10313 4168 19 569
10314 4168 19 568
10315 4168 19 2128
10316 4168 19 384
10317 4169 19 865
10318 4169 19 12
10319 4169 19 2129
10321 4171 19 2130
10322 4171 19 734
10323 4171 19 359
10327 4174 19 11
10328 4174 19 52
10329 4174 19 4
10330 4175 19 846
10331 4175 19 76
10332 4175 19 523
10333 4175 19 125
10334 4175 19 39
10335 4175 19 1647
10336 3202 19 846
10337 3202 19 727
10338 3202 19 882
10339 3202 19 72
10340 3202 19 386
10345 4178 19 12
10346 4178 19 1654
10347 4178 19 2134
10348 4178 19 2135
10355 4180 19 2063
10356 4180 19 2136
10357 4180 19 1924
10361 4182 19 1711
10362 4183 19 2083
10363 4184 19 2083
10364 4185 19 2138
10365 4185 19 77
10366 4185 19 139
10367 4185 19 2139
10368 4186 19 1554
10369 4186 19 1653
10370 4186 19 2140
10376 4188 19 469
10377 4188 19 187
10378 4188 19 941
10379 4188 19 1185
10389 4193 19 1711
10390 4193 19 1625
10391 4194 19 369
10392 4194 19 125
10393 4194 19 734
10394 4194 19 2149
10395 4195 19 139
10396 4195 19 2150
10397 4195 19 795
10399 4197 19 2151
10400 4197 19 2152
10401 4197 19 2072
10402 4197 19 1563
10403 4197 19 2153
10404 4197 19 2154
10405 4198 19 2059
10409 4200 19 1869
10410 4200 19 1062
10411 4200 19 1868
10412 4200 19 90
10413 4200 19 530
10414 4201 19 2156
10415 4201 19 1932
10419 4204 19 507
10420 4204 19 557
10421 4204 19 221
10422 4204 19 2150
10423 4204 19 2033
10424 4204 19 2034
10429 4208 19 734
10430 4208 19 72
10431 4208 19 369
10432 4208 19 388
10433 4208 19 1171
10434 4208 19 39
10435 4209 19 2063
10436 4209 19 1742
10437 4209 19 298
10438 4209 19 2152
10439 4209 19 2158
10440 4209 19 1768
10441 4209 19 2159
10442 4210 19 2160
10443 4210 19 2161
10444 4210 19 1258
10445 4210 19 374
10446 4210 19 139
10450 4212 19 79
10451 4212 19 369
10452 4213 19 789
10453 4213 19 72
10454 4214 19 318
10455 4214 19 72
10456 4214 19 563
10457 4214 19 2162
10458 1053 19 673
10459 1053 19 72
10460 1053 19 846
10461 1053 19 1171
10476 4218 19 2172
10477 4219 19 2173
10478 4219 19 2174
10479 4219 19 2161
10480 4219 19 1565
10481 4219 19 523
10482 4219 19 2175
10483 4219 19 2176
10484 4219 19 1625
10485 4219 19 2177
10486 4219 19 2178
10488 4221 19 307
10489 4221 19 311
10490 4221 19 1554
10491 4221 19 1909
10492 4221 19 926
10493 4221 19 2179
10503 4225 19 2183
10504 4225 19 2101
10505 4225 19 2184
10506 4226 19 77
10507 4226 19 639
10508 4226 19 774
10509 4226 19 139
10511 4228 19 795
10512 4229 19 2185
10513 4229 19 24
10514 4229 19 2186
10515 4229 19 637
10518 4231 19 76
10519 4232 19 2187
10520 4232 19 2188
10521 4232 19 2063
10522 4232 19 1126
10523 4232 19 503
10524 4232 19 1125
10551 4240 19 2196
10552 4241 19 2196
10553 4241 19 125
10557 4244 19 2005
10558 4244 19 2196
10563 4246 19 1591
10564 4246 19 2198
10565 4246 19 2199
10580 4250 19 1147
10581 4250 19 12
10582 4250 19 39
10583 4250 19 2207
10604 4260 19 139
10605 4260 19 2214
10608 4262 19 1185
10609 4262 19 72
10610 4262 19 40
10611 4262 19 2215
10618 4264 19 311
10619 4264 19 1150
10620 4264 19 1924
10621 4264 19 2217
10622 4264 19 2218
10623 4265 19 1924
10624 4265 19 2063
10635 4270 19 1581
10636 4270 19 1773
10637 4271 19 1816
10638 4271 19 1711
10639 4272 19 1625
10640 4272 19 2221
10652 4278 19 2223
10653 4278 19 2224
10654 4278 19 2225
10655 4278 19 294
10656 4278 19 2063
10657 4278 19 2226
10658 4278 19 1924
10659 4279 19 503
10660 4279 19 816
10661 4279 19 1923
10666 4281 19 2113
10667 4281 19 1555
10668 4282 19 2055
10669 4282 19 1565
10670 4282 19 1816
10671 4282 19 2054
10683 4287 19 39
10684 4287 19 2230
10685 4287 19 1025
10686 4287 19 523
10687 4287 19 882
10688 4287 19 369
10689 4287 19 846
10690 4287 19 76
10691 4287 19 2231
10709 4293 19 1704
10710 4293 19 523
10711 4293 19 2236
10712 4293 19 2237
10713 4293 19 1947
10721 4296 19 1553
10722 4296 19 2242
10723 4297 19 1912
10724 4297 19 1572
10725 4297 19 2243
10733 4301 19 1616
10734 4302 19 638
10735 4302 19 734
10736 4302 19 139
10737 4302 19 369
10738 4302 19 1678
10739 4302 19 709
10740 4302 19 2246
10741 4303 19 2247
10742 4303 19 302
10743 4303 19 250
10744 4303 19 386
10745 4304 19 1591
10746 4304 19 2248
10747 4304 19 2249
10750 4306 19 2250
10751 4306 19 996
10752 4307 19 2250
10753 4307 19 996
10754 4307 19 1591
10755 4308 19 2250
10756 4309 19 2250
10758 4311 19 2250
10785 4323 19 2261
10786 4323 19 2262
10787 4323 19 2083
10788 4324 19 2187
10789 4324 19 6
10790 4324 19 1126
10791 4324 19 503
10795 4326 19 4
10819 4336 19 2083
10825 4338 19 1174
10826 4338 19 1062
10827 4338 19 1963
10828 4338 19 996
10829 4338 19 2278
10830 4339 19 469
10831 4339 19 311
10857 4349 19 2282
10858 4350 19 1491
10859 4350 19 1499
10865 4352 19 1616
10866 4353 19 70
10867 4353 19 53
10868 4354 19 2284
10869 4354 19 469
10870 4354 19 734
10871 4354 19 72
10872 4354 19 638
10875 4356 19 734
10876 4356 19 139
10877 4356 19 978
10886 4359 19 139
10887 4359 19 774
10888 4360 19 1923
10889 4360 19 798
10890 4360 19 2285
10891 4361 19 1616
10892 4361 19 2286
10917 4373 19 2101
10922 4376 19 996
10923 4376 19 2296
10924 4376 19 1591
10925 4377 19 72
10926 4377 19 1591
10927 4377 19 2296
10928 4378 19 125
10929 4378 19 369
10930 4378 19 1021
10931 4378 19 90
10947 4383 19 503
10948 4383 19 2187
10949 4383 19 1126
10950 4383 19 1943
10951 2355 19 6
10952 2355 19 2187
10953 2355 19 1126
10954 2355 19 503
10955 2355 19 816
10956 2355 19 2301
10984 4391 19 1641
10985 4391 19 125
10986 4391 19 719
10987 4391 19 1665
10988 4391 19 1642
11012 4400 19 2236
11013 4400 19 72
11014 4400 19 2313
11015 4400 19 5
11024 4403 19 2216
11025 4403 19 503
11026 4403 19 4
11027 4403 19 2319
11028 4403 19 2134
11029 4404 19 2012
11030 4404 19 104
11031 4404 19 1679
11032 4404 19 2320
11033 4405 19 2012
11034 4405 19 2321
11035 4405 19 638
11036 4405 19 90
11037 4406 19 2012
11038 4406 19 72
11039 4406 19 1679
11040 4407 19 98
11041 4407 19 104
11042 4407 19 11
11055 4411 19 1367
11056 4411 19 1124
11066 4416 19 2330
11067 4416 19 1116
11068 4416 19 2331
11069 4417 19 2330
11070 4417 19 503
11071 4417 19 2332
11072 4417 19 2333
11073 4418 19 2334
11074 4418 19 2335
11075 4419 19 1816
11076 4419 19 2336
11077 4419 19 2330
11078 4420 19 2337
11079 4420 19 1565
11080 4420 19 2330
11081 4421 19 1828
11082 4421 19 2330
11083 4422 19 2330
11084 4422 19 187
11085 4422 19 359
11086 4422 19 1591
11087 4423 19 2338
11088 4423 19 1235
11089 4423 19 4
11090 4423 19 503
11091 4423 19 2330
11092 4423 19 996
11093 4423 19 17
11094 4424 19 523
11095 4424 19 2339
11096 4425 19 1267
11097 4425 19 523
11098 4426 19 1793
11099 4426 19 1796
11100 4426 19 523
11101 4426 19 2301
11102 4426 19 125
11103 1093 19 523
11104 1093 19 2330
11105 1093 19 1261
11106 1093 19 1565
11107 1093 19 40
11108 4427 19 164
11109 4427 19 523
11110 4427 19 76
11111 4428 19 1943
11112 4428 19 503
11113 4428 19 2330
11114 4428 19 2340
11115 4429 19 503
11116 4429 19 2341
11117 4429 19 1124
11118 4429 19 2342
11119 4429 19 1923
11120 4429 19 2343
11121 4429 19 2330
11122 4430 19 2344
11123 4430 19 2345
11124 4430 19 2346
11125 4430 19 2347
11126 4430 19 2330
11127 4430 19 503
11128 4431 19 2348
11129 4432 19 1625
11130 4432 19 2349
11131 4432 19 1626
11157 4437 19 557
11158 4437 19 24
11159 4437 19 1406
11160 4438 19 2356
11169 4442 19 1577
11170 4442 19 1727
11171 4442 19 425
11172 4443 19 545
11173 4443 19 37
11174 4443 19 100
11175 4444 19 1586
11176 4445 19 2358
11177 4445 19 72
11179 4447 19 2359
11180 4447 19 1656
11181 4447 19 1581
11206 4454 19 2005
11207 4455 19 1625
11208 4455 19 1627
11209 4455 19 1816
11214 4459 19 469
11215 4459 19 1567
11216 4459 19 334
11224 4463 19 1858
11225 4463 19 2371
11230 4465 19 139
11231 4465 19 795
11232 4466 19 1793
11233 4466 19 2374
11234 4466 19 719
11239 4468 19 1808
11242 1100 19 39
11243 1100 19 523
11244 1100 19 125
11245 4470 19 425
11246 4470 19 2377
11249 4472 19 70
11250 4472 19 53
11251 4472 19 1367
11264 4475 19 1625
11265 4475 19 1820
11266 4475 19 2378
11267 4475 19 2379
11275 4479 19 1150
11276 4479 19 2381
11284 4482 19 2236
11285 4482 19 72
11286 4482 19 5
11287 4483 19 2236
11313 4491 19 1616
11314 4492 19 816
11315 4492 19 1616
11316 4492 19 2094
11317 4492 19 2294
11318 4492 19 2389
11319 4492 19 2390
11320 4493 19 2272
11321 4493 19 1616
11322 4494 19 1367
11323 4494 19 816
11324 4494 19 2391
11325 4494 19 1124
11326 4495 19 2392
11327 4496 19 1616
11328 4496 19 2393
11331 4498 19 2152
11332 4498 19 2063
11333 4498 19 2395
11334 4498 19 2396
11335 4498 19 2397
11338 4500 19 311
11339 4500 19 11
11340 4500 19 139
11341 4500 19 1162
11342 4500 19 98
11353 4503 19 1923
11354 4503 19 40
11355 4503 19 72
11361 4505 19 1923
11362 4505 19 503
11363 4505 19 72
11364 4505 19 4
11365 4505 19 1322
11367 4507 19 503
11368 4507 19 1923
11369 4507 19 1124
11370 4507 19 1564
11371 4507 19 1692
11372 4507 19 2072
11373 4507 19 2285
11374 4507 19 2403
11375 4508 19 846
11376 4508 19 523
11377 4508 19 882
11387 4512 19 1491
11388 4512 19 1499
11389 4512 19 2404
11390 4513 19 1041
11391 4514 19 1553
11397 4516 19 1680
11398 4516 19 2127
11406 4519 19 1558
11412 4521 19 1572
11413 4521 19 2415
11414 4521 19 2349
11430 4525 19 139
11431 4525 19 734
11432 4525 19 795
11433 4525 19 285
11434 4525 19 264
11435 4526 19 125
11492 4550 19 125
11493 4550 19 2427
11494 4550 19 1382
11495 4550 19 70
11496 4550 19 285
11499 4552 19 125
11500 4552 19 523
11501 4552 19 1916
11504 4554 19 11
11505 4554 19 2428
11506 4554 19 1393
11507 4554 19 2429
11518 4559 19 1034
11521 4561 19 2435
11522 4561 19 136
11523 4562 19 70
11524 4562 19 1382
11525 4562 19 53
11526 4562 19 136
11527 4563 19 5
11528 4563 19 1665
11542 4570 19 2164
11543 4570 19 503
11544 4570 19 2063
11545 4570 19 2437
11546 4570 19 458
11547 4571 19 125
11548 4571 19 1728
11549 4571 19 523
11568 4578 19 1625
11595 4589 19 789
11596 4589 19 72
11597 4589 19 2443
11598 4589 19 413
11599 4589 19 2444
11600 4589 19 2445
11601 4590 19 734
11602 4590 19 139
11603 4590 19 1528
11604 4591 19 1565
11605 4591 19 1625
11606 4591 19 2217
11607 4591 19 2446
11608 4591 19 1627
11609 4592 19 2217
11610 4592 19 2446
11611 4592 19 1627
11612 4592 19 2447
11625 4599 19 2161
11626 4599 19 2449
11627 4599 19 536
11628 4599 19 2450
11629 4599 19 1627
11630 4599 19 1651
11648 4608 19 2456
11649 4608 19 1742
11650 4608 19 523
11651 4608 19 441
11652 4609 19 523
11655 4612 19 469
11656 4612 19 1156
11657 4612 19 2457
11658 4612 19 2458
11659 4612 19 2459
11660 4613 19 523
11661 4614 19 441
11662 4615 19 523
11664 4617 19 1710
11665 4618 19 1367
11681 4623 19 70
11682 4623 19 53
11683 4623 19 2465
11684 4623 19 1979
11687 4625 19 1491
11688 4625 19 1499
11689 4625 19 70
11693 4627 19 1998
11694 4627 19 139
11695 4627 19 978
11696 4628 19 1034
11697 4628 19 1502
11701 4631 19 1118
11702 4631 19 2469
11703 4631 19 1890
11706 4633 19 2096
11715 4636 19 1453
11731 4642 19 359
11732 4642 19 104
11733 4642 19 2474
11734 4642 19 2475
11735 4643 19 2474
11736 4643 19 359
11737 4643 19 734
11747 4647 19 1577
11748 4647 19 425
11749 4647 19 2476
11750 4647 19 2359
11751 4648 19 425
11752 4648 19 1577
11753 4648 19 469
11773 4654 19 70
11774 4654 19 53
11779 4655 19 1816
11780 4655 19 1742
11781 4655 19 40
11782 4655 19 1565
11783 4655 19 2176
11784 4655 19 2205
11803 4665 19 2083
11814 4667 19 734
11815 4667 19 2488
11816 4667 19 774
11817 4667 19 2489
11832 4672 19 1577
11836 4674 19 1565
11837 4674 19 2092
11838 4674 19 523
11848 4679 19 11
11849 4679 19 20
11850 4679 19 1058
11851 4679 19 72
11852 4679 19 2428
11853 4679 19 2230
11854 4679 19 1747
11860 4681 19 6
11861 4681 19 2497
11862 4682 19 2498
11863 4682 19 2499
11864 4682 19 11
11865 4682 19 90
11866 4682 19 81
11867 4682 19 757
11894 4693 19 2504
11896 4695 19 2505
11901 4699 19 1367
11902 4699 19 1124
11903 4700 19 2505
11904 4700 19 2507
11905 4700 19 2083
11906 4701 19 996
11907 4701 19 1867
11908 4701 19 2338
11909 4701 19 1191
11910 4701 19 2508
11911 4701 19 1710
11912 4701 19 1672
11913 4702 19 72
11914 4702 19 996
11915 4702 19 2338
11919 4704 19 2508
11920 4704 19 1062
11921 4704 19 1710
11922 4704 19 72
11923 4704 19 2338
11924 4704 19 1191
11925 4704 19 996
11926 4704 19 1867
11927 4704 19 1175
11928 4704 19 1796
11929 4704 19 929
11932 4706 19 557
11933 4706 19 2392
11934 4706 19 2509
11935 4707 19 2509
11936 4707 19 557
11937 4708 19 6
11938 4708 19 20
11939 4708 19 1025
11940 4709 19 1616
11944 4711 19 70
11945 4711 19 797
11951 4714 19 734
11952 4714 19 139
11953 4714 19 1603
11954 4714 19 77
11955 4714 19 2513
11956 4714 19 2514
11957 4714 19 2127
11958 4715 19 139
11959 4715 19 359
11960 4715 19 846
11961 4715 19 1406
11962 4715 19 920
11971 4720 19 846
11972 4720 19 2515
11973 4720 19 150
11974 4720 19 882
11975 4720 19 1025
11976 4721 19 150
11987 4725 19 2378
11988 4725 19 2046
11989 4725 19 1816
11992 4727 19 1656
11993 4728 19 2005
12001 4731 19 2005
12005 4733 19 264
12006 4733 19 77
12007 4733 19 2519
12008 4733 19 139
12020 4739 19 46
12021 4739 19 108
12022 4739 19 1436
12023 4739 19 72
12024 4739 19 1370
12032 4743 19 2072
12033 4743 19 2524
12034 4743 19 2525
12035 4744 19 469
12036 4744 19 29
12037 4744 19 2526
12038 4744 19 1701
12039 4744 19 2527
12040 4744 19 2528
12065 4753 19 469
12066 4753 19 953
12069 4755 19 1491
12070 4755 19 1499
12074 4757 19 469
12075 4757 19 953
12077 4759 19 2539
12078 4759 19 2540
12079 4759 19 4
12080 4759 19 72
12081 4759 19 583
12082 4759 19 926
12083 4759 19 425
12084 4759 19 2105
12085 4759 19 789
12089 4762 19 1565
12090 4762 19 1947
12095 4765 19 734
12096 4765 19 709
12097 4765 19 2373
12098 4765 19 139
12099 4765 19 795
12100 4765 19 984
12101 4765 19 285
12102 4765 19 982
12103 4765 19 2542
12107 4767 19 846
12108 4767 19 1686
12109 4767 19 523
12110 4767 19 342
12111 4767 19 2485
12128 4771 19 1627
12129 4771 19 1628
12130 4771 19 507
12131 4771 19 2545
12140 4773 19 734
12141 4773 19 139
12142 4773 19 77
12143 4773 19 2548
12150 4775 19 2549
12154 4777 19 125
12155 4777 19 1625
12156 4778 19 1625
12157 4778 19 2551
12169 4785 19 2554
12170 4785 19 2555
12171 4785 19 2556
12172 4785 19 1597
12173 4785 19 996
12174 4786 19 2554
12175 4786 19 1597
12176 4786 19 72
12177 4786 19 1714
12178 4786 19 2557
12179 4786 19 2558
12187 4791 19 2005
12224 4801 19 6
12225 4801 19 1126
12226 4801 19 2232
12244 4807 19 469
12245 4807 19 334
12246 4808 19 1491
12247 4808 19 1499
12248 4809 19 2005
12249 4810 19 70
12250 4810 19 53
12251 4810 19 2576
12252 4810 19 264
12267 4816 19 1923
12268 4816 19 996
12269 4816 19 2579
12270 4816 19 4
12275 4818 19 2582
12276 4818 19 2583
12277 4818 19 2557
12278 4818 19 2274
12279 4818 19 2584
12280 4819 19 2059
12284 4821 19 72
12285 4821 19 90
12286 4821 19 545
12287 4821 19 781
12288 4821 19 2585
12289 4821 19 2586
12290 4822 19 2585
12291 4822 19 2587
12292 4822 19 2588
12293 4822 19 769
12303 4825 19 332
12305 4827 19 125
12306 4827 19 1625
12307 4827 19 2591
12308 4827 19 2592
12309 4827 19 2119
12314 4829 19 2164
12317 4831 19 2597
12319 4833 19 5
12320 4833 19 126
12321 4833 19 2220
12322 4834 19 70
12323 4834 19 53
12324 4834 19 2598
12325 4834 19 1884
12326 4834 19 2599
12327 4834 19 781
12328 4835 19 734
12329 4835 19 139
12330 4835 19 72
12331 4835 19 77
12332 4835 19 388
12333 4835 19 1714
12334 4835 19 104
12335 4835 19 2303
12338 4837 19 1191
12339 4837 19 72
12340 4838 19 29
12341 4838 19 90
12342 4838 19 2600
12343 4838 19 2601
12344 4838 19 2602
12348 4840 19 2319
12357 4844 19 748
12358 4844 19 734
12359 4844 19 285
12360 4845 19 748
12361 4845 19 139
12362 4845 19 2604
12363 4845 19 285
12364 4845 19 2605
12365 4845 19 734
12398 4858 19 719
12399 4858 19 125
12400 4858 19 376
12401 4858 19 963
12417 4865 19 2609
12418 4866 19 2180
12419 4866 19 77
12421 4868 19 70
12422 4868 19 797
12451 4878 19 2613
12452 4878 19 2101
12453 4879 19 2101
12454 4879 19 72
12455 4879 19 1704
12459 4881 19 1858
12460 4881 19 2614
12461 4882 19 70
12462 4882 19 53
12463 4883 19 1616
12466 4885 19 2477
12467 4885 19 503
12468 4885 19 1615
12473 4887 19 2614
12476 4889 19 2619
12477 4889 19 441
12478 4890 19 139
12479 4890 19 795
12480 4890 19 2620
12483 4893 19 2622
12484 4893 19 2089
12486 4895 19 2623
12487 4895 19 2624
12498 4899 19 12
12515 4906 19 39
12516 4906 19 523
12521 4909 19 2628
12522 4909 19 2356
12529 4912 19 76
12530 4913 19 76
12539 4915 19 72
12540 4915 19 1554
12541 4915 19 1261
12542 4915 19 503
12543 4915 19 286
12544 4915 19 643
12545 4915 19 452
12546 4915 19 2115
12547 4915 19 1716
12554 4920 19 11
12555 4920 19 72
12556 4920 19 125
12557 4920 19 523
12558 4921 19 76
12559 4921 19 11
12560 4921 19 2635
12561 4921 19 523
12562 1159 19 139
12563 1159 19 734
12564 1159 19 795
12565 1159 19 1742
12566 1159 19 2636
12567 4922 19 2636
12568 4923 19 11
12569 4923 19 1058
12570 4923 19 72
12571 4923 19 90
12572 4923 19 386
12576 4926 19 139
12577 4926 19 734
12578 4926 19 795
12579 4926 19 285
12580 4926 19 984
12581 4926 19 2637
12585 4928 19 2640
12586 4928 19 2641
12587 4928 19 2642
12588 4928 19 1034
12596 4933 19 1656
12601 4936 19 2646
12602 4936 19 503
12603 4936 19 2647
12604 4936 19 1605
12605 4936 19 2648
12606 4936 19 2649
12607 4936 19 72
12608 4937 19 441
12609 4937 19 557
12610 4937 19 953
12614 4939 19 1491
12615 4939 19 1499
12616 4939 19 70
12617 4940 19 2650
12618 4940 19 1056
12619 4940 19 527
12625 4943 19 1367
12626 4943 19 1124
12627 4944 19 469
12628 4944 19 1774
12629 4944 19 2651
12630 4944 19 1565
12631 4944 19 1947
12632 4944 19 1564
12644 4948 19 2636
12645 4948 19 734
12646 4948 19 795
12647 4948 19 139
12648 4948 19 331
12649 4949 19 1741
12650 4950 19 125
12651 4951 19 1565
12652 4951 19 1742
12653 4951 19 523
12654 4952 19 365
12655 4952 19 1707
12656 4952 19 2656
12657 4953 19 719
12658 4953 19 882
12659 4953 19 2657
12660 4953 19 2658
12685 4963 19 1770
12686 4964 19 1642
12687 4964 19 1685
12690 1178 19 795
12691 4966 19 734
12692 4966 19 2666
12700 4970 19 2161
12701 4970 19 374
12702 4970 19 859
12703 4971 19 469
12704 4971 19 1025
12705 4971 19 2671
12706 4971 19 2672
12707 4972 19 2673
12708 4972 19 781
12711 4974 19 2373
12712 4974 19 464
12713 4974 19 39
12714 4975 19 2373
12715 4975 19 11
12716 4975 19 757
12717 4975 19 311
12718 4976 19 11
12719 4976 19 52
12720 4976 19 72
12721 4976 19 1322
12725 4978 19 2155
12726 4978 19 2674
12732 4980 19 11
12733 4980 19 2675
12734 4980 19 12
12735 4980 19 1267
12749 4985 19 1884
12750 4985 19 638
12751 4985 19 20
12752 4985 19 2679
12753 4985 19 2680
12754 4985 19 384
12755 4985 19 2681
12756 4985 19 2682
12776 4991 19 1625
12777 4991 19 2152
12778 4991 19 1267
12779 4991 19 523
12780 4991 19 2690
12781 4991 19 2691
12782 4991 19 2692
12787 4993 19 1625
12788 4993 19 1742
12789 4993 19 926
12790 4993 19 72
12811 4999 19 139
12812 4999 19 2214
12825 5005 19 70
12826 5005 19 53
12827 5005 19 188
12830 5007 19 7
12831 5007 19 365
12832 5007 19 1356
12833 5007 19 563
12834 5008 19 292
12835 5009 19 2489
12836 5009 19 2079
12837 5009 19 2702
12838 5009 19 2703
12839 5010 19 2086
12840 5010 19 2081
12841 5010 19 2704
12842 5010 19 139
12843 5010 19 795
12844 5010 19 734
12845 5010 19 40
12846 5011 19 709
12847 5011 19 139
12848 5011 19 734
12849 5011 19 2705
12852 5013 19 1191
12853 5013 19 1723
12854 5013 19 1722
12855 5014 19 1174
12856 5014 19 1869
12857 5014 19 2706
12858 5014 19 1062
12875 5022 19 1918
12876 5022 19 2709
12877 5022 19 2710
12878 5022 19 2056
12879 5022 19 2631
12884 5024 19 886
12898 5028 19 2721
12899 5028 19 2722
12900 5028 19 2723
12901 5028 19 1816
12906 5031 19 2165
12907 5031 19 1658
12910 5033 19 982
12911 5033 19 40
12912 5033 19 81
12913 5033 19 1230
12914 5033 19 754
12915 5034 19 125
12916 5034 19 1726
12917 5034 19 2725
12922 5036 19 1565
12923 5036 19 2392
12926 1199 19 734
12927 1199 19 139
12928 1199 19 984
12929 1199 19 2730
12934 5042 19 557
12935 5042 19 441
12938 5045 19 125
12945 5049 19 1113
12946 5050 19 76
12947 5050 19 1113
12950 5053 19 2063
12951 5053 19 2356
12952 5053 19 1804
12953 5053 19 2152
12959 5057 19 2191
12961 5059 19 125
12962 5059 19 187
12963 5059 19 816
12964 5060 19 1565
12965 5060 19 2092
12966 5060 19 523
12971 5063 19 139
12972 5063 19 795
12973 5063 19 734
12974 5063 19 2736
12978 5066 19 125
12979 5066 19 1625
12980 5066 19 523
12981 5067 19 2063
12982 5068 19 2356
12983 5068 19 503
12984 5068 19 1742
12987 5070 19 2005
12988 5071 19 70
12989 5071 19 797
12996 5073 19 2359
12997 5073 19 4
12998 5073 19 503
12999 5073 19 1711
13000 5073 19 2741
13001 239 19 46
13002 239 19 77
13015 5077 19 523
13016 5077 19 2744
13017 5077 19 2745
13018 5078 19 2083
13021 5080 19 70
13022 5080 19 53
13023 5080 19 2746
13047 5089 19 139
13048 5089 19 795
13049 5089 19 1741
13050 5089 19 734
13080 5102 19 2020
13081 5102 19 2729
13082 5102 19 2765
13083 5102 19 2766
13094 5106 19 1565
13095 5106 19 2092
13096 5106 19 523
13097 5106 19 1742
13098 5107 19 70
13099 5107 19 53
13100 5108 19 70
13101 5108 19 53
13102 5109 19 125
13103 5109 19 557
13104 5109 19 2770
13105 5109 19 2771
13109 5110 19 70
13110 5110 19 53
13111 5110 19 276
13114 5112 19 734
13115 5112 19 285
13116 5112 19 139
13117 5112 19 846
13118 5112 19 795
13119 5112 19 709
13120 5112 19 2546
13121 5112 19 2244
13122 5113 19 1491
13123 5113 19 1499
13128 5116 19 2187
13129 5116 19 2020
13130 5116 19 1504
13131 5116 19 523
13132 5116 19 1565
13133 5116 19 503
13134 5116 19 2691
13135 5116 19 2729
13136 5116 19 928
13154 5120 19 734
13155 5120 19 2139
13156 5120 19 104
13157 5120 19 139
13158 5120 19 11
13159 5120 19 77
13167 5125 19 70
13168 5125 19 53
13169 5125 19 264
13187 5129 19 125
13188 5129 19 2777
13196 5131 19 6
13197 5131 19 638
13198 5131 19 1025
13199 5131 19 769
13200 5131 19 2779
13206 5133 19 98
13207 5133 19 104
13208 5133 19 2780
13209 5133 19 108
13210 5133 19 774
13211 5133 19 2781
13212 5133 19 2782
13213 5134 19 2783
13214 5134 19 1577
13215 5134 19 2476
13216 5134 19 2359
13217 5134 19 425
13218 5134 19 996
13227 5138 19 503
13228 5138 19 125
13229 5138 19 523
13230 5139 19 1924
13231 5139 19 2786
13232 5139 19 2063
13233 5140 19 635
13234 5140 19 637
13235 5141 19 104
13236 5141 19 2787
13237 5141 19 77
13238 5142 19 1625
13239 5142 19 2691
13240 5142 19 1773
13241 5142 19 1580
13243 5144 19 1409
13246 5147 19 2790
13247 5147 19 302
13248 5147 19 125
13249 5147 19 39
13251 5149 19 2005
13253 5151 19 2791
13254 5151 19 1651
13255 5152 19 816
13256 5152 19 2792
13257 5152 19 2793
13258 5153 19 2242
13259 5154 19 2460
13260 5154 19 2794
13261 5154 19 2791
13262 5155 19 1651
13263 5155 19 2460
13264 5155 19 2794
13265 5155 19 917
13266 5155 19 2791
13267 5156 19 2795
13268 5156 19 2796
13269 1224 19 100
13270 1224 19 52
13271 1224 19 11
13272 1224 19 72
13276 5158 19 2099
13277 5158 19 2005
13278 5158 19 2797
13281 5160 19 2799
13282 5160 19 2800
13283 5160 19 2801
13295 5164 19 52
13296 5164 19 11
13297 5164 19 72
13304 5167 19 1793
13305 5167 19 2807
13307 5169 19 1770
13308 5169 19 139
13309 5169 19 734
13310 5169 19 77
13347 5182 19 2000
13349 5184 19 1616
13352 5186 19 2812
13353 5186 19 311
13354 5186 19 2813
13355 5186 19 2814
13356 5186 19 1582
13357 5186 19 1583
13358 5186 19 2461
13359 5187 19 1719
13367 5190 19 2325
13368 5190 19 469
13370 5192 19 734
13371 5192 19 1835
13372 5192 19 774
13373 5192 19 342
13374 5192 19 2485
13375 5192 19 139
13376 5192 19 795
13377 5192 19 126
13378 5192 19 331
13379 5192 19 29
13380 5192 19 127
13381 5193 19 125
13382 5193 19 1651
13399 5200 19 2818
13400 5200 19 2819
13401 5200 19 331
13402 5200 19 104
13403 5200 19 98
13404 5200 19 734
13405 5200 19 2543
13406 5200 19 29
13407 5201 19 70
13408 5201 19 53
13409 5201 19 2820
13410 5201 19 2821
13416 5204 19 2609
13417 5204 19 285
13418 5205 19 70
13419 5205 19 53
13420 5205 19 2823
13435 5211 19 1491
13436 5211 19 1499
13437 5211 19 70
13443 5215 19 1499
13461 5222 19 1156
13462 5222 19 2831
13463 5222 19 1468
13464 5222 19 1623
13465 5222 19 2019
13471 5224 19 469
13472 5224 19 1591
13473 5224 19 2761
13474 5224 19 2019
13481 5226 19 2836
13482 5226 19 2837
13483 5226 19 1565
13484 5226 19 469
13485 5227 19 734
13486 5227 19 2838
13487 5227 19 727
13488 5227 19 11
13489 5227 19 2666
13490 5227 19 139
13491 5227 19 2550
13492 5227 19 673
13493 5227 19 2839
13494 5227 19 155
13495 5227 19 984
13498 5229 19 1591
13499 5229 19 2840
13508 5232 19 1635
13509 5232 19 996
13510 5232 19 2591
13511 5233 19 2842
13512 5233 19 139
13513 5233 19 795
13514 5233 19 734
13515 5233 19 2550
13516 5234 19 734
13517 5234 19 285
13518 5234 19 139
13519 5234 19 1678
13520 5234 19 795
13530 5238 19 2845
13531 5238 19 225
13532 5239 19 2846
13533 5239 19 11
13534 5239 19 2428
13538 5241 19 1900
13539 5241 19 1123
13540 5242 19 77
13541 5242 19 795
13542 5242 19 474
13543 5243 19 2849
13544 5243 19 638
13545 5243 19 46
13549 5245 19 1261
13550 5245 19 2850
13551 5245 19 1703
13552 5245 19 1049
13553 5245 19 2851
13563 5248 19 2505
13578 5253 19 638
13579 5253 19 72
13580 5253 19 2161
13581 5253 19 374
13582 5253 19 285
13583 5253 19 2478
13584 5253 19 2857
13604 5257 19 789
13605 5257 19 72
13606 5257 19 563
13607 5257 19 365
13608 5257 19 1356
13609 2150 19 563
13610 2150 19 789
13611 2150 19 2860
13612 5258 19 76
13613 5258 19 563
13620 5260 19 1710
13621 5261 19 2250
13625 5265 19 587
13626 5265 19 529
13627 5265 19 2862
13628 5266 19 136
13629 5266 19 466
13630 5266 19 523
13631 5266 19 125
13632 5267 19 70
13633 5267 19 53
13634 5267 19 264
13635 5268 19 70
13636 5268 19 53
13637 5269 19 76
13638 5270 19 70
13639 5270 19 53
13640 3269 19 846
13641 3269 19 39
13642 3269 19 523
13643 3269 19 882
13647 5272 19 6
13648 5272 19 2863
13649 5272 19 2556
13650 5272 19 846
13651 5273 19 6
13652 5273 19 1025
13653 5273 19 150
13654 5273 19 882
13655 5273 19 138
13656 5274 19 150
13657 5274 19 846
13658 5274 19 882
13659 5274 19 1034
13660 5274 19 2556
13661 5275 19 6
13662 5275 19 882
13663 5275 19 150
13664 5275 19 1025
13665 5276 19 523
13674 5278 19 6
13675 5278 19 2868
13676 5278 19 638
13677 5278 19 369
13678 5278 19 1882
13679 5279 19 2869
13680 5279 19 2870
13681 5279 19 846
13682 5279 19 72
13683 5279 19 1843
13684 5279 19 545
13685 5279 19 877
13687 5281 19 846
13688 5281 19 523
13689 5281 19 39
13697 5286 19 2872
13705 5289 19 664
13706 5289 19 4
13707 5289 19 72
13708 5289 19 40
13709 5289 19 1923
13710 5289 19 503
13711 5290 19 1558
13722 5295 19 1641
13723 5296 19 70
13724 5296 19 53
13728 5299 19 104
13729 5299 19 2876
13730 5299 19 2787
13731 5299 19 77
13732 5299 19 139
13733 5300 19 332
13743 5303 19 732
13744 5303 19 2877
13745 5303 19 2636
13750 5305 19 139
13751 5305 19 77
13752 5305 19 780
13753 5305 19 2127
13754 5305 19 2881
13763 5307 19 2244
13779 5313 19 2889
13780 5313 19 425
13781 5313 19 2539
13783 5315 19 70
13784 5315 19 53
13785 5316 19 2890
13786 5316 19 1230
13787 5316 19 1000
13793 5318 19 139
13794 5318 19 77
13799 5319 19 503
13800 5319 19 1768
13801 5319 19 1923
13802 5319 19 1124
13803 5319 19 1897
13804 5319 19 2443
13805 5319 19 413
13806 5319 19 2893
13807 5319 19 2444
13808 5320 19 125
13809 5320 19 2152
13810 5320 19 2063
13811 5320 19 2165
13812 5320 19 2119
13813 5320 19 2894
13817 5323 19 774
13818 5323 19 507
13819 5323 19 2895
13820 5323 19 638
13821 5323 19 72
13822 5324 19 1367
13823 5324 19 285
13824 5324 19 1615
13835 5328 19 1710
13836 5329 19 359
13837 5329 19 2130
13838 5329 19 2896
13839 5330 19 139
13840 5330 19 795
13841 5330 19 2897
13842 5330 19 709
13843 5331 19 1565
13844 5331 19 125
13845 5331 19 503
13850 5333 19 139
13851 5333 19 984
13852 5334 19 2636
13853 5334 19 2898
13854 5335 19 2898
13855 5335 19 2636
13861 5338 19 2899
13870 5341 19 734
13871 5341 19 139
13872 5341 19 961
13873 5341 19 1678
13874 5341 19 1882
13879 5343 19 2611
13880 5343 19 29
13884 5345 19 98
13885 5345 19 104
13886 5345 19 529
13887 5345 19 77
13888 5345 19 2232
13896 5349 19 2905
13897 5349 19 1770
13898 5349 19 139
13899 5349 19 734
13904 5351 19 139
13905 5351 19 795
13906 5351 19 1770
13907 5351 19 2506
13916 5355 19 28
13917 5356 19 1665
13919 5358 19 1664
13920 5358 19 359
13921 5358 19 795
13922 5358 19 2506
13924 5360 19 2906
13925 5360 19 126
13926 5360 19 982
13927 5360 19 2781
13928 5360 19 139
13929 5360 19 285
13930 5360 19 507
13931 5360 19 734
13932 5360 19 2636
13947 5363 19 139
13948 5363 19 1718
13949 5363 19 2852
13952 5365 19 2581
13957 5368 19 1664
13958 5368 19 125
13963 5370 19 2909
13964 5370 19 139
13965 5370 19 77
13966 5370 19 2910
13967 5371 19 2636
13968 5371 19 734
13969 5371 19 795
13970 5371 19 139
13971 5371 19 1664
13974 5374 19 1690
13975 5374 19 1004
13976 5374 19 139
13986 5378 19 70
13987 5378 19 2907
13988 5378 19 44
13989 5378 19 53
13990 5378 19 1382
13991 5379 19 1884
13992 5379 19 917
13993 5379 19 1414
13994 5379 19 2609
13995 5380 19 139
13996 5380 19 795
13997 5380 19 1664
13998 5380 19 77
13999 5380 19 285
14002 5382 19 374
14003 5382 19 139
14004 5382 19 2568
14005 5382 19 709
14006 5382 19 734
14007 5382 19 795
14015 5384 19 1491
14016 5384 19 1499
14017 5385 19 139
14018 5385 19 795
14019 5385 19 2781
14020 5385 19 507
14021 5385 19 734
14031 5389 19 2912
14032 5389 19 70
14033 5389 19 53
14047 5394 19 365
14048 5394 19 1123
14049 5395 19 425
14050 5395 19 503
14051 5395 19 2889
14052 1271 19 11
14053 1271 19 1267
14097 5411 19 1701
14098 5412 19 139
14099 5412 19 734
14100 5412 19 795
14101 5413 19 221
14102 5413 19 2926
14103 5414 19 29
14104 5414 19 2927
14105 5414 19 2928
14106 5414 19 469
14107 5415 19 2083
14120 5420 19 774
14121 5420 19 2485
14122 5420 19 734
14123 5420 19 139
14124 5420 19 77
14125 5421 19 734
14126 5421 19 139
14127 5421 19 709
14128 5421 19 342
14129 5421 19 774
14133 5424 19 2930
14134 5424 19 2931
14135 5425 19 2930
14136 5426 19 46
14137 5427 19 46
14138 5427 19 77
14139 5428 19 2932
14140 5428 19 2891
14141 5428 19 301
14142 5429 19 2891
14156 5436 19 1640
14157 5436 19 1900
14158 5436 19 1638
14159 5437 19 1041
14160 5438 19 2083
14161 5439 19 1062
14162 5439 19 2338
14163 5439 19 1710
14164 5440 19 1640
14165 5440 19 1641
14166 5440 19 1770
14167 5440 19 332
14168 5441 19 1838
14169 5441 19 1034
14170 5441 19 72
14171 5441 19 4
14172 5441 19 2935
14173 5441 19 24
14174 5441 19 1780
14175 5441 19 369
14176 5441 19 225
14177 5441 19 2936
14178 5441 19 1808
14179 5441 19 254
14198 5448 19 5
14199 5448 19 1665
14203 5450 19 1611
14204 5450 19 877
14205 5450 19 982
14206 5450 19 1610
14207 5450 19 1125
14220 5455 19 2942
14221 5455 19 1704
14223 5457 19 1867
14224 5457 19 1175
14225 5457 19 1866
14226 5457 19 1062
14227 5457 19 996
14228 5457 19 769
14229 5457 19 1582
14230 5457 19 1864
14231 5457 19 1869
14232 5457 19 2943
14233 5457 19 1965
14234 5458 19 734
14235 5458 19 139
14236 5458 19 1528
14237 5458 19 2214
14242 5460 19 1491
14243 5460 19 1499
14244 5461 19 139
14245 5461 19 795
14246 5461 19 1664
14247 5461 19 2636
14248 5461 19 1742
14249 5462 19 2944
14250 5462 19 1625
14251 5462 19 1742
14252 5462 19 2945
14253 5462 19 2946
14254 5463 19 1552
14255 5463 19 2944
14256 5463 19 2947
14257 5464 19 2944
14258 5465 19 40
14259 5465 19 926
14260 5465 19 81
14267 5468 19 469
14268 5468 19 2101
14269 5469 19 2948
14270 5469 19 2855
14271 5469 19 11
14272 5469 19 285
14276 1290 19 1565
14277 1290 19 1947
14278 1290 19 2709
14279 1290 19 2949
14280 1290 19 2161
14281 1290 19 2205
14282 5471 19 46
14288 5473 19 39
14289 5473 19 523
14290 5474 19 2137
14291 5474 19 1924
14292 2995 19 638
14293 2995 19 72
14294 2995 19 20
14295 2995 19 369
14307 5480 19 1858
14308 5480 19 2958
14309 5481 19 1771
14310 5481 19 1664
14311 5481 19 2627
14312 5481 19 139
14313 5482 19 12
14314 5482 19 2959
14315 5483 19 11
14316 5483 19 4
14317 5483 19 17
14318 5483 19 2025
14330 5488 19 4
14331 5488 19 503
14332 5488 19 299
14333 5489 19 1491
14334 5489 19 1499
14335 5489 19 70
14337 5491 19 301
14338 5491 19 4
14339 5491 19 1999
14340 5491 19 225
14341 5491 19 503
14342 5492 19 1591
14343 5492 19 72
14344 5492 19 996
14345 5492 19 503
14349 5494 19 2005
14350 5495 19 2083
14354 5498 19 2965
14355 5498 19 469
14364 5503 19 2083
14368 5505 19 1770
14369 5505 19 139
14370 5505 19 2905
14371 5505 19 77
14383 5510 19 2968
14387 5512 19 1616
14388 1299 19 789
14389 1299 19 72
14390 1299 19 4
14391 1297 19 2723
14392 1297 19 789
14393 1297 19 72
14394 1297 19 4
14395 1297 19 926
14396 1297 19 425
14397 1297 19 2969
14398 5513 19 2723
14399 5513 19 789
14400 5513 19 72
14401 5513 19 2970
14402 5513 19 1704
14406 5515 19 789
14407 5515 19 928
14408 5515 19 503
14409 5515 19 72
14410 5515 19 1554
14411 5515 19 2971
14412 5515 19 1923
14413 5515 19 1564
14417 5517 19 1900
14418 5517 19 1561
14423 5519 19 1147
14424 5519 19 39
14425 5519 19 125
14429 5522 19 469
14430 5522 19 2973
14431 5522 19 2974
14432 5522 19 1554
14433 5523 19 1821
14434 5523 19 869
14435 5523 19 816
14436 5523 19 2975
14437 5523 19 2976
14438 5523 19 125
14439 5524 19 139
14440 5524 19 734
14441 5524 19 2155
14442 5524 19 2704
14443 5524 19 1664
14444 5525 19 557
14447 5527 19 2083
14455 5530 19 125
14456 5530 19 187
14476 5535 19 1565
14477 5535 19 125
14478 5535 19 816
14479 5535 19 1564
14480 5536 19 76
14481 5536 19 523
14482 5536 19 1564
14487 5538 19 2986
14488 5538 19 469
14489 5538 19 2133
14490 5538 19 1735
14491 5538 19 2526
14501 5542 19 139
14502 5542 19 734
14503 5542 19 2990
14504 5542 19 1172
14505 5542 19 795
14506 5542 19 709
14507 5543 19 2441
14508 5543 19 2991
14509 5543 19 846
14510 5543 19 2918
14511 5543 19 2992
14514 5545 19 2083
14515 5545 19 2165
14516 5546 19 374
14517 5546 19 139
14518 5546 19 709
14519 5546 19 734
14520 5546 19 1603
14524 5548 19 11
14531 5552 19 70
14532 5552 19 53
14533 5552 19 2994
14536 5554 19 941
14537 5554 19 2995
14540 5556 19 2236
14541 5556 19 5
14542 5556 19 754
14543 5556 19 386
14544 5556 19 365
14551 5559 19 2997
14552 5559 19 2998
14557 5561 19 2085
14567 5565 19 46
14568 5565 19 72
14569 5565 19 2220
14570 5566 19 1577
14592 5577 19 125
14593 5577 19 1625
14594 5577 19 1742
14595 5577 19 1773
14596 5577 19 2803
14597 5577 19 3005
14602 5580 19 3006
14603 5580 19 928
14604 5580 19 1928
14605 5580 19 3007
14606 5580 19 2262
14607 5580 19 2716
14608 5581 19 1491
14609 5581 19 1499
14610 5581 19 3008
14611 5582 19 3009
14612 5582 19 127
14613 5582 19 2544
14619 5585 19 523
14620 5585 19 503
14621 5586 19 2005
14622 5586 19 917
14623 5586 19 2707
14624 5586 19 3012
14628 5588 19 2250
14634 5591 19 3014
14635 5592 19 6
14636 5592 19 816
14637 5592 19 1781
14638 5592 19 982
14639 5592 19 795
14640 5592 19 1113
14641 5592 19 1322
14642 5592 19 2297
14643 5592 19 1897
14650 5594 19 1150
14651 5594 19 3015
14652 5594 19 1261
14653 5595 19 1626
14662 5598 19 2083
14663 5599 19 39
14664 5599 19 523
14672 5601 19 70
14673 5601 19 53
14695 5606 19 1816
14696 5607 19 1710
14697 5608 19 1491
14698 5608 19 1499
14714 5613 19 818
14715 5613 19 1726
14716 5613 19 24
14717 5613 19 2196
14728 5617 19 503
14729 5617 19 1244
14730 5617 19 40
14731 5617 19 78
14732 5617 19 2916
14733 5617 19 1025
14734 5617 19 2581
14738 5619 19 503
14739 5619 19 452
14740 5619 19 81
14741 5620 19 1741
14742 5620 19 734
14743 5620 19 139
14744 5620 19 709
14745 5620 19 795
14757 5624 19 734
14758 5624 19 3033
14759 5624 19 269
14760 5625 19 1491
14761 5625 19 1499
14762 5625 19 53
14763 5626 19 70
14764 5626 19 53
14767 5628 19 70
14768 5628 19 53
14769 5628 19 304
14770 5628 19 139
14771 5629 19 2083
14772 5630 19 3034
14773 5630 19 3035
14774 5630 19 2964
14776 5632 19 11
14777 5632 19 1870
14778 5633 19 40
14779 5633 19 81
14780 5633 19 1000
14781 3287 19 39
14782 3287 19 523
14783 5634 19 1695
14784 5634 19 3036
14787 5636 19 20
14788 5636 19 1141
14791 5638 19 1565
14792 5638 19 1742
14793 5638 19 1559
14794 5638 19 2613
14795 5638 19 1947
14796 5638 19 3038
14797 5638 19 523
14798 5639 19 342
14799 5639 19 139
14800 5639 19 734
14801 5639 19 2895
14802 5639 19 1021
14803 5639 19 774
14812 5644 19 70
14813 5644 19 53
14833 5652 19 523
14840 5654 19 734
14841 5654 19 139
14842 5654 19 961
14843 5654 19 1678
14844 5654 19 1882
14845 5656 19 816
14846 5656 19 2642
14847 5656 19 1882
14848 5656 19 635
14849 5656 19 1303
14850 5656 19 367
14851 5657 19 469
14852 5657 19 734
14853 5657 19 3047
14854 5657 19 2028
14861 5661 19 70
14862 5661 19 53
14863 5661 19 76
14874 5666 19 3050
14875 5666 19 1847
14876 5666 19 3051
14877 5666 19 3052
14878 5667 19 1616
14879 5668 19 734
14880 5668 19 139
14881 5668 19 635
14882 5668 19 961
14883 5668 19 1678
14884 5668 19 795
14888 5671 19 3053
14889 5671 19 77
14890 5671 19 3054
14894 5674 19 469
14895 5674 19 2368
14896 5674 19 2367
14897 5675 19 1367
14898 5676 19 125
14901 5678 19 2409
14902 5678 19 2410
14903 5679 19 734
14904 5679 19 139
14905 5679 19 1741
14906 5679 19 3055
14907 5679 19 3056
14908 5680 19 3055
14909 5680 19 3057
14910 5680 19 3058
14911 5681 19 1741
14912 5681 19 3055
14913 5681 19 3056
14914 5682 19 3055
14915 5682 19 1741
14916 5682 19 3059
14917 5682 19 734
14918 5682 19 139
14924 5686 19 816
14925 5686 19 1751
14926 5687 19 816
14927 5687 19 1751
14928 5688 19 816
14929 5688 19 1751
14930 5689 19 816
14931 5689 19 1751
14932 5690 19 79
14933 5690 19 1610
14934 5690 19 1611
14935 5690 19 877
14936 5690 19 3060
14937 5690 19 1612
14938 5690 19 1613
14939 5690 19 1614
14947 5694 19 139
14948 5694 19 1664
14949 5694 19 734
14950 5694 19 795
14951 5694 19 2022
14957 5696 19 79
14958 5696 19 1610
14959 5696 19 1611
14960 5696 19 877
14961 5696 19 1612
14962 5696 19 1613
14963 5696 19 1614
14964 5697 19 1718
14965 5697 19 77
14966 5697 19 139
14967 5697 19 734
14968 5697 19 104
14969 5697 19 2931
14970 5698 19 1616
14971 5698 19 2286
14976 5699 19 3061
14977 5700 19 139
14978 5700 19 1664
14979 5700 19 285
14980 5700 19 1322
14981 5700 19 491
14982 5700 19 2907
14983 5700 19 709
14984 5700 19 734
14985 5700 19 795
14990 5702 19 139
14991 5702 19 1664
14992 5702 19 734
14998 5704 19 139
14999 5704 19 318
15000 5704 19 3063
15001 5704 19 2908
15002 5704 19 1664
15003 5705 19 98
15004 5705 19 104
15005 5705 19 269
15006 5705 19 72
15007 5705 19 3064
15008 5705 19 545
15009 5705 19 138
15010 5706 19 3065
15011 5706 19 72
15012 5706 19 2625
15013 5706 19 285
15014 5707 19 77
15015 5707 19 139
15016 5707 19 1718
15017 5707 19 2931
15018 5707 19 1127
15019 5707 19 264
15038 5715 19 1656
15039 5715 19 523
15042 5717 19 1616
15043 5718 19 1491
15044 5718 19 1499
15045 5719 19 72
15046 5719 19 1062
15047 5719 19 4
15048 5719 19 386
15049 5719 19 1591
15050 5719 19 1866
15051 5719 19 503
15052 5720 19 1616
15061 5724 19 70
15062 5724 19 797
15065 5726 19 70
15066 5726 19 3072
15067 5726 19 3030
15068 5726 19 769
15069 5726 19 1882
15070 5726 19 369
15071 5726 19 638
15072 5727 19 287
15073 5727 19 1116
15074 5727 19 1858
15081 5730 19 1491
15082 5730 19 1499
15083 5730 19 70
15084 5731 19 70
15085 5731 19 53
15086 5731 19 2897
15097 5736 19 70
15098 5736 19 53
15099 5736 19 1718
15100 5737 19 886
15101 5738 19 70
15102 5738 19 1382
15103 5738 19 53
15107 5740 19 70
15108 5741 19 70
15109 5741 19 304
15110 5741 19 44
15111 5741 19 1303
15122 5745 19 1558
15124 5747 19 72
15125 5747 19 2175
15126 5747 19 3076
15127 5747 19 996
15128 5747 19 1591
15129 5747 19 638
15130 5747 19 2275
15140 5750 19 1491
15141 5750 19 1499
15142 5750 19 70
15149 5754 19 1062
15150 5754 19 29
15151 5754 19 1174
15152 5754 19 1869
15153 5754 19 127
15154 5754 19 1175
15155 5754 19 996
15158 5756 19 734
15159 5756 19 2636
15160 5756 19 2544
15161 5757 19 2544
15165 5759 19 70
15166 5759 19 53
15167 5759 19 1382
15175 5762 19 1858
15176 5762 19 221
15177 5762 19 3084
15180 5764 19 70
15181 5764 19 318
15184 5766 19 1367
15185 5766 19 257
15186 5767 19 1367
15187 5767 19 3085
15188 5767 19 3086
15189 5768 19 1367
15190 5769 19 1367
15194 5772 19 1367
15195 5773 19 1367
15196 5774 19 1555
15197 5774 19 1367
15198 5774 19 3087
15200 5776 19 1367
15201 5776 19 3089
15202 5777 19 1367
15203 5778 19 1367
15204 5779 19 1367
15206 5781 19 1367
15207 5782 19 1367
15208 5782 19 3089
15209 5783 19 1367
15210 5783 19 97
15211 5783 19 3090
15212 5784 19 1367
15213 5785 19 1367
15215 5787 19 2760
15216 5787 19 1367
15217 5788 19 1367
15218 5788 19 816
15219 5788 19 1124
15220 5788 19 3091
15225 5790 19 2493
15226 5790 19 2307
15227 5791 19 6
15228 5792 19 1367
15229 5792 19 318
15230 5792 19 6
15231 5792 19 816
15232 5792 19 285
15236 5794 19 1687
15237 5794 19 734
15238 5794 19 139
15239 5794 19 1528
15240 5794 19 3093
15241 5795 19 2443
15242 5795 19 3094
15243 5795 19 2279
15244 5795 19 926
15245 5795 19 72
15254 5798 19 917
15255 5798 19 2081
15256 5798 19 3097
15257 5798 19 3098
15258 5798 19 285
15259 5798 19 1230
15260 5799 19 507
15261 5799 19 2086
15262 5799 19 369
15263 5799 19 709
15341 5824 19 469
15342 5824 19 146
15343 5824 19 136
15344 5824 19 457
15345 5824 19 7
15356 5827 19 139
15357 5827 19 2781
15358 5827 19 734
15359 5827 19 795
15360 5827 19 77
15361 5828 19 3121
15362 5828 19 734
15363 5828 19 139
15364 5828 19 3122
15368 5830 19 1624
15369 5831 19 2553
15370 5831 19 1664
15371 5831 19 2005
15372 5831 19 29
15374 5833 19 996
15375 5833 19 2338
15376 5833 19 1866
15382 5836 19 3124
15384 5838 19 2368
15385 5839 19 1751
15386 5839 19 3125
15387 5839 19 469
15388 5839 19 3126
15389 5839 19 3127
15392 5842 19 1635
15393 5842 19 996
15394 5842 19 1867
15395 5842 19 1710
15396 5842 19 1864
15397 5842 19 1865
15398 5842 19 3128
15422 5850 19 1267
15423 5850 19 1808
15424 5850 19 40
15429 5853 19 380
15430 5853 19 1640
15438 5856 19 77
15439 5856 19 3133
15440 5857 19 6
15447 5862 19 1145
15448 5862 19 139
15449 5862 19 1565
15450 5862 19 77
15454 5864 19 1572
15455 5864 19 1555
15456 5864 19 125
15457 5865 19 1858
15458 5865 19 3135
15459 5866 19 70
15460 5866 19 53
15461 5866 19 3136
15475 5872 19 507
15476 5872 19 2513
15477 5872 19 139
15481 5875 19 125
15482 5875 19 138
15483 5876 19 1565
15484 5876 19 1816
15485 5876 19 386
15493 5879 19 5
15494 5879 19 1640
15495 5880 19 1640
15496 5880 19 719
15497 5880 19 1665
15498 5880 19 359
15499 5881 19 139
15500 5881 19 2485
15501 5881 19 774
15502 5881 19 2081
15503 5881 19 342
15504 5881 19 734
15506 5883 19 2215
15507 5883 19 5
15508 5883 19 2236
15509 5884 19 3140
15510 5884 19 3141
15511 5885 19 5
15512 5885 19 3142
15513 5885 19 2803
15514 5886 19 877
15515 5886 19 3143
15516 5886 19 491
15517 5887 19 359
15518 5887 19 882
15522 2291 19 370
15523 2291 19 503
15524 2291 19 81
15525 2291 19 754
15526 2291 19 3144
15527 2291 19 3145
15533 5892 19 882
15534 5892 19 2244
15541 5896 19 1616
15542 5897 19 1616
15543 5898 19 1616
15547 5900 19 3048
15548 5900 19 139
15549 5900 19 734
15550 5900 19 795
15551 5901 19 1616
15552 5901 19 1414
15553 5902 19 1565
15554 5902 19 2313
15555 5902 19 1947
15556 5903 19 2392
15557 5904 19 3146
15558 5904 19 1230
15559 5905 19 3147
15565 5908 19 139
15566 5908 19 2897
15567 5908 19 795
15568 5908 19 734
15569 5908 19 2373
15570 5908 19 1664
15571 5909 19 2081
15575 5911 19 1625
15576 5911 19 2172
15579 5913 19 2083
15580 5914 19 1900
15581 5914 19 2165
15583 5916 19 735
15584 5916 19 734
15585 5916 19 139
15586 5916 19 1322
15587 5917 19 734
15588 5917 19 795
15589 5917 19 1664
15590 5918 19 734
15591 5918 19 795
15592 5918 19 1664
15609 5926 19 1664
15610 5926 19 139
15611 5926 19 795
15619 5929 19 3152
15620 5929 19 328
15624 5931 19 2948
15625 5931 19 20
15626 5931 19 11
15627 5931 19 2855
15633 5934 19 46
15634 5934 19 144
15635 5935 19 6
15636 5935 19 20
15656 5947 19 3155
15659 5949 19 734
15660 5949 19 795
15661 5949 19 139
15663 5951 19 11
15664 5951 19 5
15665 5951 19 72
15666 5951 19 37
15667 5951 19 1230
15668 5951 19 982
15669 5951 19 98
15670 5951 19 104
15671 5952 19 1710
15672 5952 19 996
15673 5952 19 1062
15674 5953 19 2930
15675 5954 19 6
15686 5958 19 982
15687 5958 19 1690
15688 5958 19 3156
15689 5958 19 963
15690 5959 19 795
15691 5959 19 1664
15692 5959 19 1647
15698 5962 19 139
15699 5962 19 2897
15700 5962 19 795
15701 5962 19 285
15706 5964 19 76
15707 5965 19 1625
15715 5968 19 2891
15716 5968 19 1611
15717 5968 19 264
15718 5968 19 1396
15719 2167 19 139
15720 2167 19 1664
15721 2167 19 795
15722 5969 19 6
15724 5971 19 2855
15725 5971 19 77
15726 5971 19 3158
15727 5971 19 3159
15728 5971 19 285
15729 5971 19 98
15730 5971 19 734
15731 5971 19 1162
15732 5971 19 3160
15733 5971 19 72
15734 5971 19 139
15735 5971 19 2373
15736 5971 19 11
15737 5971 19 1058
15738 5971 19 757
15739 5972 19 2855
15740 5972 19 2948
15741 5972 19 126
15742 5972 19 2550
15743 5973 19 2855
15744 5973 19 3158
15745 5973 19 982
15746 5973 19 77
15747 5973 19 11
15748 5974 19 11
15749 5974 19 2855
15750 5975 19 2855
15751 5975 19 982
15752 5975 19 2948
15753 5975 19 11
15754 5975 19 90
15755 5975 19 81
15756 5975 19 1868
15757 5975 19 332
15758 5976 19 6
15764 5982 19 1616
15774 5987 19 77
15775 5987 19 3161
15776 5987 19 29
15777 5987 19 331
15778 5987 19 1704
15779 5987 19 1664
15780 5988 19 1923
15781 5988 19 503
15784 3309 19 139
15785 3309 19 1664
15786 5991 19 139
15787 5991 19 795
15788 5991 19 285
15791 5994 19 1616
15800 52 19 5
15801 52 19 1665
15802 52 19 2220
15803 52 19 72
15804 52 19 40
15805 5999 19 3162
15806 5999 19 3163
15807 5999 19 264
15808 5999 19 285
15814 6003 19 1616
15815 6004 19 1616
15818 6007 19 5
15819 6007 19 1647
15824 6009 19 1616
15825 6009 19 719
15829 6011 19 77
15830 6011 19 3165
15831 6012 19 3166
15839 6016 19 6
15840 6016 19 125
15842 6018 19 3168
15843 6018 19 3043
15844 6018 19 3169
15845 6018 19 3170
15846 6018 19 3165
15847 6018 19 139
15848 1346 19 77
15849 1346 19 139
15850 1346 19 795
15851 1346 19 126
15852 1346 19 250
15853 1346 19 2220
15858 6020 19 2725
15859 6020 19 3171
15860 6020 19 3172
15861 6020 19 3173
15862 6020 19 3174
15868 6023 19 39
15869 6023 19 523
15877 1340 19 77
15878 1340 19 139
15879 1340 19 2303
15880 1340 19 2302
15881 6026 19 77
15882 6026 19 1947
15883 6026 19 302
15884 6026 19 2230
15885 6026 19 1664
15886 6026 19 40
15887 6026 19 735
15888 6026 19 2303
15889 6026 19 1603
15890 6026 19 2385
15891 6026 19 575
15892 6026 19 2061
15893 6026 19 72
15894 6026 19 1781
15895 6026 19 139
15896 6026 19 104
15897 6026 19 98
15898 6026 19 709
15899 6026 19 2907
15900 6026 19 1322
15901 6027 19 734
15902 6027 19 139
15903 6027 19 3178
15904 6028 19 77
15905 6028 19 11
15906 6028 19 104
15907 6028 19 734
15908 6028 19 3093
15918 6034 19 1665
15919 6034 19 29
15920 6034 19 1664
15921 6035 19 1616
15922 6035 19 3181
15923 6035 19 1004
15924 6036 19 1491
15925 6036 19 1499
15926 6036 19 70
15927 6037 19 1665
15939 6041 19 3184
15944 6044 19 1558
15945 6044 19 953
15968 6052 19 557
15969 6052 19 125
15970 6052 19 1897
15975 6055 19 441
15976 6055 19 1896
15977 6055 19 1795
15978 6055 19 3190
15981 6057 19 557
15982 6057 19 1796
15983 6058 19 2180
15984 6058 19 72
16000 6067 19 125
16001 6067 19 1147
16002 6067 19 503
16032 6075 19 2127
16033 6075 19 98
16034 6075 19 104
16035 6075 19 734
16036 6075 19 568
16037 6075 19 3199
16038 6075 19 301
16039 6075 19 2373
16040 6075 19 39
16041 6075 19 77
16042 6076 19 2083
16048 6082 19 359
16049 6082 19 1664
16054 6084 19 2083
16055 6084 19 3202
16056 6084 19 2505
16057 6085 19 3202
16068 6089 19 1367
16069 6089 19 1124
16070 6089 19 3205
16071 6090 19 3206
16090 6098 19 1626
16091 6098 19 1816
16093 6100 19 2429
16094 6100 19 90
16095 6100 19 104
16096 6100 19 11
16097 6101 19 2429
16098 6101 19 11
16099 6101 19 2303
16100 6101 19 77
16103 6103 19 3213
16120 6107 19 1147
16121 6107 19 3151
16122 6107 19 125
16123 6108 19 139
16124 3317 19 39
16125 3317 19 1162
16126 3317 19 523
16127 6110 19 359
16128 6110 19 104
16129 6110 19 3218
16130 6110 19 3219
16147 6116 19 46
16148 6116 19 77
16149 6116 19 3224
16166 6120 19 1113
16167 6120 19 816
16168 6120 19 1019
16171 6122 19 1828
16172 6122 19 1625
16173 6122 19 781
16174 6123 19 469
16175 6123 19 29
16176 6123 19 3230
16185 6126 19 1625
16186 6126 19 1816
16187 6127 19 1625
16188 6127 19 1828
16192 6130 19 1491
16193 6130 19 1499
16194 6130 19 3233
16198 6132 19 70
16199 6132 19 304
16200 6132 19 978
16201 6132 19 139
16202 6132 19 44
16203 6133 19 3234
16204 6133 19 3235
16205 6133 19 3236
16206 6133 19 3237
16207 6133 19 2373
16208 6133 19 1779
16209 6134 19 1491
16210 6134 19 3238
16211 6134 19 3239
16212 6135 19 637
16213 6135 19 1921
16214 6136 19 1923
16215 6136 19 1050
16216 6136 19 2198
16217 6136 19 503
16218 6136 19 72
16219 6137 19 1900
16220 6137 19 637
16221 6137 19 187
16222 6137 19 3240
16223 6137 19 3241
16224 6138 19 1889
16225 6138 19 2391
16226 6138 19 1565
16227 6138 19 1651
16228 6138 19 12
16229 6138 19 1555
16230 6138 19 2248
16231 6138 19 2072
16232 6138 19 125
16233 6139 19 3242
16234 6139 19 2232
16235 6139 19 816
16236 6139 19 3243
16251 6148 19 1367
16252 6148 19 816
16253 6148 19 257
16254 6149 19 3200
16255 6149 19 789
16256 6149 19 125
16257 6149 19 882
16258 6150 19 332
16259 6151 19 2395
16260 6151 19 2396
16261 6151 19 2063
16263 6153 19 332
16276 6156 19 1938
16277 6156 19 1125
16278 6156 19 139
16285 6158 19 6
16297 6162 19 90
16298 6162 19 1690
16299 6162 19 1034
16300 6162 19 72
16301 6162 19 3252
16302 6162 19 3253
16303 6163 19 39
16304 6163 19 523
16305 6163 19 1147
16306 6164 19 1147
16308 6166 19 70
16309 6166 19 53
16310 6167 19 12
16311 6167 19 1748
16312 6167 19 3254
16313 6167 19 3255
16314 6167 19 1828
16315 6167 19 1889
16316 6167 19 1626
16317 6167 19 3130
16318 6167 19 3256
16334 6172 19 125
16360 6179 19 1819
16361 6179 19 1779
16362 6179 19 734
16363 6179 19 104
16365 6181 19 3265
16366 6181 19 126
16367 6181 19 77
16368 6182 19 3053
16369 6182 19 77
16370 6182 19 104
16371 6182 19 3054
16372 6183 19 2429
16374 6185 19 2855
16375 6185 19 11
16376 6185 19 1603
16377 6185 19 77
16378 6185 19 3158
16384 1374 19 359
16385 1374 19 3266
16398 6193 19 1367
16399 6193 19 1124
16400 6194 19 2083
16401 6194 19 3138
16403 6196 19 846
16404 6196 19 311
16405 6196 19 1907
16406 6197 19 125
16407 6198 19 781
16408 6198 19 1664
16409 6198 19 332
16410 6198 19 982
16411 6198 19 780
16436 6209 19 70
16437 6209 19 276
16438 6210 19 1491
16439 6210 19 1499
16440 6210 19 3271
16456 6216 19 276
16457 6216 19 318
16458 6216 19 369
16468 6219 19 3274
16469 6219 19 2185
16470 6219 19 3275
16471 6219 19 557
16472 6219 19 3276
16473 6219 19 1128
16474 6219 19 2161
16475 6219 19 39
16476 6219 19 276
16481 6222 19 1591
16482 6222 19 1552
16483 6222 19 3277
16484 6222 19 1588
16489 6225 19 2250
16490 6226 19 3278
16491 6226 19 3279
16492 6226 19 996
16493 6226 19 2761
16496 6228 19 1816
16497 6228 19 3280
16498 6229 19 2244
16504 6233 19 734
16505 6233 19 139
16506 6233 19 709
16512 6235 19 1491
16513 6235 19 1499
16517 6237 19 2995
16518 6237 19 3282
16519 6237 19 963
16532 6241 19 11
16533 6241 19 2855
16545 6246 19 734
16546 6246 19 2427
16547 6246 19 2599
16548 6246 19 76
16564 6254 19 2709
16565 6254 19 523
16566 6254 19 104
16567 6255 19 469
16568 6255 19 2520
16569 6256 19 70
16570 6256 19 53
16571 6256 19 1770
16572 6256 19 1019
16573 6257 19 70
16574 6257 19 53
16577 6259 19 507
16578 6259 19 2636
16579 6259 19 709
16580 6259 19 795
16581 6259 19 3288
16582 6259 19 734
16586 6261 19 926
16587 6261 19 1714
16588 6261 19 635
16589 6261 19 637
16590 6261 19 639
16591 6261 19 1299
16598 6264 19 70
16599 6264 19 53
16603 6267 19 70
16604 6267 19 53
16635 6279 19 2916
16636 6279 19 1331
16637 6279 19 81
16638 6279 19 29
16639 6279 19 638
16640 6279 19 40
16643 6281 19 1616
16644 1384 19 3295
16645 1384 19 1695
16646 1384 19 77
16647 1384 19 139
16648 1384 19 126
16649 1384 19 2007
16650 1384 19 3296
16654 6283 19 2236
16655 6283 19 5
16656 6283 19 72
16657 6283 19 3299
16658 6284 19 2045
16659 6284 19 1625
16660 6284 19 3300
16661 6284 19 1711
16667 6287 19 1640
16668 6287 19 369
16670 6289 19 81
16671 6289 19 464
16672 6289 19 40
16673 6289 19 369
16674 6289 19 1779
16675 6289 19 536
16676 6289 19 1504
16677 6289 19 635
16678 6289 19 72
16679 6289 19 4
16680 6289 19 503
16681 6289 19 1890
16695 6297 19 1616
16696 6297 19 2126
16708 6302 19 1616
16709 6302 19 2126
16712 6304 19 1616
16713 6304 19 1895
16714 6304 19 1802
16715 6304 19 2279
16716 6304 19 2126
16718 6306 19 2083
16719 6306 19 464
16720 6306 19 1625
16727 6308 19 2083
16728 6309 19 2877
16729 6309 19 734
16730 6309 19 104
16731 6309 19 139
16732 6309 19 342
16737 6312 19 2303
16738 6312 19 77
16739 6313 19 2005
16746 6317 19 1616
16748 6319 19 2236
16749 6319 19 5
16750 6319 19 474
16757 6321 19 846
16758 6322 19 2359
16759 6322 19 1564
16760 6323 19 29
16761 6323 19 503
16762 6323 19 464
16763 6323 19 3309
16764 6323 19 469
16766 6325 19 3310
16767 6325 19 425
16768 6325 19 1625
16769 6326 19 2165
16770 6326 19 2020
16771 6327 19 1491
16772 6327 19 1499
16773 6328 19 2083
16774 6329 19 2005
16775 6330 19 2005
16782 6333 19 1625
16783 6333 19 1816
16784 6333 19 3311
16785 6333 19 3312
16816 6341 19 1591
16817 6341 19 996
16818 6341 19 3319
16819 6341 19 2250
16820 6342 19 2083
16821 6343 19 1591
16822 6343 19 3320
16823 6343 19 2320
16825 6345 19 3321
16826 6345 19 425
16831 6347 19 2175
16832 6347 19 469
16833 6347 19 1591
16834 6347 19 1923
16835 6347 19 2761
16836 6347 19 3322
16837 6347 19 3323
16838 6347 19 503
16839 6347 19 2314
16840 1393 19 1491
16841 1393 19 1973
16842 1393 19 3233
16843 6348 19 1884
16844 6348 19 734
16845 6348 19 369
16864 6353 19 125
16865 6353 19 2613
16866 6353 19 1918
16867 6353 19 523
16868 6353 19 3325
16869 6353 19 3326
16870 6353 19 3327
16885 6359 19 734
16886 6359 19 369
16887 6360 19 1491
16888 6360 19 1499
16889 6360 19 70
16895 6363 19 469
16896 6363 19 3064
16897 6363 19 1763
16898 6363 19 507
16899 6363 19 3312
16906 6367 19 503
16907 6367 19 2072
16908 6367 19 3333
16909 6368 19 2581
16910 6368 19 40
16911 6368 19 72
16912 6369 19 1758
16913 6369 19 816
16914 6369 19 311
16915 6370 19 1491
16916 6370 19 1499
16927 6377 19 1819
16928 6377 19 374
16931 6379 19 81
16932 6379 19 40
16933 6379 19 3334
16935 6381 19 1591
16936 6381 19 3123
16937 6381 19 2945
16938 6381 19 996
16939 6381 19 1742
16940 6382 19 1943
16941 6382 19 3123
16942 6382 19 3335
16943 6382 19 2340
16944 6383 19 2083
16945 6384 19 1701
16946 6384 19 2131
16947 6385 19 104
16948 6385 19 2776
16949 6385 19 3336
16950 6385 19 39
16951 6386 19 3337
16952 6386 19 1578
16959 6388 19 3341
16960 6388 19 507
16961 6388 19 1896
16962 6389 19 1554
16963 6389 19 311
16964 6389 19 2217
16965 6389 19 307
16966 6389 19 3342
16967 6390 19 2965
16968 6390 19 469
16971 6392 19 1128
16972 6392 19 1125
16973 6393 19 1616
16974 6393 19 441
16975 6394 19 441
16976 6394 19 1004
16979 6395 19 374
16980 6395 19 139
16981 6395 19 3343
16984 6397 19 540
16985 6397 19 1004
16986 6397 19 813
16987 6397 19 1230
16988 6398 19 139
16989 6398 19 734
16990 6398 19 2472
16991 6398 19 77
16992 6399 19 2626
16993 6399 19 734
16994 6399 19 139
16995 6399 19 795
16996 6399 19 285
16997 6399 19 709
16998 6399 19 491
16999 6400 19 563
17000 6400 19 365
17001 6400 19 80
17002 6401 19 1056
17013 6405 19 3344
17014 6405 19 139
17015 6405 19 734
17016 6405 19 374
17028 6411 19 3346
17029 6411 19 978
17030 6411 19 70
17031 6411 19 301
17032 6411 19 125
17033 6412 19 46
17034 6412 19 999
17036 6414 19 3347
17037 6414 19 3348
17038 6414 19 2272
17039 6414 19 1591
17040 6414 19 996
17041 6414 19 1710
17053 6419 19 1920
17054 6419 19 1618
17055 6419 19 1169
17064 6424 19 1738
17065 6424 19 3285
17069 6427 19 225
17070 6427 19 254
17071 6427 19 3355
17072 6428 19 1491
17073 6428 19 1499
17074 6428 19 276
17075 6429 19 425
17076 6429 19 1126
17077 6429 19 503
17078 6429 19 2889
17079 6429 19 2187
17080 6429 19 6
17081 6430 19 3356
17082 6430 19 3311
17083 6430 19 374
17084 6430 19 3357
17091 6432 19 507
17092 6432 19 301
17093 6432 19 557
17094 6432 19 380
17095 6432 19 1162
17096 6432 19 3358
17097 6432 19 3359
17103 6434 19 638
17104 6434 19 1176
17105 6434 19 3360
17112 6436 19 11
17113 6436 19 2855
17121 6439 19 3361
17132 6442 19 3364
17133 6442 19 3365
17134 6442 19 125
17142 6444 19 638
17143 6444 19 3369
17144 6444 19 3370
17145 6444 19 3371
17146 6445 19 982
17147 6445 19 40
17148 6445 19 81
17149 6446 19 996
17150 6446 19 2840
17151 6446 19 3372
17152 6447 19 1491
17153 6447 19 1499
17154 6447 19 2472
17155 6448 19 4
17156 6448 19 1732
17160 6450 19 3375
17161 6450 19 638
17162 6450 19 996
17163 6450 19 1504
17164 6450 19 637
17173 6453 19 734
17174 6453 19 865
17175 6453 19 369
17176 6454 19 638
17177 6454 19 637
17178 6454 19 1846
17183 6456 19 557
17199 6460 19 1882
17200 6460 19 774
17201 6460 19 2485
17210 6462 19 1267
17211 6462 19 2613
17212 6463 19 2753
17213 6463 19 1591
17214 6463 19 996
17215 6463 19 1923
17216 6464 19 1174
17217 6464 19 1062
17218 6464 19 996
17219 6464 19 1867
17220 6464 19 1175
17221 6464 19 1864
17222 6464 19 3382
17223 6465 19 40
17224 6465 19 1062
17225 6465 19 1869
17226 6465 19 996
17227 6465 19 1965
17228 6465 19 1866
17232 6467 19 638
17233 6467 19 3281
17234 6467 19 1187
17237 6469 19 1558
17258 866 19 72
17259 866 19 638
17260 866 19 503
17261 866 19 40
17262 866 19 292
17263 866 19 2581
17264 866 19 39
17265 866 19 1943
17275 6478 19 3387
17276 6478 19 3383
17277 6479 19 1803
17283 6482 19 1616
17284 6483 19 1616
17285 6484 19 3390
17286 6484 19 3391
17287 6484 19 1578
17288 6484 19 3392
17289 6485 19 6
17290 6485 19 2187
17291 6485 19 1939
17292 6485 19 1126
17293 6485 19 503
17294 6485 19 3393
17307 6488 19 527
17308 6488 19 46
17309 6488 19 259
17310 6488 19 3398
17313 6490 19 527
17314 6490 19 108
17315 6490 19 46
17316 6490 19 20
17317 6490 19 188
17318 6490 19 72
17319 6490 19 1116
17320 6490 19 386
17345 6497 19 1625
17346 6497 19 1627
17347 6497 19 3404
17348 6497 19 3405
17349 6497 19 3406
17350 6497 19 1816
17351 6497 19 2054
17352 6498 19 877
17353 6498 19 3143
17354 6499 19 3184
17355 6499 19 125
17356 6499 19 1651
17361 6501 19 72
17362 6501 19 781
17363 6501 19 3145
17364 6501 19 3408
17365 6501 19 3409
17366 6502 19 2164
17367 6502 19 3410
17368 6502 19 3411
17369 6502 19 1625
17377 6507 19 1625
17378 6507 19 3417
17382 6510 19 2359
17383 6510 19 2364
17389 6514 19 104
17390 6514 19 846
17391 6514 19 77
17396 6516 19 3419
17397 6516 19 3420
17398 6516 19 3421
17405 6520 19 104
17406 6520 19 2485
17407 6520 19 139
17413 6522 19 1616
17417 3458 19 104
17418 3458 19 11
17419 3458 19 374
17420 3458 19 1058
17421 6524 19 139
17422 6524 19 2371
17423 6524 19 285
17424 6524 19 795
17425 6524 19 72
17430 6526 19 3423
17431 6526 19 1230
17432 6526 19 3424
17433 6526 19 963
17434 6526 19 331
17435 6526 19 29
17436 6526 19 1128
17441 6528 19 1695
17456 6535 19 139
17457 6535 19 734
17458 6535 19 795
17459 6535 19 3428
17460 6535 19 1835
17469 6541 19 1591
17470 6541 19 2761
17471 6541 19 996
17472 6541 19 2250
17475 6543 19 2101
17479 6546 19 11
17480 6546 19 1058
17481 6546 19 72
17482 6546 19 1647
17484 6548 19 3300
17485 6548 19 1625
17486 6548 19 3430
17524 6563 19 98
17525 6563 19 104
17526 6563 19 1859
17527 6563 19 2012
17528 6563 19 2016
17529 6563 19 2013
17530 6563 19 1679
17531 6563 19 11
17532 6563 19 90
17554 6568 19 2187
17555 6568 19 2063
17556 6569 19 2187
17557 6569 19 40
17558 6569 19 963
17559 6569 19 6
17560 6569 19 3393
17561 6569 19 2232
17563 6571 19 1625
17564 6571 19 1626
17565 6571 19 3435
17566 6571 19 1583
17567 6572 19 3436
17568 6572 19 3300
17569 6572 19 2063
17570 6573 19 6
17571 6573 19 3437
17572 6573 19 139
17573 6573 19 77
17574 6573 19 2127
17575 2188 19 441
17576 2188 19 523
17577 2188 19 3438
17578 2188 19 79
17579 6574 19 1050
17580 6574 19 503
17581 6574 19 1923
17582 6574 19 40
17586 6576 19 1591
17587 6576 19 781
17588 6576 19 2198
17589 6576 19 469
17590 6576 19 3441
17591 6576 19 503
17592 6577 19 469
17593 6577 19 781
17594 6577 19 1591
17600 6580 19 816
17601 6580 19 3443
17602 6580 19 3444
17603 6581 19 1616
17604 6581 19 557
17605 6582 19 3445
17606 6582 19 1591
17607 6582 19 557
17608 6582 19 385
17609 6582 19 1742
17624 6586 19 1062
17625 6586 19 996
17634 6590 19 557
17635 6590 19 441
17637 6592 19 304
17638 6592 19 70
17639 6592 19 53
17640 6592 19 72
17641 6592 19 301
17642 6592 19 978
17643 6593 19 139
17644 6593 19 795
17645 6593 19 734
17646 6593 19 285
17647 6593 19 709
17648 6593 19 1714
17658 6597 19 2059
17659 6598 19 846
17660 6598 19 39
17661 6598 19 523
17665 6600 19 545
17666 6600 19 11
17667 6600 19 39
17668 6600 19 72
17669 6600 19 3452
17670 6600 19 1173
17671 6601 19 76
17672 6602 19 52
17673 6602 19 4
17674 6603 19 301
17675 6603 19 2890
17676 6603 19 1056
17677 6603 19 639
17684 6607 19 982
17685 6607 19 40
17686 6607 19 996
17687 6607 19 2175
17688 6607 19 72
17689 6607 19 1591
17690 6607 19 5
17691 6608 19 77
17692 6608 19 139
17693 6608 19 734
17694 6608 19 2781
17695 6608 19 2548
17696 6608 19 2086
17697 6608 19 285
17698 6609 19 3291
17708 6612 19 734
17709 6612 19 139
17710 6612 19 961
17711 6612 19 1678
17712 6613 19 3456
17713 6613 19 2506
17714 6614 19 37
17715 6614 19 100
17716 6614 19 3456
17717 6615 19 2250
17727 6621 19 70
17728 6621 19 53
17729 6621 19 3457
17730 6621 19 328
17731 6622 19 70
17732 6622 19 53
17735 6624 19 846
17736 6624 19 72
17737 6624 19 1502
17738 6624 19 1395
17739 6624 19 3458
17740 6625 19 1651
17741 6625 19 1625
17742 6625 19 12
17745 6627 19 441
17746 6627 19 963
17760 6633 19 125
17761 6633 19 816
17762 6633 19 869
17771 6637 19 1625
17772 6637 19 1572
17773 6637 19 464
17774 6637 19 2052
17775 6637 19 72
17776 6637 19 425
17777 6637 19 4
17778 6637 19 1728
17779 6637 19 1768
17780 6637 19 1742
17781 6637 19 3257
17782 6637 19 311
17783 6638 19 1572
17784 6638 19 523
17785 6638 19 1742
17786 6638 19 2449
17787 6638 19 2045
17788 6638 19 29
17789 6638 19 1625
17790 6638 19 1565
17791 6638 19 2158
17792 6638 19 425
17793 6638 19 2052
17794 6639 19 3462
17795 6639 19 1625
17796 6639 19 3463
17797 6639 19 996
17800 6641 19 70
17801 6641 19 53
17802 6642 19 70
17803 6642 19 53
17804 6642 19 287
17805 6643 19 70
17806 6643 19 53
17807 6643 19 291
17808 6643 19 316
17814 6645 19 469
17815 6645 19 2543
17816 6645 19 3464
17817 6645 19 2101
17818 6646 19 469
17819 6646 19 2101
17820 6647 19 1491
17821 6647 19 1499
17836 6653 19 1770
17837 6653 19 1611
17838 6654 19 108
17839 6654 19 46
17840 6654 19 3465
17841 6654 19 125
17842 6654 19 3466
17843 6654 19 3467
17844 6655 19 1943
17845 6655 19 2340
17846 6655 19 503
17847 6655 19 343
17848 6655 19 519
17853 6657 19 6
17854 6658 19 6
17855 6658 19 3393
17856 6658 19 503
17857 6658 19 2187
17858 6658 19 1584
17865 6661 19 70
17866 6661 19 318
17867 6661 19 1382
17871 6663 19 2862
17890 6668 19 2026
17891 6668 19 392
17892 6668 19 2027
17893 6668 19 285
17894 6668 19 1974
17898 6670 19 6
17899 6670 19 1025
17900 6670 19 3471
17903 6672 19 816
17904 6672 19 2285
17905 6672 19 3473
17906 6673 19 425
17907 6673 19 125
17908 6674 19 2657
17909 6674 19 3474
17910 6674 19 3475
17911 6674 19 3476
17912 6674 19 2319
17913 6674 19 12
17918 6676 19 587
17919 6676 19 1583
17920 6676 19 3477
17921 6676 19 125
17922 6676 19 12
17923 6676 19 818
17924 6677 19 1937
17925 6677 19 3478
17926 6677 19 139
17930 6680 19 523
17931 6680 19 996
17932 6680 19 2272
17933 6680 19 2338
17986 6699 19 1584
17987 6699 19 3487
17988 6699 19 2567
17999 6705 19 1695
18000 6705 19 304
18001 6705 19 70
18002 6705 19 3488
18003 6705 19 104
18004 6705 19 978
18005 6705 19 2906
18006 6705 19 126
18064 6728 19 125
18065 6728 19 46
18068 6730 19 2505
18083 6738 19 1635
18084 6738 19 3496
18085 6738 19 3445
18125 6753 19 2133
18126 6753 19 789
18127 6753 19 4
18128 6753 19 72
18129 6753 19 643
18130 6753 19 563
18131 6753 19 292
18132 6753 19 2140
18133 6753 19 1356
18134 6753 19 3498
18135 6754 19 3499
18136 6754 19 286
18137 6754 19 40
18138 6755 19 39
18139 6755 19 523
18140 6755 19 1267
18141 6755 19 386
18143 6757 19 2485
18144 6757 19 734
18145 6757 19 139
18146 6757 19 77
18152 6759 19 125
18153 6759 19 941
18154 6759 19 138
18155 6759 19 1716
18158 6761 19 469
18159 6761 19 3504
18160 6761 19 3505
18161 6761 19 3506
18162 6761 19 77
18163 6761 19 1528
18164 6762 19 2127
18165 6762 19 77
18166 6762 19 1937
18167 6762 19 3505
18168 6762 19 1528
18169 6762 19 139
18170 6762 19 104
18171 6762 19 795
18172 6762 19 734
18173 6762 19 3506
18178 6766 19 3507
18179 6766 19 507
18180 6766 19 2733
18181 6766 19 3508
18182 6766 19 3509
18183 6767 19 125
18184 6767 19 48
18185 6767 19 3510
18186 6768 19 2082
18190 6770 19 1491
18191 6770 19 1499
18192 6770 19 104
18193 6771 19 1050
18194 6771 19 1591
18195 6771 19 503
18196 6771 19 72
18197 6772 19 734
18198 6772 19 139
18199 6772 19 104
18200 6772 19 77
18201 6772 19 170
18202 6772 19 569
18222 6776 19 138
18223 6776 19 72
18224 6776 19 638
18225 6776 19 2903
18226 6776 19 941
18238 6781 19 523
18239 6782 19 2892
18240 6782 19 3517
18241 6782 19 3518
18244 6785 19 20
18245 6785 19 638
18246 6786 19 3520
18247 6786 19 523
18248 6787 19 2661
18249 6787 19 769
18250 6787 19 46
18251 6787 19 287
18252 6787 19 138
18253 6788 19 504
18254 6788 19 541
18255 6788 19 137
18256 6788 19 138
18257 6788 19 12
18258 6788 19 2640
18259 6789 19 2580
18260 6789 19 3521
18261 6789 19 72
18262 6789 19 503
18263 6789 19 2581
18266 6791 19 3522
18267 6791 19 365
18268 6791 19 81
18269 6791 19 40
18270 6791 19 3523
18275 6793 19 996
18276 6793 19 1635
18277 6793 19 503
18278 6793 19 1591
18279 6794 19 2220
18280 6794 19 301
18281 6794 19 72
18282 6794 19 474
18296 6797 19 29
18297 6797 19 1664
18298 6797 19 3009
18299 6797 19 1940
18300 6797 19 3156
18301 6798 19 77
18302 6798 19 39
18310 6801 19 72
18311 6801 19 474
18312 6801 19 40
18313 6801 19 5
18323 6805 19 523
18324 6806 19 264
18325 6806 19 285
18326 6806 19 44
18328 6808 19 3527
18329 6808 19 72
18330 6808 19 24
18331 6808 19 3528
18332 6809 19 3527
18333 6809 19 72
18334 6809 19 3528
18335 6809 19 24
18336 6810 19 1544
18337 6810 19 1711
18338 6811 19 734
18339 6811 19 139
18340 6811 19 77
18341 6811 19 2895
18342 6812 19 11
18343 6812 19 2428
18344 6812 19 72
18345 6812 19 3529
18354 6815 19 311
18355 6815 19 1745
18356 6815 19 3531
18358 6817 19 734
18359 6817 19 139
18360 6817 19 77
18361 6817 19 120
18362 6817 19 2362
18368 6821 19 285
18369 6821 19 1411
18370 6821 19 307
18371 6822 19 264
18372 6822 19 285
18373 6822 19 139
18374 6822 19 734
18375 6823 19 2161
18376 6823 19 1155
18377 6823 19 2892
18383 6825 19 1565
18384 6825 19 125
18385 6825 19 2861
18386 6826 19 1889
18387 6826 19 929
18388 6826 19 3535
18389 6826 19 1565
18390 6826 19 1627
18391 6826 19 1816
18392 6826 19 2054
18395 6828 19 425
18396 6828 19 2134
18397 6828 19 2723
18398 6828 19 3537
18414 6831 19 2763
18415 6831 19 1147
18416 6831 19 469
18417 6831 19 2764
18424 6833 19 1150
18425 6833 19 1711
18426 6833 19 3226
18427 6834 19 70
18428 6834 19 53
18434 6837 19 2201
18435 6837 19 469
18438 6839 19 1056
18439 6839 19 72
18440 6839 19 2489
18441 6840 19 139
18442 6840 19 734
18443 6840 19 795
18444 6840 19 2485
18447 6843 19 1491
18448 6843 19 1499
18449 6843 19 1665
18468 6850 19 816
18469 6851 19 2083
18476 6854 19 3547
18477 6854 19 3548
18478 6854 19 3549
18479 6854 19 5
18480 6854 19 3550
18481 6855 19 425
18482 6855 19 469
18483 6855 19 3551
18492 6860 19 469
18493 6860 19 816
18494 6860 19 1751
18495 6860 19 3552
18497 6862 19 139
18498 6862 19 734
18499 6862 19 795
18500 6862 19 709
18501 6862 19 2546
18509 6865 19 469
18510 6865 19 3554
18511 6865 19 3555
18512 6866 19 1558
18518 6869 19 1258
18519 6869 19 374
18520 6869 19 2313
18521 6869 19 3556
18522 6869 19 2161
18523 6869 19 2160
18524 6869 19 139
18525 6870 19 46
18526 6870 19 188
18527 6870 19 11
18532 6874 19 11
18533 6874 19 2214
18534 6875 19 2409
18535 6876 19 1625
18536 6876 19 523
18537 6876 19 1565
18538 6876 19 2152
18539 6876 19 1742
18540 6876 19 2691
18541 6876 19 1626
18542 6876 19 2205
18543 6876 19 3257
18544 6876 19 996
18545 6876 19 311
18546 6876 19 1728
18547 6876 19 2813
18548 6876 19 503
18549 6876 19 1583
18550 6876 19 2158
18551 6876 19 1627
18552 6876 19 1559
18553 6877 19 1558
18556 6880 19 523
18557 6881 19 3558
18558 6881 19 70
18559 6881 19 285
18560 6881 19 466
18561 6881 19 1118
18562 6882 19 425
18563 6882 19 1625
18564 6882 19 2319
18565 6882 19 2539
18566 6882 19 2056
18567 6883 19 70
18568 6883 19 53
18570 6885 19 818
18574 6887 19 1558
18575 6888 19 816
18576 6888 19 2729
18578 6890 19 3560
18579 6890 19 3140
18580 6890 19 4
18581 6891 19 1909
18582 6891 19 90
18583 6891 19 3561
18584 6891 19 3562
18585 6891 19 3563
18586 6892 19 507
18587 6892 19 1701
18588 6892 19 2131
18589 6892 19 79
18590 6893 19 441
18591 6893 19 2862
18592 6894 19 1558
18593 6895 19 795
18594 6895 19 139
18595 6895 19 734
18596 6895 19 709
18597 6895 19 285
18598 6895 19 3564
18599 6895 19 982
18600 6895 19 72
18601 6895 19 3565
18603 6897 19 2005
18606 6899 19 469
18607 6899 19 3566
18608 6900 19 1558
18609 6900 19 1810
18610 6900 19 1051
18613 6902 19 1907
18614 6902 19 734
18615 6902 19 125
18616 6902 19 3568
18618 6904 19 469
18619 6904 19 2364
18620 6904 19 3570
18621 6905 19 1565
18622 6905 19 1900
18623 6905 19 1559
18624 6905 19 3570
18625 6906 19 1157
18626 6906 19 469
18627 6907 19 1491
18628 6907 19 1499
18629 6908 19 188
18630 6908 19 125
18631 6909 19 3571
18632 6909 19 3572
18633 6909 19 3573
18634 6910 19 2319
18635 6910 19 12
18636 6911 19 1491
18637 6911 19 1499
18641 6913 19 125
18642 6913 19 3574
18643 6913 19 304
18659 6920 19 1816
18660 6920 19 2172
18661 6920 19 2378
18662 6920 19 4
18669 6924 19 2725
18670 6924 19 3171
18671 6924 19 3172
18672 6924 19 3173
18673 6924 19 3174
18679 6926 19 1615
18680 6926 19 2277
18690 6930 19 3200
18691 6930 19 523
18692 6930 19 125
18693 6931 19 734
18694 6931 19 139
18695 6931 19 1679
18697 6933 19 76
18698 6933 19 523
18699 6934 19 2078
18700 6934 19 1693
18701 6935 19 1616
18716 6941 19 76
18717 6941 19 138
18719 6943 19 77
18720 6943 19 388
18721 6943 19 139
18722 6943 19 1742
18723 6943 19 2230
18724 6943 19 126
18725 6943 19 104
18726 6943 19 98
18727 6943 19 734
18736 6947 19 77
18737 6947 19 734
18738 6947 19 978
18739 6947 19 1603
18740 6947 19 3582
18741 6947 19 3583
18742 6947 19 139
18744 6949 19 3585
18749 6953 19 2005
18751 6955 19 6
18767 6966 19 1491
18768 6966 19 1499
18769 6966 19 104
18795 6978 19 469
18796 6978 19 1554
18797 6978 19 3576
18800 3385 19 77
18801 3385 19 1153
18802 3385 19 523
18804 6981 19 104
18805 6981 19 1153
18806 6981 19 139
18807 6981 19 77
18808 6981 19 1678
18809 6981 19 285
18810 6982 19 1153
18811 6982 19 104
18812 6982 19 76
18813 6982 19 6
18823 6985 19 917
18824 6985 19 3591
18825 6985 19 301
18826 6985 19 342
18827 6985 19 1004
18828 6985 19 441
18829 6985 19 285
18830 6986 19 1113
18831 6986 19 2543
18832 6986 19 29
18845 6990 19 1147
18846 6990 19 125
18847 6991 19 12
18848 6991 19 3593
18849 6991 19 2025
18850 6991 19 2795
18851 6991 19 1764
18852 6992 19 557
18853 6992 19 1820
18854 6993 19 2012
18855 6993 19 1679
18856 6993 19 72
18857 6993 19 3594
18858 6994 19 3073
18859 6994 19 380
18860 6994 19 70
18864 6996 19 1924
18885 7002 19 441
18886 7002 19 2341
18887 7002 19 3599
18888 7002 19 3600
18889 7003 19 1923
18890 7003 19 72
18891 7003 19 503
18892 7003 19 3601
18893 7003 19 40
18894 7003 19 5
18895 7004 19 1616
18905 7006 19 557
18906 7006 19 1367
18907 7007 19 2085
18910 7009 19 2319
18911 7009 19 12
18912 7010 19 301
18913 7010 19 1258
18919 7013 19 469
18929 7018 19 1558
18939 7022 19 2721
18940 7022 19 2722
18941 7022 19 2723
18942 7022 19 1816
18943 7023 19 469
18944 7023 19 311
18945 7023 19 1554
18946 7023 19 3606
18955 7028 19 1591
18956 7028 19 3609
18957 7028 19 996
18958 7029 19 1770
18964 7031 19 1943
18965 7031 19 3610
18966 7031 19 3611
18967 7031 19 503
18968 7031 19 4
18969 7031 19 816
18970 7032 19 2691
18971 7032 19 2152
18972 7032 19 72
18973 7032 19 2045
18974 7032 19 1322
18975 7033 19 77
18976 7033 19 125
18977 7033 19 374
18978 7033 19 2230
18984 7036 19 139
18985 7036 19 795
18986 7036 19 2485
18987 7036 19 285
18996 7039 19 79
18997 7039 19 127
18998 7039 19 1004
18999 7039 19 331
19000 7039 19 29
19001 7039 19 813
19002 7039 19 250
19018 1513 19 1491
19019 1513 19 3238
19020 1513 19 322
19021 7043 19 104
19022 7043 19 139
19023 7043 19 359
19024 7043 19 523
19025 7043 19 2506
19026 7044 19 523
19027 7044 19 76
19028 7045 19 425
19029 7045 19 1150
19030 7045 19 3619
19031 7045 19 3185
19039 7049 19 1921
19040 7049 19 637
19041 7050 19 388
19042 7050 19 734
19043 7050 19 72
19044 7051 19 70
19045 7051 19 4
19046 7051 19 72
19047 7051 19 262
19048 7051 19 3623
19049 7051 19 3624
19050 7052 19 3625
19051 7052 19 311
19052 7052 19 12
19053 7052 19 2063
19059 7055 19 380
19060 7055 19 11
19072 7058 19 882
19073 7058 19 3627
19074 7058 19 39
19075 7059 19 996
19076 7059 19 503
19077 7059 19 1591
19078 7059 19 2450
19079 7059 19 536
19080 7060 19 1597
19081 7060 19 996
19082 7060 19 2557
19083 7060 19 2482
19084 7060 19 3628
19085 7060 19 3629
19086 7060 19 2558
19087 7060 19 3630
19088 7060 19 3631
19090 7062 19 2741
19091 7062 19 2045
19092 7062 19 1625
19093 7062 19 311
19094 7062 19 4
19095 7062 19 2691
19096 7062 19 2063
19097 7062 19 3427
19098 7062 19 1728
19099 7062 19 3632
19100 7063 19 98
19101 7063 19 104
19102 7063 19 1115
19103 7063 19 1679
19104 7063 19 72
19105 7063 19 2012
19106 7063 19 90
19107 7063 19 369
19108 7063 19 1780
19109 7063 19 1171
19110 7063 19 635
19111 7063 19 2013
19112 7064 19 1923
19113 7065 19 11
19114 7065 19 72
19115 7065 19 90
19116 7065 19 3633
19117 7065 19 1747
19118 7065 19 638
19119 7065 19 104
19120 7065 19 1058
19134 7069 19 2013
19135 7069 19 37
19136 7069 19 100
19142 7071 19 1657
19143 7071 19 2048
19144 7071 19 3635
19145 7072 19 40
19146 7072 19 596
19147 7072 19 3636
19148 7072 19 982
19149 7072 19 3637
19150 7073 19 3638
19151 7073 19 254
19152 7073 19 187
19153 7073 19 3639
19154 7074 19 529
19155 7074 19 125
19156 7075 19 72
19157 7075 19 2949
19158 7075 19 1847
19159 7075 19 3640
19162 7077 19 104
19163 7077 19 359
19164 7077 19 795
19165 7077 19 2251
19166 7077 19 77
19175 7081 19 734
19176 7081 19 139
19179 7083 19 3645
19180 7083 19 1572
19182 7085 19 3646
19183 7085 19 2063
19184 7085 19 3647
19185 7085 19 3345
19186 7085 19 3648
19187 7085 19 3649
19188 7086 19 1943
19189 7086 19 3650
19190 7086 19 469
19196 7089 19 70
19197 7089 19 53
19201 7091 19 104
19202 7091 19 1718
19203 7091 19 139
19204 7091 19 77
19205 7091 19 3652
19206 7091 19 264
19207 7092 19 11
19208 7092 19 52
19209 7092 19 4
19219 7095 19 77
19220 7095 19 1584
19221 7095 19 503
19222 7096 19 1491
19223 7096 19 1499
19224 7096 19 70
19230 7099 19 5
19231 7099 19 72
19232 7099 19 40
19233 7099 19 1322
19239 7101 19 3139
19241 7103 19 81
19242 7103 19 1860
19243 7103 19 1744
19244 2742 19 72
19245 2742 19 311
19246 2742 19 276
19247 2742 19 816
19248 2742 19 1744
19249 7104 19 70
19250 7104 19 39
19251 7104 19 734
19252 7104 19 125
19253 7104 19 139
19254 7105 19 2319
19255 7105 19 1058
19256 7105 19 187
19257 7105 19 3659
19258 7106 19 635
19259 7106 19 637
19260 7106 19 369
19261 7107 19 1882
19262 7107 19 774
19263 7108 19 2098
19264 7108 19 1882
19265 7108 19 734
19266 7108 19 2605
19267 7108 19 369
19268 7108 19 39
19269 1530 19 1882
19270 1530 19 39
19271 1530 19 523
19273 7110 19 1553
19288 7115 19 1858
19291 7117 19 70
19292 7117 19 53
19293 7117 19 3661
19294 7118 19 3662
19295 7118 19 374
19299 7120 19 1640
19300 7121 19 1616
19301 7122 19 70
19302 7122 19 53
19305 7124 19 1858
19316 7128 19 70
19317 7128 19 53
19321 7131 19 1641
19322 7131 19 2609
19340 7137 19 1491
19341 7137 19 1499
19347 7140 19 104
19348 7140 19 2320
19349 7141 19 104
19350 7141 19 1679
19351 7141 19 2012
19354 7143 19 11
19355 7143 19 2233
19356 7143 19 104
19357 7143 19 1058
19358 7143 19 545
19362 7145 19 2012
19363 7145 19 2654
19364 7145 19 2015
19365 7145 19 545
19366 7145 19 104
19367 7145 19 98
19368 7145 19 72
19369 7145 19 3666
19380 7149 19 104
19381 7149 19 854
19382 7149 19 523
19383 7150 19 104
19384 7150 19 359
19389 7152 19 98
19390 7152 19 104
19391 7152 19 3488
19392 7152 19 77
19393 7152 19 1267
19394 7152 19 523
19395 7152 19 3669
19396 7152 19 1162
19397 7152 19 735
19398 7152 19 1884
19399 7152 19 1780
19400 7152 19 386
19405 1536 19 104
19406 1536 19 1267
19407 1536 19 523
19408 1536 19 77
19409 1536 19 92
19410 1536 19 854
19411 1536 19 386
19412 1536 19 125
19413 7155 19 98
19414 7155 19 104
19415 7155 19 72
19416 7155 19 545
19417 7155 19 638
19418 7155 19 20
19419 7155 19 386
19420 7155 19 1884
19421 7156 19 466
19422 7156 19 529
19423 7156 19 77
19424 7156 19 575
19425 3404 19 98
19426 3404 19 104
19427 3404 19 1267
19428 3404 19 77
19429 3404 19 139
19430 3404 19 882
19431 3405 19 104
19432 3405 19 523
19433 3405 19 77
19448 7160 19 104
19449 7160 19 846
19450 7160 19 871
19451 7160 19 72
19452 7160 19 139
19461 7162 19 104
19462 7162 19 139
19463 7162 19 359
19464 7162 19 3671
19465 7163 19 104
19466 7163 19 139
19467 7163 19 1603
19468 7164 19 104
19469 7164 19 748
19470 7164 19 523
19471 7164 19 20
19474 7166 19 98
19475 7166 19 104
19476 7166 19 77
19477 7166 19 575
19480 7168 19 1491
19481 7168 19 1499
19486 7170 19 104
19487 7170 19 126
19488 7170 19 77
19489 7171 19 104
19490 7171 19 3672
19491 7172 19 76
19492 1539 19 104
19493 1539 19 523
19494 1539 19 77
19495 7173 19 104
19496 7173 19 331
19497 7173 19 638
19498 7173 19 20
19502 3415 19 98
19503 3415 19 104
19504 3415 19 77
19505 3415 19 523
19506 3415 19 81
19507 3415 19 2787
19508 3415 19 2876
19509 3415 19 2373
19510 3415 19 2230
19511 3415 19 846
19513 7176 19 104
19514 7176 19 359
19515 7177 19 98
19516 7177 19 104
19517 7177 19 77
19518 7177 19 3582
19519 7177 19 575
19520 7177 19 139
19521 7177 19 984
19522 7177 19 2373
19547 7185 19 46
19548 7185 19 108
19550 7187 19 48
19551 7187 19 3674
19552 7187 19 3496
19553 7187 19 3675
19554 7188 19 583
19555 7188 19 836
19556 7188 19 72
19557 7188 19 469
19558 7188 19 503
19559 7189 19 1943
19560 7189 19 469
19561 7189 19 2371
19565 7191 19 3676
19566 7191 19 1714
19567 7191 19 469
19568 7192 19 469
19569 7192 19 3677
19570 7193 19 469
19571 7193 19 72
19572 7193 19 311
19573 7193 19 3510
19593 7200 19 587
19594 7200 19 3680
19595 7200 19 3681
19596 7200 19 529
19597 7200 19 1714
19618 7206 19 2196
19619 7206 19 1957
19621 7208 19 70
19622 7208 19 53
19623 7209 19 3155
19624 7209 19 104
19625 7209 19 734
19626 7209 19 139
19627 7209 19 77
19628 7210 19 503
19629 7210 19 523
19642 7214 19 1191
19643 7214 19 1769
19644 7214 19 1723
19645 7214 19 1722
19654 7217 19 1710
19655 7217 19 996
19656 7217 19 2338
19657 7218 19 1555
19658 7218 19 643
19659 7218 19 3692
19660 7218 19 72
19661 7218 19 3693
19662 7218 19 4
19682 7227 19 466
19683 7227 19 77
19684 7227 19 104
19687 7229 19 70
19688 7229 19 53
19689 7230 19 1491
19690 7230 19 1499
19691 7231 19 1616
19692 7232 19 2078
19693 7232 19 2217
19694 7232 19 3697
19695 7232 19 311
19713 7240 19 1367
19714 7240 19 1124
19715 7241 19 523
19716 7241 19 125
19717 7241 19 529
19718 7241 19 1615
19719 7242 19 125
19720 7242 19 529
19721 7243 19 139
19722 7243 19 264
19726 7245 19 2165
19727 7246 19 2775
19728 7246 19 719
19729 7246 19 2776
19737 7249 19 846
19738 7250 19 1640
19739 7250 19 1900
19740 7251 19 1616
19742 7253 19 2236
19743 7253 19 3704
19744 7253 19 3705
19745 7253 19 3706
19746 7253 19 3707
19747 7254 19 1605
19748 7254 19 3442
19749 7254 19 3708
19750 7254 19 3704
19751 7255 19 1816
19752 7255 19 1716
19753 7255 19 3693
19754 7255 19 1947
19763 7258 19 996
19771 7262 19 3711
19772 7262 19 11
19773 7262 19 139
19774 7263 19 2477
19775 7263 19 1732
19776 7263 19 3712
19777 7264 19 1565
19778 7264 19 3713
19779 7264 19 3714
19787 3426 19 104
19788 3426 19 523
19789 7267 19 98
19790 7267 19 104
19791 7267 19 523
19792 7267 19 77
19793 7267 19 3582
19794 7267 19 575
19795 7267 19 386
19796 7267 19 2787
19797 7267 19 2876
19798 7268 19 76
19803 7270 19 846
19804 7270 19 72
19805 7271 19 469
19806 7271 19 3716
19807 7272 19 469
19808 7272 19 3716
19809 7273 19 3717
19810 7273 19 3718
19811 7273 19 1906
19812 7273 19 1638
19813 7273 19 1230
19814 7274 19 311
19815 7274 19 72
19816 7274 19 2610
19820 7276 19 187
19821 7276 19 2903
19822 7276 19 125
19823 7276 19 138
19824 7277 19 469
19825 7277 19 3719
19826 7278 19 3719
19827 7278 19 469
19828 7278 19 2526
19845 7284 19 1958
19846 7284 19 3722
19847 7284 19 503
19848 7285 19 3723
19849 7285 19 3724
19850 7285 19 3625
19851 7285 19 1711
19852 7285 19 3725
19853 7286 19 2990
19854 7286 19 877
19859 7289 19 139
19860 7289 19 77
19861 7289 19 464
19862 7289 19 2127
19863 7289 19 1172
19864 7289 19 875
19867 7291 19 1625
19868 7291 19 1626
19882 7295 19 503
19883 7295 19 1923
19884 7295 19 1821
19885 7295 19 2557
19886 7295 19 3726
19887 7295 19 2583
19888 7296 19 139
19889 7296 19 126
19890 7296 19 734
19894 7298 19 70
19895 7298 19 53
19901 7301 19 1572
19902 7301 19 1773
19903 7301 19 3300
19909 7303 19 3731
19910 7303 19 748
19911 7303 19 72
19912 7303 19 285
19914 7305 19 1640
19915 7305 19 1900
19920 7307 19 1553
19921 7308 19 1640
19922 7308 19 3733
19923 7308 19 3249
19924 7308 19 2279
19925 7309 19 2340
19926 7309 19 370
19936 7313 19 5
19937 7313 19 2236
19960 7319 19 1554
19961 7319 19 3743
19962 7319 19 286
19963 7319 19 307
19964 7320 19 307
19965 7320 19 311
19966 7320 19 1554
19967 7320 19 4
19968 7320 19 1654
19969 7321 19 3005
19970 7321 19 307
19971 7321 19 3593
19972 7322 19 276
19973 7322 19 3744
19974 7322 19 2014
19975 7322 19 301
19976 7322 19 1779
19977 7322 19 638
19978 7322 19 127
19979 7322 19 29
19980 7322 19 318
19988 7326 19 3747
19989 7326 19 1701
19997 7328 19 125
19998 7328 19 1062
19999 7328 19 2338
20000 7328 19 3751
20010 7331 19 1558
20019 7336 19 1816
20020 7336 19 1955
20029 7341 19 1695
20030 7341 19 3756
20031 7341 19 104
20032 7342 19 6
20033 7342 19 1701
20052 7348 19 139
20053 7348 19 527
20054 7348 19 1528
20071 7354 19 2816
20072 7354 19 2130
20073 7354 19 2910
20085 7358 19 734
20086 7358 19 285
20087 7358 19 139
20088 7358 19 2605
20089 7358 19 3008
20090 7358 19 3767
20091 7359 19 1565
20092 7359 19 523
20093 7359 19 125
20094 7359 19 1947
20100 7362 19 139
20101 7362 19 734
20102 7362 19 3768
20103 7362 19 795
20104 7363 19 70
20105 7363 19 53
20106 7364 19 734
20107 7364 19 139
20108 7364 19 77
20109 7364 19 3769
20121 7367 19 523
20125 7369 19 996
20126 7369 19 2338
20127 7369 19 386
20128 7369 19 1862
20129 7369 19 3770
20130 7370 19 996
20131 7370 19 1591
20132 7370 19 72
20133 7370 19 789
20134 7370 19 386
20135 7370 19 1923
20136 7371 19 1591
20137 7371 19 24
20144 7374 19 3463
20145 7375 19 1591
20146 7375 19 996
20147 7375 19 72
20148 7375 19 503
8714 3641 19 1545
8715 3641 19 1546
8716 3641 19 1547
8717 3641 19 29
8744 3655 19 1558
8751 3659 19 1560
8752 3659 19 638
8753 3659 19 1561
8754 3659 19 1562
8755 3659 19 1563
8756 3659 19 290
8757 3659 19 1564
8772 3665 19 1558
8794 3677 19 1580
8795 3677 19 1581
8796 3677 19 1582
8797 3677 19 1583
8798 3677 19 1584
8829 3686 19 187
8830 3686 19 583
8831 3686 19 1605
8832 3686 19 1606
8839 3690 19 79
8840 3690 19 1610
8841 3690 19 1611
8842 3690 19 877
8843 3690 19 1612
8844 3690 19 1613
8845 3690 19 1614
8846 3691 19 6
8852 3695 19 1617
8853 3695 19 1565
8854 3695 19 1156
8855 3695 19 1618
8866 3700 19 1565
8867 3700 19 1625
8868 3700 19 1626
8869 3700 19 1627
8870 3700 19 1628
8871 3700 19 1629
8872 3700 19 1630
8873 3700 19 1631
8874 3700 19 1632
8875 3700 19 1633
8876 3700 19 1261
8880 3702 19 1635
8891 3707 19 1639
8908 3713 19 1651
8909 3713 19 1652
8910 3714 19 1653
8911 3714 19 1654
8912 3714 19 1655
8916 3716 19 1656
8921 3719 19 1558
8936 3727 19 11
8937 3727 19 125
8958 3734 19 1640
8959 3734 19 1638
8960 3734 19 1677
8961 3735 19 734
8962 3735 19 1678
8963 3735 19 1679
8964 3735 19 139
8965 3735 19 1680
8973 3740 19 774
8974 3740 19 507
8975 3740 19 523
8976 3740 19 1686
8979 3743 19 734
8980 3743 19 139
8981 3743 19 1528
8982 3743 19 77
8983 3743 19 795
8984 3743 19 1687
8999 3752 19 1641
9000 3753 19 523
9001 3753 19 125
9002 3753 19 1692
9003 3753 19 1693
9005 3755 19 1367
9006 3756 19 1694
9007 3757 19 1695
9008 3758 19 1640
9009 3758 19 1641
9010 3758 19 1696
9017 3761 19 37
9018 3761 19 11
9019 3762 19 941
9020 3762 19 1702
9021 3762 19 1703
9022 3762 19 1704
9023 3762 19 1705
9024 3762 19 1706
9025 3763 19 1707
9031 3767 19 46
9032 3767 19 301
9033 3767 19 369
9034 3768 19 1710
9035 3768 19 1062
9036 3768 19 996
9037 3769 19 125
9038 3769 19 1711
9046 3772 19 332
9047 3772 19 72
9048 3773 19 638
9049 3773 19 1714
9050 3773 19 1564
9051 3773 19 1715
9052 3773 19 1716
9053 3774 19 139
9054 3774 19 1664
9055 3774 19 795
9065 3777 19 1721
9066 3777 19 1722
9067 3777 19 1723
9068 3777 19 1191
9069 3777 19 1724
9071 3779 19 1640
9072 3779 19 1725
9073 3780 19 1577
9074 3780 19 1726
9075 3780 19 1727
9076 3781 19 996
9077 3781 19 1728
9078 3781 19 635
9079 3781 19 859
9106 3792 19 1738
9107 3792 19 287
9108 3792 19 285
9109 3792 19 1739
9110 3792 19 44
9111 3792 19 369
9112 3792 19 90
9113 3793 19 388
9114 3793 19 11
9115 3793 19 1137
9116 3793 19 1740
9117 3793 19 44
9118 3793 19 734
9119 3793 19 386
9120 3794 19 1741
9121 3794 19 734
9122 3794 19 139
9123 3794 19 795
9124 3794 19 1742
9129 3796 19 637
9130 3796 19 1743
9131 3796 19 1744
9132 3796 19 369
9143 3801 19 11
9144 3801 19 5
9145 3801 19 982
9146 3801 19 72
9147 3801 19 386
9148 3801 19 1747
9149 3801 19 302
9150 3802 19 1748
9151 3802 19 311
9152 3802 19 1565
9153 3802 19 1627
9154 3802 19 1555
9155 3802 19 1749
9156 3802 19 1750
9161 3805 19 1753
9162 3805 19 816
9172 3811 19 1758
9173 3811 19 1759
9174 3811 19 1760
9175 3811 19 869
9176 3811 19 816
9177 3811 19 1761
9178 3811 19 1762
9179 3811 19 125
9180 3812 19 1004
9181 3812 19 1763
9186 3814 19 1766
9187 3814 19 1767
9188 3814 19 1706
9189 3814 19 1768
9190 3815 19 1769
9191 3815 19 1723
9192 3816 19 1769
9193 3816 19 1723
9199 3819 19 816
9200 3820 19 1572
9201 3820 19 125
9205 3823 19 816
9206 3824 19 1773
9207 3824 19 1774
9208 3824 19 376
9210 3826 19 1323
9211 3826 19 79
9212 3826 19 342
9213 3826 19 225
9214 3826 19 1775
9215 3826 19 1776
9216 3827 19 536
9217 3827 19 635
9218 3827 19 637
9219 3827 19 1504
9220 3827 19 1062
9221 3827 19 638
9222 3827 19 40
9223 3827 19 1175
9224 3827 19 369
9225 3827 19 72
9232 3829 19 469
9233 3829 19 1651
9234 3829 19 311
9235 3829 19 1777
9236 3829 19 1778
9237 3830 19 386
9238 3830 19 1703
9239 3830 19 1162
9240 3830 19 1779
9241 3830 19 1780
9242 3830 19 1745
9243 3830 19 292
9244 3830 19 301
9245 3830 19 1781
9246 3830 19 369
9247 3830 19 1743
9248 3831 19 6
9249 3831 19 138
9250 3831 19 187
9251 3831 19 369
9252 3832 19 1738
9253 3832 19 108
9254 3832 19 369
9255 3832 19 1056
9256 3832 19 1116
9257 3832 19 1782
9258 3832 19 1783
9259 3833 19 1738
9260 3833 19 44
9261 3833 19 90
9262 3833 19 1127
9263 3833 19 1784
9267 3835 19 734
9268 3835 19 1786
9269 3835 19 859
9270 3835 19 369
9271 3835 19 72
9272 3835 19 1779
9273 3835 19 1162
9274 3836 19 1787
9275 3836 19 1788
9276 3836 19 1789
9277 3836 19 1790
9278 3836 19 1236
9287 3840 19 1728
9288 3840 19 72
9289 3840 19 1768
9290 3840 19 557
9291 3840 19 1793
9292 3840 19 1794
9293 3840 19 385
9294 3840 19 1795
9295 3841 19 1766
9296 3841 19 1728
9297 3841 19 1793
9298 3841 19 1796
9299 3841 19 963
9300 3841 19 311
9301 3842 19 46
9303 3844 19 912
9316 3849 19 264
9317 3849 19 139
9318 3849 19 285
9319 3849 19 709
9320 3849 19 795
9321 3850 19 1800
9322 3851 19 1801
9323 3851 19 1171
9324 3851 19 1802
9325 3851 19 1803
9351 3855 19 70
9352 3855 19 53
9357 3857 19 125
9358 3857 19 369
9359 3857 19 386
9412 3875 19 1062
9423 3878 19 5
9424 3878 19 1664
9425 3878 19 1383
9426 3878 19 1830
9427 3879 19 70
9428 3879 19 53
9429 3879 19 304
9430 3879 19 301
9431 3880 19 70
9432 3880 19 369
9433 3880 19 1831
9481 3897 19 1858
9482 3898 19 1859
9483 3898 19 1860
9484 3898 19 637
9485 3898 19 81
9486 3898 19 1861
9487 3898 19 125
9492 3900 19 369
9493 3900 19 1862
9494 3900 19 1732
9495 3900 19 1863
9496 3900 19 125
9497 3901 19 1864
9498 3901 19 1865
9499 3901 19 369
9500 3901 19 1866
9501 3901 19 1062
9502 3901 19 1867
9503 3901 19 929
9504 3901 19 1868
9505 3901 19 1869
9506 3901 19 1710
9507 3902 19 961
9508 3902 19 1664
9509 3902 19 46
9510 3902 19 1678
9511 3902 19 1267
9512 3903 19 1870
9513 3903 19 1871
9521 3908 19 758
9522 3908 19 77
9523 3908 19 734
9524 3908 19 1742
9526 3910 19 734
9527 3910 19 139
9528 3910 19 1874
9534 3912 19 996
9535 3912 19 1878
9536 3912 19 1879
9540 3914 19 638
9541 3914 19 1882
9556 3917 19 869
9560 3919 19 1710
9561 3919 19 1864
9562 3919 19 1865
9563 3919 19 996
9567 3921 19 1625
9568 3921 19 1626
9569 3921 19 1565
9570 3921 19 4
9572 3923 19 6
9573 3923 19 285
9574 3923 19 1611
9575 3923 19 15
9577 3925 19 125
9583 3928 19 734
9584 3928 19 369
9585 3928 19 1890
9586 3928 19 120
9587 3929 19 1664
9588 3930 19 1664
9589 3930 19 139
9590 3931 19 125
9591 3931 19 302
9592 3931 19 1703
9593 3931 19 1745
9594 3931 19 292
9595 3931 19 1728
9596 3931 19 575
9602 3934 19 1892
9603 3934 19 1893
9659 3952 19 734
9660 3952 19 1917
9661 3952 19 1918
9662 3952 19 727
9669 3955 19 6
9670 3955 19 1124
9671 3955 19 97
9672 3956 19 523
9673 3957 19 1921
9674 3957 19 1922
9675 3957 19 637
9676 3957 19 1000
9677 3957 19 90
9678 3958 19 503
9679 3958 19 1923
9680 3958 19 1924
9681 3958 19 1925
9682 3958 19 1926
9683 3958 19 1843
9696 190 19 46
9697 190 19 72
9698 3964 19 1116
9699 3964 19 108
9700 3964 19 46
9701 3964 19 125
9702 3965 19 1367
9703 3966 19 187
9704 3966 19 1124
9705 3966 19 1932
9706 3966 19 1933
9707 3966 19 1934
9708 3966 19 1935
9710 3968 19 1651
9720 3972 19 1940
9721 3972 19 12
9722 3972 19 301
9723 3972 19 1941
9735 3977 19 125
9736 3977 19 1561
9737 3977 19 1947
9752 3985 19 469
9753 3985 19 1954
9754 3986 19 1816
9755 3986 19 1583
9756 3986 19 1565
9757 3986 19 1955
9758 3986 19 1956
9763 3988 19 1961
9764 3988 19 1922
9765 3988 19 503
9766 3988 19 1962
9768 3990 19 1062
9769 3990 19 1963
9770 3990 19 996
9771 3990 19 1964
9772 3990 19 1868
9773 3990 19 1965
9774 3991 19 70
9775 3991 19 53
9788 3995 19 70
9789 3995 19 53
9794 3997 19 1974
9795 3997 19 1975
9796 3997 19 1976
9797 3997 19 72
9798 3997 19 39
9799 3997 19 70
9800 3998 19 1977
9808 4003 19 1558
9814 4007 19 1984
9815 4007 19 1985
9816 4008 19 70
9817 4008 19 53
9819 4010 19 139
9820 4010 19 795
9821 4010 19 734
9822 4010 19 780
9823 4010 19 285
9830 4013 19 1988
9831 4013 19 1056
9832 4013 19 1436
9833 4013 19 44
9837 4016 19 523
9838 4016 19 39
9839 4016 19 1990
9847 4020 19 734
9848 4020 19 139
9849 4020 19 374
9850 4020 19 1992
9851 4021 19 734
9852 4021 19 139
9853 4021 19 374
9854 4021 19 1992
9855 4022 19 46
9856 4022 19 44
9857 4022 19 1738
9858 4022 19 1118
9866 4025 19 1997
9867 4026 19 125
9868 4026 19 1116
9875 4029 19 1998
9876 4029 19 1999
9877 4029 19 2000
9878 4030 19 2001
9879 4030 19 2002
9880 4030 19 1382
9881 4031 19 2003
9882 4031 19 70
9883 4031 19 53
9884 4031 19 978
9885 4031 19 1382
9886 4031 19 304
9887 4032 19 1118
9888 4032 19 70
9889 4032 19 304
9890 4032 19 53
9891 4032 19 2004
9893 4034 19 1591
9894 4034 19 2006
9895 4035 19 1695
9896 4035 19 104
9897 4035 19 2007
9898 4036 19 523
9899 4037 19 2008
9900 4037 19 139
9901 4037 19 734
9902 4038 19 374
9903 4038 19 285
9904 4038 19 2009
9912 4042 19 1894
9913 4042 19 719
9914 4042 19 798
9915 4042 19 1052
9922 4048 19 1616
9923 4049 19 2012
9924 4049 19 98
9925 4049 19 104
9926 4049 19 2013
9927 4049 19 1679
9928 4049 19 11
9929 4049 19 72
9930 4049 19 2014
9931 4049 19 2015
9932 4049 19 769
9933 4049 19 81
9934 4049 19 2016
9935 4049 19 984
9936 4050 19 2014
9937 4050 19 1679
9938 4050 19 11
9939 4050 19 104
9962 4056 19 1943
9963 4056 19 4
9964 4057 19 523
9965 4057 19 39
9966 4057 19 734
9967 4057 19 139
9968 4058 19 523
9969 4058 19 39
9970 4058 19 139
9971 4058 19 125
9972 4058 19 2022
9977 4061 19 70
9978 4061 19 53
9980 4063 19 1616
9985 4065 19 2026
9986 4065 19 2027
9987 4065 19 734
9988 4065 19 2028
9989 4065 19 2029
9990 4066 19 1654
9993 4069 19 523
