610796 157442 194 359
610797 157442 194 43705
610811 135830 194 294
610812 135830 194 21
610813 135830 194 5
610814 135830 194 40
610815 135830 194 311
610816 135830 194 1565
610817 135830 194 72
610820 72025 194 996
610821 72025 194 536
610822 72025 194 24
610823 72025 194 523
610824 72025 194 38172
610825 72025 194 43706
610826 97556 194 2373
610827 97556 194 221
610828 97556 194 359
610835 157448 194 2857
610841 157450 194 941
610842 157450 194 795
610843 157450 194 6
610844 157450 194 342
610845 157450 194 285
610846 157450 194 139
610872 137516 194 523
610875 4708 194 941
610876 4708 194 40
610877 4708 194 638
610878 4708 194 6
610879 4708 194 72
610880 157454 194 6
610881 12756 194 941
610882 12756 194 2373
610883 12756 194 6
610884 12756 194 285
610885 12756 194 139
610889 20116 194 1896
610893 23408 194 941
610894 23408 194 6
610895 157457 194 941
610896 157457 194 2373
610897 157458 194 72
610898 157459 194 2892
610901 157460 194 13504
610902 66963 194 2857
610903 66963 194 72
610904 66963 194 311
610906 5513 194 21
610907 5513 194 40
610908 5513 194 72
610915 157463 194 285
610916 157463 194 2373
610926 6007 194 294
610927 6007 194 2373
610928 6007 194 5
610929 6007 194 40
610930 6007 194 11
610931 6007 194 72
610932 6007 194 285
610933 157465 194 795
610934 157465 194 139
610937 21302 194 2373
610938 21302 194 40
610939 21302 194 276
610940 21302 194 529
610941 139713 194 38172
610942 148107 194 523
610943 148107 194 21
610944 157467 194 1896
610945 157467 194 221
610951 67725 194 294
610952 67725 194 21
610953 67725 194 285
610954 67725 194 139
610955 67725 194 11
610956 67725 194 72
610957 67725 194 104
610958 67725 194 301
610959 67767 194 869
610979 6590 194 359
610983 157472 194 40
610984 157472 194 638
610985 157472 194 29
610986 75648 194 2373
610987 75648 194 638
610988 75648 194 72
610989 75648 194 285
610993 157474 194 104
610994 157474 194 139
610995 157475 194 29
610996 6891 194 638
610997 6891 194 72
610998 6891 194 18274
610999 6891 194 18273
611007 22113 194 104
611008 22113 194 2373
611009 22113 194 1153
611010 68204 194 40
611011 68204 194 72
611012 68204 194 285
611013 157477 194 4693
611014 157477 194 80
611015 157477 194 638
611016 157477 194 5
611017 157477 194 40
611018 7145 194 40
611019 7145 194 139
611020 7145 194 285
611021 7145 194 72
611022 124287 194 104
611023 124287 194 72
611024 68275 194 104
611025 68275 194 72
611026 157478 194 104
611027 157478 194 2373
611028 157478 194 72
611029 64533 194 1896
611030 64533 194 80
611031 64533 194 72
611032 64533 194 2892
611033 64533 194 285
611034 157479 194 1896
611040 157483 194 941
611041 157483 194 29
611042 157483 194 19992
611043 75713 194 311
611044 75713 194 40
611045 97144 194 43707
611048 18219 194 2373
611049 18219 194 285
611053 27396 194 72
611054 27396 194 285
611055 55915 194 77
611056 55915 194 139
611057 55915 194 982
611058 55915 194 795
611059 55915 194 126
611060 55915 194 6737
611061 55915 194 41932
611062 57299 194 2373
611063 57299 194 529
611064 57299 194 795
611065 57299 194 72
611066 57299 194 139
611067 57299 194 285
611068 22229 194 276
611069 22229 194 40
611070 37487 194 29
611084 27393 194 294
611085 27393 194 21
611086 27393 194 5
611087 27393 194 638
611088 27393 194 301
611089 27393 194 104
611090 27393 194 11
611091 27393 194 72
611092 27393 194 285
611104 3515 194 2373
611105 3515 194 139
611106 3515 194 1148
611107 157493 194 941
611108 157493 194 40
611109 157493 194 311
611110 157493 194 72
611112 46532 194 301
611113 46532 194 529
611114 46532 194 342
611115 46532 194 285
611118 89482 194 1896
611122 157497 194 21
611123 157498 194 1896
611124 157499 194 311
611125 157499 194 583
611126 157499 194 1565
611127 157500 194 1896
611129 157502 194 1565
611130 157502 194 523
611131 87264 194 254
611132 87264 194 40
611133 87264 194 638
611134 87264 194 523
611135 87264 194 15781
611136 87264 194 72
611137 87264 194 3451
611138 89505 194 529
611139 3536 194 104
611140 3536 194 21
611141 3536 194 2373
611142 3536 194 72
611146 157503 194 104
611147 157503 194 21
611148 157504 194 40
611149 157504 194 1896
611150 157504 194 80
611151 157504 194 1565
611154 35362 194 638
611155 35362 194 6
611158 157505 194 529
611159 157505 194 72
611170 106088 194 104
611171 106088 194 72
611172 22400 194 221
611173 22400 194 342
611174 22400 194 523
611175 22400 194 72
611176 22400 194 285
611177 157509 194 1896
611178 6057 194 1793
611179 69048 194 19536
611187 157511 194 40
611188 157511 194 80
611189 157511 194 139
611190 157511 194 285
611191 157511 194 638
611192 157511 194 4285
611193 157512 194 11
611194 157512 194 72
611195 157512 194 104
611196 47378 194 104
611197 47378 194 72
611198 47378 194 139
611204 157514 194 342
611205 157514 194 72
611206 157514 194 1565
611207 157514 194 254
611208 157515 194 104
611209 157515 194 72
611210 157515 194 139
611213 3459 194 21
611214 3459 194 2373
611215 3459 194 72
611216 3459 194 285
611217 3459 194 294
611218 3459 194 5
