613465 158264 198 43800
613466 158264 198 304
613467 158264 198 70
613468 158264 198 1386
613469 158264 198 797
613470 158264 198 138
613539 158275 198 43805
613540 158275 198 139
613541 158275 198 734
613542 158275 198 138
613549 158277 198 469
613550 158277 198 44
613551 158277 198 291
613552 158277 198 285
613566 5323 198 43805
613567 5323 198 43808
613568 5323 198 774
613569 5323 198 507
613570 5323 198 139
613571 5323 198 2895
613572 5323 198 884
613573 5323 198 7940
613574 158280 198 43805
613575 158280 198 6710
613576 158280 198 2220
613577 158280 198 126
613578 158280 198 262
613579 158280 198 2990
613580 158280 198 795
613581 158280 198 1313
613582 158280 198 70
613583 158280 198 374
613584 158280 198 5387
613585 158280 198 139
613586 158280 198 11253
613587 158280 198 77
613588 158280 198 2161
613589 158280 198 2303
613590 158280 198 285
613597 158282 198 43821
613598 158282 198 43798
613599 158282 198 43822
613600 158282 198 26265
613601 158282 198 3517
613602 158282 198 38256
613603 158282 198 13946
613604 158282 198 912
613605 158282 198 1612
613606 158282 198 2529
613619 126244 198 816
613620 126244 198 982
613621 126244 198 6
613622 126244 198 1897
613623 126244 198 2297
613624 126244 198 1125
613625 126244 198 138
613626 126244 198 1664
613627 126244 198 291
613642 5785 198 43826
613643 5785 198 43814
613644 5785 198 19647
613645 5785 198 1795
613662 580 198 125
613663 580 198 4234
613664 580 198 302
613665 580 198 2990
613666 580 198 4124
613667 580 198 982
613668 580 198 276
613669 580 198 1491
613670 580 198 76
613671 580 198 2599
613672 580 198 523
613673 580 198 164
613674 580 198 15
613675 580 198 5947
613676 580 198 10746
613737 32724 198 294
613738 32724 198 302
613739 32724 198 982
613740 32724 198 311
613741 32724 198 301
613742 32724 198 474
613743 32724 198 523
613744 32724 198 1007
613745 32724 198 72
613746 32724 198 789
613747 32724 198 469
613748 32724 198 618
613749 32724 198 4
613750 32724 198 318
613751 32724 198 1491
613752 32724 198 3
613833 158308 198 43805
613834 158308 198 886
613835 158308 198 139
613836 158308 198 374
613837 158308 198 795
613838 158308 198 301
613839 158308 198 734
613873 158315 198 285
613874 158315 198 1258
613875 158315 198 43807
613879 158317 198 43805
613880 158317 198 43820
613881 158317 198 139
613882 158317 198 758
613883 158317 198 10998
613884 158317 198 285
613885 158317 198 2220
613886 158317 198 43839
613887 158317 198 734
613888 158317 198 155
613889 158318 198 43805
613890 158318 198 139
613891 158318 198 2478
613892 158318 198 374
613893 158318 198 285
613894 158318 198 44
613895 158318 198 1130
613896 158318 198 155
613897 158318 198 795
613898 158318 198 982
613899 158318 198 70
613900 158318 198 53
613901 158318 198 734
613902 158318 198 262
613903 158318 198 126
613904 158318 198 2373
613905 158318 198 254
613906 158318 198 5387
613923 158325 198 301
613924 158325 198 7785
613925 158325 198 5761
613926 158325 198 3517
613927 158326 198 301
613928 158326 198 3517
613929 158326 198 43846
613930 158326 198 43798
613955 158333 198 43825
613956 158333 198 2990
613957 158333 198 2376
613958 158333 198 2161
613959 158333 198 285
613960 158333 198 2000
613964 158335 198 43805
613965 158335 198 139
613966 158335 198 25171
614072 143009 198 43819
614073 143009 198 40323
614074 143009 198 458
614075 143009 198 302
614076 143009 198 380
614077 143009 198 2990
614078 143009 198 2373
614079 143009 198 1322
614080 143009 198 982
614081 143009 198 301
614082 143009 198 79
614083 143009 198 4124
614084 143009 198 125
614420 158419 198 43825
614421 158419 198 3269
614422 158419 198 318
614423 158419 198 23904
614424 158419 198 523
614425 158419 198 24604
614426 158419 198 2373
614427 158419 198 982
614428 158419 198 301
614429 158419 198 3152
614430 158419 198 1322
