634405 163001 203 2543
634406 163001 203 44413
634407 163001 203 44414
634408 163002 203 780
634409 163002 203 343
634410 163002 203 1052
634431 163008 203 941
634432 163008 203 44415
634457 163018 203 941
634458 163018 203 10771
634459 163018 203 17128
634464 163021 203 941
634465 163021 203 1128
634472 163025 203 1239
634475 163027 203 507
634476 163027 203 44422
634477 163027 203 4028
634478 163027 203 44423
634481 61292 203 44418
634482 61292 203 44424
634483 61292 203 44417
634484 163029 203 469
634485 163029 203 44425
634503 163036 203 4791
634504 163036 203 343
634505 7863 203 700
634506 7863 203 5005
634517 163041 203 8305
634518 163041 203 44431
634526 163045 203 941
634527 163045 203 44415
634536 163049 203 44434
634540 163051 203 301
634541 163051 203 44436
634542 163051 203 264
634543 163052 203 331
634546 163055 203 44437
634547 163055 203 44438
634548 163056 203 2610
634549 163056 203 941
634550 163056 203 44428
634551 163056 203 1119
634552 7466 203 941
634553 7466 203 44415
634560 163059 203 24267
634561 163060 203 44430
634567 18769 203 16627
634568 18769 203 2770
634569 18769 203 44430
634572 163064 203 36398
634573 163064 203 6676
634576 163066 203 941
634589 163072 203 1119
634592 163074 203 4083
634594 163077 203 12
634595 163077 203 301
634596 163077 203 2220
634597 163077 203 44436
634626 163085 203 15
634627 163085 203 941
634628 163085 203 44415
634629 163086 203 941
634630 163086 203 44415
634631 163086 203 4297
634632 163086 203 700
634633 163086 203 343
634634 163087 203 44415
634636 163089 203 44447
634641 163091 203 10985
634642 163091 203 331
634643 163092 203 44415
634644 163092 203 941
634645 163092 203 26132
634646 163093 203 29
634647 163093 203 6289
634648 163093 203 941
634653 163095 203 125
634654 163095 203 941
634655 163095 203 1704
634656 163095 203 6271
634658 163097 203 44418
634659 163097 203 917
634660 163097 203 44417
634677 163106 203 44448
634678 163106 203 6676
634698 163114 203 941
634699 163114 203 44415
634705 163119 203 44441
634708 163121 203 25765
634717 163126 203 941
634718 163126 203 1141
634719 163126 203 44416
634721 163128 203 44447
634722 163130 203 8036
634723 163130 203 3681
634735 163136 203 941
634736 163136 203 359
634740 163138 203 941
634742 163140 203 44447
634759 163148 203 1052
634760 163148 203 2943
634761 163149 203 44430
634763 37943 203 3497
634767 163155 203 44447
634768 163156 203 1842
634769 163156 203 3145
634770 163156 203 917
634771 163156 203 44462
634772 163157 203 700
634773 163157 203 343
634774 163157 203 301
634775 163157 203 44436
634776 163159 203 17128
634777 163159 203 20094
634780 163162 203 917
634781 163162 203 6240
634782 163162 203 507
634783 163162 203 125
634784 163162 203 16026
634785 163162 203 2237
634786 163162 203 2150
634787 163162 203 44433
634788 163162 203 44417
634789 163163 203 917
634790 163164 203 917
634791 163165 203 917
634792 163165 203 941
634793 163165 203 24733
634794 163166 203 19195
634795 163166 203 941
634796 163166 203 917
634797 163167 203 917
634798 163167 203 2150
634799 163168 203 917
634800 163169 203 507
634801 163169 203 28653
634802 163170 203 917
634803 163171 203 44415
634804 163171 203 20262
634805 163171 203 40599
634814 163176 203 24267
634817 163179 203 44463
634824 163182 203 917
634825 163183 203 11321
634826 163183 203 44416
634827 163183 203 44417
634832 163185 203 44466
634845 163192 203 2197
634846 163192 203 6676
634847 163192 203 5850
634848 163192 203 44467
634849 163192 203 2739
634850 163192 203 16026
634863 163198 203 6034
634864 163198 203 1184
634865 163198 203 20426
634866 163199 203 941
634867 163199 203 44415
634868 163200 203 941
634869 163200 203 44415
634870 163200 203 44416
634875 163203 203 44428
634876 163203 203 29912
634877 163203 203 1141
634878 163203 203 44430
634879 163203 203 44472
634880 163203 203 44473
634881 163204 203 941
634882 163204 203 44428
634887 163207 203 941
634888 163207 203 44415
634889 163207 203 120
634890 163207 203 44416
634891 7450 203 44415
634892 7450 203 941
634893 7450 203 700
634911 163218 203 2816
634912 163218 203 7769
634913 163218 203 16627
634914 163218 203 23896
634915 163218 203 1703
634916 163218 203 2543
634921 163221 203 125
634922 163221 203 6676
634928 163226 203 988
634948 163234 203 44440
634949 163234 203 301
634950 163234 203 999
634951 163234 203 2220
634952 163235 203 44430
634953 163236 203 469
634964 163240 203 44480
634965 163240 203 44481
634966 163240 203 3681
634967 163240 203 23788
634968 163240 203 700
634969 163240 203 25019
634972 163242 203 24733
634973 163242 203 10189
634974 163243 203 44482
634975 163243 203 6676
634976 163243 203 16627
634977 163244 203 6676
634978 163244 203 961
634979 163244 203 7769
634980 163245 203 44483
634981 163246 203 44484
634991 163252 203 44486
634992 163252 203 4385
634997 163255 203 6676
634998 163255 203 7122
634999 163255 203 38678
635000 163255 203 44488
635012 8714 203 6676
635013 8714 203 2373
635018 163262 203 2543
635021 163265 203 6676
635022 163265 203 5850
635028 163268 203 700
635032 163270 203 44415
635033 163270 203 941
635034 163270 203 125
635035 163270 203 44490
635036 163271 203 44415
635037 163272 203 44415
635038 163272 203 44491
635039 163272 203 17209
635041 163274 203 29
635042 163274 203 917
635043 163274 203 44418
635044 163274 203 44417
635048 163277 203 6676
635049 8972 203 44448
635050 8972 203 6676
635051 8972 203 992
635064 163285 203 44447
635070 163287 203 44441
635071 163288 203 469
635072 163288 203 38678
635075 163290 203 469
635076 163291 203 343
635077 163291 203 1052
635078 163291 203 44493
635090 163296 203 941
635091 163296 203 44428
635092 163297 203 4895
635093 163297 203 1143
635094 163298 203 125
635095 163298 203 917
635096 163299 203 4385
635097 163299 203 44423
635098 163299 203 44418
635099 163299 203 527
635100 163299 203 1106
635101 163300 203 6676
635105 163302 203 507
635106 163302 203 24488
635109 163304 203 469
635115 163308 203 2150
635116 163308 203 917
635117 163308 203 507
635118 163308 203 125
635123 163311 203 28
635124 163311 203 44496
635143 163320 203 6676
635144 163321 203 6676
635145 163322 203 6676
635146 163323 203 941
635147 163323 203 700
635148 163323 203 44498
635170 163330 203 44502
635172 163332 203 700
635173 163332 203 912
635174 163332 203 32783
635175 163333 203 941
635176 163333 203 44415
635187 163337 203 999
635188 163337 203 44460
635189 163337 203 44504
635195 163340 203 44441
635199 163342 203 343
635207 163345 203 44506
635240 119969 203 700
635241 119969 203 4
635242 119969 203 469
635244 163363 203 917
635245 163363 203 44418
635246 163363 203 29
635247 163363 203 44417
635252 163365 203 44416
635253 163366 203 125
635254 163366 203 2543
635255 163366 203 13097
635256 163366 203 44416
635257 163367 203 44418
635258 163368 203 125
635259 163368 203 941
635260 163368 203 44415
635261 163368 203 44416
635262 163369 203 527
635263 163369 203 44509
635264 163369 203 44414
635269 163372 203 376
635270 163372 203 700
635271 163372 203 343
635272 163372 203 4
635274 163374 203 1233
635275 163374 203 125
635278 163376 203 917
635279 163376 203 125
635282 163378 203 44418
635283 163378 203 26383
635284 163378 203 21931
635296 163384 203 2150
635297 163384 203 44512
635298 163384 203 10837
635299 163384 203 2373
635300 163385 203 16
635303 163388 203 24097
635304 163388 203 44513
635305 163388 203 507
635306 163389 203 29661
635307 163389 203 941
635308 163389 203 44514
635309 163389 203 44515
635310 163389 203 8649
635312 163391 203 1560
635313 163391 203 507
635314 163391 203 3151
635323 163395 203 618
635324 163395 203 700
635325 163395 203 1896
635326 163396 203 44415
635327 163396 203 2990
635354 163412 203 125
635355 163412 203 44519
635361 163414 203 941
635362 163414 203 6676
635363 163414 203 44415
635397 163432 203 941
635398 163432 203 44415
635399 163432 203 1141
635400 163432 203 44416
635404 163435 203 301
635405 163435 203 44436
635423 163443 203 6676
635425 163445 203 29
635426 163445 203 44416
635427 163446 203 343
635428 163446 203 941
635429 163447 203 941
635430 163447 203 44415
635431 163447 203 301
635432 163447 203 302
635455 163458 203 469
635463 88324 203 2373
635464 88324 203 7147
635465 88324 203 6685
635466 88324 203 328
635467 88324 203 78
635469 163467 203 469
635470 163467 203 301
635471 163467 203 44436
635472 163467 203 12236
635473 163467 203 1354
635477 163470 203 3893
635478 163470 203 941
635479 163470 203 44419
635480 163470 203 44418
635481 163470 203 44423
635485 10112 203 941
635486 10112 203 44415
635487 10112 203 44416
635490 163473 203 19512
635508 163480 203 507
635509 163480 203 5028
635510 163480 203 44526
635511 163481 203 1191
635512 163481 203 941
635513 163481 203 6676
635521 163483 203 941
635522 163483 203 44415
635523 163483 203 6676
635524 163483 203 29912
635525 163483 203 125
635526 163483 203 44416
635527 163484 203 44430
635528 163485 203 6676
635529 163485 203 44416
635530 163485 203 941
635531 163486 203 6676
635532 163486 203 941
635533 163486 203 44416
635536 163489 203 6676
635537 163491 203 1530
635543 163495 203 941
635544 163495 203 44415
635545 163495 203 44416
635546 163496 203 44442
635547 163496 203 44441
635548 163496 203 44440
635549 163496 203 44527
635550 163496 203 21931
635551 163496 203 1000
635568 163502 203 700
635569 163502 203 4
635574 163505 203 24472
635575 163505 203 1052
635576 163505 203 2456
635579 163507 203 44530
635580 163507 203 44531
635581 163507 203 125
635591 163513 203 44532
635592 163513 203 44533
635593 163513 203 1808
635594 163513 203 8305
635595 163513 203 1999
635596 163513 203 13822
635597 163513 203 13848
635598 163513 203 18230
635599 34973 203 16627
635600 34973 203 44534
635601 163514 203 343
635602 163514 203 41383
635603 163514 203 1052
635604 163514 203 376
635605 163514 203 44535
635606 163514 203 700
635607 163514 203 26927
635609 163516 203 44536
635612 163518 203 941
635613 163518 203 44428
635617 163520 203 8865
635618 163520 203 6676
635619 163520 203 120
635620 163520 203 719
635621 120387 203 29688
635622 120387 203 44509
635623 120387 203 44538
635624 120387 203 469
635625 163521 203 941
635626 163521 203 3498
635627 163521 203 700
635628 163521 203 1119
635629 163521 203 44475
635634 163527 203 700
635635 163527 203 4
635639 163529 203 941
635650 163532 203 3190
635651 89218 203 469
635652 89218 203 3717
635653 89218 203 1714
635657 163537 203 44417
635659 163539 203 941
635660 163539 203 44415
635661 163539 203 44437
635668 163542 203 941
635669 163542 203 507
635670 163542 203 917
635671 163543 203 917
635672 163543 203 941
635678 70328 203 4537
635679 70328 203 700
635680 70328 203 21755
635683 163548 203 4297
635684 163549 203 469
635685 163549 203 618
635686 163549 203 311
635687 163550 203 618
635688 163550 203 1305
635689 163550 203 44541
635696 163553 203 125
635697 163553 203 941
635698 163553 203 1255
635699 163553 203 6676
635700 163554 203 941
635701 163554 203 6046
635731 163567 203 6676
635732 163568 203 19782
635733 163568 203 941
635734 163569 203 941
635735 163569 203 507
635744 163573 203 5005
635745 163573 203 1031
635746 163573 203 1041
635747 163573 203 469
635748 163574 203 2816
635749 163574 203 44545
635751 163576 203 6676
635752 163576 203 941
635753 163577 203 2297
635754 163577 203 507
635755 163577 203 10189
635760 163579 203 1031
635764 163582 203 44415
635765 163582 203 941
635768 163585 203 44546
635781 163590 203 44415
635782 163590 203 941
635785 163592 203 44547
635786 163593 203 16627
635787 163593 203 731
635788 163593 203 311
635789 163593 203 2373
635790 163593 203 22476
635791 163593 203 29
635792 163593 203 24488
635793 163593 203 16026
635794 163594 203 125
635795 163594 203 29
635800 163597 203 5850
635801 163598 203 44447
635807 163601 203 44548
635808 163602 203 44417
635809 163602 203 4385
635815 163605 203 44550
635834 163614 203 961
635835 163614 203 5850
635836 163614 203 1245
635837 163615 203 469
635841 163617 203 941
635842 163617 203 44415
635843 163617 203 9022
635863 163624 203 15839
635877 163631 203 4297
635878 163631 203 44554
635879 163632 203 4297
635880 163632 203 44416
635881 163632 203 941
635882 163632 203 44415
635883 163632 203 44555
635888 163637 203 700
635889 163637 203 941
635890 163637 203 44415
635891 163637 203 343
635892 163638 203 44415
635893 163638 203 700
635894 163638 203 343
635895 163638 203 44436
635896 8267 203 44556
635908 163644 203 2817
635909 163644 203 1186
635910 163644 203 44558
635911 163645 203 941
635912 163645 203 44415
635917 163648 203 301
635918 163648 203 311
635919 163648 203 4791
635920 163648 203 35
635943 163660 203 1745
635944 163660 203 527
635945 163661 203 941
635946 163661 203 44418
635947 163661 203 44419
635949 163663 203 941
635950 163663 203 44415
635951 163663 203 917
635959 163666 203 700
635960 163666 203 1625
635961 163666 203 343
635962 163666 203 44560
635974 163671 203 6676
635975 163671 203 44561
635976 163672 203 1313
635977 163672 203 25657
635978 163672 203 3151
635979 163672 203 7062
635980 163672 203 700
635992 163678 203 1720
635993 163678 203 44418
635994 163678 203 44430
635995 163679 203 5370
636009 7488 203 44563
636010 7488 203 4297
636011 7488 203 44415
636019 163688 203 941
636020 163688 203 44416
636023 24496 203 221
636024 24496 203 44436
636025 24496 203 1244
636026 24496 203 301
636029 163692 203 301
636030 163692 203 24785
636031 73963 203 941
636036 163695 203 44441
636037 163696 203 941
636038 163696 203 1627
636039 163696 203 138
636040 163697 203 21
636041 163697 203 2647
636042 163697 203 299
636043 163697 203 1049
636044 163697 203 941
636045 163697 203 3553
636046 163697 203 2133
636047 163697 203 2477
636048 163697 203 26149
636049 163697 203 44565
636050 163697 203 342
636051 163697 203 343
636052 163697 203 1704
636053 163697 203 311
636054 163697 203 29
636060 163700 203 700
636061 163700 203 941
636062 163700 203 343
636070 163703 203 343
636071 163703 203 301
636072 163703 203 1704
636073 163703 203 44566
636074 163704 203 700
636075 163704 203 469
636076 163705 203 941
636077 163705 203 507
636078 163705 203 359
636079 163705 203 992
636080 163705 203 44428
636081 163705 203 2150
636082 163706 203 44437
636083 163706 203 4297
636084 163706 203 44415
636085 163706 203 941
636086 163707 203 941
636087 163707 203 44415
636088 163707 203 44421
636089 163708 203 3190
636090 163708 203 1745
636091 163708 203 4575
636092 163708 203 44415
636093 163708 203 941
636094 163709 203 6676
636095 163709 203 941
636096 163709 203 44437
636097 56104 203 44437
636098 56104 203 44415
636099 56104 203 941
636100 163710 203 44567
636101 163710 203 1790
636102 163711 203 44415
636103 163711 203 44437
636104 163711 203 967
636105 163711 203 5941
636112 163713 203 941
636113 163713 203 44415
636114 163713 203 44437
636115 163714 203 44437
636116 163714 203 1745
636117 163714 203 941
636118 163714 203 5171
636119 163714 203 343
636120 163714 203 44570
636121 163715 203 941
636122 163715 203 44415
636123 163715 203 44416
636124 163715 203 44437
636125 163716 203 941
636126 163716 203 12111
636127 163716 203 342
636128 163716 203 44415
636129 163716 203 44437
636130 163716 203 16026
636131 163717 203 941
636132 163717 203 44419
636133 163717 203 44437
636134 163718 203 700
636135 163719 203 941
636136 163719 203 44415
636137 163719 203 44571
636138 163719 203 44437
636139 163720 203 44572
636150 163724 203 44573
636151 163724 203 29
636152 163724 203 4385
636167 163732 203 4621
636168 163732 203 301
636170 163734 203 3030
636172 163736 203 16559
636173 163737 203 941
636185 163743 203 8649
636186 163743 203 44487
636187 163743 203 44561
636195 163746 203 6676
636196 163746 203 44415
636197 163746 203 125
636201 163749 203 7336
636202 163749 203 1890
636206 163752 203 5603
636207 163752 203 1726
636208 163753 203 587
636226 163763 203 44433
636227 163763 203 3217
636228 163763 203 44417
636240 163770 203 1896
636241 163770 203 44439
636242 163772 203 6676
636250 163778 203 44415
636251 163778 203 44428
636261 163782 203 17128
636262 163782 203 20094
636267 163786 203 44576
636268 163786 203 941
636269 163786 203 44415
636283 163792 203 6676
636284 163793 203 3290
636292 163795 203 44578
636293 163795 203 28
636294 163795 203 10941
636295 163795 203 10837
636296 163795 203 44579
636304 163798 203 4385
636305 163798 203 29
636306 163799 203 44581
636307 163799 203 44582
636309 163802 203 6676
636310 163802 203 44416
636311 163803 203 38678
636312 163803 203 301
636313 163803 203 469
636314 163803 203 44525
636331 163808 203 941
636332 163808 203 1704
636333 163808 203 125
636334 163809 203 941
636335 163809 203 44418
636336 163809 203 44415
636337 163809 203 44419
636338 163809 203 120
636343 163813 203 859
636344 163813 203 24488
636350 163817 203 507
636351 163817 203 44417
636352 70986 203 1119
636353 70986 203 700
636354 70986 203 469
636356 163819 203 343
636357 163819 203 1704
636358 163819 203 2373
636359 163819 203 941
636370 163825 203 44585
636380 163828 203 120
636381 163828 203 507
636383 163830 203 6676
636384 163830 203 15
636394 163834 203 941
636395 163834 203 44415
636396 163834 203 507
636397 163834 203 221
636400 163836 203 44415
636401 163836 203 941
636402 163836 203 700
636403 163836 203 8907
636404 7818 203 8676
636405 7818 203 301
636416 163839 203 6676
636417 163839 203 276
636422 163841 203 24267
636423 163841 203 941
636426 163843 203 941
636427 163843 203 44415
636428 163843 203 276
636429 163844 203 44487
636430 163844 203 44548
636431 163844 203 44441
636432 163844 203 27778
636433 163844 203 44542
636439 163848 203 44586
636440 163849 203 125
636441 163849 203 6676
636442 163849 203 44423
636448 163851 203 44587
636450 163853 203 6676
636451 69045 203 3196
636452 69045 203 700
636453 69045 203 343
636454 69045 203 1625
636455 69045 203 16627
636459 163855 203 1431
636461 163858 203 2520
636462 163858 203 6676
636464 163860 203 13981
636465 163860 203 294
636468 163862 203 44567
636469 163862 203 44588
636471 163864 203 700
636472 163864 203 44
636473 163864 203 561
636474 163864 203 2220
636475 163864 203 318
636488 163870 203 44556
636489 163870 203 700
636490 163870 203 527
636491 163871 203 700
636492 163871 203 1625
636493 163872 203 941
636494 163872 203 1714
636495 163872 203 3893
636496 163872 203 44436
636497 163873 203 343
636498 163873 203 44556
636500 163875 203 1031
636501 163875 203 1041
636502 163875 203 44415
636503 163875 203 941
636504 163875 203 700
636517 163884 203 44415
636518 163884 203 2610
636519 163884 203 44590
636521 163887 203 1041
636522 163887 203 527
636524 163889 203 44415
636525 163889 203 6676
636532 163891 203 125
636533 163891 203 941
636534 163891 203 44419
636535 163891 203 44475
636536 163892 203 343
636537 163892 203 700
636538 163892 203 941
636539 163892 203 44415
636540 163893 203 700
636541 163893 203 343
636542 163893 203 44591
636543 163894 203 125
636544 163894 203 941
636545 163894 203 44415
636546 163895 203 6676
636547 163895 203 1141
636549 163898 203 1143
636550 163898 203 5678
636551 163899 203 941
636552 163899 203 44415
636553 163899 203 44437
636554 163900 203 44592
636559 163903 203 941
636567 163906 203 941
636568 163906 203 44593
636579 163911 203 941
636580 163911 203 507
636581 163912 203 941
636582 163912 203 9020
636583 163913 203 6676
636584 163913 203 999
636585 163913 203 44430
636586 163913 203 44472
636587 163914 203 343
636588 163914 203 38095
636592 10686 203 999
636593 10686 203 17326
636594 10686 203 44421
636598 163917 203 1052
636599 163917 203 44595
636600 163917 203 36873
636601 163917 203 2776
636610 163922 203 941
636624 163930 203 941
636625 163930 203 507
636626 163930 203 44428
636627 163930 203 2220
636628 163931 203 125
636629 163931 203 1886
636630 163931 203 941
636631 163932 203 44430
636636 163934 203 507
636637 163934 203 469
636644 163938 203 13904
636645 163938 203 1313
636648 163940 203 24488
636649 163940 203 507
636653 163942 203 941
636663 163947 203 44540
636664 163947 203 1886
636665 163948 203 4385
636666 163948 203 700
636667 163948 203 523
636668 163949 203 2641
636682 163956 203 941
636683 163956 203 125
636689 163959 203 527
636690 163959 203 38678
636697 163964 203 6676
636698 163964 203 469
636699 163964 203 2520
636713 163973 203 4958
636714 163973 203 4595
636718 163976 203 3893
636719 163976 203 941
636720 163976 203 3
636723 163978 203 941
636724 163978 203 44418
636725 163978 203 6676
636726 163978 203 4607
636727 163978 203 44416
636728 163979 203 941
636729 163979 203 700
636730 163979 203 15412
636738 163982 203 2556
636739 163982 203 6676
636754 163988 203 44441
636758 163991 203 941
636759 163991 203 44415
636760 163991 203 1714
636769 163996 203 125
636770 163996 203 941
636771 163996 203 44415
636778 163999 203 941
636779 163999 203 44415
636780 164000 203 941
636781 164000 203 44415
636782 164000 203 44602
636783 164000 203 10815
636784 164000 203 301
636785 164000 203 125
636787 164002 203 941
636790 164004 203 941
636791 164004 203 44415
636792 164004 203 44416
636793 164005 203 941
636794 164005 203 507
636795 164006 203 1321
636796 164006 203 25765
636797 164006 203 975
637009 164089 203 917
637010 164089 203 44441
637011 164089 203 44603
637103 164127 203 700
637104 164127 203 941
637105 164127 203 44415
637106 164127 203 44437
637173 164156 203 6558
637175 164158 203 917
637190 164163 203 941
637191 164163 203 2150
637192 164163 203 44461
637193 164163 203 17128
637194 164164 203 15567
637195 164164 203 44455
