639084 165257 205 44928
639085 165258 205 44929
639086 165258 205 44930
639087 165259 205 44931
639092 165262 205 44934
639093 165262 205 44935
639094 165263 205 44936
639095 165263 205 44937
639096 165263 205 44938
639097 165263 205 24048
639103 165267 205 44942
639104 165267 205 44943
639105 165267 205 44944
639106 165267 205 44945
639109 165269 205 44939
639110 165269 205 44947
639111 165270 205 44948
639112 165270 205 44949
639113 165270 205 54
639114 165270 205 33715
639115 165270 205 156
639116 165271 205 4323
639117 165271 205 44950
639118 165271 205 44951
639119 165271 205 44952
639132 165276 205 4351
639140 165282 205 4201
639144 165284 205 44966
639152 165289 205 44971
639153 165289 205 44972
639154 165290 205 44973
639158 165294 205 4965
639168 165300 205 44980
639169 165301 205 44981
639189 165314 205 44945
639190 165314 205 54
639191 165314 205 84
639197 165318 205 44944
639199 165320 205 276
639200 165320 205 3
639201 165320 205 4351
639233 165331 205 5412
639234 165331 205 4269
639235 165331 205 4201
639236 165331 205 44973
639237 165331 205 45006
639238 165331 205 44945
639242 165334 205 45012
639243 165334 205 45013
639253 165341 205 45017
639254 165341 205 2331
639255 131983 205 45018
639267 165347 205 14965
639268 165347 205 45024
639271 165349 205 45027
639272 165350 205 44940
639287 165354 205 45031
639288 165354 205 45032
639289 165354 205 45033
639290 165354 205 45034
639293 137290 205 391
639294 15087 205 391
639295 165357 205 45024
639296 165357 205 45036
639297 104319 205 45001
639305 165361 205 4308
639306 165361 205 5051
639307 165362 205 45039
639339 165379 205 6259
639340 165379 205 638
639346 165382 205 44987
639347 165382 205 45016
639351 165386 205 5483
639352 165387 205 45053
639359 165391 205 618
639360 165391 205 4282
639361 165391 205 638
639367 79491 205 4913
639374 165397 205 45060
639375 165397 205 1057
639380 165401 205 4231
639381 165401 205 45062
639382 165401 205 1039
639383 165402 205 45046
639384 165402 205 4257
639385 165402 205 42623
639386 165402 205 45063
639387 165403 205 44993
639388 165403 205 45064
639389 165403 205 45065
639390 165404 205 14851
639391 87813 205 45064
639392 87813 205 5396
639395 165407 205 4366
639396 165407 205 3394
639397 165408 205 45066
639405 3857 205 45024
639407 165414 205 1299
639408 165414 205 4201
639410 165416 205 45072
639411 165416 205 45073
639416 165419 205 45074
639423 165422 205 45080
639424 165422 205 44993
639425 165422 205 45081
639431 165424 205 45083
639432 165424 205 3231
639434 106363 205 276
639435 106363 205 1544
639436 165426 205 44987
639437 165426 205 45000
639438 165426 205 4282
639439 165427 205 45084
639440 165428 205 45085
639441 165428 205 2341
639442 151856 205 45086
639468 165445 205 44987
639474 165448 205 3
639475 165448 205 45001
639476 165448 205 44980
639479 165450 205 45095
639480 165450 205 45096
639481 165450 205 45097
639482 165450 205 5503
639483 165450 205 45098
639484 27554 205 1937
639487 165452 205 45100
639491 165454 205 45103
639492 165454 205 4683
639493 165454 205 77
639494 165454 205 45104
639496 165456 205 6852
639502 165458 205 44949
639503 165458 205 45106
639504 165459 205 44985
639514 165464 205 4987
639515 165464 205 1626
639516 165465 205 45020
639517 165465 205 45107
639518 165466 205 44948
639519 165466 205 45108
639520 165467 205 45109
639525 165470 205 45113
639526 165471 205 44944
639527 165472 205 44944
639528 165473 205 45114
639529 165473 205 45115
639530 29474 205 108
639531 165475 205 44944
639532 132182 205 45116
639533 165476 205 2236
639538 165479 205 131
639539 165479 205 45117
639540 165479 205 45118
639543 165482 205 45121
639546 165484 205 44981
639547 165484 205 529
639548 165484 205 44945
639551 165486 205 44973
639552 165486 205 45009
639553 165486 205 5503
639554 165486 205 44945
639557 165488 205 131
639558 165488 205 44981
639559 165489 205 45050
639560 165489 205 44972
639561 165490 205 24122
639562 165490 205 24518
639563 165490 205 44942
639564 15139 205 3394
639565 15139 205 9214
639566 165491 205 4913
639570 165493 205 4965
639571 165493 205 44948
639575 165495 205 216
639576 165495 205 45077
639584 165498 205 255
639588 165501 205 45065
639589 165502 205 44929
639590 165503 205 45126
639591 15149 205 45051
639592 15149 205 45127
639593 15149 205 4201
639594 15149 205 45128
639597 165505 205 45131
639598 165505 205 45132
639599 165505 205 1499
639604 118701 205 3526
639605 165508 205 45112
639606 165508 205 45134
639607 165509 205 45135
639608 165509 205 45020
639609 165509 205 45136
639610 165510 205 45137
639613 165512 205 45139
639614 165512 205 45140
639615 165512 205 45141
639619 165515 205 45024
639620 165515 205 45145
639621 165516 205 9572
639634 165522 205 4924
639635 165522 205 45152
639642 165527 205 44987
639647 165530 205 45158
639652 165534 205 4269
639653 165534 205 44944
639654 165534 205 4239
639655 165534 205 45046
639656 165534 205 44945
639658 165536 205 44944
639659 165537 205 3
639660 165537 205 45160
639661 165537 205 45051
639668 165541 205 44986
639669 165542 205 45162
639670 165542 205 45090
639671 165542 205 45023
639672 165543 205 44968
639673 165543 205 44945
639674 165544 205 44940
639675 165544 205 45147
639676 165544 205 44957
639687 165549 205 44955
639688 165550 205 4201
639689 165550 205 45006
639694 87849 205 156
639699 165554 205 5396
639707 165557 205 44982
639708 165557 205 44939
639709 165557 205 45169
639710 165557 205 29940
639711 165557 205 781
639712 165558 205 45020
639713 165559 205 4351
639714 165559 205 518
639715 165560 205 44998
639716 165561 205 4201
639725 165566 205 2331
639726 165566 205 44987
639727 165567 205 156
639728 165567 205 44999
639729 165568 205 156
639730 165569 205 24149
639731 165569 205 4351
639732 165569 205 44993
639733 165569 205 76
639749 165578 205 45020
639752 165580 205 45179
639764 165584 205 781
639770 165587 205 45020
639771 165587 205 6171
639783 165592 205 45197
639794 165596 205 131
639807 22562 205 45045
639808 165603 205 668
639809 165603 205 45144
639810 165603 205 45180
639811 165603 205 45208
639816 165608 205 44948
639817 165609 205 44968
639823 132036 205 4201
639848 165623 205 4201
639849 165623 205 45047
639851 165625 205 44987
639855 165629 205 45215
639856 165630 205 45143
639857 165630 205 45001
639859 165632 205 781
639860 165632 205 276
639865 11689 205 44949
639866 11689 205 45216
639867 165635 205 45001
639869 165637 205 44969
639870 165637 205 45077
639871 165637 205 45218
639872 110479 205 27154
639873 165638 205 44929
639875 165640 205 45219
639876 165641 205 45220
639877 165642 205 5707
639878 165642 205 45221
639879 165643 205 44987
639889 165649 205 1169
639890 165649 205 1170
639891 165649 205 917
639892 165649 205 4351
639904 165653 205 294
639905 165653 205 3258
639906 21830 205 4351
639907 21830 205 54
639908 165654 205 44949
639909 165655 205 45227
639910 165655 205 45198
639911 165656 205 1057
639912 165656 205 45112
639913 165657 205 5396
639914 165658 205 44993
639918 165661 205 45119
639921 165663 205 4585
639922 165663 205 45229
639923 165664 205 45112
639924 165664 205 45134
639926 165666 205 45134
639930 165670 205 45190
639931 165671 205 45231
639934 165673 205 45128
639935 165673 205 45051
639936 165674 205 294
639937 165675 205 44975
639943 165679 205 44985
639949 165684 205 45055
639966 165690 205 4201
639967 165690 205 45046
639968 165690 205 45038
639969 165691 205 45241
639972 165694 205 44999
639973 165694 205 45242
639974 165695 205 45243
639978 165697 205 45244
640012 165712 205 45035
640013 165713 205 4231
640015 165715 205 44944
640016 165716 205 5632
640017 165716 205 44942
640018 165716 205 44993
640019 165716 205 45240
640020 165716 205 37100
640021 165716 205 44948
640022 165716 205 44945
640023 165716 205 5827
640024 165716 205 45250
640026 165718 205 45251
640027 165718 205 4351
640028 165718 205 5503
640029 165718 205 45112
640033 165721 205 2637
640035 165723 205 255
640036 165723 205 44968
640037 165724 205 45044
640038 165724 205 44946
640039 165724 205 4623
640040 165724 205 44945
640041 165725 205 45044
640042 165725 205 44946
640043 165725 205 4623
640050 165727 205 45184
640051 165727 205 45254
640057 165731 205 44942
640058 165731 205 45047
640059 165731 205 45257
640060 165731 205 45020
640061 108067 205 45020
640062 108067 205 44942
640074 165739 205 76
640075 165739 205 45136
640076 165739 205 45181
640088 165744 205 928
640089 165744 205 18047
640090 165745 205 391
640091 165745 205 44945
640092 165745 205 54
640098 165748 205 45112
640099 165748 205 294
640100 165749 205 751
640101 165749 205 54
640102 165749 205 84
640105 15267 205 3
640106 15267 205 45160
640107 15267 205 36841
640108 15267 205 310
640109 15267 205 54
640110 15267 205 45252
640111 15267 205 4623
640112 15267 205 44946
640113 15267 205 45264
640115 165752 205 7
640116 165752 205 255
640117 165753 205 4351
640118 165753 205 45046
640119 165753 205 9562
640120 165753 205 44981
640121 165753 205 45168
640122 165753 205 45055
640123 165754 205 7
640124 165754 205 9562
640125 165754 205 45046
640126 165754 205 45168
640127 15268 205 44981
640128 15268 205 131
640129 15268 205 7
640130 15268 205 4351
640131 15268 205 45168
640139 165759 205 276
640140 165759 205 992
640141 165759 205 3394
640142 165760 205 1756
640143 165760 205 44945
640144 165761 205 45269
640145 165762 205 6404
640146 165762 205 3394
640147 165763 205 156
640148 165763 205 44944
640149 165763 205 45270
640150 165764 205 3
640151 165764 205 36841
640152 165765 205 45271
640153 165765 205 3
640154 165765 205 5902
640155 165765 205 310
640156 165765 205 54
640157 165765 205 7
640160 165767 205 44996
640161 165767 205 45273
640162 165768 205 45274
640173 165776 205 45048
640174 165777 205 391
640175 165777 205 44945
640176 165778 205 45101
640177 165778 205 45276
640178 165778 205 45102
640179 165778 205 45277
640180 165779 205 24149
640181 165780 205 24096
640182 165780 205 504
640183 165781 205 4201
640184 165781 205 4269
640185 165782 205 5412
640186 165782 205 44973
640187 165782 205 45006
640188 165782 205 4269
640189 165782 205 45198
640190 165782 205 45263
640191 165783 205 156
640192 165784 205 4351
640193 165784 205 4201
640194 165784 205 44945
640201 165788 205 45279
640205 165791 205 24149
640206 165791 205 45280
640207 165792 205 45281
640208 165792 205 45025
640209 165792 205 1021
640210 165792 205 45282
640211 15296 205 44944
640212 15296 205 3394
640213 165793 205 5396
640214 165794 205 4201
640216 165796 205 45283
640217 165796 205 45025
640218 165796 205 45032
640222 165799 205 41629
640223 165799 205 4201
640226 165802 205 44941
640231 165805 205 4201
640232 165805 205 45006
640237 165808 205 4201
640238 165808 205 44941
640239 165808 205 45046
640240 165809 205 45290
640241 165809 205 45291
640242 165809 205 4201
640243 165809 205 45255
640244 165809 205 5219
640245 165810 205 4201
640251 165813 205 45045
640255 87876 205 44981
640256 87876 205 131
640269 165821 205 24122
640274 165824 205 45184
640275 165824 205 45297
640276 165825 205 5219
640277 165825 205 45128
640279 165827 205 44984
640280 165828 205 45298
640281 165828 205 45299
640293 165835 205 44940
640294 165835 205 44983
640295 165836 205 44940
640296 165836 205 44983
640318 165846 205 45312
640319 165846 205 45313
640320 165846 205 27209
640323 165849 205 44946
640324 165849 205 4623
640333 132372 205 45317
640334 132372 205 4366
640336 165852 205 188
640337 165852 205 45265
640339 165854 205 44940
640340 165854 205 45061
640341 165854 205 45055
640343 165856 205 45318
640344 165856 205 4351
640345 165856 205 7
640346 165856 205 518
640351 165858 205 45087
640352 165859 205 45073
640353 165859 205 45321
640354 165860 205 45322
640355 165860 205 44972
640356 165861 205 45114
640357 165861 205 45281
640358 165861 205 606
640359 165862 205 45323
640360 165862 205 4231
640362 165864 205 507
640363 165864 205 813
640364 165865 205 45080
640365 165865 205 45081
640380 165872 205 45328
640381 165872 205 2637
640401 165884 205 44980
640402 165885 205 44980
640403 165886 205 26171
640404 165886 205 44939
640405 165886 205 45148
640406 165886 205 45255
640407 165887 205 44945
640408 165887 205 44948
640409 165887 205 54
640410 165887 205 24149
640426 165897 205 45000
640434 165901 205 294
640435 165901 205 45340
640440 165904 205 3526
640441 165904 205 48
640442 165904 205 45341
640447 66026 205 44991
640448 66026 205 45112
640453 165911 205 45347
640454 165911 205 44945
640455 165911 205 45348
640456 165912 205 45283
640457 165912 205 45032
640472 165922 205 45277
640473 165922 205 5503
640474 165922 205 45113
640475 165922 205 45046
640476 165922 205 45354
640477 165923 205 44944
640478 165923 205 4323
640484 165927 205 44945
640485 165927 205 45347
640495 165933 205 4201
640496 165933 205 45356
640497 165933 205 294
640498 165933 205 45046
640503 165936 205 44962
640504 165937 205 45112
640505 165937 205 45358
640506 165937 205 156
640507 165938 205 4201
640508 165938 205 45050
640509 165938 205 44968
640510 165939 205 4201
640511 165939 205 44968
640512 165939 205 45050
640513 165940 205 2661
640514 165940 205 44944
640515 165940 205 1057
640516 165941 205 45061
640518 165943 205 391
640519 165944 205 41629
640520 165944 205 131
640521 165944 205 596
640522 165944 205 44940
640525 165946 205 5483
640526 165946 205 45359
640529 165950 205 4351
640530 165950 205 45360
640531 165950 205 44993
640532 165950 205 76
640533 165950 205 44942
640542 165955 205 5076
640543 165955 205 45143
640544 165955 205 45181
640550 165959 205 24096
640551 165959 205 45240
640552 165959 205 4231
640553 165959 205 45334
640554 165959 205 45065
640555 165960 205 45065
640556 165960 205 4231
640557 165960 205 24096
640558 165960 205 44940
640559 165961 205 4231
640560 165961 205 4246
640561 165961 205 44957
640562 165962 205 44987
640563 165962 205 5396
640564 165962 205 45189
640565 165962 205 4231
640566 165963 205 45050
640581 165970 205 44984
640585 165972 205 45241
640586 165973 205 44985
640619 165992 205 44987
640631 165997 205 41629
640632 165997 205 44985
640636 165999 205 44957
640638 166001 205 45371
640639 166001 205 45203
640640 166001 205 12884
640648 166006 205 44945
640649 166006 205 4239
640650 166007 205 44972
640651 166007 205 294
640652 166007 205 45112
640653 166008 205 45372
640654 166008 205 45373
640655 166008 205 45374
640656 166008 205 45375
640657 166008 205 45376
640663 166013 205 3526
640664 166014 205 45224
640665 166014 205 44999
640666 166014 205 45239
640667 166014 205 45046
640669 57873 205 44991
640670 57873 205 45090
640671 57873 205 45377
640672 166015 205 45090
640673 166015 205 45378
640674 12307 205 668
640675 12307 205 188
640676 12307 205 3
640677 12307 205 45181
640679 166017 205 45061
640680 166017 205 3
640681 166018 205 45094
640682 166018 205 45241
640689 166021 205 45379
640690 166022 205 45309
640691 166022 205 45380
640692 166022 205 45381
640693 166022 205 45382
640694 166023 205 45169
640695 166023 205 44939
640696 166023 205 44982
640697 166024 205 4756
640698 166024 205 44945
640699 166025 205 4756
640700 166025 205 44945
640704 166029 205 4201
640717 166035 205 45244
640722 166038 205 45384
640726 166040 205 5503
640727 166040 205 45385
640728 166040 205 781
640729 166040 205 4614
640730 166041 205 44948
640731 166041 205 19582
640732 166041 205 915
640746 166048 205 4282
640747 166048 205 45388
640748 166048 205 44999
640749 166049 205 45001
640756 166052 205 44968
640757 166052 205 276
640758 166052 205 4351
640770 166056 205 5023
640771 166056 205 1046
640775 166058 205 1057
640776 166058 205 45001
640784 166062 205 76
640785 166064 205 44945
640786 166064 205 4353
640787 166064 205 44948
640788 166064 205 32089
640790 166066 205 458
640791 166066 205 3
640792 166066 205 7
640793 166066 205 276
640794 166066 205 45340
640795 166066 205 45051
640796 166066 205 3365
640797 166066 205 4351
640798 166067 205 45340
640799 166067 205 45127
640800 166067 205 44968
640801 166067 205 3365
640802 166067 205 3
640803 166068 205 45391
640814 166076 205 104
640815 166077 205 45394
640816 166078 205 1057
640817 166078 205 76
640818 166078 205 4354
640819 166078 205 45119
640820 166079 205 44944
640821 166079 205 45395
640844 166086 205 8924
640847 166089 205 3394
640857 166097 205 41629
640865 166102 205 3526
640866 166103 205 45404
640867 166103 205 2904
640868 166103 205 45405
640869 166104 205 45406
640870 166104 205 45407
640871 166105 205 44934
640872 166105 205 36841
640885 166110 205 44957
640889 166113 205 77
640890 166113 205 45409
640891 166113 205 15226
640896 166116 205 1299
640897 166116 205 45410
640898 166116 205 45411
640900 166118 205 45045
640936 14164 205 44972
640939 166141 205 44939
640940 166142 205 44939
640941 166143 205 1299
640942 166144 205 45420
640943 166144 205 45328
640949 166146 205 45400
640950 166146 205 3479
640951 166146 205 45421
640958 166150 205 45422
640959 166151 205 45422
640960 166152 205 45423
640963 166155 205 4246
640964 166155 205 310
640965 166155 205 84
640966 166155 205 54
640971 166158 205 45348
640972 166159 205 45244
640973 166160 205 1215
640974 166161 205 45425
640975 166161 205 618
640976 166161 205 20252
640977 166161 205 45426
640978 166161 205 4797
640979 23656 205 45370
640980 23656 205 45427
640986 166163 205 45429
640987 166163 205 45430
640988 166164 205 45429
640989 166164 205 45430
640990 166165 205 1057
640991 166165 205 4705
641003 166171 205 1499
641006 166174 205 44981
641007 166174 205 45433
641008 15515 205 44944
641014 64326 205 44949
641016 166179 205 4231
641017 166179 205 45062
641018 166179 205 45434
641019 166179 205 45334
641042 166186 205 44961
641043 166186 205 45123
641065 166194 205 44957
641066 166194 205 45443
641067 166194 205 36841
641068 166194 205 44984
641071 166196 205 44993
641072 166196 205 24096
641073 166196 205 45445
641074 166196 205 45446
641075 166197 205 3479
641076 166197 205 45400
641081 166200 205 915
641082 166200 205 45144
641083 166200 205 44981
641084 166200 205 45449
641085 166201 205 44955
641093 166205 205 131
641094 166205 205 45091
641095 166206 205 4246
641096 166206 205 44981
641116 166214 205 45021
641117 166214 205 5023
641118 166214 205 45241
641119 166214 205 45352
641120 166214 205 44960
641121 166214 205 45455
641136 166223 205 44944
641137 166223 205 44972
641138 166224 205 45042
641139 166224 205 44987
641141 166226 205 45458
641142 125416 205 45459
641162 166235 205 4201
641165 166238 205 131
641166 166238 205 44929
641179 166243 205 45114
641180 166243 205 781
641181 166243 205 45462
641186 166247 205 294
641187 166247 205 1057
641188 166247 205 45130
641189 166248 205 44982
641190 166248 205 44939
641191 166248 205 45255
641195 166250 205 156
641196 166250 205 45020
641199 37978 205 45465
641200 166252 205 45172
641201 166252 205 45466
641202 166252 205 45042
641213 166258 205 1937
641220 166262 205 321
641222 166264 205 3526
641223 166264 205 45471
641224 166265 205 45229
641225 166265 205 3526
641226 166265 205 44948
641227 166265 205 44949
641228 166265 205 45134
641229 166266 205 45051
641230 166266 205 45472
641231 166267 205 44968
641232 166267 205 44948
641233 166267 205 44949
641235 166269 205 44968
641236 166269 205 44940
641237 166269 205 44987
641238 166270 205 44968
641239 166270 205 44948
641240 166270 205 44949
641241 166271 205 4231
641242 166271 205 45065
641243 166272 205 44980
641244 166272 205 45474
641245 166273 205 1367
641246 166273 205 45475
641247 166273 205 699
641259 166281 205 45477
641260 166281 205 44957
641261 166282 205 1499
641262 166282 205 45478
641263 166283 205 44940
641264 166283 205 45168
641265 166283 205 15795
641277 166289 205 45481
641278 166289 205 4913
641279 166289 205 45042
641280 166290 205 45284
641281 166291 205 12070
641282 166292 205 13005
641287 166295 205 44973
641288 166296 205 4705
641289 166296 205 45482
641290 166297 205 45482
641291 36169 205 45483
641292 36169 205 9543
641293 36169 205 45484
641296 166299 205 45487
641297 166299 205 45488
641301 166302 205 4231
641302 166302 205 45065
641303 166302 205 45334
641304 166303 205 45181
641308 166306 205 45112
641309 166306 205 45134
641310 166307 205 41629
641311 166308 205 41629
641315 166310 205 45490
641316 166311 205 45067
641317 166312 205 45055
641318 166312 205 44940
641319 166312 205 45061
641320 166313 205 5396
641321 166313 205 44929
641322 166314 205 152
641323 166314 205 44940
641324 166314 205 45491
641328 166316 205 45493
641329 166317 205 44949
641330 166317 205 24149
641331 166317 205 2661
641332 166317 205 44944
641333 166318 205 45494
641334 166319 205 45241
641335 166319 205 781
641336 166319 205 45115
641337 166319 205 45495
641338 166320 205 45001
641339 166321 205 45496
641340 166321 205 45240
641341 166321 205 45497
641344 166324 205 618
641345 166324 205 45498
641346 166324 205 45317
641347 166324 205 44997
641348 166324 205 44998
641349 166324 205 19089
641351 166326 205 44980
641352 166326 205 45000
641360 166331 205 44991
641361 166331 205 45058
641362 23648 205 45499
641365 166333 205 45001
641366 166333 205 44985
641367 166334 205 45028
641368 23311 205 12431
641369 166335 205 997
641370 150956 205 997
641371 150956 205 44957
641372 132646 205 54
641373 132646 205 156
641374 132646 205 321
641375 132656 205 156
641376 132656 205 4201
641377 166336 205 44940
641378 166336 205 997
641379 166336 205 4231
641380 166336 205 44993
641381 166337 205 3
641382 166337 205 36841
641383 132670 205 5396
641384 166338 205 638
641385 166338 205 18047
641386 166338 205 276
641390 166341 205 44985
641391 166341 205 45051
641392 166342 205 45276
641395 166344 205 44948
641396 166344 205 44972
641397 166345 205 44957
641398 166346 205 45501
641399 166346 205 45299
641400 166347 205 4343
641401 166347 205 45502
641409 166352 205 20488
641415 166355 205 45046
641416 166355 205 44968
641417 166355 205 44948
641418 166355 205 44996
641419 158867 205 12070
641420 151014 205 5924
641421 151014 205 45180
641422 166356 205 255
641426 166358 205 45329
641427 166358 205 310
641428 166358 205 54
641429 166358 205 44940
641430 166358 205 6852
641431 166359 205 618
641432 166359 205 45255
641433 166359 205 45503
641434 166360 205 45179
641437 166362 205 45505
641438 166363 205 45119
641439 166363 205 45035
641446 166367 205 44980
641447 166367 205 45506
641481 166383 205 733
641482 166383 205 668
641484 1218 205 310
641485 1218 205 54
641486 1218 205 45055
641487 15992 205 4623
641488 15992 205 44946
641491 166386 205 45323
641492 87984 205 156
641493 87984 205 44941
641494 166387 205 44949
641499 166390 205 44955
641503 166392 205 3394
641529 166404 205 45522
641530 166404 205 44948
641531 166404 205 44949
641532 166404 205 44972
641533 166404 205 1371
641534 166404 205 45523
641535 166404 205 286
641536 166404 205 45524
641537 166404 205 292
641538 166405 205 45525
641542 166407 205 45087
641543 166408 205 45113
641544 166408 205 44948
641545 166408 205 45114
641546 166409 205 2637
641547 166409 205 45127
641548 166410 205 45527
641549 166411 205 45247
641550 166411 205 45125
641551 166411 205 45528
641552 166412 205 45529
641553 166412 205 45530
641554 166412 205 4573
641555 166412 205 45135
641556 166412 205 45119
641557 166413 205 276
641558 166413 205 5391
641559 166413 205 45531
641561 166415 205 131
641562 166415 205 44981
641563 166415 205 458
641565 166417 205 4351
641566 166417 205 45047
641567 166417 205 45046
641568 166417 205 44945
641569 166417 205 255
641570 166417 205 518
641571 166417 205 4353
641572 166417 205 44996
641573 166417 205 44999
641575 166419 205 276
641576 166420 205 45533
641577 166421 205 45532
641579 166423 205 15795
641580 166424 205 15795
641581 166425 205 44968
641582 166426 205 45534
641583 166426 205 45215
641584 166427 205 3
641585 166427 205 36841
641586 166427 205 751
641587 166427 205 131
641589 166429 205 44945
641590 166429 205 44968
641591 166429 205 44980
641592 166430 205 44982
641593 166430 205 44939
641594 166430 205 45536
641595 166431 205 4913
641596 166431 205 44940
641597 166431 205 321
641606 166436 205 45538
641609 166438 205 3
641610 166439 205 3479
641611 166439 205 45400
641612 166439 205 44960
641620 1232 205 44998
641621 1232 205 4353
641622 1232 205 45000
641623 1232 205 45178
641629 166445 205 44955
641630 13118 205 321
641631 13118 205 44981
641632 13118 205 45047
641633 13118 205 45046
641634 13118 205 44968
641635 166446 205 321
641636 166446 205 45046
641637 166446 205 45047
641638 166446 205 44981
641655 166459 205 45545
641656 166459 205 64
641657 166459 205 45546
641665 8693 205 5023
641666 166465 205 45550
641667 166466 205 45551
641668 166467 205 45551
641688 166475 205 45554
641689 166475 205 36841
641690 166475 205 44945
641691 166475 205 44949
641692 166475 205 5503
641708 166484 205 5503
641709 166484 205 4231
641710 166484 205 45114
641711 166484 205 45557
641712 166484 205 45558
641714 166486 205 131
641715 166486 205 1371
641716 166486 205 44945
641719 110720 205 45143
641720 166488 205 4366
641721 166488 205 11882
641724 166490 205 44940
641725 166491 205 44944
641726 166491 205 2661
641727 15685 205 44944
641728 166492 205 4813
641729 166492 205 44945
641730 166492 205 45020
641731 166492 205 44950
641732 166493 205 45559
641733 166493 205 45014
641734 166493 205 4348
641735 166493 205 45178
641736 166493 205 45560
641739 166495 205 44944
641740 166495 205 29946
641741 166495 205 44945
641742 166495 205 45561
641743 166496 205 45562
641746 166498 205 44969
641747 166499 205 45564
641748 166499 205 1678
641749 166499 205 1299
641758 166502 205 3
641759 166502 205 36841
641760 166503 205 40077
641775 166510 205 4246
641776 166510 205 3408
641791 166520 205 44996
641801 166527 205 45144
641808 166532 205 44964
641809 166532 205 781
641810 166532 205 294
641811 166532 205 45341
641819 166537 205 45000
641820 166537 205 45317
641821 166537 205 44949
641822 166537 205 45020
641826 166539 205 45583
641827 166540 205 44980
641828 166540 205 45583
641829 166541 205 45507
641830 166541 205 45094
641831 166542 205 45014
641832 166543 205 4282
641850 166548 205 618
641851 166548 205 44972
641854 64360 205 45086
641855 166550 205 45371
641856 166550 205 44942
641857 166550 205 44993
641865 166554 205 45501
641866 166554 205 45589
641867 166554 205 44996
641873 166559 205 45592
641874 166559 205 45061
641875 166559 205 45128
641876 166559 205 1057
641877 166559 205 45593
641878 166559 205 45055
641881 166561 205 44963
641882 166561 205 44981
641883 166561 205 44958
641889 166564 205 45594
641890 166564 205 45158
641897 166570 205 45504
641898 166570 205 45597
641899 166571 205 45113
641900 166571 205 45598
641901 166571 205 45599
641902 166571 205 45600
641903 166571 205 45601
641904 166572 205 45340
641905 166572 205 45051
641906 166573 205 41629
641907 166573 205 45110
641909 166575 205 618
641910 166575 205 781
641911 166575 205 45602
641912 166575 205 20252
641913 166575 205 45603
641919 166578 205 45028
641920 166578 205 45606
641921 166578 205 45605
641922 166579 205 13084
641923 166579 205 44982
641924 166579 205 44939
641934 31975 205 44944
641941 166586 205 44966
641942 166587 205 44984
641943 166588 205 45000
641946 166590 205 4231
641947 166591 205 4428
641948 166591 205 45046
641949 166591 205 45044
641950 166591 205 44945
641958 166598 205 44961
641965 166600 205 131
641966 166601 205 44940
641967 166601 205 45239
641968 166601 205 44957
641969 166602 205 44985
641972 166604 205 45614
641974 166606 205 45616
641975 161113 205 45616
641979 166607 205 45001
641992 166614 205 44984
641999 15751 205 45058
642000 15751 205 1770
642001 15751 205 331
642002 15751 205 45318
642003 15751 205 45623
642004 56913 205 1770
642012 166621 205 45624
642013 166621 205 45020
642014 166621 205 45150
642015 166622 205 45351
642016 166623 205 1056
642017 166623 205 45625
642018 166623 205 45626
642029 166627 205 45628
642035 166631 205 44984
642036 166631 205 45631
642037 166632 205 45000
642038 166632 205 45316
642039 166632 205 44999
642040 166633 205 45087
642041 166633 205 5503
642042 166634 205 44998
642043 166634 205 4353
642044 166634 205 4282
642045 166634 205 45000
642046 166635 205 4282
642047 166635 205 44999
642048 166636 205 4282
642049 166636 205 45632
642050 166637 205 5023
642051 166637 205 45633
642055 166640 205 45042
642056 166641 205 5503
642057 166641 205 44928
642058 166641 205 2364
642059 166641 205 45352
642060 166642 205 3
642061 166642 205 45619
642062 166642 205 45634
642063 166642 205 45635
642085 166655 205 45526
642086 166655 205 596
642087 166655 205 44940
642088 166655 205 38868
642092 166657 205 44940
642093 166658 205 44987
642103 166665 205 321
642106 166668 205 15795
642117 166677 205 44940
642120 166678 205 276
642121 166678 205 44940
642122 166679 205 45087
642134 166684 205 44984
642139 166689 205 44949
642148 166693 205 321
642149 166694 205 2661
642150 166694 205 4756
642159 166697 205 45647
642160 166698 205 44987
642161 166698 205 4231
642162 166698 205 41629
642163 166699 205 45046
642168 166702 205 45648
642169 166703 205 45244
642170 166703 205 24697
642173 166705 205 45181
642174 166705 205 1057
642175 166705 205 44986
642176 166705 205 45217
642177 166706 205 4913
642178 166706 205 44930
642179 166707 205 321
642182 166709 205 44982
642183 166710 205 3258
642184 166710 205 45114
642185 166710 205 45370
642186 166710 205 45651
642187 166710 205 45652
642188 166711 205 45396
642189 166712 205 84
642190 166713 205 45113
642191 166713 205 45241
642192 166714 205 45329
642193 166714 205 44940
642195 166716 205 45653
642196 166717 205 45181
642197 166718 205 44985
642198 166718 205 45359
642199 166719 205 4201
642200 166720 205 3
642201 166720 205 131
642202 15776 205 45168
642203 15776 205 5396
642204 15776 205 44957
642205 15776 205 9562
642206 15776 205 45526
642211 166723 205 45381
642212 166723 205 45090
642213 166723 205 45622
642214 166723 205 45254
642215 166723 205 45377
642223 166727 205 45526
642224 166728 205 45042
642230 166731 205 45658
642231 166732 205 45659
642232 166732 205 45660
642233 166732 205 45661
642235 166734 205 45042
642236 166734 205 45055
642237 166734 205 45061
642238 166734 205 5396
642239 166734 205 4351
642240 166734 205 15795
642241 166735 205 15795
642242 166735 205 131
642243 166735 205 44981
642244 166735 205 45168
642245 166735 205 45532
642246 166736 205 45481
642247 166737 205 44987
642248 166738 205 45042
642249 166739 205 45351
642250 166739 205 45016
642251 166740 205 76
642252 166740 205 45020
642253 166740 205 44940
642260 166746 205 44941
642261 166747 205 1170
642262 166747 205 4231
642263 166748 205 8957
642264 166748 205 321
642265 166749 205 4246
642266 166750 205 44940
642267 166750 205 45575
642272 166754 205 44940
642273 166754 205 3
642274 166754 205 44985
642281 166757 205 45665
642288 166762 205 321
642289 166762 205 45667
642311 166773 205 45020
642312 166773 205 45149
642314 166775 205 4245
642315 166775 205 44948
642316 166776 205 294
642318 166778 205 3394
642343 166791 205 44949
642344 166791 205 45046
642345 166791 205 4201
642346 166791 205 45395
642347 166792 205 45674
642348 166793 205 44942
642349 166793 205 44991
642350 166794 205 45000
642351 166794 205 156
642352 166794 205 44991
642353 166794 205 45062
642354 166794 205 4246
642355 166794 205 44949
642356 166795 205 45424
642357 166796 205 255
642358 166796 205 7
642365 166801 205 45241
642366 166801 205 45677
642367 166802 205 45241
642368 166802 205 45094
642369 166802 205 45255
642370 166802 205 45245
642377 166807 205 44942
642378 166807 205 4351
642379 166807 205 44999
642383 166810 205 54
642384 166810 205 391
642390 166814 205 4269
642391 166814 205 44944
642392 166814 205 44957
642393 166815 205 15795
642398 166818 205 44940
642399 166819 205 44940
642400 166819 205 45042
642401 166820 205 45532
642402 166820 205 44981
642403 166820 205 4257
642404 166820 205 44940
642405 166820 205 596
642406 166820 205 44999
642407 166820 205 15795
642416 166823 205 255
642417 166823 205 45180
642419 166825 205 536
642425 166828 205 5396
642426 166828 205 44957
642427 166828 205 45683
642428 166829 205 4974
642429 166829 205 596
642430 166830 205 44972
642431 166830 205 44968
642451 166840 205 2990
642452 166840 205 45087
642454 166842 205 45685
642455 166842 205 44942
642456 166842 205 45686
642457 166843 205 45687
642460 166846 205 44973
642465 166849 205 45690
642466 166849 205 44939
642467 166849 205 14965
642475 166852 205 7
642484 146124 205 45628
642485 146124 205 310
642486 146124 205 3
642490 166859 205 45046
642491 166859 205 44945
642493 166861 205 4282
642494 166861 205 5483
642499 166864 205 45619
642500 166864 205 45635
642501 166864 205 45427
642502 166865 205 45229
642503 166865 205 3526
642504 166865 205 45695
642505 166865 205 45134
642506 166865 205 45046
642507 166865 205 4131
642508 166866 205 45304
642509 166866 205 44936
642510 166866 205 44982
642533 166880 205 45700
642534 166880 205 27449
642535 166881 205 5396
642536 166881 205 45680
642537 166881 205 45114
642538 166881 205 45072
642539 166881 205 45701
642540 166881 205 4573
642542 166883 205 45072
642543 166883 205 5356
642544 166884 205 45125
642545 166884 205 44936
642546 166885 205 3479
642547 166886 205 44936
642548 67753 205 2637
642549 67753 205 45127
642550 166887 205 44929
642554 166889 205 44996
642555 166889 205 45702
642556 166890 205 45306
642557 166890 205 4282
642565 166894 205 4282
642566 166894 205 44950
642568 166895 205 131
642569 166896 205 156
642577 166901 205 44981
642582 166904 205 44984
642583 166905 205 45451
642584 166905 205 4698
642589 166907 205 12070
642590 166907 205 45090
642591 166907 205 45703
642592 166908 205 4282
642593 166908 205 44953
642597 166911 205 44954
642598 166911 205 45704
642599 166911 205 45280
642604 166915 205 44998
642605 166915 205 4246
642606 166916 205 45705
642607 166916 205 4924
642608 166916 205 24048
642609 166916 205 45464
642616 166919 205 45399
642617 166919 205 44972
642618 166919 205 3526
642619 166919 205 45709
642620 166919 205 45114
642621 166919 205 45151
642625 166923 205 44981
642626 166923 205 45449
642627 8800 205 45075
642628 8800 205 136
642629 8800 205 45544
642630 8800 205 45710
642636 166927 205 44934
642637 166928 205 45210
642642 166932 205 255
642643 166932 205 518
642644 166932 205 44929
642645 166933 205 44985
642646 166933 205 618
642651 166938 205 45184
642652 166938 205 45024
642653 166938 205 45712
642656 166940 205 24122
642657 166940 205 45713
642658 166941 205 24122
642659 166941 205 45714
642660 166941 205 128
642663 166943 205 45716
642664 166943 205 24122
642665 166944 205 24122
642666 166945 205 2637
642667 166946 205 18047
642668 166946 205 76
642673 166947 205 255
642674 166947 205 44942
642676 166949 205 321
642677 166949 205 44987
642678 166950 205 76
642679 166950 205 45020
642683 166953 205 44942
642684 166953 205 45250
642685 166953 205 45718
642686 166953 205 45076
642692 166956 205 45720
642696 115541 205 45721
642697 115541 205 44930
642698 115541 205 1027
642699 166958 205 41629
642700 166958 205 131
642701 166958 205 255
642702 166958 205 45063
642708 166961 205 45243
642709 166961 205 44954
642710 166961 205 45114
642716 46 205 255
642717 46 205 7
642725 166966 205 45725
642726 166966 205 4573
642727 166966 205 156
642728 166966 205 44976
642729 166966 205 45293
642730 166966 205 45726
642733 166968 205 5230
642734 166969 205 45405
642735 166969 205 45728
642736 166969 205 45404
642739 166972 205 44981
642740 166972 205 255
642741 166972 205 7
642742 166972 205 1057
642746 166975 205 45730
642747 166976 205 24507
642750 166979 205 20252
642751 166979 205 45240
642752 166979 205 45731
642753 166979 205 45732
642754 166980 205 20252
642755 20716 205 7
642756 20716 205 4753
642757 20716 205 255
642759 166982 205 45646
642760 166982 205 45733
642761 166983 205 45016
642762 166983 205 5396
642763 166983 205 44986
642764 166983 205 44991
642765 166984 205 44987
642766 166985 205 44944
642767 21034 205 45143
642768 21034 205 45087
642779 166992 205 45736
642780 166992 205 391
642781 166993 205 391
642782 166993 205 45736
642783 166994 205 391
642784 166994 205 45571
642785 166994 205 6852
642786 166995 205 391
642787 166996 205 45000
642788 166996 205 391
642789 166997 205 54
642790 166997 205 44945
642791 166997 205 44991
642792 166997 205 4282
642793 166998 205 391
642794 166998 205 44945
642795 166998 205 3258
642797 167000 205 4351
642798 167000 205 45046
642799 167000 205 5219
642800 167001 205 156
642801 167001 205 44985
642802 167001 205 45167
642812 167005 205 276
642813 167005 205 44991
642819 167010 205 15795
642820 167010 205 596
642821 167010 205 44940
642824 167012 205 45741
642829 88017 205 507
642830 88017 205 6267
642831 167015 205 45179
642832 167016 205 45136
642833 167016 205 45001
642842 143810 205 76
642843 143810 205 45020
642845 167021 205 917
642846 132986 205 44941
642857 167026 205 45587
642858 167026 205 45745
642859 167027 205 45587
642860 167028 205 45746
642861 167028 205 45058
642863 13698 205 45747
642864 13698 205 45024
642865 13698 205 45727
642866 167030 205 76
642867 167030 205 45136
642871 167032 205 45016
642872 167032 205 45331
642877 167037 205 45240
642878 167037 205 45263
642886 167040 205 45753
642887 167040 205 76
642888 60528 205 188
642889 167041 205 45754
642890 167041 205 45755
642891 167041 205 45756
642892 167041 205 45159
642893 167041 205 45079
642894 167042 205 45757
642895 167043 205 45507
642896 167043 205 45758
642898 167045 205 3
642899 167045 205 44945
642916 167054 205 45355
642917 167054 205 4319
642918 167055 205 45243
642919 167055 205 1039
642920 167055 205 45633
642921 167056 205 45637
642923 167058 205 221
642924 167058 205 45181
642926 167060 205 221
642927 167060 205 668
642928 167061 205 45276
642929 167061 205 4201
642930 167062 205 45181
642931 167062 205 45182
642932 167063 205 44991
642933 167063 205 45761
642934 167063 205 44999
642938 167065 205 45168
642939 167065 205 5
642940 167065 205 45169
642941 167066 205 3258
642942 167066 205 45114
642943 167066 205 45370
642944 167066 205 5320
642954 167069 205 45001
642955 167070 205 321
642957 167072 205 45766
642958 167072 205 45767
642959 167072 205 45465
642960 167073 205 3
642961 167073 205 36841
642967 167077 205 44945
642969 167079 205 45768
642970 167080 205 44991
642971 167081 205 321
642972 167081 205 44940
642973 167082 205 321
642993 13803 205 5827
642994 13803 205 6334
642995 13803 205 45771
642996 13803 205 11381
642997 13803 205 45772
642998 13803 205 17303
642999 167091 205 44982
643000 167091 205 44939
643001 167091 205 45773
643002 167091 205 39077
643003 140276 205 4135
643004 140276 205 45773
643005 140276 205 39077
643006 140276 205 45774
643009 167093 205 7
643010 167093 205 255
643011 3008 205 1371
643012 3008 205 7
643013 3008 205 45775
643018 75963 205 45001
643019 75963 205 44985
643020 167096 205 24090
643021 167096 205 44955
643022 167096 205 45090
643023 167097 205 45776
643025 167098 205 4351
643026 167098 205 3
643035 167104 205 45328
643036 167104 205 2637
643037 167105 205 2637
643038 167105 205 45328
643048 167111 205 45570
643049 167111 205 45592
643059 167116 205 45076
643060 167117 205 45051
643061 167117 205 45077
643072 167124 205 45786
643073 167125 205 44986
643074 167125 205 45217
643075 167126 205 45244
643077 167128 205 45051
643078 167128 205 4201
643079 167128 205 45128
643080 17528 205 156
643100 57016 205 45090
643101 167138 205 961
643107 167141 205 45024
643108 167141 205 45344
643109 167141 205 45184
643116 167143 205 156
643124 167147 205 45247
643125 167147 205 45090
643126 167147 205 45792
643142 167155 205 44996
643143 167155 205 45306
643157 167162 205 45622
643158 167162 205 45797
643163 167167 205 63
643164 167167 205 45799
643165 167168 205 44949
643167 167170 205 54
643170 167172 205 44972
643172 167174 205 29946
643173 167174 205 813
643179 167178 205 45507
643180 167178 205 44982
643181 167179 205 44982
643182 167179 205 45802
643183 167181 205 294
643184 167181 205 44957
643185 167181 205 3365
643191 167185 205 45143
643193 167187 205 2765
643194 167187 205 44984
643195 167188 205 45190
643213 167196 205 45329
643214 167196 205 4349
643215 167196 205 44940
643223 167198 205 45076
643224 167198 205 5503
643225 167198 205 45804
643228 167200 205 45241
643229 167200 205 45805
643230 167200 205 45806
643242 167207 205 3681
643252 167215 205 18047
643253 167215 205 638
643259 167218 205 45814
643261 167220 205 4698
643265 50169 205 45112
643266 50169 205 781
643267 50169 205 45114
643268 28272 205 294
643269 28272 205 451
643270 28272 205 45180
643271 167221 205 45152
643272 167221 205 45072
643276 167223 205 45519
643277 167223 205 54
643278 167223 205 45194
643279 167223 205 45228
643280 116434 205 45411
643281 116434 205 1299
643290 167228 205 45816
643291 167228 205 45817
643307 167234 205 45120
643315 167240 205 45055
643316 167240 205 45061
643317 167241 205 4201
643318 167241 205 45038
643319 9004 205 45561
643320 167242 205 4201
643321 167242 205 45561
643322 167242 205 44945
643323 167242 205 54
643329 88112 205 156
643331 167247 205 44988
643332 167247 205 45044
643333 167247 205 44946
643334 167247 205 4623
643335 167248 205 1371
643336 167248 205 3258
643337 167248 205 45264
643338 167248 205 44988
643344 167252 205 1819
643345 167252 205 638
643349 167255 205 45244
643350 167255 205 24697
643351 167255 205 45820
643352 167255 205 45821
643354 167257 205 1499
643355 167258 205 45046
643356 167258 205 45000
643360 167260 205 44942
643361 167260 205 458
643365 167263 205 44936
643366 167263 205 276
643367 167263 205 44944
643369 167265 205 638
643370 167265 205 45822
643387 167271 205 2637
643388 167271 205 45328
643389 167272 205 45024
643390 167272 205 1499
643391 167273 205 45483
643394 167275 205 45823
643395 167276 205 45824
643396 167276 205 276
643397 167276 205 44942
643398 167277 205 294
643399 167277 205 24052
643410 167281 205 45828
643427 167288 205 18047
643428 167288 205 45830
643429 167288 205 45831
643430 167289 205 45832
643431 167289 205 45833
643432 167289 205 45834
643433 167290 205 276
643434 167290 205 45215
643435 159791 205 45604
643436 159791 205 45283
643437 159791 205 1021
643438 159791 205 4686
643439 43829 205 45835
643441 167292 205 45028
643442 167292 205 45837
643446 167296 205 24518
643447 167297 205 45838
643448 167298 205 318
643449 167298 205 45838
643450 167298 205 45839
643452 167299 205 45028
643453 167299 205 45841
643472 167308 205 45849
643473 167309 205 44950
643474 167309 205 1371
643475 167309 205 4323
643476 167309 205 44975
643482 167312 205 1499
643483 167313 205 276
643485 167315 205 45001
643486 167315 205 45851
643505 17891 205 276
643506 17891 205 18047
643507 167322 205 44991
643508 167322 205 38846
643509 167322 205 45028
643510 167323 205 276
643514 167326 205 276
643515 167326 205 44940
643531 167331 205 27348
643532 167332 205 45204
643533 167332 205 45065
643534 167333 205 45090
643535 167333 205 45854
643536 167333 205 45855
643541 167336 205 45856
643542 167336 205 45857
643554 167339 205 45859
643561 3018 205 45564
643562 167344 205 156
643563 167344 205 44942
643572 167349 205 45143
643573 167350 205 618
643574 167350 205 45001
643577 167353 205 54
643578 167353 205 44991
643579 167354 205 45020
643580 167354 205 391
643581 167354 205 45082
643584 167356 205 45860
643585 167356 205 45424
643595 167360 205 45410
643598 88442 205 45861
643604 167363 205 1819
643605 167364 205 45162
643606 167364 205 45410
643607 167364 205 44961
643608 167364 205 45123
643612 133155 205 1299
643613 167366 205 1299
643614 167366 205 45128
643615 167366 205 5219
643616 167367 205 45224
643617 167367 205 1057
643618 167367 205 45035
643619 167368 205 44972
643620 167369 205 2637
643621 167369 205 45328
643622 167370 205 44948
643623 167370 205 26958
643637 167378 205 44948
643651 167385 205 44982
643653 167387 205 5219
643654 167387 205 45128
643655 167388 205 504
643656 167389 205 41629
643657 167390 205 44996
643658 167391 205 45020
643659 167392 205 45389
643660 167392 205 45868
643661 167392 205 45869
643662 167393 205 45042
643663 167393 205 44969
643664 167394 205 131
643665 167395 205 45144
643666 167396 205 45180
643678 167402 205 45037
643679 167402 205 45008
643680 167402 205 45198
643685 167406 205 45871
643686 167406 205 45872
643687 167406 205 44944
643688 167406 205 2661
643695 167408 205 2331
643696 167408 205 45020
643697 167408 205 45240
643698 167408 205 45873
643699 167408 205 45874
643700 167408 205 45284
643702 167410 205 4282
643703 167410 205 45168
643704 167410 205 45463
643705 41643 205 2331
643706 41643 205 44991
643707 167411 205 44949
643764 167435 205 44987
643765 167435 205 45329
643767 167437 205 45090
643768 167437 205 45483
643779 167443 205 44948
643780 167443 205 44945
643781 167443 205 45046
643782 167443 205 4201
643783 167443 205 44949
643784 167443 205 44980
643788 167446 205 45279
643789 167447 205 458
643790 167447 205 4348
643791 167447 205 45087
643792 167447 205 4483
643793 167448 205 45143
643794 167448 205 45119
643795 167448 205 45135
643796 167448 205 45001
643799 167450 205 45309
643800 167450 205 45883
643801 167451 205 131
643804 167453 205 44942
643805 167453 205 45884
643813 167457 205 391
643815 167459 205 2661
643816 167459 205 45886
643817 167459 205 44980
643818 167460 205 44948
643819 167461 205 45507
643820 167461 205 45334
643821 167461 205 4231
643825 167464 205 4756
643827 167466 205 3
643830 25626 205 24170
643831 167468 205 45659
643832 167468 205 45660
643833 167468 205 45661
643834 167469 205 44987
643837 167471 205 45625
643838 167471 205 1056
643839 167472 205 4201
643840 167472 205 45051
643843 167475 205 45322
643844 167475 205 44949
643845 167475 205 44980
643863 167482 205 2364
643864 167482 205 44974
643866 167484 205 4282
643867 167484 205 4974
643868 167484 205 45891
643871 167486 205 45893
643872 167487 205 45894
643874 167489 205 45895
643875 167489 205 45244
643882 167492 205 45244
643883 167492 205 24697
643884 167492 205 45515
643885 167493 205 2637
643886 167494 205 45838
643889 167496 205 14965
643890 167496 205 76
643892 88166 205 2637
643897 167498 205 45328
643903 6462 205 45375
643904 6462 205 45900
643905 6462 205 45356
643907 167502 205 1057
643910 167504 205 76
643913 167506 205 18047
643920 167510 205 44949
643921 167510 205 44968
643922 167511 205 45180
643923 167511 205 1057
643924 167512 205 44957
643925 167512 205 5396
643927 167514 205 391
643928 167515 205 44985
643936 16159 205 2637
643941 167521 205 294
643942 167521 205 44945
643943 167521 205 638
643944 167521 205 45604
643945 167521 205 44972
643946 167521 205 781
643947 16160 205 156
643958 167526 205 45903
643959 167527 205 45865
643960 167527 205 791
643965 74854 205 45901
643966 167530 205 45907
643970 167533 205 6852
643975 167538 205 45255
643976 167538 205 45910
643977 167539 205 45558
643978 167539 205 294
643979 167540 205 45911
643980 167540 205 917
643981 167540 205 156
643982 167541 205 4965
643992 167547 205 45625
643993 167547 205 1056
643994 167547 205 44929
643995 167547 205 45563
643996 167548 205 45046
643998 167550 205 45147
644001 167552 205 45347
644002 167552 205 44948
644005 7517 205 44985
644006 7517 205 45544
644010 167558 205 156
644011 167558 205 45913
644012 167558 205 45914
644015 167560 205 45913
644016 167560 205 45914
644017 167561 205 44972
644018 167561 205 45375
644019 167561 205 45373
644020 167561 205 45915
644021 167562 205 44949
644022 167562 205 44945
644027 167567 205 5219
644028 167567 205 45128
644038 167572 205 44998
644039 167572 205 1168
644040 167573 205 45047
644041 167574 205 44972
644042 167574 205 45918
644043 167574 205 45919
644044 167575 205 45097
644045 167575 205 5503
644046 167575 205 44949
644047 167575 205 44981
644048 167575 205 44972
644049 167575 205 4753
644050 167575 205 45229
644051 167575 205 45919
644054 167577 205 4354
644055 167577 205 458
644056 167577 205 276
644057 167578 205 44985
644061 167581 205 4309
644062 167581 205 45340
644063 167581 205 45051
644064 167582 205 45168
644066 167584 205 44944
644076 167591 205 44987
644077 167592 205 45387
644078 167592 205 4698
644079 167592 205 321
644082 167594 205 1173
644083 167595 205 4282
644084 167595 205 45000
644085 167595 205 8847
644086 167595 205 44999
644087 167595 205 45631
644092 167598 205 5725
644094 167599 205 44996
644095 167599 205 45046
644096 167599 205 1325
644097 167599 205 6852
644100 167601 205 45317
644104 167603 205 2073
644105 167603 205 34030
644108 167606 205 45509
644109 167606 205 45682
644110 167606 205 45806
644130 167616 205 45928
644131 167617 205 44939
644132 167618 205 45929
644139 167622 205 45931
644140 167623 205 45929
644141 167623 205 152
644142 167624 205 45929
644143 167625 205 44954
644144 167625 205 45572
644148 167629 205 13005
644149 167630 205 5902
644150 167630 205 3
644151 167630 205 4756
644152 9674 205 54
644153 9674 205 45035
644158 167632 205 44944
644159 167632 205 4323
644160 167632 205 36841
644163 167634 205 44945
644164 167635 205 44986
644165 167635 205 45120
644168 167637 205 45122
644169 167637 205 45699
644170 167637 205 45932
644172 16214 205 781
644173 16214 205 44985
644177 167640 205 45157
644178 167640 205 44953
644179 167640 205 45239
644180 167640 205 45934
644181 167640 205 44950
644182 167641 205 4323
644183 167641 205 44950
644191 167648 205 45008
644192 167649 205 45741
644196 167652 205 45741
644198 167654 205 45267
644199 167654 205 45936
644201 167656 205 45263
644203 167658 205 4290
644204 167658 205 45316
644205 167658 205 5503
644206 167659 205 255
644207 167659 205 44981
644208 167659 205 518
644209 167659 205 276
644230 167667 205 44955
644231 167667 205 45281
644232 167667 205 45303
644249 167675 205 4965
644250 167676 205 5503
644251 167676 205 45168
644252 167676 205 45438
644253 167676 205 45670
644254 167676 205 20704
644255 167676 205 45943
644256 167677 205 44940
644257 167677 205 5396
644258 167677 205 276
644259 167678 205 5396
644260 167678 205 45526
644261 167679 205 4319
644262 167679 205 34568
644263 167680 205 45352
644264 167681 205 4965
644265 167682 205 44968
644266 167682 205 4705
644273 167686 205 44957
644274 167687 205 45147
644275 167687 205 5396
644276 167687 205 44993
644277 167688 205 44940
644278 167688 205 44957
644279 167688 205 45945
644280 167688 205 45147
644281 167688 205 44969
644285 167690 205 44984
644286 167690 205 45110
644289 16234 205 45047
644290 16234 205 751
644291 16234 205 44980
644292 16234 205 451
644293 167692 205 45428
644294 167692 205 45513
644295 167692 205 1371
644296 167692 205 20515
644297 167693 205 295
644298 167693 205 45112
644299 167693 205 45134
644300 167694 205 45046
644318 167700 205 44998
644319 167700 205 44953
644320 167700 205 45470
644321 167700 205 45946
644322 167700 205 45244
644323 167701 205 44945
644324 167701 205 45047
644325 167701 205 5503
644326 167702 205 2990
644327 167702 205 44998
644328 167702 205 45063
644329 167702 205 4352
644331 167704 205 45046
644332 167704 205 4257
644333 167704 205 44953
644339 167707 205 45020
644340 167707 205 44942
644341 167708 205 5503
644342 167708 205 44949
644343 167708 205 45542
644344 167709 205 45001
644346 167711 205 276
644347 167711 205 44972
644348 167711 205 27720
644351 167713 205 45255
644352 167713 205 45102
644353 167713 205 4701
644354 167714 205 44944
644355 167714 205 4323
644356 167714 205 44950
644361 167715 205 45148
644362 167715 205 45782
644363 167715 205 45436
644368 167718 205 24149
644369 167718 205 45628
644370 167718 205 45949
644371 167719 205 6852
644372 167719 205 1027
644373 167719 205 1325
644374 167719 205 45497
644375 167719 205 45950
644376 167720 205 45000
644377 167720 205 4282
644382 167722 205 44991
644383 167722 205 45180
644384 167723 205 276
644385 167724 205 44949
644386 167725 205 45158
644389 167727 205 45513
644390 167727 205 5503
644394 167729 205 45745
644398 131463 205 44980
644399 131463 205 44968
644400 131463 205 44972
644401 167733 205 44984
644405 167735 205 45043
644406 167735 205 45953
644408 167737 205 4282
644409 167737 205 45894
644410 167737 205 45954
644411 167737 205 45255
644421 167742 205 29
644422 167743 205 2331
644423 167743 205 14011
644424 167743 205 4351
644426 82866 205 3526
644427 167745 205 45956
644428 167745 205 44957
644429 167745 205 45957
644430 167745 205 45424
644431 167746 205 3526
644432 167747 205 45958
644433 167747 205 45475
644434 167747 205 4319
644435 167748 205 4271
644436 167748 205 45110
644439 167751 205 45016
644440 167751 205 1057
644441 167751 205 44940
644442 167751 205 45412
644449 167755 205 4282
644450 167755 205 45001
644455 167758 205 45181
644456 88198 205 5396
644457 88198 205 44940
644458 88198 205 1169
644461 167760 205 24149
644462 167761 205 44949
644463 167761 205 45800
644464 167762 205 45340
644465 167762 205 388
644466 167763 205 44957
644467 167763 205 5396
644468 167763 205 45526
644469 167763 205 596
644472 167765 205 44940
644473 167765 205 45147
644474 167765 205 44957
644475 167765 205 45526
644476 167766 205 44940
644477 167766 205 5396
644478 167766 205 44957
644479 167766 205 596
644480 167766 205 45526
644481 167767 205 45147
644482 167767 205 44957
644483 167767 205 45945
644487 167769 205 2490
644493 167774 205 45013
644494 72 205 310
644495 72 205 54
644496 72 205 294
644497 72 205 84
644509 167778 205 4282
644512 167780 205 45964
644513 167780 205 45965
644515 167782 205 3394
644516 167783 205 3394
644517 167784 205 3394
644518 167785 205 44940
644519 167785 205 1169
644520 167785 205 1170
644521 167786 205 44968
644524 167789 205 44949
644528 167792 205 45001
644529 167792 205 45181
644530 167792 205 5396
644531 167792 205 44940
644532 167793 205 4231
644533 167793 205 44940
644534 167793 205 45323
644535 167793 205 45065
644536 167794 205 45046
644537 167794 205 45532
644538 167794 205 223
644539 167794 205 45045
644543 167796 205 45090
644544 167796 205 45114
644545 167796 205 45067
644546 167796 205 45891
644547 167797 205 44961
644548 167797 205 45123
644555 167800 205 45598
644556 167800 205 45599
644557 167800 205 45046
644558 167800 205 45967
644560 167802 205 45219
644563 167805 205 45058
644564 167805 205 44972
644565 167805 205 638
644566 167805 205 35
644567 167806 205 45587
644568 167806 205 45375
644569 167806 205 45968
644572 167809 205 41629
644573 167809 205 596
644576 167811 205 45970
644577 167811 205 45281
644578 167811 205 45971
644579 167812 205 4201
644593 167818 205 44975
644594 167818 205 44950
644595 167818 205 44951
644596 167819 205 44985
644602 167821 205 156
644605 167823 205 45304
644606 167823 205 45976
644607 167823 205 44936
644608 167823 205 45156
644609 167824 205 4201
644610 167824 205 45008
644611 167824 205 45000
644612 167824 205 5412
644615 167826 205 44962
644617 167828 205 45061
644618 167828 205 44940
644619 167828 205 44968
644631 167835 205 4245
644632 167835 205 44948
644633 167836 205 44987
644634 167836 205 44984
644644 167840 205 4282
644645 167840 205 45447
644646 167841 205 45045
644647 167841 205 45063
644648 167842 205 4246
644649 167842 205 45359
644650 167843 205 44982
644651 167843 205 44939
644674 167854 205 45865
644675 167854 205 44949
644676 167854 205 45105
644677 167855 205 45020
644684 167857 205 45403
644685 167857 205 44985
644688 68008 205 44944
644689 68008 205 2637
644705 38321 205 6259
644706 38321 205 45058
644707 167870 205 44950
644708 167871 205 4366
644709 167871 205 4698
644711 167873 205 45090
644712 167873 205 45243
644713 167873 205 45156
644714 167873 205 4436
644715 167873 205 4299
644716 167873 205 45263
644717 167873 205 45622
644718 167873 205 45067
644719 167873 205 45299
644725 167878 205 45069
644726 167879 205 3394
644727 167879 205 6404
644736 167884 205 45042
644737 167884 205 4231
644738 167885 205 44984
644741 167888 205 45985
644742 167888 205 84
644743 167888 205 302
644744 167888 205 44974
644747 167891 205 45046
644752 167893 205 45963
644753 167894 205 44981
644754 167894 205 44968
644755 167894 205 44998
644756 167894 205 44940
644757 167894 205 45042
644758 167894 205 45055
644759 167894 205 45061
644760 167895 205 44966
644790 167909 205 1057
644791 167909 205 45119
644792 167909 205 45087
644793 167909 205 45359
644794 167910 205 44986
644795 167911 205 6290
644796 167912 205 44987
644797 167912 205 45963
644798 167913 205 38868
644799 167914 205 321
644802 167916 205 4201
644803 167916 205 4269
644804 167916 205 45050
644805 167916 205 44968
644806 167917 205 24149
644807 167917 205 45990
644808 167917 205 3
644809 167917 205 36841
644815 167919 205 45387
644816 167919 205 44999
644839 167926 205 45587
644840 167926 205 45709
644841 167926 205 45995
644847 57161 205 45569
644849 167932 205 24149
644850 167932 205 45001
644858 36671 205 4518
644859 131751 205 188
644860 131751 205 168
644861 131751 205 668
644868 167942 205 1127
644876 16369 205 4308
644877 16369 205 45999
644878 167947 205 104
644881 87836 205 44987
644882 87836 205 4111
644884 167950 205 45168
644891 167956 205 45347
644892 167956 205 45091
644904 167963 205 45049
644905 167963 205 45263
644906 167963 205 45850
644907 6985 205 45001
644916 167968 205 44939
644917 167968 205 44982
644919 15374 205 44944
644920 15374 205 45270
644921 15374 205 45051
644922 15374 205 45340
644923 15374 205 44945
644924 167970 205 45263
644925 167970 205 46004
644926 167970 205 45096
644927 167971 205 4585
644931 167974 205 44957
644933 167976 205 46005
644940 167979 205 44987
644952 167987 205 3
644953 167987 205 36841
644954 167988 205 44966
644955 167989 205 131
644962 167993 205 4351
644963 167994 205 44949
644964 167994 205 44985
644965 167994 205 44980
644967 51931 205 28038
644968 167996 205 45205
644969 167996 205 4353
644970 167996 205 46010
644971 167997 205 45237
644972 167997 205 46011
644973 167997 205 45670
644974 167997 205 45699
644980 168000 205 44987
644981 168001 205 45424
644987 168005 205 4271
644988 168006 205 4698
644989 168006 205 44996
644990 168007 205 46013
644991 168008 205 44942
644992 168008 205 45082
644993 168009 205 44968
644997 168013 205 45168
644998 168013 205 45127
644999 168013 205 4353
645004 168015 205 4353
645005 168015 205 45303
645006 168015 205 46017
645009 168018 205 44998
645010 168018 205 4353
645011 168018 205 1039
645012 168018 205 4282
645013 168018 205 44996
645014 168019 205 4353
645015 168020 205 45168
645016 168020 205 44998
645017 168020 205 4353
645018 168021 205 45963
645020 168023 205 45424
645035 168029 205 5483
645037 168031 205 46025
645051 168041 205 45001
645052 168041 205 44985
645053 168041 205 45046
645062 168048 205 41629
645063 168049 205 46029
645064 168049 205 45184
645065 168050 205 45128
645066 168050 205 5219
645067 168051 205 4269
645068 168051 205 13001
645069 168051 205 45263
645070 168052 205 5023
645071 168052 205 1046
645072 168053 205 45203
645073 168053 205 45747
645074 168053 205 45483
645089 168060 205 5023
645090 168060 205 46032
645091 168060 205 46033
645092 168060 205 45680
645093 168061 205 8957
645094 168061 205 44982
645095 168061 205 44939
645101 168066 205 15795
645102 168067 205 45158
645103 168068 205 44969
645110 168072 205 45042
645111 168072 205 44958
645112 168072 205 45530
645116 168075 205 310
645117 168075 205 54
645118 168075 205 3
645119 168075 205 5902
645120 168075 205 36841
645121 168076 205 45020
645122 17084 205 54
645123 17084 205 44945
645124 17084 205 156
645125 168077 205 596
645126 168077 205 45055
645150 168089 205 596
645159 168092 205 3394
645172 168099 205 2637
645173 168099 205 4323
645186 168106 205 45158
645189 168108 205 45263
645190 168108 205 4351
645191 168108 205 45504
645197 168113 205 45411
645218 168126 205 45743
645219 168127 205 45370
645220 168127 205 45244
645226 168131 205 45893
645227 168132 205 45146
645233 168135 205 44985
645234 168135 205 1170
645235 168136 205 45112
645236 168137 205 4201
645237 168137 205 45349
645238 168137 205 76
645239 168137 205 45213
645240 168138 205 156
645243 1528 205 45001
645245 168140 205 1744
645246 168140 205 45224
645247 168141 205 44966
645248 168142 205 44949
645252 501 205 44966
645253 501 205 46037
645254 168144 205 45119
645255 168144 205 45050
645256 168144 205 44968
645257 168144 205 4443
645258 168144 205 1057
645259 168145 205 45120
645260 168145 205 5934
645261 168145 205 2661
645262 168146 205 4443
645263 168146 205 45119
645264 168146 205 4351
645265 168146 205 45561
645266 168146 205 45413
645267 168146 205 2661
645268 168147 205 156
645269 168148 205 45504
645270 168148 205 44944
645271 168149 205 15449
645272 168149 205 5464
645273 168150 205 45585
645274 168150 205 4351
645275 168151 205 4351
645276 168151 205 45046
645277 168152 205 1057
645278 168152 205 45119
645279 168153 205 156
645280 168154 205 24149
645281 168155 205 45283
645282 168155 205 46043
645283 168155 205 1021
645291 168158 205 76
645292 168158 205 4201
645293 168158 205 44945
645294 23724 205 45143
645298 16424 205 9562
645299 16424 205 45144
645300 16424 205 1057
645301 16424 205 45593
645304 168162 205 45046
645305 168162 205 44945
645306 168163 205 54
645307 168163 205 45224
645308 168163 205 45000
645309 168164 205 44968
645310 168164 205 45051
645311 168165 205 44968
645312 168165 205 3
645313 168166 205 45865
645314 168166 205 46044
645315 168167 205 4201
645316 168167 205 44973
645317 168168 205 4201
645318 168168 205 2990
645319 168168 205 5412
645326 168172 205 44953
645327 168172 205 36841
645328 168172 205 44998
645329 168173 205 1499
645331 168175 205 44991
645332 168176 205 44987
645333 168177 205 44987
645334 168178 205 44984
645335 168178 205 45168
645336 168178 205 44944
645337 168178 205 44949
645338 168179 205 45028
645339 168179 205 45959
645341 168181 205 38846
645342 168182 205 45109
645343 168183 205 46046
645344 168184 205 45047
645345 168184 205 46047
645346 168184 205 44972
645347 168184 205 44945
645350 168186 205 45072
645351 168186 205 45464
645352 168187 205 45072
645363 94370 205 44972
645364 168194 205 45073
645365 168194 205 45321
645370 168197 205 45385
645371 168197 205 46051
645372 168198 205 5503
645373 168198 205 45114
645374 168198 205 45396
645375 144358 205 912
645376 144358 205 1689
645377 144358 205 507
645393 168205 205 44972
645394 168206 205 4351
645395 168206 205 45128
645396 168206 205 45168
645397 168206 205 9562
645404 168210 205 45059
645408 168213 205 6852
645409 168213 205 46052
645413 168215 205 46053
645420 168220 205 2661
645421 168220 205 46055
645422 168220 205 46056
645423 168221 205 46057
645429 168223 205 4913
645430 168224 205 152
645431 168224 205 44940
645432 168224 205 5396
645435 168226 205 44991
645436 168226 205 44993
645437 168226 205 44942
645438 168226 205 458
645439 168226 205 45062
645443 168228 205 46058
645463 168238 205 1169
645464 168239 205 45746
645465 168240 205 156
645466 168240 205 46061
645467 168241 205 1957
645469 168243 205 46062
645470 168243 205 6404
645471 168244 205 45168
645472 168244 205 9562
645473 168244 205 3
645474 168244 205 45160
645475 168244 205 255
645476 168244 205 7
645477 168245 205 44940
645478 168245 205 44957
645482 168248 205 4201
645483 168248 205 44953
645484 168248 205 44998
645485 168249 205 45385
645486 168249 205 45119
645487 168250 205 19089
645488 168251 205 45746
645494 168255 205 156
645495 168255 205 44941
645496 168256 205 44980
645497 168256 205 44984
645498 168257 205 45087
645499 168257 205 45000
645500 168258 205 45270
645501 168258 205 46064
645502 16465 205 44972
645503 16465 205 294
645504 16465 205 781
645505 168259 205 44968
645508 168262 205 46065
645509 168262 205 9006
645513 168265 205 45016
645514 168266 205 44987
645515 168266 205 46066
645516 168267 205 131
645517 168267 205 4351
645518 168267 205 2331
645519 168268 205 45015
645529 168275 205 46068
645530 168275 205 45424
645531 168276 205 596
645532 168276 205 45351
645533 168277 205 45028
645536 168280 205 44949
645537 168280 205 45214
645538 168280 205 44987
645539 168281 205 45001
645540 168281 205 45143
645548 168285 205 45051
645551 168288 205 44942
645552 168288 205 4257
645553 168288 205 44991
645562 168291 205 596
645563 168291 205 44957
645564 168292 205 5725
645566 168294 205 5412
645567 168294 205 518
645568 168294 205 44945
645569 168294 205 45198
645574 168296 205 44991
645575 168296 205 27332
645578 168298 205 45000
645579 168298 205 44999
645582 168300 205 45370
645586 168302 205 156
645587 168303 205 46073
645588 168303 205 45112
645589 168303 205 5503
645590 168303 205 45410
645591 168304 205 45668
645592 168305 205 44998
645593 168305 205 46074
645606 168313 205 255
645607 168313 205 131
645608 168314 205 44998
645609 168315 205 4753
645610 168315 205 286
645611 168315 205 44981
645612 168315 205 45058
645624 168318 205 1499
645625 168318 205 46076
645626 168319 205 45604
645627 168319 205 24052
645628 168319 205 44972
645630 168321 205 4756
645631 168321 205 45628
645634 168324 205 44942
645635 168324 205 44993
645636 168324 205 5396
645637 168324 205 45046
645638 168325 205 5396
645641 168327 205 1057
645642 168327 205 45119
645643 168327 205 3
645645 168329 205 36841
645646 168329 205 44953
645647 168329 205 44950
645648 168330 205 44987
645649 168330 205 44948
645653 168332 205 4965
645654 168332 205 4239
645655 168332 205 44949
645656 168333 205 44968
645657 168333 205 46077
645663 168336 205 276
645664 168336 205 44980
645665 168336 205 44985
645666 168337 205 44944
645667 168337 205 45270
645668 168337 205 4201
645669 168337 205 4269
645670 168337 205 44942
645671 168337 205 5076
645672 168338 205 45046
645673 168338 205 5076
645674 168338 205 4201
645675 168338 205 45000
645681 168342 205 45112
645682 168342 205 26271
645683 168342 205 46082
645685 168344 205 1178
645689 168347 205 45049
645690 168347 205 45263
645692 68444 205 3
645693 68444 205 45061
645694 68444 205 45127
645695 68444 205 45340
645696 168349 205 1057
645697 168349 205 9562
645698 168349 205 45271
645699 168349 205 3
645700 168349 205 5902
645704 168351 205 5396
645705 168351 205 44987
645706 168352 205 1057
645707 168352 205 45168
645708 168352 205 44968
645709 168352 205 4351
645710 168352 205 9562
645711 168352 205 4354
645713 168354 205 45133
645714 168355 205 4351
645715 168355 205 44968
645716 168356 205 4351
645718 168358 205 44986
645719 168358 205 45016
645720 168359 205 5503
645721 168359 205 46085
645722 168360 205 44944
645723 168360 205 45270
645724 168360 205 44945
645725 168360 205 4319
645726 168360 205 4690
645727 168360 205 84
645728 168360 205 54
645729 168360 205 3394
645730 168360 205 4813
645731 168361 205 156
645732 168362 205 45504
645735 168364 205 44945
645736 168364 205 4351
645737 168364 205 45020
645738 168364 205 44950
645739 168364 205 2331
645745 168367 205 44949
645747 168369 205 46086
645755 168373 205 4201
645756 168373 205 4269
645760 168376 205 321
645761 168376 205 45786
645764 68480 205 45001
645768 168380 205 45647
645776 168386 205 4351
645777 168386 205 45105
645778 168386 205 45504
645779 168386 205 44945
645780 168386 205 44948
645782 168388 205 44955
645783 168388 205 45281
645784 168388 205 44981
645786 168390 205 44985
645788 168392 205 45143
645791 168394 205 451
645792 168394 205 45065
645793 168394 205 45351
645794 168394 205 44948
645795 168395 205 4705
645796 168395 205 45482
645797 168396 205 1170
645798 168397 205 44948
645799 168397 205 44985
645808 168402 205 44948
645809 168402 205 44980
645810 168403 205 3365
645811 168403 205 45340
645812 168404 205 46089
645813 168405 205 45347
645814 168405 205 45229
645815 168406 205 4246
645816 168407 205 44949
645817 168407 205 5125
645818 168408 205 45282
645825 168412 205 618
645826 168412 205 781
645827 168412 205 45796
645847 168428 205 3526
645848 168429 205 45162
645849 168429 205 3526
645850 168430 205 45229
645851 168431 205 44942
645852 168431 205 5632
645853 168431 205 45229
645854 168432 205 3681
645855 168432 205 45571
645856 168432 205 46091
645857 168432 205 45149
645858 168433 205 3681
645859 168434 205 3681
645861 168436 205 3526
645862 168436 205 3681
645865 168438 205 3681
645866 168439 205 391
645867 168439 205 54
645870 168442 205 276
645874 168444 205 518
645875 168444 205 46094
645892 168451 205 4705
645893 168451 205 44944
645894 168452 205 44944
645895 168453 205 2661
645896 168453 205 1057
645905 168457 205 2637
645906 168457 205 451
645907 168458 205 44949
645908 168458 205 5125
645910 168460 205 45046
645911 168460 205 45069
645912 168460 205 45816
645918 168462 205 44980
645920 168464 205 781
645921 168464 205 45115
645922 168465 205 4282
645923 168465 205 44975
645924 168465 205 44950
645925 68538 205 4351
645926 68538 205 45047
645927 68538 205 44984
645928 68538 205 45221
645942 168472 205 2331
645944 29448 205 4351
645945 29448 205 1371
645946 168474 205 46100
645947 168474 205 46101
645948 168475 205 46102
645973 168487 205 46109
645975 168489 205 45584
645977 168491 205 9562
645978 168491 205 4351
645979 168491 205 44968
645986 168496 205 1937
645987 168496 205 4351
645993 168500 205 46110
645994 168501 205 15249
645995 168501 205 44987
645997 9050 205 4385
646002 168506 205 2331
646005 168509 205 46112
646007 7732 205 44945
646008 168511 205 44960
646009 168512 205 46113
646010 168513 205 44996
646011 168513 205 45243
646012 168514 205 4282
646013 168514 205 45000
646014 159683 205 876
646015 159683 205 46114
646017 168515 205 5396
646018 168515 205 44986
646019 168515 205 46115
646020 168515 205 45182
646021 168516 205 3526
646022 168516 205 45134
646023 168516 205 3681
646024 168516 205 46116
646025 168517 205 751
646026 168518 205 44963
646027 168519 205 131
646028 168519 205 44981
646029 168520 205 751
646031 16784 205 44991
646032 168522 205 45090
646033 168522 205 25728
646034 168522 205 45569
646044 168527 205 44981
646045 168527 205 131
646046 168527 205 4201
646049 168530 205 4351
646050 168530 205 36841
646051 168531 205 131
646052 168532 205 4351
646053 168532 205 36841
646054 168533 205 131
646055 168534 205 751
646056 168534 205 3
646057 168534 205 131
646058 168535 205 131
646059 168536 205 5219
646060 168536 205 45128
646061 168537 205 45798
646062 168537 205 44945
646063 168537 205 24149
646068 168540 205 45048
646069 168540 205 46120
646070 168540 205 4443
646071 168541 205 46121
646072 168541 205 46122
646077 168544 205 45798
646078 168545 205 45798
646079 168545 205 4965
646080 168545 205 2637
646081 168546 205 45018
646089 168548 205 46125
646090 168548 205 44932
646091 168548 205 34030
646123 168562 205 45042
646131 168566 205 45180
646132 168566 205 668
646133 168566 205 45144
646146 168569 205 45144
646147 168569 205 45181
646151 168572 205 44944
646152 168572 205 1057
646153 168572 205 2661
646157 168576 205 44986
646158 168577 205 156
646159 168577 205 45120
646160 168578 205 45133
646161 168579 205 668
646162 168579 205 1057
646163 168579 205 45120
646164 168580 205 45133
646165 168580 205 45120
646166 168580 205 45144
646167 168580 205 46137
646170 168582 205 9562
646171 168582 205 1057
646172 168582 205 915
646173 168582 205 3290
646179 168586 205 4965
646180 168586 205 44945
646181 168586 205 4705
646182 168586 205 45482
646186 168588 205 4705
646187 168588 205 44941
646191 168590 205 45092
646194 168592 205 44986
646195 168592 205 45181
646200 168595 205 4310
646201 168595 205 45449
646202 168595 205 45750
646207 168598 205 4351
646208 168599 205 45058
646209 168599 205 45119
646210 168599 205 45135
646217 168604 205 1299
646218 168604 205 45263
646219 168605 205 45900
646220 168605 205 45356
646228 168609 205 45001
646229 168610 205 45020
646230 168610 205 29827
646241 168616 205 44998
646242 168616 205 4353
646243 168616 205 45168
646247 168618 205 1027
646248 168618 205 46144
646258 168622 205 46146
646259 168623 205 4913
646269 168627 205 44986
646270 168628 205 45316
646271 168629 205 46149
646275 168631 205 45667
646283 168635 205 6259
646284 168635 205 44993
646300 168646 205 4443
646301 168646 205 45181
646302 61936 205 45144
646308 168651 205 45120
646309 168651 205 45144
646310 168651 205 45181
646313 168653 205 44998
646314 168653 205 4353
646315 168653 205 45168
646316 168654 205 46151
646317 168654 205 46152
646318 168654 205 20252
646319 168654 205 45426
646323 168657 205 1057
646324 168657 205 45181
646325 168657 205 19089
646340 168662 205 45143
646342 127456 205 44944
646343 168664 205 44957
646344 168664 205 5396
646345 168665 205 44944
646346 168665 205 44987
646347 168665 205 44980
646351 168667 205 4201
646352 168667 205 156
646353 168667 205 54
646354 168668 205 5396
646355 168668 205 44993
646356 168669 205 46115
646375 168677 205 44949
646376 168678 205 5219
646377 168678 205 45128
646378 168678 205 45221
646379 168679 205 5219
646380 168679 205 4201
646382 168681 205 45092
646384 74853 205 45069
646385 74853 205 46156
646392 168686 205 46157
