764621 185863 212 941
764622 185863 212 54944
764624 165314 212 54945
764625 165314 212 54946
764626 165314 212 29292
764638 185868 212 54949
764639 185868 212 941
764640 185868 212 54025
764641 185869 212 25583
764642 185869 212 39
764648 185871 212 54952
764649 185871 212 1000
764650 185871 212 54946
764651 185871 212 17025
764662 185875 212 295
764663 185875 212 54955
764664 185875 212 5221
764665 185875 212 54956
764666 185875 212 4428
764670 185878 212 54312
764671 185878 212 54957
764672 185878 212 1049
764673 185878 212 54946
764674 185878 212 4978
764675 185878 212 26722
764683 185881 212 29282
764684 185881 212 17025
764685 185881 212 1215
764686 185881 212 54959
764687 185881 212 54952
764688 185881 212 1297
764689 185881 212 54960
764690 185881 212 54961
764691 185881 212 54962
764692 185881 212 1234
764693 185881 212 1224
764694 185881 212 54963
764695 185881 212 3483
764696 185881 212 54964
764699 171024 212 54965
764700 171024 212 5821
764701 185883 212 138
764702 185883 212 4502
764703 185883 212 54025
764704 185884 212 1000
764707 185886 212 1049
764724 185891 212 4417
764725 185891 212 138
764726 185892 212 54025
764727 185892 212 54968
764728 185893 212 54953
764729 185893 212 39
764730 185893 212 54954
764731 185894 212 4461
764732 185894 212 4532
764733 185894 212 54969
764749 185899 212 54952
764750 185899 212 1049
764751 185899 212 24938
764752 185899 212 54973
764753 185899 212 54974
764754 185899 212 54975
764755 185899 212 54025
764761 165471 212 54977
764768 185904 212 343
764769 185904 212 54981
764770 185904 212 1049
764771 185904 212 1126
764772 185904 212 1197
764773 185904 212 34568
764774 185904 212 138
764775 185904 212 54982
764781 185907 212 4661
764782 185907 212 54985
764783 185907 212 17025
764784 90294 212 637
764793 185909 212 4428
764794 185910 212 54987
764795 185910 212 54988
764796 185910 212 54989
764797 185910 212 54990
764798 185911 212 17025
764799 185911 212 54991
764800 185911 212 4335
764801 185911 212 1224
764802 185911 212 54992
764803 185912 212 54952
764804 185912 212 1057
764805 185912 212 51450
764806 185913 212 45475
764807 185913 212 4239
764813 185917 212 80
764814 185917 212 54993
764818 185919 212 1000
764823 176674 212 138
764824 176674 212 54994
764827 185921 212 307
764828 185921 212 4428
764829 185921 212 343
764830 185921 212 54995
764831 185921 212 54996
764832 185922 212 45475
764833 185922 212 4239
764834 185922 212 1000
764835 185922 212 54958
764836 185923 212 20671
764837 185923 212 51098
764845 185925 212 19265
764846 185925 212 4428
764847 185925 212 2155
764853 185929 212 45475
764854 185929 212 54945
764855 185929 212 54998
764861 181587 212 80
764862 181587 212 15300
764863 181587 212 311
764864 181587 212 39
764871 185932 212 4174
764872 185932 212 55000
764873 185932 212 54025
764874 126871 212 3743
764875 126871 212 54967
764876 185933 212 941
764877 185933 212 306
764878 185933 212 54985
764879 185934 212 19265
764880 185935 212 54945
764881 185935 212 3311
764886 185937 212 54961
764887 185937 212 1000
764892 185939 212 45475
764893 185939 212 4239
764894 185939 212 4319
764895 185940 212 45475
764896 185940 212 54954
764897 185940 212 1000
764898 185941 212 26722
764899 185941 212 29282
764900 185941 212 54945
764901 185941 212 55001
764902 185941 212 295
764916 185945 212 1000
764921 185947 212 941
764922 185947 212 707
764923 31820 212 4362
764924 31820 212 54953
764932 171878 212 818
764933 171878 212 67
764934 171878 212 4384
764951 88914 212 55009
764952 88914 212 1049
764953 88914 212 55010
764954 185953 212 1049
764955 185953 212 47650
764956 185953 212 1215
764957 185953 212 54959
764958 185953 212 54994
764959 185953 212 54025
764977 171990 212 1000
764978 171990 212 45475
764982 185957 212 869
764983 185957 212 1000
764984 185958 212 941
764985 185958 212 54980
764986 185959 212 55011
764987 185959 212 1297
764988 185959 212 55012
764989 185959 212 55013
764990 185960 212 55014
764991 185961 212 55014
764992 185962 212 1197
764993 185962 212 2177
764994 185962 212 138
764995 185962 212 48
764999 15296 212 328
765000 15296 212 1057
765001 15296 212 992
765010 185969 212 45475
765011 185969 212 1197
765014 185971 212 45475
765015 185971 212 29
765017 185973 212 54984
765018 185973 212 54953
765019 185973 212 54954
765020 185974 212 637
765021 185974 212 1000
765040 185979 212 55019
765046 185981 212 5038
765047 185981 212 50572
765048 185981 212 55021
765049 185981 212 4469
765050 185981 212 4461
765051 185981 212 4239
765052 185981 212 45475
765053 185981 212 29282
765054 185981 212 54945
765055 185982 212 1000
765056 185982 212 2330
765057 185982 212 3811
765058 172552 212 35961
765059 172552 212 787
765060 185983 212 1049
765061 185983 212 55022
765062 185983 212 55023
765063 185983 212 26722
765064 185983 212 55024
765065 101809 212 23714
765066 101809 212 1751
765067 101809 212 48
765068 101809 212 1823
765069 185984 212 138
765070 185984 212 287
765071 185984 212 29576
765072 185985 212 17025
765073 185985 212 138
765074 185985 212 55025
765075 185986 212 25583
765076 185986 212 39
765077 185986 212 18422
765078 185986 212 25929
765079 185987 212 54984
765080 185988 212 9999
765081 185988 212 4428
765082 185988 212 2936
765083 185989 212 20966
765084 185989 212 1215
765085 185990 212 45475
765086 185990 212 4239
765087 185991 212 1057
765088 185991 212 39
765089 185991 212 45475
765090 185991 212 55005
765091 185992 212 2177
765092 185992 212 45475
765093 185992 212 2709
765094 185993 212 45475
765095 185994 212 45475
765096 185995 212 25583
765097 185995 212 55026
765098 185996 212 20966
765099 185996 212 3846
765100 185997 212 1651
765101 185997 212 4682
765102 185997 212 10337
765103 69802 212 54987
765104 69802 212 2163
765105 185998 212 1215
765106 185998 212 29282
765107 185998 212 25929
765108 185999 212 3311
765109 185999 212 4239
765110 185999 212 45475
765111 185999 212 1323
765112 186000 212 55027
765113 186000 212 4642
765114 186000 212 55028
765115 186001 212 1698
765116 186001 212 23223
765117 186001 212 2936
765118 186001 212 55029
765119 186001 212 295
765120 186002 212 4239
765121 186002 212 45475
765122 186002 212 17034
765123 186003 212 1388
765124 186003 212 361
765125 186003 212 8660
765126 186003 212 42676
765127 186003 212 55030
765128 186003 212 54956
765129 186004 212 707
765130 186004 212 4354
765131 186004 212 3743
765132 186004 212 1057
765133 172396 212 1410
765134 172396 212 1057
765135 172396 212 4354
765136 172396 212 3743
765137 172396 212 1000
765138 176920 212 3743
765139 176920 212 311
765140 176920 212 55029
765141 176920 212 1410
765142 176920 212 55031
765143 176920 212 3811
765144 176920 212 54982
765145 176920 212 54946
765146 186005 212 15382
765147 186005 212 55032
765148 186005 212 54956
765149 186005 212 25929
765150 186006 212 1215
765151 186006 212 1049
765152 186006 212 55033
765153 186007 212 15488
765154 186007 212 307
765155 186007 212 3291
765156 186007 212 54967
765157 186007 212 54956
765158 186008 212 33483
765159 186008 212 45475
765160 186008 212 4239
765161 186008 212 55034
765162 186009 212 15328
765163 186009 212 54982
765164 186010 212 55035
765165 186010 212 3311
765166 186011 212 16452
765167 186011 212 55036
765168 186011 212 48
765169 186011 212 503
765170 186011 212 55037
765171 186012 212 2444
765172 186012 212 503
765189 186018 212 5831
765211 186024 212 29576
765212 186024 212 54984
765213 186024 212 3221
765214 186025 212 1704
765215 186025 212 54996
765220 186027 212 1049
765221 186027 212 54946
765222 186027 212 190
765223 186027 212 54984
765224 186027 212 17025
765225 172980 212 328
765226 172980 212 17034
765227 172980 212 54994
765228 172980 212 10229
765229 172980 212 992
765230 172980 212 4354
765231 172980 212 50728
765236 186030 212 1049
765237 186030 212 17025
765238 186030 212 707
765239 186031 212 21
765240 186031 212 55040
765241 186031 212 27182
765242 186031 212 54984
765243 186032 212 583
765244 186032 212 5164
765245 186033 212 1000
765247 186034 212 307
765248 186034 212 17025
765250 186036 212 45475
765251 7520 212 4532
765252 7520 212 26722
765253 7520 212 4201
765254 7520 212 4522
765258 186038 212 1651
765259 186038 212 343
765260 186038 212 30154
765261 186039 212 54981
765262 186039 212 1049
765263 186039 212 17025
765264 186039 212 1266
765289 186046 212 54952
765290 186046 212 941
765291 186046 212 48
765292 186046 212 2795
765293 186046 212 17034
765294 186047 212 54952
765295 186047 212 43428
765296 186047 212 29576
765297 186047 212 43427
765298 186047 212 17025
765299 186047 212 1049
765300 186047 212 54968
765308 186050 212 1049
765309 186050 212 7827
765310 186050 212 55010
765316 186052 212 15328
765317 186052 212 54978
765318 186053 212 254
765319 186053 212 2587
765320 186053 212 54956
765321 186054 212 54978
765322 186054 212 5508
765323 186055 212 45879
765324 186055 212 1126
765325 186055 212 1049
765326 186055 212 343
765327 186056 212 138
765328 186056 212 4428
765329 186056 212 17025
765330 186056 212 54953
765331 186056 212 1704
765332 186056 212 19265
765333 186056 212 54978
765334 186057 212 1215
765335 186057 212 54945
765336 186057 212 54946
765337 186057 212 29282
765338 186057 212 941
765345 186059 212 992
765346 186059 212 54982
765347 186060 212 45475
765366 186062 212 54986
765367 186062 212 12914
765368 186062 212 54945
765369 186062 212 29298
765374 186064 212 138
765375 186064 212 992
765376 186064 212 4436
765377 186065 212 55045
765378 186065 212 4354
765379 186065 212 55046
765380 186065 212 55047
765386 186067 212 374
765387 186067 212 4851
765388 186067 212 4239
765389 186067 212 45475
765390 186067 212 15049
765391 186067 212 1823
765395 186069 212 17025
765397 186071 212 45475
765398 186071 212 4239
765399 186071 212 4354
765400 186071 212 54996
765401 186071 212 1000
765406 186074 212 1808
765407 186074 212 2709
765408 186075 212 55049
765409 186075 212 54984
765410 186075 212 55039
765411 186075 212 18036
765412 186075 212 55050
765413 186076 212 29576
765421 173541 212 45475
765422 173541 212 55039
765423 173541 212 54984
765426 186080 212 17107
765428 186082 212 15328
765429 186082 212 54953
765430 186082 212 1000
765431 160966 212 51098
765434 102680 212 2424
765435 102680 212 55052
765436 102680 212 2587
765437 102680 212 54953
765438 186084 212 2424
765439 186084 212 3311
765440 186084 212 4239
765441 186084 212 45475
765442 186084 212 54945
765443 186084 212 55035
765444 186085 212 2424
765445 186085 212 3358
765446 186086 212 1297
765447 186086 212 54960
765448 186086 212 45475
765449 186086 212 54983
765450 186086 212 2177
765451 186086 212 287
765452 186086 212 29282
765496 186092 212 731
765497 186093 212 18422
765498 186094 212 17025
765499 186094 212 54945
765500 186094 212 707
765503 72671 212 4022
765504 72671 212 4532
765505 15508 212 1000
765506 15508 212 637
765507 186096 212 1049
765508 186096 212 4320
765509 177224 212 4670
765510 177224 212 2793
765511 177224 212 138
765512 177224 212 4502
765513 177224 212 869
765514 186097 212 4532
765515 186097 212 731
765516 186097 212 1561
765517 186097 212 3499
765518 186097 212 4335
765519 186097 212 4670
765520 173736 212 29282
765521 173736 212 3743
765522 173736 212 54967
765523 173736 212 54945
765524 173736 212 26722
765525 173736 212 4670
765526 186098 212 4320
765527 186098 212 17025
765538 186101 212 2795
765539 186101 212 54984
765540 186101 212 3811
765551 186105 212 54953
765552 186105 212 3822
765557 173851 212 2424
765558 173851 212 2936
765559 173851 212 17034
765568 186109 212 54945
765569 186109 212 17025
765570 186110 212 4851
765571 186110 212 55035
765572 186111 212 1704
765573 186111 212 2795
765574 186111 212 295
765575 186111 212 467
765576 186112 212 54978
765577 186112 212 11
765580 186114 212 55019
765581 186114 212 2733
765582 186114 212 55060
765583 186114 212 55011
765584 186115 212 55061
765585 186115 212 3865
765589 186117 212 6275
765590 186117 212 311
765591 186117 212 1555
765592 173958 212 3811
765593 173958 212 731
765594 173958 212 328
765596 166243 212 54986
765597 166243 212 4256
765598 166243 212 45462
765599 186119 212 54952
765600 186119 212 17025
765601 186119 212 3713
765602 186120 212 307
765606 186122 212 374
765607 186122 212 7827
765608 186122 212 55062
765609 186123 212 45475
765610 186123 212 4239
765611 186123 212 29576
765612 15550 212 54954
765613 15550 212 620
765614 15550 212 1000
765615 15550 212 45475
765616 186124 212 45475
765617 186124 212 4239
765618 186124 212 54968
765619 186124 212 55027
765620 186125 212 54978
765627 186127 212 307
765628 186127 212 54984
765629 186128 212 29576
765630 186128 212 361
765631 186128 212 1000
765632 174143 212 1049
765633 174143 212 26722
765634 174143 212 33065
765635 174143 212 55067
765636 174143 212 45475
765637 186129 212 3811
765638 186129 212 54998
765639 186130 212 54945
765640 186130 212 3743
765641 186130 212 24997
765642 186130 212 17193
765649 186133 212 45475
765650 186134 212 1052
765651 186134 212 55069
765652 186134 212 55070
765653 186134 212 54952
765654 186135 212 54952
765655 186135 212 1191
765656 186135 212 55071
765657 186135 212 1000
765660 186137 212 55072
765661 186137 212 15382
765662 186138 212 1000
765663 186138 212 138
765664 186139 212 138
765665 186139 212 2292
765666 186139 212 32012
765667 174185 212 45475
765671 186141 212 4354
765672 186141 212 2460
765673 186141 212 55074
765674 186141 212 55075
765675 186142 212 54952
765676 186142 212 1323
765677 186142 212 26722
765678 186143 212 1057
765679 186143 212 4354
765680 186143 212 992
765691 186147 212 5385
765692 186147 212 3311
765693 186147 212 343
765694 186147 212 54983
765709 186152 212 1233
765710 186152 212 1049
765711 186152 212 55077
765712 186152 212 55078
765713 186153 212 1049
765714 186153 212 55079
765721 186155 212 4532
765722 186155 212 55082
765723 186155 212 1049
765724 186155 212 54991
765725 186155 212 54025
765732 186158 212 302
765733 186158 212 620
765734 186158 212 5831
765760 15659 212 4362
765763 186165 212 51098
765764 186165 212 1565
765765 186165 212 54025
765766 104760 212 29576
765767 104760 212 39
765786 186171 212 302
765787 186171 212 5659
765788 186171 212 54976
765789 186172 212 55072
765790 15678 212 869
765803 186177 212 54945
765804 186177 212 55001
765805 186177 212 54982
765806 186178 212 707
765807 186178 212 941
765808 186178 212 55087
765816 186181 212 29576
765817 186181 212 138
765820 186183 212 55088
765821 186183 212 4256
765822 186183 212 982
765823 186183 212 51357
765824 186184 212 1999
765825 186184 212 34687
765832 186186 212 138
765833 186186 212 1233
765834 186186 212 3848
765835 186187 212 55089
765836 186187 212 45475
765837 186187 212 4239
765838 186187 212 54983
765839 186187 212 54945
765854 186193 212 1410
765855 186193 212 307
765856 186193 212 1057
765857 186193 212 55090
765858 186193 212 4967
765859 186193 212 55091
765865 186197 212 1128
765866 186197 212 1000
765867 186198 212 45475
765877 151479 212 4428
765878 151479 212 1808
765879 151479 212 55020
765880 186200 212 45475
765881 186200 212 1057
765882 186200 212 27720
765883 186201 212 45475
765884 186201 212 3358
765885 186202 212 17034
765886 186202 212 54976
765892 186204 212 28592
765893 186204 212 2424
765894 186204 212 2936
765895 186204 212 992
765896 186204 212 55029
765904 186206 212 2161
765905 186206 212 1410
765906 186206 212 3311
765907 186206 212 55091
765908 186207 212 45475
765909 186208 212 1049
765910 186208 212 17025
765911 186208 212 54982
765912 186208 212 55093
765916 186210 212 254
765917 186210 212 1751
765918 186210 212 41870
765919 186210 212 138
765920 186210 212 2155
765921 186210 212 2587
765922 186210 212 54982
765927 186212 212 55011
765928 186212 212 4256
765929 186212 212 54986
765930 15789 212 302
765931 15789 212 5659
765932 15789 212 54976
765938 186214 212 54983
765939 186214 212 4239
765940 186215 212 55089
765941 186215 212 1057
765942 186215 212 45475
765943 186215 212 4239
765944 186216 212 54978
765950 186219 212 51098
765951 186220 212 45475
765961 186224 212 1049
765962 186224 212 6372
765963 186224 212 55095
765964 186224 212 26722
765971 186227 212 54952
765972 186227 212 1410
765973 186227 212 55072
765975 186229 212 19265
765976 186230 212 45475
765977 186231 212 4551
765978 186231 212 4477
765979 186231 212 26722
765980 186231 212 467
765981 186231 212 4335
765982 186232 212 4682
765983 186232 212 1233
765984 186232 212 10287
765985 186232 212 54980
765986 168569 212 1057
765987 168569 212 4729
765988 168569 212 138
765989 168569 212 2155
765990 168569 212 5831
765991 168569 212 40372
765992 168569 212 18422
765993 168569 212 54978
766018 186241 212 55098
766019 186241 212 4256
766020 186241 212 342
766036 186245 212 10837
766037 186246 212 328
766038 186246 212 4354
766039 186246 212 10229
766040 186246 212 55103
766046 186248 212 54952
766047 186248 212 41349
766048 186248 212 38101
766049 186248 212 4417
766050 186248 212 138
766076 186253 212 4354
766077 186253 212 55103
766078 186253 212 328
766090 25409 212 2902
766091 186258 212 2793
766092 186258 212 138
766093 186258 212 869
766097 186260 212 45475
766098 186260 212 4239
766099 186260 212 39
766100 186260 212 23714
766101 186260 212 1751
766107 186262 212 361
766108 186262 212 54968
766109 186263 212 29576
766110 186263 212 1823
766111 186263 212 55108
766121 186264 212 450
766122 186264 212 1000
766132 186268 212 4239
766133 186268 212 45475
766140 186272 212 941
766141 186272 212 29
766142 186273 212 4239
766143 186273 212 45475
766144 186273 212 328
766154 186276 212 29
766155 186276 212 731
766156 186276 212 620
766166 186279 212 29
766167 186279 212 731
766168 186279 212 2816
766169 186280 212 45475
766170 186280 212 54982
766171 186280 212 29576
766172 186280 212 1704
766173 186280 212 17034
766174 186280 212 54978
766175 186280 212 55038
766176 186281 212 5831
766177 186281 212 138
766178 186281 212 54998
766179 186282 212 4320
766184 186284 212 55088
766185 6116 212 3224
766186 6116 212 54982
766187 186285 212 467
766201 186289 212 4551
766202 186289 212 17025
766203 186289 212 1565
766204 186289 212 54946
766205 186289 212 3722
766206 186290 212 467
766207 186290 212 39
766209 186292 212 54025
766210 186292 212 225
766215 186293 212 29576
766216 186293 212 1565
766217 186293 212 51098
766218 148091 212 295
766219 148091 212 5659
766220 148091 212 17034
766221 148091 212 4428
766222 148091 212 51098
766223 148091 212 55111
766224 148091 212 54955
766225 186294 212 17034
766226 186294 212 48
766227 186295 212 307
766228 186295 212 54967
766235 51019 212 1000
766236 186297 212 5821
766237 186297 212 869
766238 186297 212 1823
766240 186299 212 29
766241 186299 212 54952
766248 186302 212 5645
766249 186302 212 3311
766250 186302 212 45475
766251 186302 212 7827
766252 186303 212 307
766253 186303 212 1554
766254 186303 212 6181
766260 186305 212 54952
766261 186305 212 54985
766262 186305 212 54025
766266 186307 212 1410
766267 186307 212 45475
766268 186307 212 55114
766279 186311 212 54057
766280 186311 212 1215
766281 186311 212 29282
766282 186311 212 4239
766283 186311 212 45475
766284 186311 212 54945
766285 186311 212 54986
766297 183768 212 54024
766298 183768 212 941
766299 183768 212 55091
766300 183768 212 307
766301 183768 212 54025
766302 183768 212 55003
766303 126303 212 869
766304 126303 212 1000
766305 186315 212 54952
766306 186315 212 4335
766307 186315 212 328
766308 186315 212 17025
766309 186315 212 54945
766310 186315 212 35945
766311 186315 212 25703
766312 186316 212 29576
766316 186317 212 55052
766317 186318 212 869
766318 186318 212 3483
766319 186319 212 467
766320 186319 212 80
766321 186319 212 4533
766327 186322 212 54945
766328 186323 212 54968
766329 186324 212 1675
766330 186324 212 1000
766339 186327 212 307
766340 186327 212 17025
766353 186332 212 19265
766354 186332 212 54025
766355 186332 212 869
766356 186332 212 55092
766357 186333 212 54946
766358 186333 212 48879
766359 186333 212 138
766360 186333 212 1215
766372 186337 212 45475
766383 186339 212 45475
766384 186339 212 2177
766385 186339 212 54983
766390 186340 212 54952
766391 186340 212 54025
766395 186342 212 45475
766401 147389 212 55126
766402 147389 212 54025
766403 186345 212 54985
766404 186345 212 54945
766415 186348 212 818
766416 186349 212 869
766417 186349 212 4642
766418 186349 212 55127
766419 186349 212 55128
766420 186349 212 55129
766421 186349 212 55096
766422 186349 212 29576
766426 186351 212 1000
766431 186353 212 55131
766432 186353 212 1704
766433 186353 212 26722
766434 186353 212 1126
766445 186358 212 4682
766446 186358 212 1128
766447 186358 212 138
766448 186358 212 869
766449 186358 212 15328
766450 186358 212 54025
766451 186359 212 54952
766452 186359 212 50565
766453 186359 212 54025
766454 186359 212 55003
766455 186360 212 17034
766456 186360 212 3885
766457 186360 212 29576
766458 186361 212 302
766459 186361 212 54976
766460 186361 212 17025
766461 186362 212 55039
766462 186362 212 26006
766463 186363 212 54953
766464 186363 212 80
766469 178298 212 54952
766470 186365 212 1000
766471 186365 212 54025
766472 186365 212 55031
766473 186365 212 2725
766474 186365 212 4428
766485 186369 212 45475
766486 186370 212 54945
766487 186370 212 17025
766488 186370 212 26722
766489 186370 212 54968
766490 186370 212 1173
766491 186371 212 45475
766515 186380 212 54976
766516 186380 212 4428
766517 186380 212 54954
766522 186382 212 6350
766523 186382 212 54967
766524 186382 212 54945
766525 178361 212 55134
766526 178361 212 55135
766527 178361 212 55136
766532 186385 212 3363
766533 186385 212 55137
766534 186385 212 55039
766535 186386 212 54967
766536 186386 212 54945
766537 38285 212 3499
766538 6754 212 54952
766539 6754 212 3499
766541 178395 212 45475
766542 178395 212 4239
766543 178395 212 54945
766544 178395 212 17025
766545 186388 212 55138
766546 186388 212 55139
766547 186389 212 54952
766548 186389 212 620
766549 186389 212 17408
766550 186389 212 26722
766551 186389 212 17025
766552 186389 212 707
766553 186389 212 48
766554 186389 212 2155
766555 186389 212 54946
766559 186391 212 19265
766560 186391 212 4073
766565 186392 212 54952
766566 186392 212 50184
766567 186392 212 4336
766568 186392 212 17025
766577 186395 212 1057
766578 186395 212 5023
766579 186395 212 55141
766580 186395 212 45475
766581 186395 212 4239
766582 186396 212 1565
766583 186396 212 4239
766584 186396 212 653
766585 186396 212 55142
766586 186397 212 50728
766587 186397 212 40203
766588 186397 212 55005
766589 186397 212 1000
766590 186398 212 12914
766591 186398 212 54945
766592 186398 212 54986
766593 186399 212 54952
766594 186399 212 1049
766595 186399 212 54945
766596 186399 212 45475
766597 186399 212 4239
766598 186400 212 941
766599 186400 212 54945
766604 186403 212 50572
766605 186403 212 4469
766606 186403 212 29282
766607 186403 212 54991
766608 186403 212 55143
766614 186406 212 813
766625 186409 212 1388
766626 186409 212 374
766627 186409 212 54956
766628 186410 212 45475
766629 186410 212 54945
766630 186410 212 17025
766631 186411 212 1410
766632 186411 212 992
766633 186411 212 45475
766634 186411 212 1057
766656 186417 212 4729
766659 186419 212 55143
766660 186419 212 138
766661 186419 212 21
766662 172193 212 1049
766663 172193 212 55019
766664 172193 212 55146
766665 172193 212 3311
766671 186421 212 4239
766672 186421 212 54983
766673 9330 212 80
766674 9330 212 2840
766675 9330 212 21540
766696 186427 212 1057
766697 186427 212 1808
766698 186427 212 20500
766699 186427 212 328
766700 186427 212 5038
766701 186427 212 55147
766702 186427 212 55020
766709 186430 212 1297
766710 186430 212 54960
766711 186430 212 3822
766712 186431 212 48
766713 186431 212 2936
766714 186431 212 1000
766720 186433 212 19265
766721 186433 212 138
766722 186433 212 55148
766723 186434 212 20671
766724 186434 212 54996
766725 171987 212 54968
766726 186435 212 28592
766727 186435 212 20016
766728 186435 212 54956
766729 186436 212 1215
766730 186436 212 54959
766731 186436 212 2177
766732 186436 212 29282
766733 186436 212 54945
766734 186436 212 3499
766736 186438 212 4417
766737 186438 212 992
766738 186438 212 55057
766746 186441 212 54983
766751 186444 212 10837
766752 186444 212 55111
766757 186446 212 55109
766758 186446 212 1128
766766 178602 212 1052
766767 178602 212 17034
766768 178602 212 55052
766769 186449 212 55078
766770 186449 212 1233
766771 186449 212 10287
766772 186449 212 54956
766781 186452 212 54982
766782 186452 212 138
766783 186452 212 55033
766784 186453 212 20671
766789 186455 212 54952
766790 186455 212 307
766791 186455 212 29282
766792 186455 212 17025
766793 186455 212 3499
766794 186456 212 18422
766797 24037 212 55153
766798 24037 212 2936
766799 24037 212 1000
766806 186459 212 19265
766807 186460 212 20671
766808 186461 212 54057
766809 186461 212 97
766810 186461 212 1049
766811 186462 212 19265
766812 186462 212 4428
766813 186462 212 4621
766820 186466 212 54952
766821 186466 212 17025
766822 186466 212 26722
766823 186466 212 54946
766824 125632 212 1049
766825 125632 212 17025
766826 125632 212 80
766827 125632 212 1128
766831 186469 212 50184
766832 186469 212 1049
766833 186469 212 17025
766834 186469 212 26722
766837 186471 212 51224
766838 186471 212 1052
766839 186471 212 3816
766840 186471 212 20657
766843 186473 212 138
766844 186474 212 19265
766845 186474 212 138
766846 186474 212 55148
766857 186477 212 20456
766858 186477 212 55155
766859 186477 212 29
766860 186477 212 4620
766861 186478 212 54952
766862 186478 212 885
766863 186478 212 55072
766864 186478 212 302
766865 186478 212 17025
766866 186479 212 24
766887 186486 212 26722
766888 186486 212 2936
766889 186486 212 1323
766890 186486 212 12377
766891 186486 212 1751
766892 186487 212 17025
766893 186487 212 4417
766894 186487 212 2936
766895 186488 212 2155
766896 186488 212 18422
766904 186491 212 55072
766905 186492 212 26722
766906 186492 212 50184
766907 186492 212 55076
766908 186492 212 54945
766909 186492 212 1565
766910 186492 212 4881
766917 92225 212 54956
766923 186497 212 1215
766924 186497 212 24997
766925 186497 212 731
766941 186501 212 1191
766942 186502 212 1698
766943 186502 212 4428
766944 186502 212 55111
766945 186502 212 54955
766956 186507 212 54954
766957 186508 212 54952
766958 186508 212 26396
766959 186508 212 43500
766960 186508 212 4901
766961 186508 212 26722
766970 53564 212 992
766971 53564 212 29755
766972 53564 212 55161
766973 53564 212 54025
766974 53564 212 138
766975 53564 212 50747
766980 186512 212 1215
766981 186512 212 54959
766982 186512 212 4354
766983 186512 212 992
766984 186512 212 4417
766985 186512 212 55057
766991 186515 212 54986
766992 186515 212 18422
766993 186515 212 55162
766994 186516 212 2424
766995 186516 212 55111
766996 186516 212 54955
766997 186517 212 307
766998 186517 212 4428
766999 186517 212 295
767000 186517 212 7257
767001 186517 212 54978
767002 186517 212 869
767005 186519 212 54976
767006 186519 212 1000
767007 186520 212 54976
767008 186521 212 4428
767009 186521 212 4320
767019 186526 212 2188
767020 186526 212 55143
767021 186527 212 29
767022 186527 212 1000
767023 186528 212 1049
767024 172956 212 17025
767025 172956 212 54946
767026 172956 212 54945
767027 172956 212 50728
767028 172956 212 1215
767029 172956 212 55164
767030 172956 212 55118
767031 186529 212 50728
767032 186529 212 17025
767033 186529 212 3816
767034 186529 212 50610
767035 186530 212 50728
767036 186530 212 1215
767037 186530 212 54945
767038 186530 212 54946
767039 186531 212 55157
767040 186531 212 55158
767041 186531 212 4105
767042 186531 212 55165
767043 186531 212 869
767044 186531 212 5831
767045 186531 212 1128
767046 186531 212 1000
767050 186533 212 45475
767051 186533 212 4239
767052 186533 212 361
767053 186534 212 17025
767054 186534 212 53335
767055 186534 212 302
767056 186534 212 54946
767057 186534 212 24997
767058 111123 212 80
767059 186535 212 4239
767060 186535 212 45475
767061 186535 212 55166
767077 186540 212 55168
767078 186540 212 12914
767079 186540 212 54945
767080 186540 212 46384
767081 186541 212 941
767082 186541 212 54984
767083 186541 212 55169
767084 186542 212 1808
767085 186542 212 2936
767086 186542 212 15382
767087 186542 212 55020
767088 186543 212 55170
767089 186543 212 17025
767090 186543 212 54946
767091 186543 212 2709
767092 186544 212 4239
767093 186544 212 45475
767094 186544 212 295
767095 186544 212 3311
767096 186544 212 55035
767097 186544 212 54985
767098 186544 212 29576
767099 186545 212 54057
767100 186545 212 29282
767101 186545 212 45475
767102 186545 212 54945
767103 186545 212 54986
767104 186545 212 54025
767105 186545 212 1000
767106 186546 212 55131
767107 186546 212 1704
767108 186546 212 1126
767109 186547 212 55039
767110 186547 212 292
767111 186547 212 55160
767112 186547 212 4581
767113 186547 212 15921
767114 186547 212 24760
767115 186547 212 55171
767116 186547 212 55172
767117 186548 212 4469
767118 186548 212 55021
767119 186548 212 29576
767120 186548 212 1774
767121 186548 212 4417
767126 186552 212 343
767127 186552 212 3358
767128 186553 212 54978
767129 186553 212 17025
767132 186555 212 55126
767138 186558 212 4551
767139 186558 212 1233
767140 186558 212 4001
767141 186558 212 54947
767142 186558 212 4428
767143 186558 212 5221
767144 186559 212 1233
767145 186559 212 55173
767146 186560 212 1000
767147 186560 212 20520
767148 186560 212 4729
767149 186560 212 4073
767150 186561 212 1651
767151 186561 212 311
767159 186565 212 1823
767160 186565 212 731
767161 186565 212 54979
767167 186568 212 4469
767168 186568 212 1191
767173 186570 212 2936
767174 186570 212 54978
767175 186571 212 45475
767176 186571 212 4502
767187 186574 212 941
767188 186574 212 54978
767189 186575 212 361
767190 186575 212 1297
767191 186575 212 54960
767192 186575 212 44945
767193 186575 212 1704
767194 186575 212 29
767195 186575 212 1233
767196 186575 212 55092
767197 186575 212 55174
767205 147390 212 4670
767206 147390 212 55176
767207 147390 212 5831
767208 147390 212 342
767209 147390 212 138
767210 186577 212 1297
767211 186577 212 54960
767212 186577 212 731
767213 186577 212 1000
767214 186578 212 19265
767215 186578 212 869
767216 186578 212 4417
767217 186578 212 138
767218 186578 212 5831
767219 186578 212 55010
767227 186581 212 45475
767228 186581 212 4239
767229 186581 212 4851
767230 186581 212 55035
767231 186581 212 54956
767232 186581 212 29576
767233 186582 212 2936
767234 186583 212 1049
767235 186583 212 17025
767236 186583 212 55177
767237 186583 212 55178
767238 186583 212 2424
767239 186583 212 55179
767244 186586 212 1049
767245 186586 212 1215
767246 186586 212 55181
767247 186586 212 17025
767254 16674 212 55014
767255 186590 212 54952
767256 186590 212 2725
767257 186590 212 55090
767258 186590 212 1823
767259 186590 212 45475
767271 186594 212 3358
767272 186594 212 54983
767273 186595 212 54956
767274 186595 212 55097
767277 186597 212 50541
767283 186599 212 138
767284 186599 212 1233
767285 186599 212 1126
767291 186601 212 503
767301 186604 212 54984
767327 186611 212 17025
767328 186611 212 29576
767329 186611 212 1918
767330 186611 212 3358
767338 186613 212 21
767339 186613 212 55011
767340 186613 212 4256
767341 186613 212 54996
767342 186613 212 54985
767343 186613 212 4239
767344 186613 212 17025
767345 186613 212 45475
767346 186613 212 54945
767347 186614 212 54952
767348 186614 212 54973
767349 186614 212 55191
767350 186614 212 941
767351 186615 212 4469
767352 186615 212 54945
767353 186616 212 3822
767354 186616 212 2902
767355 186616 212 55192
767356 186616 212 55193
767371 186621 212 138
767372 186621 212 54982
767373 186621 212 55107
767374 186621 212 55194
767375 186621 212 3822
767376 186621 212 3885
767377 186621 212 54952
767378 186621 212 54025
767382 186623 212 4502
767383 186623 212 342
767384 186624 212 1000
767385 186624 212 1049
767386 186625 212 1049
767387 186625 212 17025
767388 186625 212 23714
767392 186627 212 55006
767393 186627 212 1651
767394 186628 212 4428
767402 186630 212 343
767403 186630 212 55019
767404 186630 212 28618
767405 186630 212 1751
767406 186631 212 80
767407 186631 212 25985
767408 186632 212 1128
767409 186632 212 32575
767410 186632 212 55073
767411 186633 212 138
767412 186633 212 1233
767426 16715 212 45475
767441 186641 212 54986
767442 186641 212 54945
767443 186641 212 45475
767444 186641 212 29282
767445 186641 212 4354
767446 186641 212 1215
767447 186641 212 54959
767457 186644 212 4354
767458 186644 212 1057
767459 186644 212 7147
767460 186644 212 55103
767461 186645 212 53267
767462 186645 212 1554
767465 186648 212 17025
767466 186648 212 24997
767467 186648 212 2816
767468 186648 212 6
767469 186648 212 54946
767473 186650 212 55052
767474 186650 212 19962
767475 186650 212 47072
767476 186650 212 55200
767479 186652 212 54952
767480 186652 212 43535
767481 186652 212 19328
767482 186652 212 2424
767483 186653 212 54952
767484 186653 212 54956
767485 186653 212 1049
767486 186653 212 17025
767487 186653 212 55052
767496 186657 212 54952
767497 186657 212 138
767498 186657 212 54946
767504 186659 212 29151
767505 186659 212 9708
767506 186659 212 1057
767507 186659 212 254
767508 186659 212 54968
767509 186660 212 54952
767510 186660 212 54946
767511 186660 212 17025
767512 186660 212 4551
767513 186660 212 374
767514 186661 212 1052
767515 186661 212 1297
767516 186661 212 36014
767517 186662 212 54956
767518 186662 212 818
767519 186662 212 3311
767520 186662 212 55143
767521 186663 212 54952
767522 186663 212 55201
767523 186663 212 55202
767524 186664 212 54952
767525 186664 212 1191
767526 186664 212 54945
767527 186664 212 54946
767528 171617 212 254
767529 171617 212 992
767530 171617 212 2100
767531 171617 212 2647
767532 171617 212 1057
767533 171617 212 9003
767534 186665 212 2161
767535 186665 212 4239
767536 186665 212 45475
767537 186665 212 54968
767538 186666 212 4532
767539 186666 212 54956
767540 186667 212 51882
767541 186667 212 1999
767542 186667 212 17025
767543 186667 212 4201
767544 186668 212 254
767545 186668 212 38101
767546 186668 212 50899
767547 186668 212 41349
767548 186668 212 2793
767549 186668 212 55143
767550 186669 212 55174
767551 186669 212 1231
767552 186669 212 45475
767559 186671 212 1627
767560 186671 212 19583
767561 186671 212 1651
767562 186671 212 54955
767563 186671 212 25812
767564 186671 212 55052
767565 186672 212 1999
767566 186672 212 3311
767567 186672 212 54968
767568 186672 212 4239
767569 186672 212 45475
767570 186673 212 4469
767571 186673 212 54945
767572 186673 212 54986
767573 186674 212 2936
767574 186674 212 3358
767575 186674 212 4335
767576 186674 212 1057
767577 186674 212 54985
767578 186674 212 2089
767579 186675 212 5842
767580 186675 212 45475
767581 186675 212 4239
767582 186675 212 55035
767583 186675 212 3311
767584 186676 212 1808
767585 186676 212 55020
767586 186676 212 2424
767587 186676 212 2936
767588 186677 212 1049
767589 186677 212 17025
767590 186677 212 4428
767591 186677 212 54956
767592 186678 212 17025
767593 186678 212 26722
767594 186678 212 54961
767595 186679 212 54952
767596 186679 212 54946
767597 186679 212 26722
767598 186679 212 50184
767599 186680 212 4861
767600 186680 212 29282
767601 186680 212 26722
767602 186681 212 1057
767603 186681 212 34687
767604 186681 212 467
767605 186681 212 54945
767606 186682 212 17025
767607 186682 212 46250
767608 186683 212 21412
767609 186683 212 2155
767610 186683 212 55076
767611 186683 212 48
767612 186684 212 45475
767613 186684 212 54983
767614 186684 212 4239
767615 186684 212 4201
767616 186684 212 44466
767617 186685 212 54956
767618 186685 212 43282
767619 186686 212 55206
767620 186686 212 1049
767621 186686 212 1693
767622 186686 212 47650
767623 186686 212 54025
767624 186687 212 2793
767625 186687 212 254
767626 186687 212 4593
767627 186687 212 54953
767628 186687 212 869
767629 186688 212 55207
767630 186688 212 941
767631 186688 212 55208
767632 186688 212 55209
767633 186689 212 26722
767634 186689 212 4335
767635 186689 212 1224
767636 186689 212 4532
767637 186689 212 55210
767638 186690 212 54952
767639 186690 212 1049
767640 186690 212 55052
767641 186691 212 54984
767642 186691 212 4934
767643 186691 212 55211
767644 186692 212 1704
767645 186692 212 15887
767646 186692 212 4405
767647 186692 212 2936
767648 186693 212 54952
767649 186693 212 54946
767650 186694 212 55212
767651 186694 212 29
767652 186694 212 55213
767653 186694 212 55214
767654 186694 212 54025
767655 186695 212 45475
767656 186695 212 17025
767657 186695 212 55215
767658 186695 212 295
767659 186695 212 2936
767660 186695 212 53335
767661 186696 212 54952
767662 186696 212 29282
767663 186696 212 3499
767664 186697 212 54952
767665 186697 212 4551
767666 186697 212 17025
767667 186698 212 80
767668 186698 212 503
767669 186699 212 54952
767670 186699 212 54945
767671 186699 212 29282
767672 186699 212 55091
767673 186700 212 1049
767674 186700 212 1704
767675 186700 212 23713
767676 186700 212 311
767677 186701 212 54952
767678 186701 212 1323
767679 186702 212 342
767680 186702 212 50184
767681 186702 212 467
767682 186703 212 2161
767683 186703 212 3311
767684 186703 212 55035
767685 186703 212 45475
767686 186703 212 4239
767687 186704 212 54945
767688 186704 212 36273
767689 186705 212 55029
767690 186705 212 55216
767691 186705 212 54945
767692 186705 212 1057
767693 186706 212 4642
767694 186706 212 35961
767695 186706 212 138
767696 186707 212 2793
767697 186707 212 55217
767698 186707 212 41349
767699 186707 212 28592
767700 186707 212 295
767701 186708 212 54945
767702 186708 212 1323
767703 186709 212 55027
767704 186709 212 54968
767705 186710 212 2709
767706 186710 212 39
767707 186710 212 4239
767708 186710 212 45475
767709 186711 212 1057
767710 186711 212 254
767711 186711 212 3396
767712 186712 212 54952
767713 186712 212 3311
767714 186712 212 1410
767715 186713 212 54952
767716 186713 212 29282
767717 186713 212 2936
767718 186713 212 54983
767719 186714 212 54952
767720 186714 212 28592
767721 186714 212 3358
767722 186714 212 4335
767723 186715 212 54952
767724 186715 212 45475
767725 186715 212 51882
767726 186715 212 54983
767727 186715 212 55035
767728 186715 212 3311
767729 186715 212 17025
767730 186715 212 43535
767731 186716 212 54952
767732 186716 212 17025
767733 186716 212 55035
767734 186716 212 2725
767735 186717 212 45475
767736 186717 212 4239
767737 186717 212 5038
767738 186717 212 21684
767739 186718 212 1751
767740 186718 212 17025
767741 186718 212 1323
767742 186718 212 12377
767743 186719 212 1057
767744 186719 212 254
767745 186719 212 992
767746 186720 212 2424
767747 186720 212 55218
767748 186720 212 55143
767749 186720 212 55219
767750 186721 212 4239
767751 186721 212 45475
767752 186721 212 1565
767753 186721 212 2161
767754 186721 212 307
767755 186722 212 21020
767756 186722 212 3659
767757 186722 212 55220
767758 186723 212 55033
767759 186723 212 1049
767760 186723 212 54956
767761 186723 212 44482
767762 186723 212 4417
767763 186724 212 2424
767764 186724 212 54956
767765 186724 212 55143
767766 186725 212 138
767767 186725 212 54956
767768 186725 212 17025
767769 186725 212 29292
767770 186725 212 55035
767771 186725 212 55221
767772 186726 212 54952
767773 186726 212 55035
767774 186726 212 54945
767775 186727 212 55222
767776 186727 212 4428
767777 186727 212 54986
767778 186727 212 254
767779 186728 212 54956
767780 186728 212 2338
767781 186728 212 25929
767782 185671 212 1126
767783 185671 212 5003
767784 185671 212 55033
767785 186729 212 54952
767786 186729 212 25726
767787 186729 212 1231
767788 186729 212 54967
767789 186729 212 307
767790 186730 212 54952
767791 186730 212 54946
767792 186730 212 17025
767793 186730 212 55223
767794 186731 212 19962
767795 186731 212 55224
767796 186731 212 54968
767797 186732 212 54952
767798 186732 212 45475
767799 186732 212 54983
767800 186732 212 4239
767801 186732 212 2936
767802 186732 212 21329
767803 186732 212 54945
767804 186733 212 54952
767805 186733 212 55131
767806 186733 212 17025
767807 186733 212 26722
767808 186733 212 1323
767809 186733 212 29282
767810 186733 212 54946
767811 186734 212 54955
767812 186734 212 1890
767813 186734 212 34568
767814 186735 212 54952
767815 186735 212 55143
767816 186736 212 10229
767817 186736 212 328
767818 186736 212 55103
767819 186736 212 254
767820 186737 212 4551
767821 186737 212 1704
767822 186737 212 54952
767823 186737 212 17025
767824 186737 212 29956
767825 186738 212 1057
767826 186738 212 1808
767827 186738 212 55020
767828 186739 212 1561
767829 186739 212 4462
767830 186739 212 55076
767831 186739 212 55225
767832 186740 212 55226
767833 186740 212 1224
767834 186740 212 4068
767835 186740 212 4551
767836 186741 212 54956
767837 186741 212 3291
767838 186741 212 1233
767839 186742 212 54952
767840 186742 212 50565
767841 186742 212 26722
767842 186743 212 1823
767843 186743 212 25284
767844 186743 212 54956
767845 186744 212 54956
767846 186744 212 4673
767847 186744 212 2424
767848 186745 212 992
767849 186745 212 2816
767850 186745 212 1057
767851 127509 212 2725
767852 127509 212 307
767853 127509 212 4461
767854 127509 212 54945
767855 127509 212 54983
767856 186746 212 54025
767857 186746 212 24450
767858 186746 212 2364
767859 186747 212 1128
767860 186747 212 55227
767861 186747 212 54984
767866 186749 212 45475
767867 186750 212 45475
767868 186750 212 1234
767869 186751 212 55010
767870 186751 212 54970
767871 186751 212 50826
767872 186751 212 55229
767873 186751 212 55230
767874 186751 212 5164
767875 186752 212 4239
767876 186752 212 1049
767877 186752 212 54971
767878 186752 212 707
767893 186757 212 54057
767894 186757 212 138
767895 186757 212 51521
767896 186757 212 240
767897 186757 212 55233
767898 186758 212 941
767899 186758 212 29593
767900 186758 212 54025
767901 186759 212 1049
767902 186759 212 17025
767910 186761 212 4532
767911 186761 212 4502
767912 186761 212 55234
767913 186761 212 4405
767914 186761 212 55048
767915 186761 212 17025
767916 186761 212 54986
767917 186761 212 55170
767918 179240 212 1000
767919 179240 212 55235
767920 186762 212 54978
767929 126508 212 869
767930 126508 212 19265
767931 126508 212 4428
767935 186766 212 54978
767948 186771 212 17034
767949 186771 212 28592
767950 186771 212 3499
767951 186771 212 54967
767952 186771 212 55052
767953 186771 212 1651
767954 186771 212 54978
767955 186771 212 1627
767956 179322 212 307
767957 179322 212 50477
767958 179322 212 54985
767959 179322 212 54986
767960 186772 212 54983
767961 186772 212 4239
767962 186772 212 54945
767963 186772 212 55001
767964 186772 212 28607
767965 186772 212 49963
767966 186773 212 45475
767967 186774 212 55237
767968 186774 212 4239
767969 186774 212 45475
767970 186774 212 55072
767971 186774 212 55238
767972 186775 212 55237
767973 186775 212 5831
767974 186775 212 45475
767975 186775 212 29576
767976 186775 212 1732
767977 186776 212 4239
767978 186776 212 45475
767979 186776 212 55237
767980 186777 212 45475
767981 186778 212 45475
767982 186778 212 55237
767983 186778 212 5831
767984 186778 212 4239
767985 186778 212 25012
767986 186779 212 55239
767987 186779 212 55240
767988 186779 212 54968
767989 186779 212 55241
767990 186779 212 23776
767991 186779 212 3816
767993 186781 212 1220
767994 186781 212 55116
767995 186781 212 1215
767996 186781 212 54959
767997 186781 212 3231
767998 186781 212 54025
767999 186782 212 63
768000 186782 212 28788
768001 186782 212 55242
768006 186784 212 54952
768007 186784 212 4551
768008 186784 212 1233
768009 186784 212 19265
768010 174020 212 138
768011 174020 212 54953
768012 174020 212 4729
768029 186789 212 54984
768030 186789 212 3358
768031 186789 212 4256
768032 186789 212 3816
768037 186791 212 869
768038 186791 212 1000
768039 186792 212 54952
768040 186792 212 4335
768041 186792 212 54946
768042 186792 212 26722
768043 186792 212 4551
768044 186792 212 1323
768045 186793 212 17025
768046 186794 212 941
768047 186794 212 19165
768048 186794 212 1049
768049 186794 212 55244
768050 186795 212 54945
768051 186795 212 55244
768074 186802 212 4239
768075 186802 212 45475
768076 186802 212 4417
768077 186802 212 3311
768078 186802 212 225
768079 186803 212 367
768080 186803 212 55248
768081 186803 212 20586
768082 186803 212 55249
768085 9611 212 4469
768086 9611 212 29282
768087 9611 212 54945
768092 186807 212 17034
768095 186809 212 4073
768102 186812 212 45475
768103 186812 212 1049
768104 186812 212 54945
768106 186814 212 45475
768112 186817 212 1052
768113 186818 212 4335
768114 186818 212 2936
768118 186820 212 19962
768119 186820 212 55251
768120 186820 212 47072
768126 186822 212 54952
768127 186822 212 941
768128 186822 212 731
768129 186822 212 10287
768130 186823 212 55102
768131 186823 212 374
768132 186823 212 54986
768133 186824 212 138
768134 96359 212 4335
768135 96359 212 361
768136 96359 212 39262
768137 96359 212 54025
768141 80076 212 17025
768142 80076 212 26722
768143 80076 212 49851
768147 186828 212 54952
768148 186828 212 55035
768149 186828 212 55143
768160 186831 212 55089
768161 186831 212 1049
768162 186831 212 7827
768163 186831 212 4532
768164 186831 212 302
768165 186831 212 55174
768166 186831 212 2725
768167 186831 212 29292
768168 186831 212 4901
768169 186831 212 1704
768170 186831 212 2936
768171 186831 212 17034
768172 186831 212 1554
768173 186831 212 4276
768174 186831 212 54967
768175 186831 212 4335
768176 186831 212 328
768177 186831 212 1410
768178 186831 212 307
768179 186831 212 4428
768180 186831 212 49199
768181 186831 212 295
768182 186831 212 54985
768183 186831 212 50184
768184 186831 212 2161
768185 186831 212 818
768186 186831 212 34568
768187 186831 212 29282
768188 186831 212 4673
768189 186831 212 4239
768190 186831 212 54945
768191 186831 212 17025
768192 186831 212 48879
768197 186833 212 1704
768198 186833 212 17025
768199 186833 212 54945
768200 186833 212 4593
768201 186833 212 1057
768202 186833 212 54983
768203 186834 212 48
768204 186834 212 2936
768205 186834 212 17025
768207 186836 212 2936
768211 186838 212 24997
768212 186838 212 1215
768213 186838 212 54946
768214 186839 212 4532
768215 186839 212 307
768216 186839 212 17025
768217 186839 212 54952
768218 186840 212 54984
768219 186840 212 3221
768220 186840 212 1565
768221 186840 212 5495
768227 186842 212 4335
768228 186842 212 1999
768229 186842 212 54968
768230 186843 212 19962
768231 186843 212 3130
768232 186844 212 4239
768233 186844 212 45475
768234 186844 212 54983
768235 186844 212 54945
768236 186844 212 55256
768237 186844 212 34687
768238 186845 212 54994
768239 186845 212 1890
768241 186847 212 55014
768242 186847 212 4073
768243 186847 212 3822
768244 32385 212 11
768245 32385 212 941
768258 186852 212 10287
768259 186852 212 55002
768260 186852 212 138
768261 186852 212 54025
768262 186853 212 17025
768263 186853 212 1215
768264 186853 212 29282
768265 186853 212 138
768266 186853 212 4551
768267 186854 212 1231
768268 186854 212 4417
768269 186854 212 25726
768270 186854 212 55257
768271 186855 212 55233
768272 186855 212 21
768273 186855 212 4417
768274 186855 212 3483
768283 186857 212 12377
768284 186857 212 26722
768285 186858 212 2424
768286 186858 212 3358
768287 186858 212 55025
768288 186858 212 5385
768289 186858 212 54984
768290 186858 212 1704
768291 186858 212 2709
768310 186863 212 55261
768311 186864 212 55261
768312 186864 212 54945
768313 186864 212 50610
768314 186865 212 54996
768315 186865 212 55262
768316 89009 212 637
768317 89009 212 4362
768318 186866 212 653
768319 186867 212 1999
768320 186867 212 4201
768321 186867 212 45475
768322 186867 212 4239
768323 186867 212 54968
768338 186872 212 1751
768339 186872 212 138
768340 186872 212 4068
768341 186873 212 55265
768342 186873 212 51790
768343 186873 212 55225
768344 186874 212 55020
768345 186874 212 55072
768346 186874 212 1808
768354 186877 212 1999
768355 186877 212 54946
768356 186877 212 34687
768357 186878 212 3358
768358 186879 212 45475
768359 186879 212 54025
768360 186879 212 55033
768361 186879 212 54996
768366 44389 212 138
768375 186884 212 1049
768376 186884 212 941
768387 186888 212 361
768388 186888 212 54984
768389 186888 212 54956
768390 186889 212 307
768391 186889 212 54967
768392 186889 212 54966
768393 186889 212 55226
768394 186889 212 1224
768395 186889 212 54945
768396 186889 212 29282
768406 186892 212 45475
768409 185483 212 54952
768410 185483 212 4551
768411 185483 212 54945
768412 185483 212 54986
768425 186898 212 637
768426 186898 212 1000
768427 186898 212 4320
768428 186899 212 17025
768429 186900 212 17025
768438 186905 212 53335
768439 186905 212 13917
768440 186905 212 55267
768441 186905 212 55268
768442 186905 212 55269
768443 186905 212 55270
768444 186905 212 54025
768462 186912 212 54996
768463 186913 212 4469
768464 186913 212 26722
768465 186913 212 4551
768466 186914 212 941
768467 186914 212 46384
768468 186914 212 55017
768469 186914 212 4469
768470 186914 212 55021
768471 186914 212 55273
768472 186915 212 295
768473 186915 212 54945
768474 186915 212 1410
768475 186916 212 45475
768476 186916 212 4239
768477 186916 212 3367
768478 186916 212 4673
768488 186919 212 17025
768489 186919 212 2936
768490 186919 212 467
768491 186919 212 2816
768492 186920 212 45475
768493 186920 212 54983
768494 186920 212 374
768495 186920 212 3311
768496 186920 212 4239
768497 186920 212 467
768498 186920 212 53335
768499 186921 212 29113
768500 186921 212 55088
768501 186921 212 54976
768502 186921 212 1627
768505 186923 212 4551
768506 186923 212 2837
768507 186923 212 1000
768508 186923 212 54025
768517 186927 212 4532
768518 186927 212 307
768519 186927 212 4619
768520 186927 212 50522
768521 186927 212 54945
768522 117768 212 9780
768523 117768 212 1000
768524 117768 212 2816
768525 186928 212 9780
768526 186928 212 2424
768527 186928 212 2587
768528 186928 212 54309
768529 186928 212 1126
768530 186928 212 54955
768531 186928 212 55117
768536 186930 212 50099
768537 186930 212 81
768538 186930 212 54025
768543 186933 212 7122
768544 186933 212 1438
768545 186933 212 1126
768546 186933 212 55276
768547 186934 212 4405
768548 186934 212 55234
768549 186934 212 17025
768550 186934 212 4428
768551 186934 212 26722
768552 186934 212 1890
768553 186934 212 1126
768554 186934 212 54946
768555 186935 212 1615
768556 186936 212 4469
768557 186936 212 941
768558 186936 212 49199
768559 186936 212 52145
768560 186936 212 54956
768561 186936 212 54946
768562 186936 212 4508
768563 186936 212 55029
768564 186936 212 2161
768566 186938 212 1266
768567 186938 212 55277
768568 186938 212 29576
768569 186938 212 26722
768572 16694 212 54954
768575 186942 212 45475
768576 186942 212 1057
768577 186942 212 4417
768578 186942 212 3311
768579 186942 212 4239
768580 186942 212 54968
768588 186946 212 1000
768589 186947 212 311
768590 186947 212 55150
768591 186947 212 55180
768592 186948 212 33065
768593 186948 212 17025
768596 186950 212 17025
768597 186951 212 54945
768598 186951 212 55064
768599 186951 212 55278
768600 186951 212 54974
768601 186951 212 17025
768604 186953 212 45475
768605 186953 212 1126
768606 186953 212 55004
768608 186954 212 25929
768609 186954 212 26006
768610 186954 212 54956
768611 179921 212 3816
768612 179921 212 17034
768613 179921 212 5831
768614 179921 212 4926
768615 179921 212 55279
768616 179921 212 40203
768617 186955 212 32784
768618 186955 212 48
768619 186955 212 2936
768620 186955 212 54982
768622 186957 212 45475
768629 186960 212 25583
768630 186960 212 54954
768631 186960 212 29576
768652 186966 212 311
768653 186966 212 20110
768654 70902 212 818
768655 70902 212 54968
768656 70902 212 55034
768657 186967 212 54953
768658 186967 212 467
768667 186971 212 467
768668 186971 212 1126
768669 186971 212 307
768670 186971 212 4428
768671 186971 212 5267
768673 186972 212 39
768674 186972 212 1774
768675 186972 212 55282
768676 186973 212 20671
768677 186973 212 1126
768678 186974 212 55283
768679 186974 212 29
768680 186974 212 54025
768681 65233 212 343
768682 65233 212 17025
768683 65233 212 1704
768693 186976 212 54983
768694 186977 212 1554
768695 186977 212 2709
768696 186977 212 1126
768697 186977 212 1704
768698 186977 212 45475
768699 186977 212 4239
768700 186977 212 1410
768701 186978 212 1000
768702 186978 212 1049
768703 186978 212 4729
768704 186978 212 1704
768705 186978 212 138
768706 186978 212 2936
768707 186978 212 3358
768708 186978 212 45475
768709 186978 212 1233
768710 186978 212 1128
768711 186978 212 17034
768712 186978 212 18422
768713 186978 212 24997
768714 186978 212 54025
768715 186979 212 1751
768716 186979 212 55284
768717 186979 212 4160
768718 186979 212 1000
768719 186979 212 42051
768720 186979 212 55285
768723 186981 212 17025
768724 186981 212 1297
768725 186981 212 54960
768726 186982 212 15328
768727 186982 212 3483
768728 186982 212 54964
768729 186982 212 54994
768730 186982 212 54025
768741 186986 212 55131
768742 186986 212 17025
768743 186986 212 1126
768744 186987 212 3743
768745 186987 212 5267
768746 186987 212 3499
768747 186987 212 3291
768748 186987 212 2729
768749 186987 212 54025
768750 186988 212 5267
768751 186988 212 45475
768752 186988 212 54967
768753 186988 212 4469
768754 186988 212 1049
768755 186988 212 1483
768756 186988 212 54945
768757 186989 212 4239
768758 186989 212 45475
768759 186989 212 55225
768760 186989 212 2161
768761 186989 212 225
768762 186989 212 54968
768763 186990 212 1000
768764 186990 212 20520
768765 186990 212 4073
768766 12586 212 941
768767 12586 212 2424
768768 12586 212 51098
768769 186991 212 138
768778 186994 212 1000
768779 186994 212 1191
768780 186994 212 55114
768786 186997 212 4335
768787 186997 212 17034
768788 186997 212 54994
768789 186997 212 55221
768790 186997 212 3130
768791 186998 212 54952
768792 186998 212 54025
768793 186998 212 26722
768794 186998 212 17025
768795 186998 212 29282
768796 186998 212 1323
768797 186998 212 54946
768798 186998 212 4428
768799 186998 212 4551
768800 186999 212 54952
768801 186999 212 26722
768802 186999 212 1323
768803 186999 212 4551
768804 186999 212 29282
768805 186999 212 54946
768806 186999 212 54025
768807 187000 212 54952
768808 187000 212 54509
768809 187000 212 29282
768810 187000 212 54945
768811 187000 212 1323
768812 187001 212 54952
768813 187001 212 54946
768814 187001 212 29282
768815 187001 212 26722
768816 187001 212 17025
768817 187001 212 4532
768818 187001 212 4551
768819 187002 212 54946
768820 187002 212 17025
768821 187002 212 29282
768822 187002 212 54952
768823 187003 212 4237
768824 187003 212 55288
768825 187003 212 1049
768826 187003 212 26722
768827 187003 212 29282
768828 187004 212 17025
768847 187009 212 1049
768848 187009 212 138
768849 187009 212 941
768850 187009 212 54025
768853 187011 212 1727
768854 187011 212 25231
768855 187011 212 15781
768856 187011 212 4029
768861 187013 212 1565
768862 187013 212 342
768863 187013 212 941
768864 187013 212 48
768865 187013 212 2936
768866 187013 212 55125
768873 187016 212 1000
768874 187016 212 54978
768888 187021 212 941
768889 187021 212 343
768890 187021 212 54978
768891 187021 212 54980
768899 187024 212 39
768902 187026 212 302
768903 187026 212 25812
768904 187026 212 138
768905 187027 212 4428
768906 187027 212 17025
768907 187027 212 54952
768908 187028 212 54983
768909 187028 212 45475
768910 187028 212 4239
768911 187028 212 55265
768912 187029 212 48
768913 187029 212 2936
768914 187029 212 18422
768915 187029 212 2155
768921 187031 212 4461
768922 187031 212 5221
768923 187031 212 307
768924 187031 212 54967
768925 187031 212 2725
768926 187032 212 54983
768927 187032 212 45475
768928 187032 212 4239
768929 187032 212 35961
768930 187032 212 28607
768932 187034 212 3358
768933 187034 212 503
768934 187034 212 54025
768935 187035 212 3816
768936 187035 212 1000
768941 187038 212 5831
768942 187039 212 17025
768943 187039 212 54946
768944 187039 212 38135
768954 187044 212 55292
768955 187044 212 1215
768956 187044 212 54025
768957 187044 212 55003
768959 172100 212 32784
768960 172100 212 467
768961 172100 212 4201
768962 172100 212 2936
768963 187046 212 311
768964 187046 212 55150
768965 187046 212 55149
768966 187046 212 55180
768972 187048 212 5659
768973 187048 212 54978
768976 187050 212 54978
768980 187052 212 55104
768981 187053 212 17025
768982 187053 212 26722
768983 187053 212 4532
768984 187053 212 20440
768985 187053 212 4335
768986 187053 212 54956
768987 187054 212 50728
768988 187054 212 4532
768989 187054 212 54945
768990 187054 212 4239
768991 187054 212 45475
768992 187054 212 39
768993 187054 212 54991
768994 187054 212 50610
768995 187054 212 55134
768996 187054 212 54986
768997 187054 212 54025
768998 187054 212 55003
769002 187057 212 5142
769003 187057 212 4405
769004 187057 212 55234
769005 187057 212 1000
769013 187060 212 54978
769016 187062 212 29576
769017 187062 212 1233
769021 187064 212 54946
769022 187064 212 54945
769025 187066 212 5659
769026 187066 212 54967
769027 187066 212 307
769028 187066 212 54976
769029 170593 212 17034
769030 170593 212 43282
769031 187067 212 17025
769032 187067 212 26722
769034 187069 212 941
769035 187069 212 1297
769036 187069 212 55013
769037 187069 212 55012
769038 187070 212 55293
769039 187070 212 17025
769040 187070 212 24
769041 187071 212 54976
769042 187071 212 54978
769043 187071 212 17025
769049 187073 212 45475
769050 187073 212 4239
769051 187073 212 51882
769052 187073 212 4319
769053 187073 212 2177
769054 187073 212 55038
769066 187077 212 54952
769067 187077 212 1049
769068 187077 212 54983
769069 187077 212 55295
769070 187077 212 55296
769071 187078 212 17034
769072 187078 212 54978
769080 187081 212 54945
769081 187081 212 17025
769082 187081 212 343
769083 187082 212 55297
769084 187082 212 328
769085 187082 212 54983
769094 187085 212 5265
769095 187085 212 28592
769096 187085 212 54956
769102 187088 212 55039
769103 187088 212 1698
769104 187088 212 18036
769105 187088 212 25929
769106 187089 212 4502
769107 187089 212 3358
769108 187089 212 54953
769109 187089 212 51098
769110 187090 212 54954
769111 17807 212 3358
769112 17807 212 54953
769118 7675 212 20024
769119 7675 212 4532
769120 7675 212 17025
769121 7675 212 1698
769122 187092 212 1555
769123 187092 212 1565
769124 187092 212 2364
769125 187092 212 54025
769126 125737 212 45475
769127 125737 212 4239
769128 125737 212 4851
769129 125737 212 55299
769130 125737 212 54945
769131 125737 212 4673
769132 125737 212 28607
769133 170526 212 54025
769134 187093 212 54978
769143 187095 212 3311
769144 187095 212 225
769145 187095 212 54968
769146 187096 212 138
769151 187099 212 54952
769152 187099 212 1191
769153 187100 212 29
769154 187100 212 55124
769155 187100 212 55213
769156 187100 212 54025
769162 187102 212 2177
769163 187102 212 4239
769164 187102 212 45475
769165 187102 212 54945
769166 187103 212 1000
769167 187103 212 1215
769168 187103 212 54959
769174 187106 212 17025
769175 187106 212 26722
769176 187106 212 4428
769177 187107 212 138
769178 187107 212 54953
769179 187107 212 39
769180 187107 212 54954
769181 187108 212 33065
769182 187108 212 343
769183 187108 212 1000
769195 187112 212 1704
769196 187112 212 16692
769197 187112 212 32575
769198 187113 212 54952
769199 187113 212 1049
769200 187113 212 1704
769201 187113 212 54994
769202 187113 212 47650
769205 187115 212 29576
769206 187115 212 1191
769207 187115 212 1823
769208 187116 212 138
769209 187116 212 1233
769210 187116 212 1000
769215 187119 212 1049
769216 187119 212 1000
769225 187123 212 54978
769228 17463 212 45475
769250 187129 212 138
769251 187129 212 20671
769263 89537 212 637
769264 89537 212 25703
769265 89537 212 367
769266 187133 212 1808
769267 187133 212 4428
769268 187133 212 55020
769269 187134 212 54994
769270 187134 212 55096
769271 187134 212 342
769272 187135 212 1049
769273 187135 212 2155
769274 187135 212 1388
769275 187136 212 17025
769276 187136 212 17373
769277 187136 212 24
769278 187137 212 55308
769279 187137 212 1057
769280 187137 212 54025
769286 187139 212 2177
769287 187139 212 45475
769288 187139 212 54983
769289 187139 212 4239
769290 187139 212 1297
769291 187139 212 54960
769301 187142 212 653
769304 187144 212 55212
769305 187144 212 54025
769306 187145 212 80
769308 187147 212 17034
769309 187147 212 1126
769315 187149 212 54954
769316 187150 212 45475
769317 187150 212 55005
769318 187151 212 1126
769319 187151 212 731
769320 187151 212 45475
769321 187151 212 328
769335 187154 212 54952
769336 187154 212 54945
769337 187154 212 54974
769338 187154 212 55311
769339 187154 212 55295
769340 187154 212 55296
769341 187154 212 55312
769342 187154 212 55313
769343 187154 212 51153
769344 187154 212 55314
769345 187154 212 4320
769346 187154 212 17025
769347 187155 212 54978
769348 187156 212 374
769349 187156 212 3311
769350 187156 212 55052
769355 187159 212 1000
769356 187159 212 54978
769361 187161 212 29282
769362 187161 212 4532
769363 187161 212 17025
769364 187161 212 54946
769365 187161 212 55082
769366 187162 212 45475
769370 75886 212 138
769387 187169 212 54945
769388 187170 212 17025
769389 187170 212 4532
769390 187170 212 54982
769392 187172 212 1128
769393 187172 212 17034
769396 187174 212 5038
769397 187174 212 1215
769398 187174 212 1808
769399 187174 212 1057
769400 187174 212 55020
769401 187175 212 941
769402 187175 212 4502
769403 187175 212 3790
769404 187175 212 54984
769405 187176 212 1704
769406 187176 212 342
769407 187176 212 3790
769408 187176 212 54984
769409 187177 212 3816
769410 187178 212 54952
769411 187178 212 53884
769412 187178 212 17025
769413 187178 212 17408
769423 187180 212 4661
769424 187180 212 4428
769425 187180 212 45475
769430 187182 212 55255
769431 187182 212 2793
769432 187182 212 54994
769433 187182 212 54025
769438 187184 212 54961
769439 187184 212 1049
769445 187186 212 4428
769446 187186 212 138
769447 187187 212 54952
769448 187187 212 17025
769449 187187 212 55064
769450 187188 212 54945
769451 187188 212 55065
769452 187188 212 1000
769453 187188 212 29588
769454 187189 212 54946
769455 187189 212 55223
769456 187189 212 17025
769457 187189 212 55065
769458 187189 212 55064
769459 187189 212 50184
769460 187190 212 4532
769461 187190 212 17025
769462 187190 212 4251
769464 187191 212 5821
769465 187191 212 45475
769466 187191 212 4239
769467 187191 212 55102
769468 187191 212 55316
769469 187191 212 67
769470 187191 212 54945
769471 187191 212 55035
769479 187195 212 54956
769484 187198 212 1057
769485 187198 212 54985
769486 187199 212 17034
769487 187199 212 39
769490 187201 212 55091
769491 187201 212 2909
769492 187201 212 1057
769493 187201 212 328
769494 187201 212 10229
769501 187203 212 29576
769502 187203 212 4502
769512 187209 212 1000
769513 187209 212 54956
769514 187209 212 54968
769524 187211 212 54978
769525 187211 212 17025
769526 187212 212 55322
769527 187212 212 29593
769528 187213 212 3311
769529 187213 212 869
769530 187213 212 55035
769531 187213 212 29576
769535 176875 212 3358
769536 176875 212 54954
769537 16360 212 54980
769538 16360 212 4551
769539 16360 212 138
769540 16360 212 17025
769543 187217 212 55323
769544 187218 212 3760
769545 187218 212 1191
769546 187218 212 4729
769547 187218 212 5831
769548 187218 212 55006
769549 187218 212 4417
769550 187218 212 4073
769552 187220 212 54996
769553 187220 212 54995
769554 187220 212 1000
769555 187221 212 3358
769556 187221 212 54953
769557 187221 212 54976
769558 187221 212 17025
769560 187223 212 276
769561 187223 212 295
769562 187224 212 54967
769563 187224 212 39
769564 187224 212 54945
769568 187226 212 54952
769569 187226 212 54945
769570 187226 212 54509
769571 187226 212 29282
769572 187226 212 54985
769573 187226 212 55072
769574 187226 212 25812
769575 187226 212 4335
769576 187227 212 503
769579 187230 212 67
769580 187230 212 1704
769581 187230 212 2936
769582 187230 212 3358
769583 187230 212 787
769584 187230 212 1563
769585 187231 212 21
769586 187231 212 55324
769591 64763 212 1565
769592 64763 212 295
769593 64763 212 2587
769594 64763 212 55035
769595 64763 212 54956
769596 187234 212 55325
769597 187234 212 54982
769598 187235 212 5821
769599 187235 212 55099
769600 187235 212 80
769601 187236 212 51098
769602 187236 212 343
769603 187237 212 15382
769604 187237 212 2587
769605 187237 212 54984
769606 187237 212 55326
769607 187238 212 1000
769608 187238 212 187
769609 187239 212 24997
769610 187239 212 54952
769611 187239 212 55131
769612 187240 212 17025
769613 187240 212 1049
769614 187240 212 29576
769615 187240 212 45475
769644 187250 212 54952
769645 187250 212 54945
769646 187251 212 4320
769647 187251 212 45475
769648 187251 212 4239
769649 187251 212 467
769650 187252 212 295
769651 187252 212 2936
769652 187252 212 9999
769653 187253 212 5267
769654 187253 212 55131
769655 187254 212 17025
769656 187254 212 1565
769657 187254 212 23946
769658 187254 212 4237
769659 187254 212 3130
769660 187254 212 302
769661 187254 212 16037
769662 187254 212 54956
769668 187256 212 17025
769669 187256 212 54945
769670 187256 212 41941
769677 146643 212 869
769678 146643 212 1000
769679 187259 212 39
769680 187259 212 54954
769693 187262 212 3311
769694 187262 212 138
769695 187262 212 4239
769696 187262 212 45475
769697 187262 212 55035
769698 187262 212 54961
769699 187262 212 1215
769700 187262 212 54057
769701 187262 212 1297
769702 187262 212 55054
769713 187266 212 4027
769714 187266 212 2330
769715 187266 212 54967
769716 187266 212 28592
769717 187266 212 17025
769718 187266 212 54945
769786 187288 212 54952
769787 187288 212 1215
769788 187288 212 43428
769789 187288 212 17025
769790 187288 212 54945
769791 187288 212 1049
769792 187288 212 620
769793 187288 212 55066
769794 187288 212 54946
769795 187288 212 24997
769796 187288 212 39
769797 187288 212 54025
769798 187288 212 55003
