796390 193738 218 1502
796391 193739 218 29
796392 193747 218 1502
796393 193747 218 57955
796394 193757 218 23386
796397 193767 218 294
796398 193767 218 57953
796399 195733 218 58027
796400 193768 218 57996
796402 193779 218 15239
796403 193779 218 25967
796412 195735 218 15239
796413 195735 218 58169
796415 193808 218 15239
796417 193820 218 58024
796418 193821 218 58024
796419 193823 218 23937
796420 193824 218 846
796421 193826 218 58025
796422 193831 218 58027
796424 193843 218 58171
796425 193850 218 46384
796426 146173 218 46384
796427 146173 218 57996
796430 193857 218 25967
796431 193857 218 557
796432 193857 218 15255
796436 193873 218 5367
796437 193873 218 29
796438 193873 218 23937
796441 193885 218 29
796442 193890 218 34990
796447 193920 218 5367
796448 193920 218 10951
796451 195736 218 1502
796452 195736 218 57955
796456 195737 218 48225
796457 195737 218 23937
796458 193961 218 20604
796461 193974 218 23937
796462 193974 218 80
796465 193988 218 23937
796466 193988 218 58096
