845602 182389 225 44559
845603 182389 225 259
845728 11313 225 3362
845729 11313 225 5932
845730 11313 225 22442
845875 7870 225 8316
845876 7870 225 1939
845877 7870 225 1125
845878 7870 225 28751
845879 7870 225 2160
845915 10363 225 3510
845931 11523 225 3811
845945 8267 225 1274
845946 8267 225 529
845947 8267 225 53220
845948 8267 225 61520
845949 8267 225 44574
845950 8267 225 1932
845951 8267 225 527
845952 8267 225 2543
845953 8267 225 44439
845954 8267 225 6946
845955 8267 225 1615
845956 8267 225 3811
846023 126857 225 1274
846024 126857 225 1313
846025 126857 225 6946
846137 163045 225 700
846138 163045 225 61544
846200 163049 225 44437
846201 163049 225 127
846202 163049 225 700
846203 163049 225 3811
846216 164254 225 6536
846217 164254 225 61550
846237 21830 225 5051
846238 21830 225 1808
846239 21830 225 318
846240 21830 225 367
846241 21830 225 2160
846268 171687 225 1274
846269 171687 225 240
846270 171687 225 61520
846271 171687 225 529
846272 171687 225 64
846311 184033 225 11088
846312 184033 225 1191
846317 18769 225 53220
846318 18769 225 38501
846319 18769 225 1245
846320 18769 225 3811
846321 18769 225 5947
846346 163617 225 9022
846347 163617 225 1957
846348 163617 225 44567
846349 163617 225 1227
846350 163617 225 1274
846351 163617 225 61562
846352 163617 225 61563
846353 163617 225 61564
846354 163617 225 5941
846355 163617 225 4308
846356 163617 225 507
846544 182701 225 29
846545 182701 225 469
846602 11924 225 61501
846603 11924 225 8990
846604 11924 225 61520
846605 11924 225 3196
846606 11924 225 7769
846653 72268 225 10206
846654 72268 225 2341
846655 72268 225 717
846656 72268 225 2605
846657 72268 225 8048
846658 72268 225 859
846667 129029 225 734
846668 129029 225 507
846669 129029 225 1528
846670 129029 225 795
846731 176879 225 29
846732 176879 225 4947
846733 176879 225 3811
846734 176879 225 2602
846765 18054 225 29
846766 18054 225 507
846767 18054 225 61501
846768 18054 225 2404
846865 163106 225 894
846866 163106 225 1187
846867 163106 225 7769
846868 163106 225 44559
846869 163106 225 1245
847021 24877 225 7769
847022 24877 225 28061
847058 12233 225 29
847059 135046 225 13904
847060 135046 225 8810
847139 19367 225 5947
847140 19367 225 1274
847141 19367 225 529
847170 182888 225 1174
847171 182888 225 3441
847172 182888 225 2795
847195 8450 225 36420
847196 8450 225 1123
847197 8450 225 61608
847198 8450 225 3814
847262 84537 225 6101
847308 182946 225 2543
847309 182946 225 29
847310 182946 225 1406
847349 37943 225 8971
847350 37943 225 80
847351 37943 225 11
847352 37943 225 469
847406 196770 225 76
847407 196770 225 527
847433 185097 225 859
847434 185097 225 44574
847523 8523 225 27577
847524 8523 225 3674
847525 8523 225 17983
847526 8523 225 15482
847547 163171 225 61626
847548 163171 225 40599
847549 163171 225 3382
847550 163171 225 1051
847551 163171 225 2543
847552 163171 225 61627
847553 163171 225 29
847554 163171 225 53220
847566 183020 225 1819
847567 183020 225 276
847568 183020 225 53605
847569 183020 225 2324
847702 200028 225 1444
847703 200028 225 2373
847704 200028 225 1261
847705 200028 225 2700
847706 200028 225 50782
847707 200028 225 3510
847708 200028 225 4263
847709 200028 225 1744
847710 200028 225 26960
847711 200028 225 39407
847712 200028 225 48741
847713 200028 225 61611
847763 163192 225 61520
847764 163192 225 1245
847765 163192 225 3811
847766 163192 225 64
847767 163192 225 45
847802 66463 225 44439
847803 66463 225 1191
847804 66463 225 1313
847805 66463 225 816
847816 119240 225 1184
847817 119240 225 294
847818 119240 225 1261
847819 119240 225 469
847820 119240 225 30421
847821 119240 225 30426
847822 119240 225 31650
847835 104370 225 736
847877 27623 225 259
847878 27623 225 527
847879 27623 225 9951
847885 12756 225 507
847886 12756 225 61520
847887 12756 225 816
847893 183090 225 15449
847894 183090 225 731
847895 183090 225 259
847896 183090 225 6101
847903 125883 225 1261
847904 125883 225 44439
847954 163207 225 294
847955 163207 225 61639
847956 163207 225 5306
847957 163207 225 61517
847958 163207 225 10924
847970 78338 225 1808
847971 78338 225 5947
847972 78338 225 1191
848027 99940 225 53785
848028 99940 225 3811
848029 99940 225 1261
848030 99940 225 3196
848031 99940 225 41370
848032 99940 225 11088
848081 10587 225 29
848082 10587 225 1313
848083 10587 225 44574
848084 10587 225 25268
848085 10587 225 44529
848086 10587 225 44439
848115 189696 225 21543
848116 189696 225 44574
848117 189696 225 4297
848118 189696 225 6091
848129 129760 225 469
848130 129760 225 11
848131 129760 225 41475
848132 129760 225 8048
848150 38019 225 527
848151 38019 225 700
848268 13024 225 4947
848412 163244 225 7769
848413 163244 225 1245
848414 163244 225 2179
848415 163244 225 259
848416 163244 225 1191
848417 163244 225 11088
848418 163244 225 6091
848451 167539 225 3145
848452 167539 225 44
848453 167539 225 40
848472 146756 225 1123
848473 146756 225 700
848474 146756 225 292
848475 146756 225 639
848476 146756 225 2602
848505 13190 225 61520
848506 13190 225 1245
848507 13190 225 240
848508 13190 225 61501
848509 13190 225 4297
848510 13190 225 894
848511 13190 225 3811
848512 8714 225 2920
848513 8714 225 4721
848514 8714 225 2373
848515 8714 225 1274
848516 8714 225 3811
848550 69702 225 1123
848551 69702 225 42682
848552 69702 225 700
848596 121852 225 1808
848597 121852 225 1615
848598 121852 225 1261
848599 121852 225 240
848618 163270 225 1274
848728 8754 225 52344
848779 104835 225 3593
848780 104835 225 292
848781 104835 225 2332
848782 104835 225 17285
848783 104835 225 2378
848935 185753 225 7769
848936 185753 225 1245
848937 185753 225 61520
848938 185753 225 44559
848939 185753 225 259
848949 163300 225 61501
848950 163300 225 7769
848951 163300 225 259
849095 183531 225 2543
849096 73231 225 49417
849097 73231 225 1627
849098 73231 225 3811
849099 73231 225 15199
849147 8110 225 35
849148 8110 225 52538
849149 8110 225 1367
849211 13822 225 61501
849212 13822 225 894
849213 13822 225 61520
849214 13822 225 1313
849215 197678 225 7769
849216 197678 225 5670
849248 185178 225 6101
849249 185178 225 1051
849250 185178 225 30513
849271 163330 225 61577
849272 163330 225 10616
849273 163330 225 6917
849274 163330 225 6101
849275 163330 225 1883
849276 163330 225 799
849277 163330 225 29
849288 59241 225 11207
849289 59241 225 982
849290 59241 225 1274
849397 170436 225 80
849398 170436 225 3811
849399 170436 225 8288
849491 183676 225 29
849492 183676 225 1597
849542 197821 225 1051
849543 197821 225 2456
849544 197821 225 700
849545 197821 225 23929
849546 197821 225 3811
849547 197821 225 1762
849548 197821 225 49707
849572 164511 225 46264
849573 164511 225 26823
849574 164511 225 1758
849662 118228 225 1615
849663 118228 225 240
849664 118228 225 3811
849772 8531 225 1184
849773 8531 225 1245
849774 8531 225 2404
849775 8531 225 6946
850026 163378 225 44439
850027 163378 225 5476
850056 136063 225 1932
850057 136063 225 3811
850058 136063 225 1261
850059 21547 225 21413
850060 21547 225 30610
850061 21547 225 7257
850062 21547 225 5495
850063 21547 225 469
850064 21547 225 3439
850121 14497 225 1274
850122 14497 225 3811
850240 163396 225 1808
850241 163396 225 2990
850242 163396 225 570
850243 163396 225 6783
850244 9203 225 240
850245 9203 225 1274
850246 9203 225 1261
850259 164164 225 19502
850260 164164 225 44455
850261 164164 225 15121
850262 164164 225 15567
850325 163414 225 61611
850326 163414 225 16379
850437 184529 225 29
850438 184529 225 8752
850439 184529 225 31495
850440 184529 225 61782
850441 184529 225 4934
850491 164618 225 799
850492 164618 225 6928
850493 164618 225 1261
850576 183971 225 652
850577 183971 225 3811
850578 183971 225 1261
850579 183971 225 2971
850580 183971 225 16020
850581 183971 225 2725
850607 183981 225 2494
850608 183981 225 61593
850609 183981 225 5947
850610 183981 225 816
850611 183981 225 146
850612 183981 225 44650
850799 9256 225 1191
850800 9256 225 20882
850801 9256 225 29499
850802 9256 225 41462
850861 73784 225 1313
850862 184083 225 44559
850863 184083 225 7769
850864 184083 225 11336
850865 184083 225 6286
850961 10112 225 44518
850962 10112 225 4297
850963 10112 225 1274
850964 10112 225 44421
850965 10112 225 44437
851015 184111 225 20657
851016 184111 225 2373
851038 127304 225 29
851104 163483 225 19451
851105 163483 225 259
851106 163483 225 7769
851107 163483 225 9951
851108 163483 225 61679
851109 163483 225 5947
851140 26477 225 2816
851141 26477 225 1802
851142 26477 225 4752
851407 6985 225 507
851408 6985 225 1274
851462 89199 225 816
851463 89199 225 1261
851464 89199 225 3811
851465 89199 225 44439
851613 7892 225 469
851614 7892 225 11207
851615 7892 225 2486
851616 7892 225 61842
851617 7892 225 27220
851618 7892 225 8452
851619 7892 225 35
851620 7892 225 57477
851621 7892 225 6226
851720 11449 225 29
851721 11449 225 1313
851722 11449 225 44574
851723 11449 225 44439
851724 11449 225 1702
851731 177503 225 1702
851732 177503 225 44574
851733 177503 225 21357
851734 177503 225 1313
851735 177503 225 2990
851777 184302 225 717
851778 184302 225 61845
851779 184302 225 7769
851780 184302 225 259
851781 184302 225 3148
851839 133483 225 259
851840 133483 225 469
851841 133483 225 1714
851842 133483 225 527
851937 56365 225 6
851938 56365 225 7769
851939 56365 225 5670
851940 56365 225 28563
851941 56365 225 12817
851959 163539 225 527
851960 163539 225 259
851961 163539 225 40599
851962 163539 225 700
851963 163539 225 5670
852055 16465 225 294
852056 16465 225 301
852057 16465 225 2797
852058 16465 225 1808
852059 16465 225 35
852060 16465 225 816
852061 16465 225 240
852062 16465 225 3196
852106 184389 225 469
852107 184389 225 894
852108 184389 225 1187
852109 184389 225 1184
852110 184389 225 507
852111 184389 225 7769
852218 184421 225 27577
852219 184421 225 1822
852220 184421 225 20421
852221 184421 225 3510
852222 184421 225 469
852355 184441 225 44476
852356 184441 225 917
852357 184441 225 29
852358 184441 225 507
852359 184441 225 3811
852360 184441 225 361
852403 164713 225 29
852404 164713 225 259
852405 164713 225 7769
852406 164713 225 40599
852465 9621 225 1702
852466 9621 225 17726
852467 9621 225 8969
852512 185362 225 5670
852513 185362 225 469
852514 185362 225 3505
852765 173811 225 6091
852766 173811 225 27254
852767 173811 225 9314
852768 173811 225 13784
852769 173811 225 15481
852770 173811 225 28
852771 173811 225 50686
852860 9644 225 859
852861 9644 225 8048
852862 9644 225 992
852863 9644 225 53717
852864 9644 225 3811
852865 9644 225 4
852927 83682 225 1802
852928 83682 225 1187
852929 83682 225 45
852930 83682 225 7769
852931 83682 225 1184
852932 83682 225 388
852933 83682 225 1245
852934 83682 225 1261
852959 61960 225 1367
852960 61960 225 259
852961 61960 225 318
852975 184600 225 29
852976 184600 225 529
852977 184600 225 1313
852978 184600 225 25268
852979 184600 225 4297
853082 164753 225 301
853083 164753 225 61913
853092 163368 225 5947
853093 163368 225 125
853094 163368 225 44518
853176 199087 225 1932
853177 199087 225 240
853178 199087 225 6808
853179 199087 225 1261
853268 50289 225 912
853269 50289 225 507
853270 50289 225 894
853271 50289 225 4297
853272 50289 225 301
853273 50289 225 6091
853274 50289 225 1313
853275 50289 225 3811
853310 208701 225 259
853314 164773 225 301
853315 164773 225 469
853422 184697 225 29
853423 184697 225 301
853424 184697 225 240
853425 184697 225 29629
853500 132355 225 1687
853501 132355 225 700
853502 132355 225 23780
853503 132355 225 11229
853504 132355 225 734
853507 10701 225 61868
853508 10701 225 13904
853509 10701 225 44439
853576 186758 225 1702
853577 186758 225 22052
853578 186758 225 3483
853646 184776 225 4620
853647 184776 225 60754
853648 184776 225 301
853806 7879 225 334
853807 7879 225 1261
853808 7879 225 869
853809 7879 225 10491
853810 184811 225 1051
853811 184811 225 469
853812 184811 225 31724
853835 80040 225 3593
853836 80040 225 3811
853837 80040 225 125
853839 55953 225 29
853840 55953 225 35
853841 55953 225 44574
853948 163661 225 5603
853949 163661 225 1245
853950 163661 225 816
853951 163661 225 1261
853952 163661 225 2160
853953 163661 225 2922
853954 163661 225 27504
853955 163661 225 20657
853956 163661 225 301
853963 162026 225 469
853964 162026 225 10204
853965 162026 225 29564
853966 162026 225 2378
853967 162026 225 6833
854113 9929 225 5974
854114 9929 225 4159
854115 9929 225 4105
854285 183686 225 21859
854286 183686 225 29
854287 183686 225 2391
854311 24861 225 1245
854312 24861 225 301
854313 24861 225 29
854314 24861 225 6808
854315 24861 225 507
854316 190458 225 4861
854317 190458 225 1191
854318 190458 225 9976
854319 190458 225 1209
854320 190458 225 29556
854321 190458 225 10616
854322 190458 225 5085
854323 190458 225 125
854324 190458 225 2556
854334 208901 225 4861
854335 208901 225 276
854394 162071 225 44574
854395 162071 225 1184
854396 162071 225 1313
854397 162071 225 1932
854398 162071 225 44439
854399 162071 225 3811
854400 162071 225 1261
854492 184847 225 29
854493 184847 225 11
854494 184847 225 2543
854550 188976 225 301
854551 188976 225 529
854552 188976 225 1245
854553 188976 225 1261
854554 188976 225 61535
854612 185041 225 6034
854613 185041 225 9984
854614 185041 225 39353
854615 185041 225 3378
854616 185041 225 15563
854617 185041 225 2437
854618 185041 225 17364
854692 92788 225 29
854693 92788 225 2543
854694 92788 225 12740
854695 92788 225 734
854708 74987 225 1808
854709 74987 225 2797
854710 74987 225 301
854711 74987 225 24474
854712 74987 225 1106
854713 74987 225 318
854747 163707 225 61878
854748 163707 225 301
854749 163707 225 44437
854750 163707 225 941
854751 163707 225 3130
854752 163707 225 61985
854753 163707 225 61986
854754 163717 225 301
854755 163717 225 3811
854756 163717 225 1245
854757 163717 225 4607
854758 163717 225 240
854759 163716 225 45
854942 73819 225 1261
854943 73819 225 3811
854944 73819 225 6946
854945 73819 225 7769
854946 73819 225 44559
854947 73819 225 2404
854948 73819 225 4171
855072 122856 225 6034
855073 122856 225 1191
855074 122856 225 1313
855075 122856 225 2404
855076 122856 225 1808
855433 164916 225 61615
855434 164916 225 301
855435 164916 225 49806
855436 164916 225 12
855483 163782 225 21105
855484 163782 225 1388
855485 163782 225 42500
855486 163782 225 29
855487 163782 225 11088
855527 10304 225 5804
855528 10304 225 20568
855529 10304 225 18260
855530 10304 225 12984
855531 10304 225 3046
855532 10304 225 6226
855533 10304 225 4462
855534 10304 225 1675
855562 185715 225 259
855563 185715 225 1239
855564 185715 225 5306
855565 185715 225 2920
855566 185715 225 2922
855595 188571 225 469
855596 188571 225 1261
855597 188571 225 3811
855598 188571 225 240
855599 188571 225 3510
855600 188571 225 2274
855601 188571 225 1627
855656 163798 225 29
855657 163798 225 4385
855658 163798 225 5489
855813 184001 225 26001
855814 184001 225 1732
855815 184001 225 61596
855816 184001 225 62026
855817 184001 225 54129
855898 163808 225 5947
855899 163808 225 259
855900 163808 225 527
855901 163808 225 301
855902 163808 225 50782
855903 163808 225 18260
855904 163808 225 5831
856076 163817 225 44455
856077 163817 225 62042
856078 163817 225 19782
856079 163817 225 507
856080 163817 225 29
856081 163817 225 5306
856092 78896 225 1126
856093 78896 225 1125
856094 78896 225 17806
856097 164954 225 469
856098 164954 225 15482
856169 184962 225 5922
856170 184962 225 1184
856171 184962 225 16391
856172 184962 225 3184
856173 184962 225 1036
856174 184962 225 27028
856175 184962 225 33503
856350 163851 225 42218
856351 163851 225 3378
856581 2464 225 1313
856582 2464 225 894
856583 2464 225 44439
856670 7684 225 3654
856671 7684 225 1261
856672 7684 225 26956
856673 7684 225 1760
856674 7684 225 3811
856675 7684 225 20017
856717 209401 225 29
856718 209401 225 912
856789 157924 225 553
856790 157924 225 1672
856791 157924 225 11
856792 157924 225 7769
856793 157924 225 4963
856830 75997 225 3290
856891 163892 225 61895
856892 163892 225 941
856893 163892 225 44437
856894 163892 225 2301
856895 163892 225 4302
856896 163892 225 5306
856949 163891 225 5947
856950 163891 225 1187
856951 163891 225 29
856952 163891 225 1331
856953 163891 225 53220
856954 163891 225 6808
856955 163891 225 1261
856956 163891 225 529
856957 163891 225 44439
856958 163891 225 6946
856971 163894 225 29
856972 163894 225 125
856973 163894 225 127
856974 163894 225 5947
857072 163899 225 527
857073 163899 225 259
857074 163899 225 5670
857176 163912 225 33519
857177 163912 225 30245
857178 163912 225 941
857179 163912 225 507
857180 163912 225 26780
857181 163912 225 2765
857182 163912 225 413
857183 163912 225 4297
857376 165038 225 5593
857377 165038 225 507
857378 165038 225 61937
857409 75907 225 2543
857410 75907 225 29
857411 75907 225 1245
857412 75907 225 61868
857413 75907 225 13904
857414 75907 225 6329
857432 10216 225 11088
857433 10216 225 507
857434 10216 225 14110
857435 10216 225 26305
857436 10216 225 62097
857656 96634 225 529
857657 96634 225 301
857658 96634 225 240
857667 56494 225 507
857668 56494 225 3290
857669 56494 225 795
857670 56494 225 7940
857671 56494 225 1143
857681 37731 225 1191
857682 37731 225 816
857734 62627 225 5670
857775 8077 225 6329
857776 8077 225 3378
857777 8077 225 259
857778 8077 225 9972
857779 8077 225 894
857780 8077 225 10904
857781 8077 225 13904
857782 194006 225 1597
857783 194006 225 31211
857788 187230 225 1702
857789 187230 225 1261
858087 201466 225 1822
858088 201466 225 27577
858089 201466 225 469
858129 70623 225 912
858130 70623 225 469
858131 70623 225 953
858298 17428 225 301
858299 17428 225 29
858333 135772 225 23948
858334 135772 225 44559
858335 135772 225 53933
858336 11476 225 29
858337 11476 225 2543
858338 11476 225 1615
858339 11476 225 1261
858366 19253 225 38270
858367 19253 225 22970
858397 12692 225 7769
858398 12692 225 259
858399 12692 225 4132
858400 12692 225 1261
858401 12692 225 4633
858402 12692 225 3811
858403 12692 225 7581
858431 174386 225 156
858432 174386 225 4345
858433 174386 225 54428
859134 118423 225 529
859135 118423 225 6808
