859342 100420 226 62273
859343 100420 226 19962
859344 100420 226 3130
859345 100420 226 2861
859346 100420 226 62200
859347 100420 226 4901
859348 100420 226 25681
859349 100420 226 62274
859350 100420 226 62199
859502 9919 226 36273
859503 9919 226 816
859504 9919 226 47424
859547 23129 226 1197
859548 23129 226 62353
859549 23129 226 51771
859550 23129 226 62354
859551 23129 226 138
860040 90304 226 62494
860041 90304 226 2392
860042 90304 226 8722
860043 90304 226 62495
860044 90304 226 62333
860206 7551 226 2525
860207 7551 226 21
860208 7551 226 3869
860209 7551 226 62552
860221 11688 226 2936
860222 11688 226 62554
860223 11688 226 26660
860224 11688 226 62555
860225 11688 226 62556
860226 126871 226 307
860227 126871 226 4335
860228 126871 226 138
860229 126871 226 62557
860230 126871 226 62398
860231 126871 226 62438
860232 126871 226 62403
860233 126871 226 62554
860234 11689 226 62382
860235 11689 226 62558
860236 11689 226 643
860237 11689 226 642
860238 11689 226 11007
860239 11689 226 62559
860240 11689 226 62278
860241 11689 226 62362
860242 11689 226 62560
860243 11689 226 51308
860244 11689 226 62286
860329 171675 226 62580
860330 171675 226 1924
860331 171675 226 48
860332 171675 226 62581
860333 171675 226 62447
860521 187421 226 2936
860522 187421 226 54305
860523 187421 226 62644
860541 101282 226 2936
860542 101282 226 51707
860543 101282 226 62651
860544 101282 226 62652
860545 101282 226 62394
860546 101282 226 62233
860561 52610 226 139
860562 52610 226 51412
860612 160805 226 48107
860613 160805 226 62676
860614 160805 226 47985
860615 160805 226 727
860616 160805 226 1943
860617 160805 226 62213
860674 180185 226 20040
860675 180185 226 62447
860676 180185 226 62698
860677 180185 226 30256
860678 180185 226 62699
860679 180185 226 62700
860680 180185 226 62701
860681 180185 226 59561
860714 180191 226 21584
860715 180191 226 62713
860716 180191 226 50448
860717 180191 226 28651
860718 180191 226 62714
860719 180191 226 46219
860720 180191 226 62715
860721 180191 226 62553
860722 180191 226 1870
860723 180191 226 62390
860724 180191 226 62716
860819 65871 226 816
860820 65871 226 16278
860821 65871 226 62403
860822 65871 226 62741
860990 8818 226 18806
860991 8818 226 21232
860992 8818 226 62785
860993 8818 226 62786
860994 8818 226 62787
860995 8818 226 62788
861086 10256 226 28354
861087 10256 226 47424
861088 10256 226 62403
861116 10490 226 62577
861117 10490 226 62822
861118 10490 226 62293
861119 10490 226 62823
861143 204152 226 62478
861144 204152 226 816
861145 204152 226 62403
861276 180276 226 62354
861395 150202 226 1577
861396 150202 226 1727
861397 150202 226 1896
861398 150202 226 62333
861399 150202 226 62881
861590 90613 226 816
861591 90613 226 62403
861592 90613 226 46777
861593 90613 226 1126
861594 90613 226 62552
861595 90613 226 62556
861662 9237 226 62290
861663 9237 226 4682
861664 9237 226 3848
861665 9237 226 62936
861666 9237 226 47424
861728 199609 226 62947
861729 199609 226 28192
861730 199609 226 62948
861731 200413 226 62746
861732 200413 226 62949
861733 200413 226 62948
861734 200413 226 62950
861741 201328 226 62623
861742 201328 226 62948
861743 201328 226 361
861913 64326 226 1001
861914 64326 226 11
861915 64326 226 62714
861916 64326 226 62996
862140 180409 226 40
862141 180409 226 14112
862142 180409 226 15248
862143 180409 226 63049
862144 180409 226 63050
862145 180409 226 62233
862146 180409 226 3869
862151 180419 226 14112
862152 180419 226 63052
862153 180419 226 63053
862154 180419 226 63050
862267 180442 226 2525
862268 180442 226 63078
862269 180442 226 47650
862270 180442 226 8722
862271 180442 226 1896
862272 180442 226 3869
862521 103206 226 62746
862522 103206 226 62333
862523 103206 226 62628
862524 103206 226 63122
862525 103206 226 63123
862526 103206 226 63124
862527 103206 226 63125
862528 103206 226 3869
862612 7582 226 62457
862613 7582 226 62314
862614 7582 226 5757
862615 7582 226 62814
862616 7582 226 62395
862617 7582 226 47424
862618 7582 226 3846
862642 69649 226 62478
862643 69649 226 16278
862644 69649 226 816
862645 69649 226 62747
862835 7471 226 62478
862836 7471 226 816
862837 7471 226 62403
862838 7471 226 23714
862839 7471 226 63179
862840 66777 226 816
862841 66777 226 62403
862842 66777 226 62478
862843 66777 226 23714
862844 66777 226 63180
862845 66777 226 63181
862846 66777 226 62976
862847 66784 226 11
862848 66784 226 41253
862849 66784 226 16959
863082 69730 226 20046
863083 69730 226 1768
863084 69730 226 19535
863085 69730 226 63232
863086 69730 226 63233
863285 180585 226 62213
863306 180597 226 62416
863307 180597 226 16710
863308 180597 226 5555
863309 180597 226 643
863310 180597 226 62183
863311 180597 226 33244
863312 180597 226 1690
863313 180597 226 51308
863340 7849 226 816
863341 7849 226 62839
863342 7849 226 62478
863343 7849 226 62213
863344 7849 226 62403
863459 151627 226 816
863460 151627 226 63300
863461 151627 226 63301
863462 151627 226 62747
863505 180623 226 48538
863506 180623 226 25228
863507 180623 226 1583
863508 180623 226 62324
863509 180623 226 63308
863510 180623 226 63309
863511 180623 226 8614
863826 180674 226 62430
863827 180674 226 62218
863828 180674 226 1896
863829 180674 226 51485
863855 32017 226 20494
863856 32017 226 635
863857 32017 226 2586
863858 32017 226 11
863859 32017 226 63368
863931 69808 226 62167
863932 69808 226 62628
863933 69808 226 62270
863934 69808 226 62457
863935 69808 226 62762
863936 69808 226 62366
863937 69808 226 63378
864159 180716 226 2936
864160 180716 226 642
864161 180716 226 47847
864162 180716 226 24778
864163 180716 226 51707
864164 180716 226 1870
864165 180716 226 62970
864166 180716 226 63420
864167 180716 226 118
864168 180716 226 62520
864169 180716 226 63418
864204 13964 226 295
864205 13964 226 62420
864206 13964 226 62554
864207 13964 226 63424
864208 13964 226 62169
864215 197795 226 62333
864216 197795 226 2392
864217 197795 226 62237
864218 197795 226 62897
864408 36583 226 11
864409 36583 226 1807
864574 190853 226 50448
864575 190853 226 452
864576 190853 226 63507
864577 190853 226 25708
864578 190853 226 62403
864579 190853 226 63508
864580 190853 226 63509
864955 89136 226 63579
864956 89136 226 62333
864957 89136 226 47521
864958 89136 226 48827
864959 89136 226 62213
864960 89136 226 63580
865035 10005 226 47088
865036 10005 226 43202
865037 10005 226 3722
865038 10005 226 25244
865039 10005 226 2450
865040 10005 226 18809
865316 194712 226 63627
865317 194712 226 63638
865318 194712 226 62588
865319 194712 226 4737
865320 194712 226 62213
865392 9345 226 63653
865393 9345 226 816
865394 9345 226 62478
865395 9345 226 47424
865396 9345 226 62403
865855 198455 226 52085
865856 198455 226 63726
865857 198455 226 62403
865858 180979 226 21
865859 180979 226 63140
865863 164625 226 63140
866188 181021 226 62762
866189 181021 226 62444
866190 181021 226 62314
866191 181021 226 63786
866192 181021 226 2649
866193 181021 226 3275
866194 181021 226 3869
866364 181026 226 63790
866365 181026 226 63049
866366 181026 226 15248
866367 181026 226 62467
866368 181026 226 14112
866369 181026 226 40
866535 68191 226 20
866536 68191 226 14
866537 68191 226 62339
866538 68191 226 51511
866610 7548 226 2116
866611 7548 226 1001
866612 7548 226 63848
866613 7548 226 17975
866614 7548 226 138
866717 181074 226 27092
866718 181074 226 62455
866719 181074 226 62748
866720 181074 226 63867
866721 181074 226 51485
866888 7548 226 50550
867712 178947 226 4201
867713 178947 226 301
867714 178947 226 62336
867715 178947 226 62293
868019 181264 226 62746
868020 181264 226 16558
868021 181264 226 2163
868022 181264 226 3869
868110 181023 226 62577
868111 181023 226 64071
868112 181023 226 23889
868113 181023 226 62293
868114 181023 226 47934
868115 181023 226 373
868116 181023 226 63772
868117 181023 226 62263
868141 107642 226 6754
868142 107642 226 62246
868210 181036 226 64085
868211 181036 226 59561
868212 181036 226 62213
868213 181036 226 62353
868214 181036 226 62403
868346 181331 226 639
868347 181331 226 62625
868348 181331 226 3869
868468 184757 226 62194
868469 184757 226 62397
868470 184757 226 63059
868471 184757 226 62644
868472 184757 226 37775
868473 184757 226 62378
868474 184757 226 62233
868831 181386 226 4
868832 181386 226 1171
868833 181386 226 62803
869011 936 226 11007
869012 936 226 295
869013 936 226 62714
869014 936 226 52
869015 936 226 62625
869016 936 226 62432
869017 936 226 16029
869018 936 226 64070
869019 936 226 950
869155 181497 226 64229
869156 181497 226 14112
869157 181497 226 62248
869158 181497 226 62167
869159 181497 226 62457
869160 181497 226 62762
869161 181497 226 2392
869162 181497 226 64228
869163 181497 226 62790
869319 9901 226 816
869320 9901 226 62478
869321 9901 226 4027
869322 9901 226 47424
869348 8149 226 28539
869349 8149 226 62478
869350 8149 226 816
869351 8149 226 62320
869352 8149 226 62403
869353 8149 226 47424
869739 113077 226 11
869740 113077 226 941
869741 113077 226 2150
869742 113077 226 16959
869743 113077 226 50510
869744 113077 226 3869
869745 181540 226 50510
869746 181540 226 62403
869747 181540 226 52085
869748 181540 226 3869
869753 181543 226 62194
869754 181543 226 4476
869755 181543 226 62395
869756 181543 226 64328
869757 181543 226 5757
869758 181543 226 62397
869784 181549 226 46864
869785 181549 226 307
869786 181549 226 62403
869787 181549 226 3869
870054 62110 226 2376
870055 62110 226 48394
870056 62110 226 50550
870220 10083 226 62541
870221 10083 226 62542
870222 10083 226 62865
870223 10083 226 62285
870224 10083 226 47424
870225 10083 226 62543
870678 9924 226 62478
870679 9924 226 816
870680 9924 226 47424
871084 10058 226 1191
871085 10058 226 47424
871424 181788 226 47385
871425 181788 226 62390
871426 181788 226 16653
871427 181788 226 28715
871428 181788 226 62845
871429 181788 226 4323
871502 181804 226 62213
871980 71011 226 62374
871981 71011 226 62174
871982 71011 226 62430
871983 71011 226 4828
871984 71011 226 64501
871985 71011 226 62438
872152 7824 226 2936
872153 7824 226 1049
872154 7824 226 62398
872155 7824 226 63501
872156 7824 226 62322
872157 7824 226 5635
872158 7824 226 47424
872159 7824 226 62194
872160 7824 226 4335
872161 7824 226 64525
872162 7824 226 62503
872409 135674 226 62558
872410 135674 226 62378
872411 135674 226 62262
872412 135674 226 11007
872413 135674 226 62362
872414 135674 226 63783
872415 135674 226 62255
872464 176101 226 21
872465 176101 226 4
872466 176101 226 885
872467 176101 226 301
872468 176101 226 276
872469 176101 226 950
872470 176101 226 63364
872471 176101 226 62575
872472 176101 226 14112
872473 176101 226 64722
872474 176101 226 479
872475 176101 226 2613
872476 176101 226 15412
872477 176101 226 25231
872478 176101 226 62678
872479 176101 226 15
872480 176101 226 62382
872481 176101 226 62415
872482 176101 226 62296
872483 176101 226 62263
872565 181914 226 47385
872566 181914 226 62219
872567 181914 226 62644
872568 181914 226 62200
872569 181914 226 63035
872570 181914 226 62475
873320 28909 226 2392
873321 28909 226 1896
873322 28909 226 62333
873323 28909 226 62628
873324 28909 226 62973
873340 170494 226 64869
873341 170494 226 40
873342 170494 226 24
873343 170494 226 17660
873344 170494 226 51814
873345 170494 226 64870
873346 170494 226 62544
873425 10097 226 2936
873426 10097 226 4335
873427 10097 226 36273
873428 10097 226 62861
873429 10097 226 64887
873430 10097 226 47424
873431 10097 226 62320
873432 10097 226 62323
874089 7761 226 64089
874090 7761 226 47424
874246 212749 226 816
874247 212749 226 63300
874248 212749 226 2561
874249 212749 226 1896
874250 212750 226 10063
874251 212750 226 2392
874252 212750 226 62746
874253 212750 226 64995
874254 182157 226 15518
874255 182157 226 1896
874256 182157 226 62366
874257 212751 226 816
874258 212751 226 62478
874259 212751 226 20046
874260 212751 226 63300
874261 212751 226 4066
874262 212752 226 30026
874263 212752 226 64993
874325 203599 226 62478
874326 203599 226 816
874327 203599 226 20046
874328 203599 226 63300
874498 187223 226 276
874499 187223 226 28920
874500 187223 226 62202
874501 187223 226 52085
874502 187223 226 62333
874503 182205 226 63103
874504 182205 226 62233
874505 182205 226 65021
874506 182205 226 62333
874507 182205 226 62167
874508 182205 226 301
874509 182205 226 63783
874510 182206 226 251
874511 182206 226 301
874512 182206 226 62263
874513 182206 226 65022
874514 182206 226 63670
874515 182206 226 62169
874520 10877 226 63103
874521 10877 226 251
874522 10877 226 11007
874559 182211 226 62176
874560 182211 226 62177
874561 182211 226 62584
874562 182211 226 65027
874563 182211 226 52715
874717 25135 226 62554
874718 25135 226 62333
874719 25135 226 469
874720 25135 226 51412
874844 153981 226 62678
874845 153981 226 2392
874846 153981 226 62333
874847 153981 226 62457
874848 153981 226 8714
874899 182333 226 62194
874900 182333 226 62320
874901 182333 226 38118
874902 182333 226 65070
874903 182333 226 20738
874904 182333 226 65071
874905 182333 226 62324
874918 182334 226 1257
874919 182334 226 62410
874920 182334 226 62738
874921 182334 226 62226
874922 182334 226 63422
