876748 55208 228 1610
876749 55208 228 507
876750 55208 228 65193
876754 104315 228 15049
876755 104315 228 26393
876756 104315 228 15455
876757 104315 228 65197
876758 104315 228 2969
876759 104315 228 65191
876760 104315 228 125
876761 104315 228 57839
876771 104319 228 65198
876772 104319 228 286
876776 3857 228 19197
876777 3857 228 1037
876778 3857 228 6556
876779 3857 228 635
876792 18493 228 65201
876793 18493 228 6556
876794 18493 228 10770
876795 18493 228 19063
876796 18493 228 6621
876797 18493 228 6484
876798 18493 228 4381
876799 18493 228 4838
876800 18493 228 65202
876801 18493 228 65203
876802 18493 228 334
876803 18493 228 65204
876804 18493 228 53591
876805 18493 228 10926
876806 18493 228 20289
876807 18493 228 26914
876808 18493 228 65205
876809 18493 228 27474
876810 18493 228 882
876811 18493 228 14135
876812 18493 228 65206
876813 18493 228 31457
876814 18493 228 267
876815 18493 228 1615
876816 18493 228 9047
876817 18493 228 65207
876818 18493 228 65208
876819 18493 228 65209
876820 18493 228 38193
876821 18493 228 4627
876822 18493 228 65210
876823 18493 228 65211
876824 18493 228 4359
876825 18493 228 65212
876826 18493 228 65213
876827 18493 228 57848
876828 18493 228 52089
876829 18493 228 1976
876830 18493 228 369
876831 18493 228 38327
876832 18493 228 65214
876833 18493 228 65215
876834 18493 228 65216
876835 18493 228 53509
876836 18493 228 65217
876837 18493 228 10928
876838 18493 228 65218
876839 18493 228 19199
876840 18493 228 65219
876841 18493 228 65220
876842 18493 228 65221
876843 18493 228 20053
876844 18493 228 65222
876845 18493 228 65223
876846 18493 228 7690
876847 18493 228 65224
876848 18493 228 51697
876849 18493 228 65225
876854 148898 228 254
876855 148898 228 138
876856 148898 228 15
876886 97583 228 41316
876887 97583 228 6928
876888 97583 228 125
876889 97583 228 35
876890 97583 228 65229
876891 97583 228 38744
876892 97583 228 27449
876893 97583 228 14135
876894 58965 228 65230
876895 58965 228 328
876898 97766 228 53694
876899 97766 228 41613
876900 97766 228 32583
876974 43328 228 5469
877017 66274 228 3
877018 66274 228 137
877019 66274 228 65245
877020 66274 228 541
877021 66274 228 79
877022 66274 228 342
877041 15467 228 65246
877042 15467 228 308
877043 15467 228 362
877044 15467 228 4636
877045 15467 228 4635
877116 79642 228 240
877117 79642 228 4676
877118 79642 228 65231
877119 79642 228 286
877125 23279 228 65253
877126 23279 228 4362
877127 23279 228 3241
877128 23279 228 240
877129 23279 228 4234
877130 23279 228 352
877131 23279 228 138
877415 142731 228 982
877416 142731 228 20325
877417 142731 228 3662
877418 142731 228 27474
877419 142731 228 35088
877420 142731 228 65285
877455 85258 228 65283
877456 85258 228 11437
877457 85258 228 65298
877458 85258 228 635
877478 75636 228 42628
877479 75636 228 1058
877480 75636 228 19889
877481 75636 228 11717
877482 75636 228 334
877483 75636 228 125
877484 75636 228 57839
877497 107226 228 65302
877647 191527 228 125
877648 191527 228 65191
877649 16425 228 635
877650 16425 228 125
877651 16425 228 57839
877689 74130 228 65232
877694 50533 228 618
877695 50533 228 294
877696 50533 228 21
877697 50533 228 16371
877789 214163 228 125
877790 214163 228 57839
877793 88324 228 65230
877794 88324 228 65198
877797 179045 228 65325
877798 179045 228 307
877799 179045 228 65191
877840 142826 228 125
877841 142826 228 57839
877842 142826 228 24044
877843 142826 228 4327
877844 142826 228 65331
877845 142826 228 52097
877928 80086 228 4308
877929 80086 228 1727
877930 80086 228 340
877931 80086 228 369
877932 80086 228 285
877999 206770 228 51241
878127 87610 228 5158
878128 87610 228 556
878129 87610 228 3816
878130 87610 228 4653
878149 75430 228 19195
878150 75430 228 1037
878151 75430 228 125
878152 75430 228 1119
878153 75430 228 2427
878176 111408 228 1230
878177 111408 228 700
878178 111408 228 1528
878179 111408 228 637
878180 125872 228 65232
878280 15782 228 138
878281 15782 228 3743
878282 15782 228 1126
878283 15782 228 3811
878284 15782 228 4028
878285 15782 228 4490
878286 15782 228 80
878290 187150 228 7147
878291 187150 228 65376
878292 187150 228 969
878381 3156 228 65198
878382 3156 228 4490
878383 3156 228 1356
878384 3156 228 563
878404 12989 228 24645
878405 12989 228 42148
878406 12989 228 9427
878407 12989 228 1627
878437 20542 228 3366
878438 20542 228 638
878439 20542 228 1560
878444 44766 228 10616
878445 44766 228 941
878493 35507 228 5902
