883341 126685 231 24
883342 126685 231 1675
883343 126685 231 65462
883344 126685 231 17186
883345 126685 231 57076
883346 126685 231 49427
883347 126685 231 1233
883348 126685 231 1239
883349 126685 231 8986
883350 126685 231 21135
883351 126685 231 2236
883352 126685 231 4585
883353 126685 231 3787
883354 126685 231 2840
883390 82882 231 54392
883391 82882 231 9404
883392 82882 231 941
883393 82882 231 2520
883394 82882 231 138
883395 82882 231 1128
883396 82882 231 719
883397 82882 231 5748
883398 82882 231 8986
883585 18246 231 1896
883586 18246 231 583
883587 18246 231 24
883588 18246 231 3811
883698 80542 231 1923
883699 80542 231 1823
883700 80542 231 1128
883701 80542 231 1896
883702 80542 231 6
883703 80542 231 503
883704 80542 231 54361
883705 80542 231 3031
883706 80542 231 16736
883724 18750 231 2150
883725 18750 231 2520
883726 18750 231 2373
883727 18750 231 963
883728 18750 231 1128
883729 18750 231 1184
883730 18750 231 1896
883731 18750 231 4946
883732 18750 231 301
883733 18750 231 4349
883734 18750 231 8062
883735 18750 231 719
883736 18750 231 3526
883737 18750 231 3130
884014 180310 231 1049
884015 180310 231 941
884016 180310 231 1126
884017 180310 231 138
884018 180310 231 311
884019 180310 231 873
884020 180310 231 503
884021 180310 231 3750
884022 180310 231 1823
884023 180310 231 65495
884109 189113 231 65514
884110 189113 231 1128
884111 189113 231 286
884112 189113 231 503
884113 189113 231 873
884114 189113 231 1943
884115 189113 231 1923
884116 189113 231 1126
884117 189113 231 2581
884118 189113 231 2187
884119 189113 231 65477
884120 189113 231 10286
884121 189113 231 138
884122 189113 231 416
884123 189113 231 2476
884180 152663 231 63677
884181 152663 231 452
884182 152663 231 286
884183 152663 231 941
884184 152663 231 2373
884185 152663 231 65477
884186 152663 231 52085
884187 152663 231 1937
884188 152663 231 503
884189 152663 231 2795
884190 152663 231 2477
884191 152663 231 27947
884192 152663 231 4585
884193 152663 231 65508
884194 152663 231 295
884195 152663 231 17176
884196 152663 231 3743
884197 152663 231 2450
884198 152663 231 2198
884199 152663 231 1398
884200 152663 231 54361
884351 7456 231 2236
884352 7456 231 2520
884353 7456 231 1896
884354 7456 231 655
884355 7456 231 3526
884356 7456 231 1184
884357 7456 231 1821
884358 7456 231 8062
884359 7456 231 18367
884360 7456 231 65524
884423 11688 231 63677
884424 11688 231 286
884425 11688 231 4582
884426 11688 231 1937
884427 11688 231 138
884428 11688 231 873
884429 11688 231 301
884430 11688 231 328
884431 11688 231 3130
884432 11688 231 15284
884525 8204 231 47424
884526 8204 231 1999
884527 8204 231 138
884528 8204 231 2902
884529 8204 231 4053
884530 8204 231 2236
884531 8204 231 10286
884672 8696 231 65491
884673 8696 231 1128
884674 8696 231 503
884675 8696 231 24
884676 8696 231 2450
884677 8696 231 8407
884678 8696 231 331
884679 8696 231 80
884680 8696 231 16425
884681 8696 231 286
884682 8696 231 4137
884788 54570 231 2150
884789 54570 231 719
884790 54570 231 15
884791 54570 231 941
884792 54570 231 138
884793 54570 231 1185
884794 54570 231 1937
884795 54570 231 5800
884796 54570 231 3526
884797 54570 231 50701
884856 10304 231 57076
884857 10304 231 3130
884858 10304 231 2840
884859 10304 231 19034
884860 10304 231 1717
884861 10304 231 22710
884862 10304 231 8986
884863 10304 231 1675
884864 10304 231 3510
884865 10304 231 17103
884866 10304 231 47424
884892 128864 231 469
884893 128864 231 3832
884894 128864 231 65465
884895 128864 231 2187
884896 128864 231 2373
884897 128864 231 311
884898 128864 231 873
884899 128864 231 503
884900 128864 231 21140
884901 128864 231 3811
884902 128864 231 57195
884903 128864 231 1128
884944 182654 231 286
884945 182654 231 295
884946 182654 231 301
884947 182654 231 27947
884948 182654 231 328
884949 182654 231 11
884950 182654 231 138
884951 182654 231 10286
884952 182654 231 256
884953 182654 231 51828
884954 182654 231 3526
884955 182654 231 16895
884956 182654 231 3743
884957 182654 231 65482
885048 203104 231 1049
885049 203104 231 719
885050 203104 231 1821
885051 203104 231 4053
885052 203104 231 3526
885053 203104 231 46650
885054 203104 231 50701
885055 203104 231 2840
885056 203104 231 311
885084 171999 231 1239
885085 171999 231 342
885086 171999 231 359
885087 171999 231 1128
885088 171999 231 138
885089 171999 231 941
885090 171999 231 1999
885218 72704 231 1128
885219 72704 231 1896
885220 72704 231 80
885221 72704 231 11
885222 72704 231 2902
885223 72704 231 8986
885224 72704 231 3526
885225 72704 231 2373
885586 165852 231 138
885587 165852 231 11
885588 165852 231 301
885589 165852 231 1775
885590 165852 231 46
885728 216038 231 47424
885729 216038 231 469
885730 216038 231 1128
885731 216038 231 15
885732 216038 231 301
885733 216038 231 8986
885734 216038 231 1123
885735 216038 231 3526
885736 216038 231 29
885764 15374 231 4201
885765 15374 231 301
885766 15374 231 342
885767 15374 231 15284
885768 15374 231 65482
885769 15374 231 4946
885770 15374 231 328
885771 15374 231 57076
885772 15374 231 3526
885773 15374 231 65470
885774 15374 231 27947
885775 15374 231 65480
885776 15374 231 295
885777 15374 231 138
885778 15374 231 47826
885779 15374 231 2795
885851 9283 231 138
885852 9283 231 4185
885853 9283 231 1128
885854 9283 231 1896
885855 9283 231 311
885856 9283 231 328
885857 9283 231 388
885858 9283 231 65465
885859 9283 231 2373
885860 9283 231 65477
885861 9283 231 15284
885862 9283 231 65483
885923 108531 231 2150
885924 108531 231 941
885925 108531 231 1923
885926 108531 231 1128
885927 108531 231 1943
885928 108531 231 503
885929 108531 231 52085
885930 108531 231 31976
885931 108531 231 286
885932 108531 231 2581
885933 108531 231 60476
885934 108531 231 3463
885935 108531 231 2795
885936 108531 231 2373
886138 102141 231 1565
886139 102141 231 523
886140 102141 231 1896
886141 102141 231 27397
886142 102141 231 3275
886155 180255 231 1049
886156 180255 231 138
886157 180255 231 1943
886158 180255 231 503
886159 180255 231 65564
886160 180255 231 873
886243 168941 231 1923
886244 168941 231 503
886245 168941 231 469
886246 168941 231 4137
886247 168941 231 2450
886248 168941 231 8986
886249 168941 231 54361
886250 168941 231 2198
886424 174765 231 1896
886425 174765 231 2236
886426 174765 231 655
886499 15423 231 27947
886500 15423 231 295
886501 15423 231 77
886502 15423 231 11
886503 15423 231 286
886504 15423 231 65482
886724 173267 231 5541
886725 173267 231 4053
886726 173267 231 503
886727 173267 231 963
886728 173267 231 138
886729 173267 231 328
886730 173267 231 5910
886731 173267 231 1896
886732 173267 231 8986
886733 173267 231 36230
886734 173267 231 3526
886735 173267 231 19034
886736 173267 231 3202
886737 173267 231 2795
886738 173267 231 65470
886739 173267 231 65480
886900 8492 231 941
886901 8492 231 1923
886902 8492 231 65509
886903 8492 231 503
886904 8492 231 1823
886905 8492 231 507
886906 8492 231 3750
886907 8492 231 138
886908 8492 231 2476
886909 8492 231 583
886910 8492 231 60476
886911 8492 231 65465
886933 18091 231 65541
886934 18091 231 138
886935 18091 231 6
886936 18091 231 1565
886937 18091 231 311
886938 18091 231 3811
886939 18091 231 523
886940 18091 231 27397
886983 102529 231 583
886984 102529 231 24
886985 102529 231 3787
886986 102529 231 19034
886987 102529 231 17103
886988 102529 231 1896
886989 102529 231 2450
886990 102529 231 57076
886991 102529 231 3130
886992 102529 231 4201
886993 102529 231 2840
887059 8510 231 2520
887060 8510 231 6030
887061 8510 231 1896
887062 8510 231 19337
887063 8510 231 5756
887064 8510 231 1184
887065 8510 231 43428
887066 8510 231 1239
887067 8510 231 13822
887068 8510 231 2840
887069 8510 231 138
887070 8510 231 963
887071 8510 231 941
887171 54720 231 1923
887172 54720 231 138
887173 54720 231 2150
887174 54720 231 2795
887175 54720 231 1128
887176 54720 231 1937
887177 54720 231 52085
887178 54720 231 1591
887179 54720 231 2198
887180 54720 231 2581
887181 54720 231 286
887182 54720 231 65524
887353 199096 231 311
887354 199096 231 3510
887355 199096 231 47424
887356 199096 231 11050
887357 199096 231 1717
887358 199096 231 8062
887359 199096 231 3526
887360 199096 231 65470
887361 199096 231 65498
887362 199096 231 11414
887363 199096 231 3130
887364 199096 231 4027
887365 199096 231 1918
887366 199096 231 29
887486 72654 231 1128
887487 72654 231 1896
887488 72654 231 8986
887489 72654 231 3202
887517 102722 231 65491
887518 102722 231 2319
887519 102722 231 18162
887520 102722 231 425
887521 102722 231 65477
887522 102722 231 3526
887523 102722 231 1823
887524 102722 231 3130
887525 102722 231 57076
887526 102722 231 3510
887527 102722 231 24
887528 102722 231 3787
887529 102722 231 523
887530 102722 231 2373
887545 177206 231 941
887546 177206 231 138
887547 177206 231 1937
887548 177206 231 50701
887549 177206 231 311
887550 177206 231 328
887551 177206 231 2236
887552 177206 231 3743
887553 177206 231 11821
887554 177206 231 55373
887555 177206 231 1184
887556 177206 231 2902
887557 91617 231 65515
887558 91617 231 507
887559 91617 231 941
887560 91617 231 11821
887561 91617 231 3811
887562 91617 231 1823
887563 91617 231 3463
887564 91617 231 873
887565 91617 231 3743
887575 12619 231 11
887576 12619 231 342
887577 12619 231 2373
887578 12619 231 11779
887579 12619 231 328
887580 12619 231 80
887581 12619 231 77
887582 12619 231 331
887583 12619 231 2543
887584 27237 231 138
887585 27237 231 963
887586 27237 231 1233
887587 27237 231 1128
887588 27237 231 1896
887589 27237 231 301
887590 27237 231 3526
887591 27237 231 8062
887592 27237 231 912
887593 27237 231 19337
887594 27237 231 17103
887629 73112 231 941
887630 73112 231 1923
887631 73112 231 1577
887632 73112 231 138
887633 73112 231 2795
887634 73112 231 1128
887635 73112 231 1937
887636 73112 231 311
887637 73112 231 286
887638 73112 231 51828
887639 73112 231 256
887640 73112 231 60476
887641 73112 231 295
887692 1140 231 1049
887693 1140 231 941
887694 1140 231 15
887695 1140 231 138
887696 1140 231 311
887697 1140 231 301
887698 1140 231 1565
887699 1140 231 2373
887700 1140 231 15284
887701 1140 231 3130
887702 1140 231 57076
887703 1140 231 3526
887773 49146 231 992
887774 49146 231 138
887775 49146 231 1937
887776 49146 231 328
887777 49146 231 11
887778 49146 231 15497
887779 49146 231 301
887852 99744 231 941
887853 99744 231 138
887854 99744 231 1128
887855 99744 231 1937
887856 99744 231 27947
887857 99744 231 328
887858 99744 231 6
887859 99744 231 1367
887860 99744 231 503
887861 99744 231 286
887862 99744 231 4137
887863 99744 231 256
887864 99744 231 10286
887865 99744 231 301
887963 31927 231 11
887964 31927 231 503
887965 31927 231 15791
887966 31927 231 1128
887967 31927 231 27947
887968 31927 231 2373
887969 31927 231 5724
887970 31927 231 65465
887971 31927 231 873
887972 31927 231 24
887973 31927 231 2450
887974 31927 231 65584
888097 127402 231 941
888098 127402 231 2373
888099 127402 231 138
888100 127402 231 1184
888101 127402 231 2197
888102 127402 231 1128
888103 127402 231 1937
888104 127402 231 873
888105 169092 231 65557
888106 169092 231 3130
888107 169092 231 1715
888108 169092 231 719
888109 169092 231 15284
888110 169092 231 46877
888111 169092 231 3378
888131 146902 231 992
888132 146902 231 138
888133 146902 231 328
888134 146902 231 3743
888135 146902 231 11
888136 146902 231 15497
888137 146902 231 5541
888138 146902 231 2543
888139 146902 231 286
888147 200128 231 63677
888148 200128 231 503
888149 200128 231 2795
888150 200128 231 24
888151 200128 231 1923
888152 200128 231 311
888153 200128 231 2450
888154 200128 231 1191
888155 200128 231 1943
888156 200128 231 2198
888157 200128 231 16736
888158 25236 231 3966
888159 25236 231 138
888160 25236 231 80
888161 25236 231 2902
888162 25236 231 328
888163 25236 231 10286
888195 174206 231 3800
888196 174206 231 1896
888197 174206 231 301
888198 174206 231 1918
888199 174206 231 3526
888200 174206 231 65470
888201 174206 231 2373
888202 174206 231 65465
888203 174206 231 1565
888204 174206 231 4185
888205 174206 231 2236
888206 174206 231 469
888207 174206 231 342
888208 174206 231 8062
888209 174206 231 2514
888210 174206 231 5724
888211 174206 231 27947
888212 174206 231 1999
888213 174206 231 1367
888214 174206 231 457
888215 174206 231 4585
888254 168215 231 2236
888255 168215 231 24
888256 168215 231 1123
888257 168215 231 301
888258 168215 231 2373
888259 168215 231 328
888260 168215 231 3800
888261 168215 231 4201
888274 150926 231 21140
888275 150926 231 138
888276 150926 231 4435
888277 150926 231 523
888278 150926 231 503
888279 150926 231 2975
888280 150926 231 1823
888281 150926 231 29469
888282 150926 231 15571
888283 150926 231 4934
888284 150926 231 54392
888442 52843 231 65588
888443 52843 231 138
888444 52843 231 11
888445 52843 231 2902
888446 52843 231 286
888447 52843 231 328
888448 52843 231 301
888449 52843 231 216
888450 52843 231 46
888475 100216 231 992
888476 100216 231 2373
888477 100216 231 77
888478 100216 231 11
888479 100216 231 328
888480 100216 231 301
888481 100216 231 10286
888572 190019 231 138
888573 190019 231 1128
888574 190019 231 328
888575 190019 231 301
888576 190019 231 3743
888577 190019 231 342
888578 190019 231 295
888579 190019 231 503
888580 190019 231 8062
888581 190019 231 65471
888582 190019 231 3130
888583 190019 231 57076
888584 190019 231 3787
888585 190019 231 4201
888586 190019 231 65589
888725 13039 231 138
888726 13039 231 1937
888727 13039 231 311
888728 13039 231 27947
888729 13039 231 328
888730 13039 231 3743
888731 13039 231 655
888732 13039 231 523
888733 13039 231 11
888734 13039 231 503
888735 13039 231 3811
888736 13039 231 286
888978 185360 231 65577
888979 185360 231 301
888980 185360 231 3526
888981 185360 231 328
888982 185360 231 457
889044 8456 231 457
889045 8456 231 65471
889046 8456 231 57076
889047 8456 231 301
889048 8456 231 328
889049 8456 231 17176
889050 20190 231 58178
889051 20190 231 65594
889052 20190 231 17176
889053 20190 231 342
889054 20190 231 301
889055 20190 231 1896
889056 20190 231 1128
889057 20190 231 457
889058 20190 231 2373
889059 20190 231 18367
889060 20190 231 5541
889061 20190 231 65517
889062 20190 231 20408
889063 20190 231 65571
889064 20190 231 3526
889065 20190 231 65470
889066 20190 231 719
889067 20190 231 4053
889068 20190 231 2477
889069 20190 231 65595
889161 55073 231 1999
889162 55073 231 138
889163 55073 231 1937
889164 55073 231 301
889165 55073 231 2902
889231 24898 231 3811
889232 24898 231 6
889233 24898 231 311
889234 24898 231 1896
889235 24898 231 1128
889236 24898 231 138
889237 24898 231 941
889238 24898 231 65482
889239 24898 231 65471
889240 24898 231 65514
889488 96818 231 2520
889489 96818 231 1896
889490 96818 231 3202
889491 96818 231 342
889492 96818 231 719
889493 96818 231 3275
889494 96818 231 8986
889495 96818 231 3907
889496 96818 231 11940
889497 151351 231 65524
889498 151351 231 1923
889499 151351 231 52
889500 151351 231 65465
889501 151351 231 2373
889502 151351 231 2795
889503 151351 231 1128
889504 151351 231 1591
889505 151351 231 286
889506 151351 231 503
889507 151351 231 47826
889508 151351 231 27947
889509 151351 231 11
889609 195622 231 65603
889610 195622 231 941
889611 195622 231 2187
889612 195622 231 1128
889613 195622 231 1584
889614 195622 231 6
889615 195622 231 1943
889616 195622 231 503
889617 195622 231 1126
889618 195622 231 16746
889651 9203 231 46799
889652 9203 231 2795
889653 9203 231 1128
889654 9203 231 1896
889655 9203 231 311
889656 9203 231 301
889657 9203 231 19337
889658 9203 231 2236
889659 9203 231 4027
889660 9203 231 65465
889661 169663 231 1923
889662 169663 231 60476
889663 169663 231 138
889664 169663 231 46799
889665 169663 231 52085
889666 169663 231 2795
889667 169663 231 1896
889668 169663 231 311
889669 169663 231 301
889670 169663 231 2236
889671 169663 231 295
889672 169663 231 583
889673 169663 231 24
889674 169663 231 425
889675 169663 231 503
889676 169663 231 4053
889677 169663 231 57076
889678 169663 231 1123
889796 108992 231 65494
889797 108992 231 1751
889798 108992 231 138
889799 108992 231 1715
889800 108992 231 361
889801 108992 231 38477
889802 108992 231 1128
889803 108992 231 1896
889804 108992 231 3526
889805 108992 231 1284
889872 216388 231 53183
889873 216388 231 65498
889874 216388 231 11050
889875 216388 231 13048
889876 216388 231 11414
889877 216388 231 3130
889878 216388 231 3790
889879 216388 231 54519
889880 216388 231 3526
889881 216388 231 46599
889882 216388 231 65576
889883 216388 231 65604
889884 216388 231 425
889885 216388 231 2295
889886 216388 231 65605
889887 216388 231 65537
889888 216388 231 963
889889 216388 231 941
889890 216388 231 1698
889891 216388 231 1239
890203 110765 231 941
890204 110765 231 1896
890205 110765 231 1821
890206 110765 231 1823
890207 110765 231 65599
890208 110765 231 1191
890569 55202 231 503
890570 55202 231 47826
890571 55202 231 1943
890572 55202 231 873
890573 55202 231 286
890574 55202 231 328
890575 55202 231 31976
890658 166993 231 391
890659 166993 231 301
890660 166993 231 65482
890661 166993 231 328
890662 166993 231 3526
890793 55212 231 65614
890794 55212 231 11779
890795 55212 231 1896
890796 55212 231 4946
890797 55212 231 8579
890798 55212 231 311
890799 55212 231 342
890800 55212 231 65479
890801 55212 231 719
890802 55212 231 8062
890803 55212 231 2514
890804 55212 231 4349
890805 55212 231 25641
890806 55212 231 3526
890807 55212 231 65465
890808 55212 231 2373
890809 55212 231 47826
890810 55212 231 65485
890811 55212 231 53183
890812 55212 231 11
890813 55212 231 65466
890814 55212 231 65490
890815 55212 231 11050
890816 55212 231 4742
890817 55212 231 20383
890818 55212 231 65492
890819 55212 231 30316
890847 13671 231 452
890848 13671 231 503
890849 13671 231 11
890850 13671 231 1943
890851 13671 231 301
890852 13671 231 1128
890853 13671 231 963
890854 13671 231 138
890855 13671 231 5541
890872 72345 231 3130
890873 72345 231 2646
890874 72345 231 311
890875 72345 231 1565
890876 72345 231 503
890877 72345 231 55373
890878 72345 231 65486
890879 72345 231 1821
890880 72345 231 4934
890881 72345 231 19034
891025 112301 231 2373
891026 112301 231 328
891027 112301 231 15497
891028 112301 231 4201
891029 112301 231 11
891030 112301 231 138
891031 112301 231 10286
891032 112301 231 301
891043 60528 231 301
891044 60528 231 77
891045 60528 231 11
891114 3004 231 286
891115 3004 231 65559
891116 3004 231 2150
891117 3004 231 138
891118 3004 231 1937
891119 3004 231 328
891120 3004 231 301
891121 3004 231 3743
891122 3004 231 65482
891174 173883 231 47561
891175 173883 231 286
891176 173883 231 11
891177 173883 231 6
891178 173883 231 873
891179 173883 231 3743
891180 173883 231 1367
891181 173883 231 52
891182 173883 231 4585
891183 173883 231 57076
891248 190440 231 941
891249 190440 231 47765
891250 190440 231 6
891251 190440 231 3750
891252 190440 231 3800
891253 190440 231 2373
891254 190440 231 873
891255 190440 231 286
891256 190440 231 20817
891257 190440 231 1367
891294 13796 231 11821
891295 13796 231 33527
891296 13796 231 2150
891297 13796 231 941
891298 13796 231 138
891299 13796 231 963
891300 13796 231 4435
891301 13796 231 286
891302 13796 231 3743
891400 23629 231 3828
891401 23629 231 19747
891402 23629 231 138
891403 23629 231 1191
891404 23629 231 3743
891405 23629 231 286
891406 23629 231 295
891407 23629 231 47826
891418 7498 231 47424
891419 7498 231 503
891420 7498 231 24
891421 7498 231 1923
891422 7498 231 2477
891423 7498 231 2450
891424 7498 231 3811
891425 7498 231 2476
891426 7498 231 4582
891652 126870 231 941
891653 126870 231 1896
891654 126870 231 1128
891655 126870 231 1937
891656 126870 231 719
891657 126870 231 4053
891658 126870 231 413
891659 126870 231 655
891660 126870 231 4349
891661 126870 231 3526
891662 126870 231 65607
891663 126870 231 18367
891893 197763 231 65540
891894 197763 231 138
891895 197763 231 57076
891896 197763 231 24
891897 197763 231 301
891898 197763 231 328
891899 197763 231 1896
891900 197763 231 29
891948 13985 231 2373
891949 13985 231 52085
891950 13985 231 27947
891951 13985 231 873
891952 13985 231 719
891953 13985 231 8778
891954 13985 231 4201
891955 13985 231 583
891956 13985 231 1565
891957 13985 231 11
891958 13985 231 24
891959 13985 231 503
891960 13985 231 452
891961 13985 231 57076
891962 13985 231 60476
891963 13985 231 2795
891964 13985 231 4585
891965 13985 231 2477
891966 13985 231 4053
891967 13985 231 286
891968 13985 231 138
891969 13985 231 941
891970 13985 231 295
891971 13985 231 1398
891972 13985 231 2589
892009 148084 231 1239
892010 148084 231 523
892011 148084 231 342
892012 148084 231 963
892013 148084 231 55373
892014 148084 231 49427
892070 178001 231 50701
892071 178001 231 1126
892072 178001 231 138
892073 178001 231 3743
892080 177950 231 3743
892081 177950 231 286
892082 177950 231 2150
892083 177950 231 15284
892084 177950 231 138
892129 16012 231 1896
892130 16012 231 3275
892131 16012 231 301
892132 16012 231 8986
892133 16012 231 3202
892134 16012 231 5541
892135 16012 231 57076
892136 16012 231 2373
892291 73438 231 1896
892292 73438 231 1565
892293 73438 231 2319
892294 73438 231 583
892295 73438 231 425
892296 73438 231 65474
892297 73438 231 33905
892320 119911 231 65465
892321 119911 231 65517
892322 119911 231 873
892323 119911 231 52
892324 119911 231 65571
892325 119911 231 65477
892326 119911 231 583
892327 119911 231 2373
892328 119911 231 47826
892329 119911 231 2477
892330 119911 231 2476
892331 119911 231 1577
892332 119911 231 503
892333 119911 231 425
892334 119911 231 17176
892335 119911 231 46799
892390 82466 231 6322
892391 82466 231 8986
892392 82466 231 1367
892393 82466 231 3787
892394 82466 231 873
892395 82466 231 65528
892396 82466 231 1896
892397 82466 231 719
892398 82466 231 1823
892399 82466 231 276
892431 14243 231 15497
892432 14243 231 77
892433 14243 231 3743
892434 14243 231 328
892435 14243 231 1937
892436 14243 231 138
892437 14243 231 2373
892438 14243 231 992
892439 14243 231 286
892581 152552 231 992
892582 152552 231 941
892583 152552 231 138
892584 152552 231 963
892585 152552 231 8579
892586 152552 231 1128
892587 152552 231 1896
892588 152552 231 4435
892589 152552 231 3510
892590 152552 231 1937
892591 152552 231 65505
892592 152552 231 24
892593 152552 231 4201
892594 152552 231 19034
892595 152552 231 3526
892596 152552 231 5541
892597 152552 231 452
892598 152552 231 47826
892599 152552 231 328
892600 152552 231 65490
892601 152552 231 10286
892602 152552 231 1943
892603 152552 231 11821
892604 152552 231 11
892605 152552 231 1126
892606 152552 231 286
892607 152552 231 2646
892608 152552 231 3758
892609 152552 231 28924
892610 152552 231 16746
892611 152552 231 2476
892612 152552 231 65501
892706 21637 231 503
892707 21637 231 2450
892708 21637 231 1128
892709 21637 231 17176
892710 21637 231 2476
892711 21637 231 24
892712 21637 231 4185
892713 21637 231 359
892714 21637 231 3463
892715 21637 231 1591
892716 21637 231 2198
892717 21637 231 8407
892718 21637 231 4137
892719 10183 231 941
892720 10183 231 1923
892721 10183 231 138
892722 10183 231 1937
892723 10183 231 503
892724 10183 231 1184
892725 10183 231 47424
892794 6323 231 469
892795 6323 231 503
892796 6323 231 873
892797 6323 231 46599
892798 6323 231 65465
892799 6323 231 23536
892800 6323 231 80
892801 6323 231 57076
892802 6323 231 3787
892803 6323 231 47826
893030 180821 231 65625
893031 180821 231 4201
893032 180821 231 2373
893033 180821 231 138
893034 180821 231 328
893035 180821 231 301
893036 180821 231 11
893037 180821 231 24
893038 180821 231 65482
893092 6367 231 65501
893093 6367 231 503
893094 6367 231 16425
893095 6367 231 138
893128 113353 231 1943
893129 113353 231 65616
893130 113353 231 469
893131 113353 231 416
893132 113353 231 873
893133 113353 231 65477
893134 113353 231 33218
893135 113353 231 2373
893136 113353 231 35961
893137 113353 231 286
893138 113353 231 4137
893139 113353 231 20817
893140 113353 231 8407
893141 113353 231 27947
893253 186353 231 57076
893254 186353 231 1751
893255 186353 231 67
893256 186353 231 311
893257 186353 231 3743
893258 186353 231 4201
893259 186353 231 1591
893260 186353 231 523
893261 186353 231 24
893262 186353 231 3790
893263 186353 231 4027
893264 186353 231 3130
893265 186353 231 2840
893266 186353 231 46799
893267 186353 231 19034
893268 186353 231 1049
893269 186353 231 57195
893270 186353 231 36230
893271 186353 231 1565
893272 186353 231 2198
893273 186353 231 47826
893407 175876 231 3966
893408 175876 231 4201
893409 175876 231 1999
893410 175876 231 1775
893411 175876 231 276
893412 175876 231 4585
893413 175876 231 65471
893414 175876 231 2236
893415 175876 231 17176
893416 175876 231 301
893563 91636 231 65635
893564 91636 231 138
893565 91636 231 1896
893566 91636 231 941
893567 91636 231 1128
893568 91636 231 1233
893569 91636 231 2156
893570 91636 231 873
893571 91636 231 29137
893572 91636 231 8986
893608 186933 231 4269
893609 186933 231 11
893610 186933 231 1184
893611 186933 231 286
893612 186933 231 873
893613 186933 231 295
893614 186933 231 65482
893615 186933 231 4201
893616 186933 231 47826
893617 186933 231 1937
893665 488 231 941
893666 488 231 138
893667 488 231 27947
893668 488 231 1937
893669 488 231 328
893670 488 231 301
893671 488 231 3743
893672 488 231 457
893673 488 231 655
893674 488 231 295
893675 488 231 11
893676 488 231 256
893677 488 231 286
893678 488 231 65482
893679 488 231 1398
893791 51430 231 1126
893792 51430 231 1584
893793 51430 231 6
893794 51430 231 1943
893795 51430 231 4269
893796 51430 231 32394
893797 51430 231 63677
893798 51430 231 2197
893799 51430 231 65508
893818 73710 231 35961
893819 73710 231 873
893820 73710 231 23536
893821 73710 231 286
893822 73710 231 65505
893823 73710 231 1937
893824 73710 231 20439
893825 73710 231 65508
893826 73710 231 941
893827 73710 231 1128
893828 73710 231 2150
893829 73710 231 2476
893830 73710 231 10286
893831 73710 231 36230
893832 73710 231 6985
893833 73710 231 29137
893834 73710 231 47826
893835 73710 231 2477
893836 24817 231 301
893837 24817 231 80
893838 24817 231 138
893839 24817 231 469
893840 24817 231 276
893841 24817 231 77
893842 24817 231 29
894001 8367 231 311
894002 8367 231 3811
894003 8367 231 1896
894004 8367 231 941
894005 8367 231 1233
894006 8367 231 1823
894076 6655 231 2150
894077 6655 231 18162
894078 6655 231 138
894079 6655 231 1128
894080 6655 231 1896
894081 6655 231 873
894082 6655 231 65477
894083 6655 231 1184
894084 6655 231 1943
894085 6655 231 29137
894086 6655 231 286
894087 6655 231 416
894088 6655 231 1126
894089 6655 231 6985
894090 6655 231 3811
894091 6655 231 2476
894092 6655 231 47826
894093 6655 231 941
894094 6655 231 503
894095 6655 231 1937
894096 6655 231 10286
894097 6655 231 35961
894098 6655 231 3743
894121 73762 231 2150
894122 73762 231 27947
894123 73762 231 328
894124 73762 231 3510
894125 73762 231 3743
894126 73762 231 1565
894127 73762 231 425
894128 73762 231 3811
894129 73762 231 286
894130 73762 231 26080
894131 73762 231 311
894132 73762 231 65508
894133 73762 231 55373
894134 8867 231 47424
894135 8867 231 138
894136 8867 231 941
894137 8867 231 873
894138 8867 231 1937
894139 8867 231 1184
894140 8867 231 2197
894141 8867 231 8407
894142 8867 231 35961
894143 8867 231 286
894144 8867 231 2476
894145 8867 231 1577
894146 8867 231 1128
894147 8867 231 20408
894148 8867 231 65542
894149 8867 231 65519
894150 8867 231 65508
894151 125588 231 941
894152 125588 231 503
894153 125588 231 1896
894154 125588 231 54259
894155 125588 231 1126
894156 125588 231 57076
894157 125588 231 54361
894158 125588 231 16736
894159 125588 231 413
894160 125588 231 2795
894161 125588 231 311
894193 180910 231 65540
894194 180910 231 4349
894195 180910 231 1918
894196 180910 231 25641
894197 180910 231 917
894198 180910 231 65474
894199 180910 231 65479
894200 180910 231 65526
894201 180910 231 15284
894202 180910 231 3130
894203 180910 231 11779
894204 180910 231 18367
894205 180910 231 20383
894206 180910 231 1675
894207 180910 231 3787
894208 180910 231 57076
894209 180910 231 3526
894210 180910 231 65470
894211 180910 231 655
894212 180910 231 8062
894336 67896 231 2150
894337 67896 231 1049
894338 67896 231 941
894339 67896 231 15
894340 67896 231 138
894341 67896 231 1937
894342 67896 231 27947
894343 67896 231 328
894344 67896 231 3743
894345 67896 231 295
894346 67896 231 11
894347 67896 231 503
894348 67896 231 286
894349 67896 231 2373
894350 67896 231 65482
894351 67896 231 1128
894352 67896 231 301
894353 67896 231 342
894354 67896 231 523
894376 79219 231 65637
894377 79219 231 1049
894378 79219 231 941
894379 79219 231 2373
894380 79219 231 138
894381 79219 231 1937
894382 79219 231 328
894383 79219 231 301
894384 79219 231 46
894385 79219 231 80
894386 79219 231 2236
894387 79219 231 342
894388 79219 231 583
894389 79219 231 11
894390 79219 231 503
894391 79219 231 2902
894392 79219 231 286
894393 79219 231 47826
894394 79219 231 2477
894395 79219 231 27947
894396 79219 231 3743
894397 79219 231 873
894398 79219 231 65465
894399 1442 231 2373
894400 1442 231 2477
894401 1442 231 52085
894402 1442 231 8579
894403 1442 231 23536
894404 1442 231 65477
894405 1442 231 28788
894406 1442 231 8778
894407 1442 231 65579
894408 1442 231 27947
894409 1442 231 4201
894410 1442 231 873
894411 1442 231 3202
894412 1442 231 503
894413 1442 231 469
894414 1442 231 47826
894415 1442 231 18162
894416 1442 231 416
894417 1442 231 46599
894418 1442 231 8986
894419 1442 231 2450
894420 1442 231 4585
894421 1442 231 10286
894422 1442 231 452
894423 1442 231 342
894424 1442 231 912
894425 1442 231 11
894426 1442 231 24
894427 1442 231 65574
894428 1442 231 65626
894429 1442 231 138
894430 1442 231 11779
894431 1442 231 941
894432 1442 231 20383
894441 6762 231 2373
894442 6762 231 1184
894443 6762 231 77
894444 6762 231 941
894445 6762 231 138
894455 171875 231 1565
894456 171875 231 3787
894457 171875 231 57076
894458 171875 231 47826
894459 171875 231 65471
894460 171875 231 24
894461 171875 231 2795
894462 171875 231 3130
894463 171875 231 15284
894464 171875 231 16736
894465 171875 231 65473
894486 159383 231 1331
894487 159383 231 46599
894488 159383 231 873
894489 159383 231 23536
894490 159383 231 29137
894491 159383 231 286
894492 159383 231 47826
894493 159383 231 328
894494 159383 231 2646
894495 159383 231 416
894568 175207 231 65487
894569 175207 231 301
894570 175207 231 311
894571 175207 231 912
894572 175207 231 4201
894573 175207 231 342
894574 175207 231 4256
894575 175207 231 67
894576 175207 231 19034
894577 175207 231 2520
894578 175207 231 2236
894579 175207 231 15791
894580 175207 231 1123
894674 67975 231 50701
894675 67975 231 2150
894676 67975 231 1923
894677 67975 231 138
894678 67975 231 1937
894679 67975 231 11821
894680 67975 231 11
894681 67975 231 503
894682 67975 231 286
894683 67975 231 2902
894684 67975 231 2795
894752 171246 231 4201
894753 171246 231 4269
894754 171246 231 391
894755 171246 231 328
894756 171246 231 301
894757 171246 231 65471
894758 171246 231 57076
894759 171246 231 3787
894760 171246 231 3800
894761 171246 231 15284
894762 171246 231 65482
894763 199822 231 5541
894764 199822 231 138
894765 199822 231 1896
894766 199822 231 17103
894767 199822 231 328
894768 199822 231 1284
894769 199822 231 4027
894770 199822 231 1331
894849 7524 231 4582
894850 7524 231 2236
894851 7524 231 276
894852 7524 231 3526
894853 7524 231 65465
894854 7524 231 138
894980 105502 231 27947
894981 105502 231 3811
894982 105502 231 8579
894983 105502 231 4269
894984 105502 231 286
894985 105502 231 2198
894986 105502 231 1123
894987 105502 231 40701
894988 105502 231 24
894989 105502 231 2450
895141 7539 231 2902
895142 7539 231 503
895143 7539 231 1937
895144 7539 231 138
895145 7539 231 15
895146 7539 231 941
895367 6985 231 65487
895368 6985 231 301
895369 6985 231 719
895370 6985 231 917
895371 6985 231 342
895372 6985 231 507
895373 6985 231 4349
895374 6985 231 655
895375 6985 231 1918
895615 169338 231 65541
895616 169338 231 3130
895617 169338 231 311
895618 169338 231 342
895619 169338 231 1565
895620 169338 231 523
895621 169338 231 3526
895622 169338 231 1239
895623 169338 231 912
895668 191468 231 2163
895669 191468 231 941
895670 191468 231 1126
895671 191468 231 3743
895672 191468 231 1584
895673 191468 231 6
895674 191468 231 503
895675 191468 231 65508
895676 191468 231 1128
895868 192675 231 18162
895869 192675 231 6985
895870 192675 231 47826
895871 192675 231 873
895872 192675 231 1943
895873 192675 231 2476
895874 192675 231 286
895875 192675 231 65505
895876 192675 231 65508
895877 192675 231 503
895919 203203 231 286
895920 203203 231 11
895921 203203 231 11821
895922 203203 231 1943
895923 203203 231 873
895924 203203 231 328
895925 203203 231 1937
895926 203203 231 1128
895927 203203 231 4585
895928 203203 231 138
895929 203203 231 2150
895930 203203 231 17176
895931 203203 231 65571
895932 203203 231 47826
895933 203203 231 2795
895934 203203 231 65508
895962 169777 231 3463
895963 169777 231 583
895964 169777 231 1565
895965 169777 231 3130
895966 169777 231 57076
895967 169777 231 3787
895968 169777 231 19034
895969 169777 231 1239
895970 169777 231 25378
895971 169777 231 65483
895972 169777 231 425
895973 169777 231 3510
896050 139774 231 3938
896051 139774 231 1896
896052 139774 231 503
896053 139774 231 311
896054 139774 231 469
896055 139774 231 425
896056 139774 231 2187
896057 139774 231 8986
896058 139774 231 65477
896059 139774 231 3526
896060 139774 231 65470
896102 174204 231 65487
896103 174204 231 301
896104 174204 231 507
896105 174204 231 33220
896106 174204 231 719
896107 174204 231 912
896108 174204 231 1565
896109 174204 231 583
896110 174204 231 311
896111 174204 231 18367
896112 174204 231 3130
896113 174204 231 4349
896114 174204 231 1918
896115 174204 231 2631
896116 174204 231 65474
896117 174204 231 3526
896118 174204 231 65470
896119 174204 231 60476
896120 174204 231 19337
896121 174204 231 17176
896122 174204 231 2514
896189 201579 231 65550
896190 201579 231 8778
896191 201579 231 4185
896192 201579 231 138
896193 201579 231 1431
896194 201579 231 583
896195 201579 231 5541
896196 201579 231 11
896197 201579 231 24
896198 201579 231 2795
896199 201579 231 4585
896240 175798 231 65648
896241 175798 231 3130
896242 175798 231 2795
896243 175798 231 24
896244 175798 231 17103
896245 175798 231 6776
896246 175798 231 25378
896247 175798 231 19034
896248 175798 231 1565
896249 175798 231 57076
896250 175798 231 3202
896251 175798 231 8986
896252 175798 231 67
896387 79952 231 992
896388 79952 231 941
896389 79952 231 138
896390 79952 231 2197
896391 79952 231 1937
896392 79952 231 11
896393 79952 231 286
896394 79952 231 77
896395 79952 231 15497
896396 79952 231 328
896397 79952 231 873
896398 79952 231 1128
896399 79952 231 2902
896400 7462 231 3883
896401 7462 231 138
896402 7462 231 457
896403 7462 231 77
896404 7462 231 328
896405 7462 231 10286
896406 7462 231 2902
896644 112305 231 23536
896645 112305 231 1943
896646 112305 231 286
896647 112305 231 65465
896648 112305 231 52085
896649 112305 231 416
896650 112305 231 20439
896651 112305 231 31976
896652 112305 231 873
896653 112305 231 1937
896654 112305 231 65508
896655 112305 231 2150
896656 112305 231 941
896657 112305 231 2373
896658 112305 231 138
896659 112305 231 11779
896660 112305 231 27947
896661 112305 231 11
896662 112305 231 503
896778 191762 231 1896
896779 191762 231 2236
896780 191762 231 941
896781 191762 231 65512
896782 191762 231 5756
896783 191762 231 43428
896784 191762 231 4256
896785 191762 231 19337
896786 191762 231 8986
896787 191762 231 1128
896788 191762 231 963
896789 191762 231 1123
896848 51667 231 941
896849 51667 231 1937
896850 51667 231 27947
896851 51667 231 3743
896852 51667 231 523
896853 51667 231 4201
896854 51667 231 503
896855 51667 231 286
896856 51667 231 3526
896857 51667 231 138
896858 51667 231 10286
896859 51667 231 328
896860 51667 231 36230
896938 168438 231 2795
896939 168438 231 47826
896940 168438 231 60476
896941 168438 231 8579
896942 168438 231 65477
896943 168438 231 52
896944 168438 231 65465
896945 168438 231 52085
896946 168438 231 8778
896947 168438 231 65471
896948 168438 231 3510
896949 168438 231 4201
896950 168438 231 65474
896951 168438 231 40701
896952 168438 231 65470
896953 168438 231 80
896954 168438 231 1923
896955 168438 231 3526
896956 168438 231 57076
896957 168438 231 15284
896958 168438 231 583
896959 168438 231 24
896960 168438 231 425
896961 168438 231 503
896962 168438 231 469
896963 168438 231 2450
896964 168438 231 17176
896965 168438 231 16895
896966 168438 231 27947
896967 168438 231 295
896968 168438 231 1398
896969 168438 231 59944
896970 168438 231 2477
896971 168438 231 4585
896972 168438 231 2840
896973 168438 231 19034
896974 168438 231 6776
896975 168438 231 17061
896976 168438 231 1565
896977 168438 231 655
896978 168438 231 25641
896979 168438 231 36230
896980 168438 231 301
896981 168438 231 1702
896982 168438 231 4562
896983 168438 231 65475
896984 168438 231 342
896985 168438 231 719
896986 168438 231 2421
896987 168438 231 8986
896988 168438 231 1233
896989 168438 231 5756
896990 168438 231 20383
896991 168438 231 12321
896992 168438 231 65562
896993 168438 231 5748
896994 168438 231 6135
896995 168438 231 3337
896996 168438 231 46599
896997 168438 231 4053
896998 168438 231 5830
896999 168438 231 5910
897000 168438 231 912
897001 168438 231 5541
897002 168438 231 1999
897003 168438 231 2150
897004 168438 231 941
897005 168438 231 65500
897006 168438 231 46799
897007 168438 231 138
897008 168438 231 3787
897009 168438 231 963
897010 168438 231 65649
897011 168438 231 65604
897012 168438 231 12274
897013 168438 231 8062
897014 168438 231 44642
897015 168438 231 6
897016 168438 231 5752
897017 168438 231 4349
897018 168438 231 3275
897019 168438 231 15497
897020 168438 231 452
897021 168438 231 3130
897022 168438 231 57195
897023 168438 231 1049
897024 168438 231 65508
897025 168438 231 1239
897026 9583 231 1896
897027 9583 231 503
897028 9583 231 6
897029 9583 231 311
897030 9583 231 1184
897031 9583 231 1126
897032 9583 231 1584
897033 9583 231 47424
897034 9583 231 2187
897035 9583 231 27947
897036 9583 231 29
897037 87528 231 65558
897038 87528 231 138
897039 87528 231 1896
897040 87528 231 301
897041 87528 231 256
897042 87528 231 25378
897043 87528 231 8986
897044 87528 231 4185
897045 87528 231 2795
897046 87528 231 3526
897047 87528 231 65465
897048 87528 231 457
897049 87528 231 4585
897050 87528 231 17176
897051 87528 231 24
897052 87528 231 57076
897266 9603 231 3832
897267 9603 231 1823
897268 9603 231 65510
897269 9603 231 65509
897270 9603 231 4934
897271 9603 231 1191
897272 9603 231 19747
897273 9603 231 1923
897274 9603 231 1896
897646 199022 231 65521
897647 199022 231 1999
897648 199022 231 941
897649 199022 231 15
897650 199022 231 138
897651 199022 231 1128
897652 199022 231 1896
897653 199022 231 1937
897654 199022 231 523
897655 199022 231 2150
897656 199022 231 2236
897657 199022 231 361
897658 199022 231 719
897659 199022 231 1267
897804 61960 231 1367
897805 61960 231 328
897806 61960 231 301
897807 61960 231 6
897808 61960 231 873
897809 61960 231 138
897810 61960 231 941
897811 61960 231 3526
897812 61960 231 655
897813 61960 231 3743
897814 61960 231 286
897815 61960 231 27947
897816 61960 231 18367
898155 179040 231 50701
898156 179040 231 65482
898157 179040 231 941
898158 179040 231 138
898159 179040 231 328
898160 179040 231 3743
898161 179040 231 295
898162 179040 231 11821
898163 179040 231 286
898241 69341 231 1126
898242 69341 231 1584
898243 69341 231 6
898251 203227 231 2236
898252 203227 231 1896
898253 203227 231 67
898254 203227 231 3130
898255 203227 231 1751
898256 203227 231 3510
898257 203227 231 60722
898291 128343 231 65582
898292 128343 231 992
898293 128343 231 2373
898294 128343 231 138
898295 128343 231 1128
898296 128343 231 1896
898297 128343 231 311
898298 128343 231 2236
898299 128343 231 388
898300 128343 231 11
898301 128343 231 65465
898302 128343 231 1751
898303 128343 231 15284
898304 128343 231 8986
898305 128343 231 2795
898306 128343 231 3526
898307 128343 231 47826
898308 128343 231 328
898309 128343 231 2477
898310 128343 231 65466
898311 128343 231 27947
898312 128343 231 5541
898313 128343 231 1284
898314 128343 231 873
898315 128343 231 65517
898316 128343 231 17176
898317 128343 231 67
898318 128343 231 425
898319 128343 231 1565
898320 128343 231 1999
898321 128343 231 1123
898475 15125 231 138
898476 15125 231 65465
898477 15125 231 328
898478 15125 231 11
898479 15125 231 2477
898480 15125 231 24
898481 15125 231 4201
898563 102232 231 6
898564 102232 231 31976
898565 102232 231 1128
898566 102232 231 503
898567 102232 231 2198
898568 102232 231 1943
898569 102232 231 1591
898570 102232 231 65483
898688 80005 231 2150
898689 80005 231 941
898690 80005 231 2373
898691 80005 231 138
898692 80005 231 1937
898693 80005 231 3743
898694 80005 231 873
898695 80005 231 11821
898793 53605 231 1049
898794 53605 231 941
898795 53605 231 2795
898796 53605 231 1128
898797 53605 231 6
898798 53605 231 503
898799 53605 231 65529
898800 53605 231 1923
898801 53605 231 3031
898807 68861 231 941
898808 68861 231 138
898809 68861 231 1184
898810 68861 231 4585
898811 68861 231 2197
898812 68861 231 1128
898813 68861 231 1896
898814 68861 231 64914
898815 68861 231 1937
898816 68861 231 32394
898817 68861 231 873
898818 68861 231 35961
898855 146608 231 3800
898856 146608 231 342
898857 146608 231 391
898858 146608 231 138
898859 146608 231 301
898860 146608 231 328
898861 146608 231 10286
898862 146608 231 2795
898863 146608 231 3526
898864 146608 231 65470
898865 146608 231 65465
898866 146608 231 2373
898867 146608 231 57076
898868 146608 231 65471
898869 146608 231 8986
898870 146608 231 65509
898871 146608 231 47826
898872 146608 231 2477
898919 9752 231 138
898920 9752 231 963
898921 9752 231 3510
898922 9752 231 1937
898923 9752 231 8778
898924 9752 231 873
898925 9752 231 286
898926 9752 231 57076
898927 9752 231 503
898945 92521 231 3800
898946 92521 231 301
898947 92521 231 77
898948 92521 231 2520
898949 92521 231 276
898950 92521 231 328
899112 170978 231 3898
899113 170978 231 1191
899114 170978 231 1128
899115 170978 231 1565
899116 170978 231 19034
899117 170978 231 3130
899118 170978 231 2319
899119 170978 231 21336
899120 170978 231 65552
899154 192243 231 2236
899155 192243 231 80
899156 192243 231 311
899157 192243 231 65478
899158 192243 231 1128
899159 192243 231 65465
899160 192243 231 2795
899161 192243 231 3526
899162 192243 231 18367
899163 192243 231 1123
899184 118 231 1049
899185 118 231 138
899186 118 231 27947
899187 118 231 301
899188 118 231 342
899189 118 231 295
899190 118 231 583
899191 118 231 11
899192 118 231 24
899193 118 231 503
899194 118 231 57076
899195 118 231 256
899196 118 231 3526
899197 118 231 51828
899198 118 231 65482
899204 17831 231 11
899205 17831 231 15497
899206 17831 231 2373
899207 17831 231 301
899208 17831 231 77
899254 75228 231 2150
899255 75228 231 1128
899256 75228 231 8407
899257 75228 231 24
899258 75228 231 1823
899259 75228 231 3463
899260 75228 231 65469
899284 184801 231 1823
899285 184801 231 5748
899286 184801 231 4934
899287 184801 231 1651
899288 184801 231 3202
899289 184801 231 25378
899290 184801 231 8986
899291 184801 231 3787
899292 184801 231 24
899293 184801 231 301
899294 184801 231 3526
899295 184801 231 6
899296 184801 231 311
899297 184801 231 8062
899298 184801 231 1565
899314 44270 231 138
899315 44270 231 65482
899316 44270 231 328
899317 44270 231 301
899318 44270 231 917
899319 44270 231 1367
899359 139814 231 65660
899360 139814 231 1943
899361 139814 231 416
899362 139814 231 873
899363 139814 231 583
899364 139814 231 503
899365 139814 231 65477
899366 139814 231 2476
899367 139814 231 3787
899368 139814 231 2646
899399 9815 231 41614
899400 9815 231 1128
899401 9815 231 1896
899402 9815 231 5541
899403 9815 231 3275
899404 9815 231 3526
899405 9815 231 65515
899430 9255 231 47424
899431 9255 231 873
899432 9255 231 29137
899433 9255 231 17176
899434 9255 231 469
899435 9255 231 80
899436 9255 231 40701
899437 9255 231 20439
899446 24394 231 138
899447 24394 231 941
899448 24394 231 1937
899449 24394 231 3883
899450 24394 231 1367
899451 24394 231 27947
899472 84085 231 3828
899473 84085 231 1233
899474 84085 231 17103
899475 84085 231 4185
899476 84085 231 1896
899519 9834 231 47424
899520 9834 231 1937
899521 9834 231 873
899522 9834 231 23536
899523 9834 231 1367
899524 9834 231 65466
899525 9834 231 10286
899526 9834 231 1184
899527 9834 231 65490
899528 9834 231 138
899612 135511 231 503
899613 135511 231 413
899614 135511 231 6
899615 135511 231 1923
899616 135511 231 941
899617 135511 231 16895
899618 135511 231 65661
899619 135511 231 29137
899620 135511 231 4585
899621 135511 231 2450
899622 135511 231 65509
899623 135511 231 27397
899624 135511 231 1943
899625 135511 231 31976
900058 85908 231 2589
900059 85908 231 295
900060 85908 231 65596
900061 85908 231 286
900062 85908 231 2373
900063 85908 231 138
900064 85908 231 873
900065 85908 231 503
900066 85908 231 941
900067 85908 231 20408
900068 85908 231 35961
900069 85908 231 328
900070 85908 231 3743
900071 85908 231 65574
900072 85908 231 10286
900073 85908 231 20071
900074 85908 231 1398
900075 85908 231 15497
900076 85908 231 5541
900077 85908 231 1937
900078 85908 231 1128
900079 85908 231 11
900080 85908 231 65508
900081 85908 231 65482
900106 175710 231 1565
900107 175710 231 3130
900108 175710 231 1923
900109 175710 231 2581
900110 175710 231 3378
900111 175710 231 15284
900112 175710 231 4201
900113 175710 231 3031
900114 175710 231 503
900115 175710 231 57076
900116 175710 231 138
900509 206280 231 503
900510 206280 231 1584
900511 206280 231 3787
900512 206280 231 1126
900513 206280 231 4053
900514 206280 231 8986
900515 206280 231 3800
900872 93014 231 65554
900873 93014 231 3883
900874 93014 231 1896
900875 93014 231 1128
900876 93014 231 2373
900877 93014 231 311
900878 93014 231 11
900879 93014 231 719
900880 93014 231 4053
900881 93014 231 992
900882 93014 231 4185
900883 93014 231 17176
900884 93014 231 65517
900885 93014 231 65466
900886 146861 231 992
900887 146861 231 2373
900888 146861 231 1128
900889 146861 231 15497
900890 146861 231 77
900891 146861 231 65564
901452 26851 231 3894
901453 26851 231 58178
901454 26851 231 138
901455 26851 231 1128
901456 26851 231 1937
901457 26851 231 301
901458 26851 231 15497
901459 26851 231 1126
901460 26851 231 5541
901586 178858 231 138
901587 178858 231 1896
901588 178858 231 342
901589 178858 231 719
901590 178858 231 50701
901591 178858 231 912
901592 178858 231 2902
901649 86706 231 1923
901650 86706 231 1651
901651 86706 231 523
901652 86706 231 1565
901653 86706 231 4053
901654 86706 231 1943
901655 86706 231 2198
901656 86706 231 3130
901657 86706 231 65599
901730 32488 231 3883
901731 32488 231 3787
901732 32488 231 4185
901733 32488 231 1896
901734 32488 231 46599
901735 32488 231 3526
901736 32488 231 8062
901888 8017 231 46599
901889 8017 231 80
901890 8017 231 15403
901891 8017 231 20383
901892 8017 231 2198
901893 8017 231 33218
901894 8017 231 2236
901895 8017 231 469
901984 86708 231 523
901985 86708 231 503
901986 86708 231 2373
901987 86708 231 31976
901988 86708 231 416
901989 86708 231 1943
901990 86708 231 65501
901991 86708 231 65545
902046 185320 231 992
902047 185320 231 138
902048 185320 231 2236
902049 185320 231 11
902050 185320 231 65482
902051 185320 231 328
902052 185320 231 4201
902053 185320 231 1123
902059 24209 231 65540
902060 24209 231 1128
902061 24209 231 3526
902062 24209 231 27947
902063 24209 231 873
902064 24209 231 47826
902065 24209 231 2373
902066 24209 231 15403
902067 24209 231 301
902068 24209 231 328
902069 24209 231 65470
902070 24209 231 65465
902242 10204 231 873
902243 10204 231 15361
902244 10204 231 138
902245 10204 231 941
902246 10204 231 1184
902247 10204 231 1126
902248 10204 231 2197
902249 10204 231 413
902250 10204 231 1049
902251 10204 231 295
902252 10204 231 286
902253 10204 231 65482
902365 56183 231 941
902366 56183 231 138
902367 56183 231 1128
902368 56183 231 1937
902369 56183 231 15
902370 56183 231 3811
902371 56183 231 1239
902372 56183 231 311
902373 56183 231 1267
902374 56183 231 6
902375 56183 231 46650
902376 56183 231 65593
902377 56183 231 65537
902378 56183 231 3130
902379 56183 231 50701
902649 64075 231 138
902650 64075 231 941
902651 64075 231 286
902652 64075 231 1937
902653 64075 231 6
902654 64075 231 1367
902655 64075 231 3526
902656 64075 231 50701
902657 64075 231 5756
902658 64075 231 328
902659 64075 231 301
902660 64075 231 65675
902661 7628 231 2373
902662 7628 231 1128
902663 7628 231 342
902664 7628 231 3526
902665 7628 231 286
902666 7628 231 47826
902667 7628 231 295
902668 7628 231 65482
902669 7628 231 1398
902670 7628 231 328
902671 7628 231 301
902672 7628 231 457
902673 8800 231 17176
902674 8800 231 457
902675 8800 231 57076
902676 8800 231 4256
902677 8800 231 65471
902678 8800 231 301
902679 8800 231 328
902680 8800 231 3526
902681 8800 231 1123
902682 8800 231 216
902683 8800 231 2450
902684 8800 231 29137
902685 8800 231 18367
902686 8800 231 295
902687 8800 231 1775
902688 8800 231 65503
902689 8800 231 65636
902708 17137 231 138
902709 17137 231 295
902710 17137 231 11
902711 17137 231 469
902712 17137 231 65482
902713 17137 231 301
902714 17137 231 328
902715 128 231 65473
902716 128 231 2795
902717 128 231 391
902718 128 231 311
902719 128 231 301
902720 128 231 295
902721 128 231 52085
902722 128 231 57076
902723 128 231 65482
902724 128 231 65471
902893 44325 231 2150
902894 44325 231 941
902895 44325 231 2373
902896 44325 231 138
902897 44325 231 1937
902898 44325 231 963
902899 44325 231 1128
902900 44325 231 1896
902901 44325 231 301
902902 44325 231 12321
902903 44325 231 1284
902904 44325 231 912
902905 44325 231 3526
902906 44325 231 328
903005 58804 231 941
903006 58804 231 2373
903007 58804 231 138
903008 58804 231 1937
903009 58804 231 1717
903010 58804 231 2902
903011 58804 231 1184
903012 58804 231 38477
903013 58804 231 65512
903014 58804 231 65486
903015 58804 231 26147
903370 24714 231 941
903371 24714 231 138
903372 24714 231 1937
903373 24714 231 2236
903374 24714 231 3743
903375 24714 231 286
903404 69702 231 63677
903405 69702 231 17176
903406 69702 231 4201
903407 69702 231 1123
903408 69702 231 328
903409 69702 231 24
903410 69702 231 295
904044 112448 231 941
904045 112448 231 138
904046 112448 231 1128
904047 112448 231 1937
904048 112448 231 1367
904049 112448 231 27947
904050 112448 231 328
904051 112448 231 3743
904052 112448 231 256
904053 112448 231 286
904054 112448 231 6
904055 112448 231 2476
904056 112448 231 3526
904057 112448 231 301
904058 112448 231 10286
904099 204797 231 65621
904100 204797 231 138
904101 204797 231 328
904102 204797 231 2795
904103 204797 231 11
904104 204797 231 507
904105 204797 231 992
904106 204797 231 46
904107 204797 231 3394
904127 167828 231 655
904128 167828 231 24
904129 167828 231 20383
904130 167828 231 8579
904131 167828 231 25641
904132 167828 231 15791
904133 167828 231 47826
904134 167828 231 65479
904135 167828 231 65675
904136 167828 231 4201
904137 167828 231 1675
904138 167828 231 27947
904139 167828 231 57076
904140 167828 231 3787
904141 167828 231 65471
904142 167828 231 328
904143 167828 231 301
904304 131988 231 65641
904305 131988 231 301
904306 131988 231 138
904307 131988 231 328
904308 131988 231 46
904367 184418 231 65532
904368 184418 231 2373
904369 184418 231 1128
904370 184418 231 1896
904371 184418 231 301
904372 184418 231 11
904373 184418 231 1284
904374 184418 231 912
904375 184418 231 2376
904376 184418 231 2902
904548 7652 231 47424
904549 7652 231 941
904550 7652 231 2373
904551 7652 231 311
904552 7652 231 361
904553 7652 231 65520
904554 7652 231 4185
904555 7652 231 2476
904556 7652 231 1577
904557 7652 231 4585
904779 56364 231 941
904780 56364 231 503
904781 56364 231 138
904782 56364 231 1937
904783 56364 231 286
904784 56364 231 873
904785 56364 231 1184
904786 56364 231 2156
904787 56364 231 214
904788 56364 231 29137
904789 56364 231 18162
904790 56364 231 35961
904791 56364 231 1128
904792 163848 231 3941
904793 163848 231 941
904794 163848 231 1185
904795 163848 231 4053
904796 163848 231 3787
904797 163848 231 912
904985 93160 231 63677
904986 93160 231 503
904987 93160 231 6
904988 93160 231 1126
904989 93160 231 1584
904990 93160 231 2187
904991 93160 231 1943
904992 93160 231 31976
904993 93160 231 2476
905142 7658 231 27947
905143 7658 231 301
905144 7658 231 4946
905145 7658 231 469
905146 7658 231 80
905147 7658 231 2236
905148 7658 231 1239
905149 7658 231 65515
905150 7658 231 1128
905151 7658 231 3202
905152 7658 231 4027
905153 7658 231 15571
905154 7658 231 47424
905155 7658 231 311
905156 7658 231 4582
905157 7658 231 8986
905158 7658 231 77
905159 7658 231 57076
905160 7658 231 65471
905161 7658 231 3526
905162 7658 231 17176
905163 7658 231 4349
905164 7658 231 328
905165 7658 231 3787
905166 7658 231 4585
905167 7658 231 65470
905168 7658 231 60476
905169 7658 231 1896
905170 7658 231 963
905171 7658 231 28788
905172 7658 231 3811
905173 7658 231 3463
905323 10032 231 52
905324 10032 231 311
905325 10032 231 873
905326 10032 231 11
905327 10032 231 17176
905328 10032 231 47826
905329 10032 231 80
905330 10032 231 65660
905331 10032 231 47424
905425 195507 231 941
905426 195507 231 2477
905427 195507 231 138
905428 195507 231 1128
905429 195507 231 1896
905430 195507 231 8062
905431 195507 231 11
905432 195507 231 40701
905433 195507 231 3510
905434 195507 231 10286
905475 89507 231 3809
905476 89507 231 1943
905477 89507 231 503
905478 89507 231 1284
905479 89507 231 416
905480 89507 231 38477
905481 89507 231 8986
905482 89507 231 65544
905483 89507 231 301
905528 10504 231 138
905529 10504 231 1128
905530 10504 231 311
905531 10504 231 873
905532 10504 231 47826
905533 10504 231 2795
905534 10504 231 719
905535 10504 231 11
905536 10504 231 47424
905537 10504 231 5748
905538 10504 231 416
905539 10504 231 33218
905540 10504 231 3743
905541 10504 231 11779
905542 10504 231 2373
905543 10504 231 3526
905544 10504 231 8986
905545 10504 231 47051
905546 10504 231 17103
905547 10504 231 993
905548 10504 231 3811
905549 10504 231 27947
905550 10504 231 8062
905551 10504 231 36230
906003 71243 231 50701
906004 71243 231 15
906005 71243 231 138
906006 71243 231 1233
906007 71243 231 1128
906008 71243 231 1239
906009 71243 231 6
906010 170500 231 941
906011 170500 231 1923
906012 170500 231 138
906013 170500 231 6
906014 170500 231 21140
906015 170500 231 65509
906016 170500 231 65689
906017 170500 231 3750
906018 32494 231 873
906019 32494 231 1591
906020 32494 231 24
906021 32494 231 19034
906022 32494 231 3787
906023 32494 231 57076
906024 32494 231 15791
906025 32494 231 3964
906040 151569 231 3832
906041 151569 231 57195
906042 151569 231 1049
906043 151569 231 941
906044 151569 231 2477
906045 151569 231 3463
906046 151569 231 1128
906047 151569 231 6372
906048 151569 231 425
906049 151569 231 6550
906050 151569 231 1823
906051 24830 231 65557
906052 24830 231 941
906053 24830 231 2520
906054 24830 231 138
906055 24830 231 1184
906056 24830 231 963
906057 24830 231 1128
906058 24830 231 1896
906059 24830 231 301
906060 24830 231 3811
906061 24830 231 4585
906091 127853 231 941
906092 127853 231 1128
906093 127853 231 1937
906094 127853 231 873
906095 127853 231 11
906096 127853 231 23536
906261 88860 231 1128
906262 88860 231 1896
906263 88860 231 8986
906264 88860 231 3202
906265 88860 231 19337
906266 88860 231 8062
906267 88860 231 3526
906867 3146 231 941
906868 3146 231 138
906869 3146 231 1937
906870 3146 231 27947
906871 3146 231 2236
906872 3146 231 3743
906873 3146 231 80
906874 3146 231 65482
906875 3146 231 1123
907002 10884 231 1049
907003 10884 231 15284
907004 10884 231 1184
907005 10884 231 941
907006 10884 231 138
907007 10884 231 1823
907008 10884 231 963
907009 10884 231 1233
907010 10884 231 1896
907011 10884 231 1937
907012 10884 231 3526
907013 10884 231 3130
907014 10884 231 1999
907015 10884 231 375
907016 10884 231 57076
907017 10884 231 655
907018 10884 231 8062
907019 10884 231 301
907020 10884 231 1239
907169 7936 231 3811
907170 7936 231 469
907171 7936 231 3130
907172 7936 231 1698
907173 7936 231 15284
907174 7936 231 8579
907175 7936 231 57076
907176 7936 231 65474
907177 7936 231 65499
907178 7936 231 67
907179 7936 231 138
907180 7936 231 17103
907181 7936 231 47826
907182 7936 231 3463
907183 7936 231 4585
907184 7936 231 963
907185 7936 231 1896
907186 7936 231 65537
907187 7936 231 1233
907188 7936 231 2795
907189 7936 231 4934
907190 7936 231 5756
907191 7936 231 311
907192 7936 231 65555
907193 7936 231 27947
907194 7936 231 15883
907195 7936 231 11050
907196 7936 231 342
907197 7936 231 3743
907198 7936 231 3526
907199 7936 231 10286
907200 7936 231 8062
907201 7936 231 1565
907202 7936 231 3790
907203 7936 231 1717
907204 7936 231 13048
907205 7936 231 26147
907206 7936 231 256
907207 7936 231 912
907208 7936 231 4027
907209 7936 231 1239
907523 179802 231 65584
907524 179802 231 138
907525 179802 231 286
907526 179802 231 503
907527 179802 231 1937
907528 179802 231 77
907529 179802 231 295
907572 7706 231 47424
907573 7706 231 1191
907574 7706 231 24252
907575 7706 231 6
907576 7706 231 1896
907577 7706 231 1367
907607 24948 231 941
907608 24948 231 138
907609 24948 231 3787
907610 24948 231 1128
907611 24948 231 2476
907612 24948 231 328
907613 24948 231 301
907614 24948 231 80
907615 24948 231 655
907616 24948 231 342
907617 24948 231 24
907618 24948 231 18367
907619 24948 231 4349
907620 24948 231 286
907621 24948 231 65546
907622 24948 231 3526
907623 24948 231 27947
907857 86716 231 2187
907858 86716 231 18162
907859 86716 231 65505
907860 86716 231 2795
907861 86716 231 1943
907862 86716 231 503
907863 86716 231 1126
907864 86716 231 469
907865 86716 231 2476
907866 86716 231 2646
907867 86716 231 416
907868 86716 231 65579
907869 86716 231 31976
907870 86716 231 873
907871 86716 231 8778
907872 86716 231 1128
907873 86716 231 583
907938 86473 231 46
907939 86473 231 1896
907940 86473 231 2476
907941 86473 231 3787
907942 86473 231 301
907943 86473 231 1775
907944 86473 231 8986
907945 86473 231 77
907946 86473 231 216
907967 8095 231 457
907968 8095 231 328
907969 8095 231 64914
907970 8095 231 47424
907971 8095 231 138
907972 8095 231 77
908030 39161 231 941
908031 39161 231 138
908032 39161 231 1184
908033 39161 231 1937
908034 39161 231 301
908035 39161 231 11
908100 62420 231 65532
908101 62420 231 138
908102 62420 231 941
908103 62420 231 3130
908104 62420 231 6
908105 62420 231 311
908106 62420 231 1049
908107 62420 231 1751
908108 62420 231 2902
908237 11528 231 286
908238 11528 231 138
908239 11528 231 52085
908240 11528 231 65505
908241 11528 231 27947
908242 11528 231 3743
908243 11528 231 295
908244 11528 231 941
908245 11528 231 65559
908246 11528 231 1398
908247 11528 231 1923
908248 11528 231 15
908249 11528 231 2373
908250 11528 231 1937
908251 11528 231 328
908252 11528 231 301
908253 11528 231 873
908254 11528 231 11821
908255 11528 231 503
908256 11528 231 2150
908257 11528 231 57076
908258 11528 231 2477
908259 11528 231 4585
908260 11528 231 47826
908261 11528 231 65574
908262 11528 231 3526
908263 11528 231 2450
908264 11528 231 20071
908265 11528 231 10286
908266 11528 231 2198
908267 11528 231 65596
908268 11528 231 1565
908269 11528 231 17176
908270 11528 231 256
908271 11528 231 51828
908272 11528 231 2476
908273 11528 231 65508
908274 11528 231 65482
908280 3156 231 138
908281 3156 231 328
908282 3156 231 301
908283 3156 231 2236
908284 3156 231 3743
908285 3156 231 295
908286 3156 231 1398
908287 3156 231 256
908288 3156 231 51828
908289 3156 231 286
908290 3156 231 65482
908291 3156 231 1123
908848 197423 231 54392
908849 197423 231 27397
908850 197423 231 17061
908851 197423 231 3130
908852 197423 231 65471
908853 197423 231 57076
908854 197423 231 3787
908855 197423 231 19034
908856 197423 231 65478
908857 197423 231 311
908858 197423 231 3526
908859 197423 231 65470
908860 197423 231 60381
908861 197423 231 60476
908862 197423 231 1565
908863 197423 231 24
908864 197423 231 583
908865 197423 231 425
908979 62459 231 65695
908980 62459 231 301
908981 62459 231 328
908982 62459 231 10286
909377 182221 231 1937
909378 182221 231 873
909379 182221 231 11
909380 182221 231 503
909381 182221 231 286
909382 182221 231 138
909383 182221 231 4137
909384 182221 231 47826
909385 182221 231 65660
909386 182221 231 3743
909387 182221 231 4201
909399 146610 231 1191
909400 146610 231 15284
909401 146610 231 1999
909402 146610 231 1231
909403 146610 231 3922
909636 188177 231 65699
909637 188177 231 2373
909638 188177 231 992
909639 188177 231 77
909640 188177 231 328
909641 188177 231 4185
909715 201942 231 2450
909716 201942 231 138
909717 201942 231 941
909718 201942 231 286
909719 201942 231 2198
909720 201942 231 31976
909721 201942 231 8986
909722 201942 231 1128
909723 201942 231 3750
909724 201942 231 47826
909757 25152 231 65547
909758 25152 231 941
909759 25152 231 138
909760 25152 231 2373
909761 25152 231 457
909762 25152 231 1128
909763 25152 231 1896
909764 25152 231 1937
909765 25152 231 328
909766 25152 231 301
909767 25152 231 655
909768 25152 231 11821
909769 25152 231 2902
909770 25152 231 80
909771 25152 231 1367
909772 25152 231 286
909828 7411 231 47561
909829 7411 231 15284
909830 7411 231 583
909831 7411 231 47424
909832 7411 231 5541
909833 7411 231 1128
909834 7411 231 65465
909835 7411 231 24
909836 7411 231 11
909837 7411 231 138
909838 7411 231 15883
909839 7411 231 2476
909880 126006 231 6
909881 126006 231 65509
909882 126006 231 2795
909883 126006 231 1128
909884 126006 231 1923
909927 54087 231 138
909928 54087 231 328
909929 54087 231 301
909930 54087 231 2902
910135 176460 231 65701
910136 176460 231 3130
910137 176460 231 1565
910138 176460 231 311
910139 176460 231 80
910140 176460 231 3790
910141 176460 231 2236
910142 176460 231 67
910143 176460 231 27397
910144 176460 231 1123
910145 176460 231 19034
910146 176460 231 65471
910147 176460 231 57076
