923918 126815 234 507
923948 7705 234 1123
923949 7705 234 311
923950 7705 234 17025
923951 7705 234 66053
924009 171112 234 941
924010 171112 234 125
924011 171112 234 138
924012 171112 234 3822
924040 79508 234 1896
924106 189030 234 57988
924107 189030 234 16343
924108 189030 234 138
924109 189030 234 66064
924167 15137 234 80
924168 15137 234 1896
924169 15137 234 2373
924170 15137 234 66089
924180 97419 234 2236
924181 97419 234 1123
924182 97419 234 1450
924183 97419 234 66092
924184 97419 234 66093
924223 11538 234 6
924224 11538 234 20496
924257 176642 234 66103
924258 176642 234 138
924259 176642 234 1106
924260 176642 234 3505
924261 176642 234 3224
924262 176642 234 4509
924263 176642 234 4746
924264 176642 234 66104
924265 176642 234 66105
924266 176642 234 66092
924267 54468 234 138
924268 54468 234 1616
924269 54468 234 125
924270 54468 234 3822
924271 54468 234 6
924272 54468 234 66106
924279 182521 234 29
924280 182521 234 127
924281 182521 234 125
924282 182521 234 1717
924283 182521 234 66109
924284 182521 234 66067
924297 97600 234 941
924298 97600 234 138
924299 97600 234 1183
924315 8186 234 138
924316 8186 234 4935
924317 8186 234 3505
924318 22984 234 138
924319 22984 234 4621
924320 22984 234 29935
924321 22984 234 66106
924347 11648 234 138
924348 11648 234 16343
924404 18689 234 125
924405 18689 234 4233
924406 18689 234 1183
924407 18689 234 941
924408 18689 234 54043
924409 18689 234 66089
924429 23001 234 44
924430 23001 234 1106
924431 23001 234 188
924432 23001 234 138
924433 23001 234 66129
924434 23001 234 66130
924435 23001 234 66131
924515 176743 234 941
924516 176743 234 29
924517 176743 234 125
924518 176743 234 507
924519 176743 234 66143
924526 4201 234 507
924527 4201 234 2156
924528 4201 234 66095
924529 4201 234 66144
924571 43192 234 1049
924572 43192 234 125
924573 43192 234 138
924574 43192 234 1197
924575 43192 234 3087
924661 176794 234 1049
924662 176794 234 125
924663 176794 234 3145
924699 203964 234 1049
924700 203964 234 80
924701 203964 234 60894
924702 203964 234 8921
924703 203964 234 8489
924704 203964 234 66154
924705 203964 234 66155
924792 176813 234 1049
924793 176813 234 941
924794 176813 234 1106
924795 176813 234 39
924796 176813 234 286
924964 31836 234 66087
924965 31836 234 3822
924974 20230 234 66054
924975 20230 234 138
924976 20230 234 3822
924977 20230 234 1896
924978 20230 234 66177
925067 98676 234 29
925068 98676 234 42252
925069 98676 234 125
925149 172995 234 66192
925150 172995 234 8294
925151 172995 234 65716
925152 172995 234 47978
925206 54766 234 66051
925384 221793 234 1049
925385 221793 234 4462
925386 221793 234 138
925487 99431 234 941
925488 99431 234 138
925489 99431 234 2810
925490 99431 234 3822
925509 12520 234 3358
925510 12520 234 301
925511 12520 234 2709
925512 12520 234 39
925513 12520 234 44
925599 9037 234 1049
925600 9037 234 17025
925601 9037 234 359
925602 9037 234 286
925603 9037 234 1052
925604 9037 234 507
925605 9037 234 46384
925630 173822 234 1123
925631 173822 234 66035
925632 173822 234 5486
925633 173822 234 66243
925682 37124 234 941
925683 37124 234 45
925684 37124 234 138
925685 37124 234 221
925693 189885 234 45
925694 189885 234 108
925695 189885 234 44
925696 189885 234 367
925704 37125 234 45
925705 37125 234 44
925729 23271 234 21609
925730 23271 234 80
925731 23271 234 343
925732 23271 234 1123
925776 174143 234 65716
925777 174143 234 17025
925778 174143 234 1123
925793 177314 234 1049
925794 177314 234 65744
925795 177314 234 343
925829 43468 234 138
925830 43468 234 529
925833 99950 234 343
925834 99950 234 1123
925841 99978 234 61714
925842 99978 234 3822
925843 99978 234 138
925844 99978 234 4729
925845 99978 234 39177
925846 99978 234 66259
925847 43480 234 941
925848 43480 234 138
925857 129733 234 66260
925858 129733 234 4636
925859 129733 234 3811
925860 129733 234 286
925861 129733 234 138
925862 129733 234 3822
925892 177363 234 1106
925893 177363 234 8473
925894 177363 234 1123
925897 23325 234 1106
925898 23325 234 108
925899 23325 234 66147
925900 23325 234 367
925911 12973 234 529
925912 12973 234 3087
925943 197084 234 529
925944 197084 234 65716
925945 197084 234 17025
925946 197084 234 1123
926177 108956 234 941
926178 108956 234 138
926179 108956 234 1886
926180 108956 234 1215
926230 55066 234 138
926231 55066 234 125
926279 125455 234 138
926280 125455 234 292
926281 125455 234 286
926282 125455 234 1123
926283 125455 234 1183
926284 125455 234 66231
926285 125455 234 55047
926286 125455 234 44536
926287 125455 234 60725
926366 5323 234 529
926367 5323 234 9798
926368 5323 234 507
926426 66876 234 138
926427 66876 234 5891
926519 222005 234 1123
926520 222005 234 8473
926521 222005 234 66035
926522 222005 234 1896
926523 222005 234 66315
926524 222006 234 125
926525 222006 234 6
926526 222006 234 529
926527 222006 234 1049
926528 222006 234 17025
926529 222006 234 97
926530 222006 234 138
926531 222006 234 941
926532 222006 234 15786
926634 9295 234 29
926635 9295 234 1123
926663 190951 234 941
926664 190951 234 138
926665 190951 234 5891
926692 26233 234 3822
926693 26233 234 138
926694 26233 234 42252
926695 26233 234 982
926696 26233 234 66333
926697 26233 234 66334
926704 115545 234 24212
926705 115545 234 331
926706 115545 234 139
926755 174905 234 125
926756 174905 234 26972
926757 174905 234 66340
926758 174905 234 66090
926759 174905 234 66060
926763 26637 234 2373
926764 26637 234 2752
926765 26637 234 1896
926766 67102 234 80
926767 67102 234 2709
926768 67102 234 836
926769 67102 234 4234
926770 67102 234 12145
926771 13658 234 286
926772 13658 234 873
926891 169378 234 1049
926892 169378 234 5246
926893 169378 234 66193
926894 169378 234 138
926921 23607 234 108
926922 23607 234 1106
926923 23607 234 44
926924 23607 234 66357
926942 183579 234 1049
926943 183579 234 941
926944 183579 234 1052
926945 183579 234 8473
926946 183579 234 66057
926947 183579 234 343
926948 183579 234 507
926949 183579 234 1123
926971 13824 234 3822
926972 13824 234 709
926973 13824 234 1184
926974 13824 234 894
926975 13824 234 4004
926976 13824 234 66363
927059 177922 234 507
927060 157657 234 307
927110 11449 234 941
927111 11449 234 29
927136 169438 234 1106
927137 169438 234 6
927138 169438 234 44
927148 21056 234 1896
927149 21056 234 1183
927150 21056 234 4233
927170 8989 234 66087
927171 8989 234 3822
927208 14109 234 529
927209 14109 234 8473
927210 14109 234 44
927211 187853 234 125
927212 187853 234 1896
927213 187853 234 4233
927221 67439 234 1123
927222 67439 234 21609
927223 67439 234 780
927295 178105 234 507
927307 185196 234 125
927308 185196 234 523
927309 185196 234 3087
927382 34843 234 138
927383 34843 234 3822
927384 34843 234 6
927385 34843 234 125
927386 34843 234 4233
927387 34843 234 66138
927388 34843 234 20336
927389 34843 234 66400
927390 34843 234 6166
927434 14265 234 1106
927435 14265 234 138
927436 14265 234 292
927437 14265 234 286
927503 206999 234 1049
927504 206999 234 66036
927505 206999 234 66035
927506 206999 234 1123
927507 206999 234 66158
927561 6309 234 507
927562 6309 234 139
927563 6309 234 1917
927564 6309 234 66415
927575 222211 234 941
927576 222211 234 1183
927577 222211 234 138
927578 222211 234 23260
927579 222211 234 2072
927580 222211 234 66109
927581 222211 234 66418
927582 222212 234 138
927583 222212 234 2940
927584 222212 234 66419
927585 222212 234 3822
927586 222212 234 16627
927587 222212 234 66420
927588 222213 234 138
927589 222213 234 2940
927590 222213 234 3822
927591 222213 234 45
927592 222213 234 342
927593 222213 234 29
927594 222213 234 66421
927595 222213 234 125
927596 222213 234 19312
927597 222213 234 66422
927622 186327 234 2837
927623 186327 234 65716
927628 14382 234 1106
927629 14382 234 44
927630 14382 234 80
927703 180821 234 138
927704 180821 234 328
927717 59293 234 1106
927718 59293 234 66147
927719 59293 234 367
927802 18239 234 1123
927815 64456 234 21609
927816 64456 234 1582
927817 64456 234 1123
927818 64456 234 66440
927851 23838 234 6
927916 203165 234 4256
927917 203165 234 1123
927918 203165 234 3822
927919 203165 234 138
927920 203165 234 66051
927921 203165 234 66446
927927 16179 234 3822
927928 16179 234 138
927929 16179 234 3145
927949 183981 234 13822
927950 183981 234 3822
927951 183981 234 138
927952 183981 234 66450
927953 183981 234 66451
927954 183981 234 66452
927955 183981 234 66453
928030 32117 234 3822
928031 32117 234 138
928032 32117 234 2675
928033 32117 234 66307
928043 16214 234 66051
928044 16214 234 138
928045 16214 234 292
928060 6657 234 42252
928061 6657 234 6
928064 191148 234 25003
928065 191148 234 307
928066 191148 234 138
928067 191148 234 4057
928068 191148 234 66282
928123 186759 234 1049
928124 186759 234 17025
928125 186759 234 65716
928126 186759 234 4297
928127 186759 234 46655
928153 73784 234 1049
928154 73784 234 66096
928163 199126 234 1106
928164 199126 234 359
928177 12188 234 66087
928178 12188 234 1106
928179 12188 234 292
928180 12188 234 286
928189 191205 234 3822
928190 191205 234 20496
928191 191205 234 2631
928192 191205 234 47650
928193 191205 234 1823
928194 191205 234 66466
928195 191205 234 66467
928216 33832 234 66192
928217 33832 234 66061
928218 33832 234 138
928219 33832 234 873
928220 33832 234 66051
928430 59351 234 125
928431 59351 234 138
928432 59351 234 4233
928533 206269 234 3756
928534 206269 234 29
928535 206269 234 731
928536 206269 234 1123
928537 206269 234 1605
928657 222419 234 125
928658 222419 234 4233
928659 222419 234 1049
928660 222419 234 17025
928661 222419 234 1123
928662 222419 234 3087
928667 55628 234 941
928668 55628 234 1187
928669 55628 234 20852
928670 55628 234 7333
928671 55628 234 25803
928672 55628 234 66491
928673 55628 234 66484
928682 68120 234 941
928683 68120 234 125
928684 68120 234 1106
928685 68120 234 38177
928696 191431 234 125
928697 191431 234 2752
928698 191431 234 1896
928699 191431 234 4233
928836 203112 234 138
928837 203112 234 1183
928888 157120 234 5891
928889 157120 234 3822
928893 85523 234 343
928894 85523 234 1123
928895 85523 234 941
928896 85523 234 292
928897 85523 234 138
928898 85523 234 66067
928899 40273 234 1106
928900 40273 234 138
928901 40273 234 221
928902 40273 234 286
928903 203203 234 138
928904 203203 234 39
928905 203203 234 3505
928906 203203 234 507
928907 203203 234 44
929023 54407 234 941
929024 54407 234 138
929025 54407 234 1183
929026 54407 234 5891
929035 27799 234 1106
929036 27799 234 3822
929037 27799 234 44
929038 27799 234 1123
929077 37372 234 125
929078 37372 234 4233
929079 37372 234 523
929080 37372 234 1896
929257 206690 234 1049
929258 206690 234 66531
929259 206690 234 3861
929359 125685 234 66062
929360 125685 234 941
929361 125685 234 138
929362 125685 234 1183
929363 125685 234 8907
929364 125685 234 80
929365 125685 234 66540
929401 75699 234 8473
929402 75699 234 44
929403 75699 234 1123
929408 55760 234 941
929409 55760 234 138
929410 55760 234 342
929411 55760 234 343
929412 55760 234 507
929413 55760 234 66057
929414 55760 234 1123
929415 55760 234 529
929451 191779 234 66192
929452 191779 234 1106
929453 191779 234 44
929454 191779 234 1007
929455 191779 234 58959
929456 191779 234 66280
929484 191808 234 49209
929485 191808 234 3087
929486 191808 234 1732
929542 203157 234 66054
929543 203157 234 1049
929544 203157 234 6
929545 203157 234 80
929546 203157 234 66548
929547 203157 234 1234
929647 148201 234 125
929648 148201 234 3087
929649 148201 234 4233
929650 148201 234 65716
929779 199022 234 138
929780 199022 234 125
929781 199022 234 529
929782 199022 234 6
929783 199022 234 66567
929784 199022 234 66568
929785 199022 234 66216
930018 37446 234 941
930019 37446 234 138
930020 37446 234 529
930021 37446 234 44
930022 37446 234 1123
930049 127483 234 17025
930050 127483 234 65744
930051 127483 234 1049
930052 127483 234 1123
930053 127483 234 343
930054 127483 234 125
930055 127483 234 529
930094 24290 234 138
930095 24290 234 3822
930096 24290 234 523
930097 24290 234 1897
930098 24290 234 780
930201 85778 234 1183
930202 85778 234 8907
930203 85778 234 44
930217 24314 234 6
930218 24314 234 1897
930219 24314 234 941
930220 24314 234 42252
930221 24314 234 66587
930255 186752 234 1049
930256 186752 234 292
930257 186752 234 80
930258 186752 234 66591
930259 186752 234 66092
930260 186752 234 58959
930352 9785 234 10382
930353 9785 234 80
930354 9785 234 1123
930355 9785 234 66597
930356 9785 234 47424
930390 122685 234 1049
930391 122685 234 3087
930463 33055 234 1106
930464 33055 234 367
930553 179340 234 44
930554 179340 234 1897
930555 179340 234 60728
930622 4010 234 66614
930623 4010 234 44
930624 4010 234 1106
930625 4010 234 780
930675 38541 234 1141
930676 38541 234 138
930677 38541 234 66462
930678 38541 234 66621
930679 38541 234 66067
930712 10259 234 138
930713 10259 234 4935
930714 10259 234 2072
930715 10259 234 16627
930716 10259 234 4017
930757 9975 234 125
930758 9975 234 66624
930759 9975 234 15284
930760 9975 234 1823
930811 36780 234 1106
930812 36780 234 1007
930813 36780 234 798
931026 44389 234 138
931027 44389 234 1197
931028 44389 234 47650
931047 157822 234 1049
931048 157822 234 1933
931084 53776 234 188
931085 53776 234 1335
931086 53776 234 1007
931087 53776 234 28
931088 53776 234 44
931089 53776 234 1106
931090 53776 234 1446
931091 53776 234 66199
931241 179709 234 556
931242 179709 234 367
931243 179709 234 286
931244 179709 234 66154
931245 179709 234 66199
931338 16995 234 66662
931339 16995 234 1106
931340 16995 234 4234
931341 16995 234 66663
931382 121171 234 29339
931383 121171 234 529
931384 121171 234 343
931385 121171 234 65716
931386 121171 234 17025
931387 121171 234 1123
931686 36831 234 4028
931687 36831 234 1049
931688 36831 234 2373
931689 36831 234 138
931829 62187 234 941
931830 62187 234 5848
931922 17193 234 292
931923 17193 234 3505
931924 17193 234 286
931925 17193 234 44
931949 148347 234 29
931950 148347 234 125
931951 148347 234 334
931952 148347 234 529
931953 148347 234 44829
931954 148347 234 66213
932030 14354 234 941
932031 14354 234 138
932032 14354 234 307
932045 12652 234 307
932046 12652 234 20496
932223 185933 234 66615
932224 185933 234 941
932225 185933 234 15921
932226 185933 234 66719
932227 185933 234 66720
932359 212 234 138
932360 212 234 3822
932361 212 234 4935
932362 212 234 15284
932380 93140 234 66732
932381 93140 234 873
932382 93140 234 941
932383 93140 234 3505
932402 37639 234 3822
932403 37639 234 44
932404 37639 234 66461
932429 111429 234 1727
932430 111429 234 1123
932431 111429 234 425
932432 111429 234 583
932433 2464 234 66462
932434 2464 234 66092
932435 2464 234 1907
932522 157450 234 26879
932523 157450 234 2940
932524 157450 234 66673
932525 157450 234 66216
932590 122958 234 2486
932591 122958 234 80
932592 122958 234 286
932593 122958 234 3505
932594 122958 234 66038
932647 56358 234 138
932648 56358 234 941
932649 56358 234 1049
932650 56358 234 292
932651 56358 234 44
932652 56358 234 529
932662 148381 234 1049
932663 148381 234 4715
932664 148381 234 3087
932665 148381 234 125
932666 148381 234 1896
932667 148381 234 66254
932725 12041 234 3087
932726 12041 234 1191
932727 12041 234 17380
932728 12041 234 941
932729 12041 234 529
932804 65242 234 1049
932805 65242 234 138
932806 65242 234 529
932807 65242 234 523
932886 10806 234 523
932887 10806 234 3087
932888 10806 234 1123
932952 37651 234 138
932953 37651 234 292
932954 37651 234 307
932966 32623 234 359
932967 32623 234 5848
932971 193518 234 138
932972 193518 234 80
932973 193518 234 44
932974 193518 234 1123
933023 56303 234 941
933024 56303 234 138
933025 56303 234 1123
933068 79432 234 4682
933069 79432 234 138
933070 79432 234 2810
933099 79856 234 941
933100 79856 234 6
933101 79856 234 3311
933102 79856 234 4579
933103 79856 234 66762
933119 127882 234 138
933120 127882 234 361
933121 127882 234 3505
933155 148427 234 125
933156 148427 234 4233
933157 148427 234 29
933158 148427 234 1049
933159 148427 234 3087
933160 148427 234 66254
933237 145271 234 125
933238 145271 234 3822
933239 145271 234 138
933240 145271 234 529
933241 145271 234 66765
933363 65264 234 1049
933364 65264 234 66095
933365 65264 234 5891
933452 36900 234 80
933453 36900 234 8473
933454 36900 234 44
933455 36900 234 1123
933512 125160 234 41254
933513 125160 234 1123
933514 125160 234 66773
933515 125160 234 20946
933516 125160 234 66774
933517 125160 234 66221
933616 37707 234 138
933617 37707 234 44
933618 37707 234 259
933619 37707 234 66776
933712 56515 234 125
933713 56515 234 44
933714 56515 234 286
933715 56515 234 66297
933744 51190 234 873
933745 51190 234 359
933795 112550 234 4234
933796 112550 234 2373
933850 1849 234 2373
933851 1849 234 583
933982 7489 234 138
933983 7489 234 1106
933984 7489 234 6855
933985 7489 234 66462
933986 7489 234 58959
933987 7489 234 66795
933988 7489 234 38599
934024 80354 234 138
934025 80354 234 292
934026 80354 234 286
934027 80354 234 307
934028 80354 234 66083
934142 145459 234 1007
934143 145459 234 1106
934144 51237 234 1106
934145 51237 234 4234
934146 51237 234 301
934147 51237 234 44
934152 38895 234 127
934153 38895 234 221
934154 38895 234 1106
934155 38895 234 44
934156 38895 234 66807
934161 9467 234 25845
934162 9467 234 138
934163 9467 234 66461
934164 9467 234 54025
934165 9467 234 39262
934166 9467 234 53591
934167 9467 234 66808
934168 9467 234 1714
934169 9467 234 6166
934170 9467 234 57811
934171 9467 234 11967
934392 57694 234 66678
934393 57694 234 57180
934394 57694 234 941
934395 57694 234 138
934396 57694 234 507
934397 57694 234 4233
934398 57694 234 66800
