936948 100427 236 6
936949 100427 236 1565
936952 126805 236 4406
936978 142586 236 5463
936993 18225 236 20828
937021 65415 236 4767
937050 65422 236 1560
937051 65422 236 719
937059 52336 236 643
937060 52336 236 2115
937089 22833 236 816
937090 22833 236 4552
937117 132069 236 138
937118 132069 236 1781
937130 132079 236 66896
937131 132079 236 144
937132 132079 236 225
937158 7755 236 29
937159 7755 236 4406
937161 8930 236 138
937179 116456 236 369
937184 22884 236 1715
937185 22884 236 1564
937186 22884 236 4721
937187 22884 236 66898
937191 195878 236 66888
937192 18429 236 66888
937209 168742 236 8293
937210 168742 236 630
937225 22902 236 108
937226 22902 236 46
937227 22902 236 75
937238 10873 236 66888
937239 10873 236 1191
937249 90283 236 2494
937250 90283 236 29537
937285 151368 236 1565
937286 151368 236 1191
937321 21781 236 668
937322 21781 236 189
937323 21781 236 1106
937324 190 236 108
937325 22921 236 451
937353 174905 236 5463
937354 174905 236 1128
937355 174905 236 15290
937357 7402 236 307
937385 97425 236 66907
937410 65544 236 4406
937454 11583 236 4362
937455 11583 236 1884
937456 112616 236 894
937457 112616 236 730
937458 112616 236 139
937479 9472 236 16627
937480 9472 236 1702
937481 9472 236 6
937501 97600 236 941
937502 97600 236 1034
937544 8557 236 1907
937545 8557 236 1284
937548 203841 236 16627
937549 203841 236 46575
937550 203841 236 4270
937551 203841 236 138
937552 203841 236 66916
937560 171576 236 5541
937561 171576 236 4820
937564 114286 236 29
937641 76519 236 24
937654 1480 236 328
937681 171737 236 125
937682 171737 236 4406
937683 171737 236 1704
937684 171737 236 2613
937685 171737 236 4256
937686 171737 236 5463
937692 94981 236 66888
937749 13572 236 894
937751 15282 236 894
937752 15282 236 225
937762 182682 236 5541
937769 98182 236 5463
937814 132342 236 138
937815 132342 236 4406
937844 182729 236 5541
937852 204074 236 66925
937853 204074 236 36359
937855 59880 236 6695
937868 56728 236 221
937869 56728 236 5939
937899 132358 236 108
937939 21852 236 138
937940 21852 236 39
937955 23080 236 216
937956 23080 236 139
937957 23080 236 380
937962 175120 236 4649
937963 175120 236 187
937964 175120 236 254
937965 175120 236 1171
937966 175120 236 4247
938031 98622 236 108
938032 72387 236 3290
938033 72387 236 734
938061 19228 236 66888
938099 3141 236 5083
938100 3141 236 1560
938101 3141 236 638
938110 149991 236 2520
938165 168942 236 29
938166 168942 236 19992
938197 204339 236 138
938198 204339 236 9438
938244 43346 236 4502
938245 43346 236 3147
938246 43346 236 4406
938258 182894 236 941
938259 182894 236 1034
938347 105337 236 1565
938360 76426 236 6
938362 8491 236 3475
938363 8491 236 6333
938364 8491 236 16627
938365 8491 236 138
938369 69496 236 66888
938370 69496 236 1722
938371 69496 236 5016
938385 65872 236 138
938386 65872 236 4406
938389 38096 236 225
938425 57899 236 3567
938426 57899 236 138
938427 57899 236 1183
938454 72596 236 290
938529 129720 236 4721
938532 8538 236 138
938533 99482 236 5463
938612 9132 236 66461
938613 9132 236 29316
938614 9132 236 1191
938615 9132 236 7003
938616 9132 236 37115
938617 26068 236 941
938618 26068 236 1034
938626 177220 236 5463
938627 177220 236 138
938628 177220 236 451
938657 76468 236 108
938687 90675 236 1125
938688 90675 236 66964
938709 49146 236 894
938710 49146 236 730
938720 37124 236 138
938799 133124 236 1918
938800 133124 236 3640
938813 10539 236 57534
938836 19945 236 4356
938837 19945 236 507
938838 19945 236 1034
938867 15596 236 1932
938887 132688 236 108
938889 133229 236 108
938897 62638 236 108
938898 62638 236 926
938900 23351 236 108
938902 60694 236 129
938903 60694 236 894
938904 60694 236 347
938920 34660 236 1560
938921 34660 236 138
938984 39149 236 66985
939019 21034 236 2990
939020 21034 236 285
939021 21034 236 3593
939022 21034 236 1128
939025 169180 236 1565
939044 35 236 1162
939068 34679 236 4406
939071 34685 236 138
939072 34685 236 328
939091 55066 236 138
939092 55066 236 4406
939099 37771 236 328
939100 37771 236 825
939125 25358 236 6
939126 122279 236 6
939127 122279 236 15854
939145 197272 236 66888
939146 197272 236 66994
939205 41889 236 108
939298 109018 236 6
939299 109018 236 1367
939318 13398 236 6
939319 13398 236 16627
939361 15374 236 2936
939362 15374 236 254
939363 15374 236 39
939364 15374 236 225
939393 132916 236 328
939412 55164 236 928
939413 55164 236 789
939421 23310 236 108
939438 69788 236 1267
939439 69788 236 2220
939440 69788 236 138
939446 100504 236 816
939447 100504 236 1584
939460 27439 236 139
939461 27439 236 895
939462 27439 236 635
939463 27439 236 2602
939516 67081 236 369
939539 8851 236 359
939545 23169 236 188
939546 23169 236 1106
939561 23556 236 66888
939562 23556 236 66967
939563 23556 236 1999
939581 53056 236 2404
939643 122360 236 369
939667 106951 236 1565
939668 106951 236 4272
939669 106951 236 2364
939670 106951 236 22562
939685 23596 236 328
939686 23596 236 221
939687 38149 236 221
939688 38149 236 507
939698 169378 236 5463
939740 49011 236 1367
939758 13803 236 6737
939759 13803 236 894
939760 13803 236 4107
939761 13803 236 4166
939762 140276 236 10270
939763 140276 236 302
939764 140276 236 4575
939765 140276 236 72
939781 172501 236 2404
939782 172501 236 734
939787 187811 236 138
939789 25409 236 2404
939799 81059 236 5751
939800 81059 236 21632
939815 106980 236 6
939816 106980 236 3813
939817 106980 236 1053
939818 106980 236 79
939819 106980 236 16627
939823 199936 236 6
939824 199936 236 10810
939868 155063 236 5463
939869 155063 236 912
939870 155063 236 1565
939871 155063 236 311
939877 67285 236 941
939878 67285 236 21
939901 126357 236 1565
939918 148039 236 4356
939927 197794 236 5927
939928 197794 236 66888
939929 197794 236 67024
939930 197794 236 3607
939961 69926 236 1123
939985 82411 236 1034
939986 82411 236 4356
940027 21182 236 29
940047 183072 236 5463
940080 38189 236 276
940081 38189 236 4362
940082 21316 236 1162
940114 142731 236 139
940144 21425 236 66910
940161 89113 236 1034
940194 9050 236 108
940235 10505 236 1560
940236 10505 236 44574
940237 10505 236 4729
940238 10505 236 1704
940271 149833 236 1565
940286 185395 236 1124
940287 185395 236 17042
940288 185395 236 67044
940289 185395 236 66942
940301 74238 236 15710
940302 74238 236 941
940303 74238 236 1744
940304 74238 236 12322
940305 74238 236 6
940393 55456 236 138
940394 55456 236 311
940395 55456 236 67048
940396 55456 236 81
940397 55456 236 967
940398 55456 236 787
940527 32106 236 4649
940528 2184 236 1897
940529 2184 236 318
940530 2184 236 6
940531 2184 236 72
940532 2184 236 13771
940536 80665 236 21211
940537 80665 236 15930
940580 41812 236 108
940587 72719 236 5463
940611 133267 236 2931
940612 133267 236 66976
940622 136722 236 734
940629 115894 236 9333
940630 115894 236 638
940631 115894 236 35
940644 112232 236 44531
940647 39067 236 108
940648 60593 236 108
940649 60593 236 2404
940650 60593 236 138
940662 28867 236 108
940667 16169 236 66888
940693 6590 236 66888
940700 183981 236 29879
940755 82788 236 5463
940756 82788 236 4356
940759 5167 236 5463
940776 89154 236 66888
940783 38263 236 1738
940800 41711 236 285
940801 41711 236 734
940841 91674 236 1125
940854 13879 236 6
940855 13879 236 369
940879 23905 236 2404
940886 61821 236 5051
940887 27754 236 5463
940894 206047 236 4334
940895 206047 236 991
940896 206047 236 1244
940907 198287 236 5541
940908 206091 236 4334
940909 67896 236 4406
940910 67896 236 4334
940911 67896 236 138
940916 38285 236 67023
940917 38285 236 3499
940918 38285 236 138
940919 38285 236 286
940920 38285 236 1134
940929 23916 236 108
940930 23916 236 66461
940936 50340 236 187
940937 50340 236 507
940938 50340 236 67069
940939 50340 236 16627
940940 50340 236 4057
940941 50340 236 3097
940942 50340 236 2150
940990 58965 236 1106
941007 107317 236 292
941008 107317 236 4334
941009 107317 236 67071
941017 206177 236 6
941018 206177 236 1049
941019 206177 236 941
941032 198395 236 1450
941088 18054 236 5152
941094 23978 236 507
941095 23978 236 46
941096 23978 236 321
941097 23978 236 29583
941102 175012 236 941
941103 175012 236 1034
941104 175012 236 15290
941124 73890 236 66888
941125 73890 236 425
941144 89183 236 66888
941145 89183 236 4406
941146 99635 236 4406
941217 41788 236 1049
941218 41788 236 292
941219 41788 236 356
941226 16368 236 894
941227 16368 236 139
941290 6985 236 507
941388 34973 236 4406
941397 45195 236 5463
941437 7039 236 29
941438 7039 236 39
941440 83153 236 67089
941441 83153 236 17439
941442 83153 236 4469
941443 83153 236 17460
941502 201490 236 5463
941532 23141 236 3147
941533 23141 236 66949
941543 70274 236 2072
941544 70274 236 29879
941545 70274 236 4406
941546 70274 236 5733
941547 70274 236 38477
941555 157120 236 138
941556 157120 236 2404
941614 12735 236 4649
941615 139774 236 51852
941636 27646 236 108
941639 74046 236 1128
941646 51954 236 941
941647 51954 236 4406
941672 24098 236 3147
941673 7489 236 5702
941674 7489 236 6855
941675 7489 236 1937
941676 7489 236 873
941688 74144 236 8722
941713 55691 236 6
941726 81552 236 1233
941727 81552 236 2248
941736 16465 236 5463
941741 83277 236 941
941742 83277 236 2657
941743 83277 236 4356
941744 83277 236 4992
941745 83277 236 16627
941756 68352 236 894
941757 194864 236 730
941774 88278 236 1807
941775 88278 236 1267
941776 88278 236 1560
941797 22146 236 6
941798 22146 236 4791
941799 22146 236 328
941859 133985 236 1141
941873 12552 236 869
941874 12552 236 769
941875 12552 236 3087
941945 169890 236 5541
941969 73405 236 1565
941976 74234 236 67110
941977 70381 236 66888
942017 127430 236 941
942023 198969 236 3290
942030 26600 236 66461
942031 26600 236 67114
942032 16605 236 108
942033 16605 236 138
942034 16605 236 2990
942035 16605 236 10493
942054 74273 236 66888
942060 174938 236 16627
942061 174938 236 912
942062 174938 236 42734
942063 174938 236 30353
942064 174938 236 5052
942065 174938 236 6552
942077 51969 236 66910
942078 25481 236 2404
942111 22183 236 138
942112 22183 236 2657
942113 22183 236 4356
942114 22183 236 108
942115 22183 236 4767
942133 107586 236 13863
942134 107586 236 22864
942135 107586 236 5471
942136 58309 236 1034
942137 58309 236 2940
942138 58309 236 1367
942232 2776 236 2421
942233 2776 236 29
942234 2776 236 3012
942246 88324 236 507
942247 88324 236 328
942248 61960 236 259
942249 61960 236 16627
942250 61960 236 1367
942251 61960 236 57534
942259 24260 236 138
942279 92409 236 1128
942280 92409 236 29
942284 109316 236 29
942285 109316 236 813
942346 53586 236 2520
942385 32289 236 46
942386 32289 236 187
942387 32289 236 4368
942388 32289 236 108
942389 127963 236 138
942390 127963 236 825
942391 127963 236 187
942463 16699 236 4406
942496 126953 236 5541
942501 89442 236 5463
942511 179153 236 294
942512 179153 236 16627
942513 179153 236 187
942551 24308 236 1034
942553 96271 236 1123
942554 96271 236 66037
942557 116582 236 331
942558 116582 236 138
942597 124526 236 6
942601 139807 236 1565
942602 139807 236 23996
942603 139807 236 908
942604 139807 236 935
942605 139807 236 286
942628 58340 236 4406
942629 58340 236 138
942630 58340 236 1034
942637 74581 236 4252
942660 74587 236 5541
942661 74587 236 4406
942693 57291 236 13268
942694 57291 236 4406
942695 57291 236 66888
942721 179269 236 4334
942722 179269 236 4272
942723 179269 236 1565
942724 179269 236 29593
942728 74624 236 5463
942750 7589 236 214
942751 7589 236 1034
942752 74627 236 214
942808 127536 236 1034
942809 127536 236 4721
942842 84102 236 66888
942872 26711 236 1267
942876 8450 236 22220
942877 8450 236 67147
942878 8450 236 67148
942879 26719 236 138
942880 26719 236 187
942901 62507 236 2371
942902 62507 236 6917
942903 62507 236 66888
942944 23059 236 3147
942964 76936 236 6
942988 94806 236 16627
942989 94806 236 1450
943003 197696 236 941
943004 197696 236 5541
943020 24425 236 138
943026 35160 236 1007
943027 35160 236 139
943028 35160 236 1127
943029 35160 236 67160
943033 38548 236 1125
943034 38548 236 4292
943035 38548 236 44
943059 53632 236 8820
943060 53632 236 20325
943061 53632 236 79
943062 53632 236 10839
943076 126941 236 20828
943077 126941 236 8659
943078 126941 236 138
943079 126941 236 16627
943080 126941 236 4502
943112 9957 236 187
943113 9957 236 138
943142 74786 236 639
943178 65213 236 941
943179 65213 236 1704
943180 65213 236 19533
943181 65213 236 5776
943182 65213 236 3749
943183 65213 236 1565
943190 35177 236 5463
943191 35177 236 79
943192 35177 236 529
943213 15073 236 108
943243 139540 236 1565
943244 139540 236 286
943245 139540 236 935
943246 139540 236 4272
943265 56058 236 138
943266 56058 236 2940
943267 56058 236 4406
943283 141671 236 1999
943285 25215 236 6375
943286 25215 236 1431
943310 58574 236 4721
943352 74892 236 66888
943438 72873 236 5733
943453 29627 236 108
943478 127964 236 6
943487 16973 236 39
943492 17702 236 5463
943522 16333 236 40
943523 16333 236 941
943524 16333 236 138
943525 16333 236 5127
943612 87179 236 369
943613 87179 236 638
943614 87179 236 72
943667 29653 236 108
943694 58627 236 138
943723 75148 236 5751
943749 26898 236 187
943775 67856 236 5463
943820 134151 236 108
943821 59663 236 108
943835 53841 236 3394
943847 162231 236 16627
943848 162231 236 4406
943849 162231 236 44423
943856 27935 236 108
943857 27935 236 138
943858 27935 236 4406
943891 125826 236 1034
943892 125826 236 57534
943900 196436 236 451
943916 134220 236 6
943931 91544 236 12322
943932 91544 236 816
943933 91544 236 254
943997 9054 236 1560
943998 9054 236 1128
943999 9054 236 1034
944000 9054 236 20579
944034 42272 236 29
944063 89438 236 6
944064 89438 236 4460
944074 139527 236 67191
944075 139527 236 138
944076 139527 236 67192
944077 139527 236 4057
944078 139527 236 67193
944080 20600 236 187
944125 96601 236 5541
944126 96601 236 2150
944138 26014 236 39
944188 74187 236 5541
944203 23878 236 187
944204 23878 236 4895
944205 23878 236 16627
944206 23878 236 961
944222 148347 236 29
944237 157853 236 66888
944260 27950 236 138
944261 203298 236 108
944262 203298 236 138
944276 170361 236 869
944285 139872 236 2150
944304 70953 236 557
944305 70953 236 4406
944315 134289 236 108
944391 56284 236 139
944392 56284 236 1049
944393 56284 236 1197
944394 56284 236 285
944395 56284 236 982
944396 56284 236 4292
944397 56284 236 155
944398 56284 236 138
944399 56284 236 1303
944436 22982 236 6946
944437 22982 236 1781
944438 22982 236 26483
944439 22982 236 1937
944440 22982 236 126
944441 22982 236 4895
944442 22982 236 4667
944471 57504 236 64
944472 57504 236 138
944473 57504 236 290
944579 24794 236 719
944580 24794 236 9997
944581 24794 236 2150
944582 24794 236 67104
944600 57526 236 21
944601 57526 236 138
944602 57526 236 67192
944649 48786 236 2364
944650 48786 236 1565
944711 134423 236 1034
944712 134423 236 5670
944713 134423 236 2902
944875 174223 236 16627
944911 24816 236 67218
944912 24816 236 5702
944913 24816 236 311
944914 24816 236 138
944960 56183 236 4406
944961 56183 236 6
944962 56183 236 1907
944963 56183 236 67222
944966 26975 236 5152
944970 56351 236 18062
944971 56351 236 1183
944982 8829 236 4406
944983 8829 236 138
944984 8829 236 67224
944987 60955 236 275
944988 60955 236 4288
945031 197210 236 66959
945080 37639 236 2902
945081 37639 236 3822
945082 37639 236 44
945083 37639 236 138
945084 25567 236 2902
945085 25567 236 1738
945115 146139 236 331
945116 146139 236 285
945117 146139 236 139
945118 146139 236 894
945119 146139 236 730
945123 25681 236 5463
945124 25681 236 1565
945125 25681 236 1261
945126 25681 236 3257
945163 163872 236 529
945187 134125 236 138
945194 22032 236 5541
945205 19339 236 4406
945250 136423 236 1565
