963551 10662 240 1191
963552 10662 240 67564
963553 10662 240 67565
963554 10662 240 67566
963558 80440 240 2072
963559 80440 240 19180
963560 80440 240 3807
963561 80440 240 6
963653 11243 240 734
963654 11243 240 1178
963655 11243 240 1176
963656 11243 240 4772
963657 11243 240 50616
963677 7619 240 929
963678 7619 240 1565
963679 7619 240 941
963680 7619 240 3384
963681 7619 240 67589
963682 7619 240 47424
963705 134953 240 29
963706 134953 240 3867
963707 134953 240 67594
963708 134953 240 50616
963709 134953 240 816
963710 134953 240 1896
963711 134953 240 67595
963764 132025 240 125
963765 132025 240 638
963766 132025 240 42265
963767 132025 240 3237
963768 132025 240 8997
963769 132025 240 39262
963875 52411 240 1823
963876 52411 240 1049
963877 52411 240 6318
963878 52411 240 67616
963907 194037 240 4682
963908 194037 240 1907
963959 7796 240 47424
963960 7796 240 712
963961 7796 240 80
963962 7796 240 1327
963963 7796 240 1707
963972 90283 240 13822
963973 90283 240 29
963974 90283 240 507
963975 90283 240 29537
963976 90283 240 67630
963977 90283 240 917
963980 3952 240 2028
963981 3952 240 20092
963982 3952 240 1917
963983 3952 240 67631
963984 3952 240 4509
963985 3952 240 254
963986 3952 240 4772
963987 3952 240 4425
963988 3952 240 67569
963989 3952 240 51848
963990 3952 240 67632
963991 3952 240 388
963992 3952 240 67633
964030 11447 240 1191
964031 11447 240 125
964032 11447 240 54442
964120 7937 240 47424
964121 7937 240 21
964122 7937 240 425
964123 7937 240 3750
964124 7937 240 311
964130 171202 240 557
964131 171202 240 3275
964132 171202 240 2185
964133 171202 240 125
964141 7963 240 1764
964142 7963 240 2342
964143 7963 240 5126
964144 7963 240 2072
964189 8051 240 1723
964190 8051 240 1191
964191 8051 240 1235
964192 8051 240 47424
964300 1029 240 507
964301 1029 240 40
964302 1029 240 81
964303 1029 240 657
964435 7456 240 2236
964436 7456 240 2520
964437 7456 240 2416
964438 7456 240 67690
964439 7456 240 67691
964440 7456 240 4083
964441 7456 240 1821
964452 11952 240 51432
964453 11952 240 138
964454 11952 240 67580
964455 11952 240 1823
964543 97682 240 2056
964544 97682 240 1555
964545 97682 240 17380
964546 97682 240 67705
964547 97682 240 1823
964548 149129 240 1883
964549 149129 240 25222
964550 149129 240 1555
964551 149129 240 35283
964552 149129 240 6010
964553 149129 240 67706
964554 149129 240 50616
964600 11689 240 4772
964601 11689 240 2613
964602 11689 240 3842
964603 11689 240 49377
964652 86752 240 2100
964653 86752 240 4425
964654 86752 240 8293
964655 86752 240 285
964656 86752 240 318
964657 77473 240 2100
964658 77473 240 1838
964659 77473 240 1034
964660 77473 240 369
964661 77473 240 15422
964662 11721 240 2486
964663 11721 240 3842
964664 11721 240 4472
964665 11721 240 2100
964666 11721 240 4
964667 11721 240 72
964668 11721 240 4082
964785 165697 240 1823
964786 165697 240 1808
964787 165697 240 4425
964788 165697 240 58755
964789 165697 240 46655
964790 165697 240 3
964791 165697 240 4772
964792 165697 240 67745
964793 165697 240 1172
964888 72186 240 1143
964889 72186 240 2150
964890 72186 240 873
964891 72186 240 1897
964892 72186 240 81
964893 72186 240 787
964894 72186 240 2993
964895 72186 240 67754
964906 101271 240 1565
964907 101271 240 2861
964908 101271 240 1627
964909 101271 240 1555
964910 101271 240 48946
964911 101271 240 67758
964991 196240 240 1052
964992 196240 240 719
964993 196240 240 67769
964994 196240 240 138
964995 196240 240 2902
965015 54596 240 992
965016 54596 240 77
965017 54596 240 72
965080 160813 240 21
965081 160813 240 2460
965082 160813 240 66762
965083 160813 240 6
965084 160813 240 2794
965085 160813 240 1704
965086 12907 240 67775
965087 12907 240 67776
965088 12907 240 5541
965089 12907 240 4030
965090 12907 240 67777
965091 12907 240 1823
965092 12907 240 66385
965133 196413 240 6
965134 196413 240 1049
965135 196413 240 1760
965136 196413 240 816
965140 104478 240 10282
965141 104478 240 1050
965142 104478 240 941
965143 104478 240 138
965144 104478 240 40
965145 104478 240 221
965146 104478 240 452
965147 104478 240 72
965153 7426 240 67785
965154 7426 240 44
965155 7426 240 67786
965156 7426 240 1897
965157 7426 240 1795
965158 7426 240 67787
965159 7426 240 4083
965160 7426 240 8981
965356 80939 240 614
965357 80939 240 1191
965358 80939 240 21513
965359 80939 240 1555
965392 172163 240 4772
965393 172163 240 503
965394 172163 240 818
965395 172163 240 301
965396 172163 240 996
965397 172163 240 53653
965398 172163 240 15921
965407 15313 240 1367
965408 15313 240 1128
965409 15313 240 1284
965410 15313 240 44
965411 15313 240 1125
965412 15313 240 6
965413 15313 240 290
965452 65905 240 941
965453 65905 240 2993
965480 19193 240 29
965481 19193 240 127
965482 19193 240 982
965483 19193 240 1703
965484 19193 240 813
965511 101792 240 523
965512 101792 240 2330
965513 101792 240 1704
965514 101792 240 3846
965515 101792 240 4083
965565 69802 240 67832
965566 69802 240 20704
965567 69802 240 503
965568 69802 240 46660
965569 69802 240 23819
965570 69802 240 2163
965642 90489 240 4772
965643 90489 240 1327
965644 90489 240 2990
965645 90489 240 4083
965646 90489 240 3991
965732 98636 240 2520
965733 98636 240 941
965734 98636 240 311
965735 98636 240 854
965736 98636 240 138
965783 160877 240 1150
965784 160877 240 72
965785 160877 240 2319
965786 160877 240 67850
965787 160877 240 425
965788 37912 240 125
965789 37912 240 21
965790 37912 240 941
965791 37912 240 4018
965792 37912 240 1183
965793 37912 240 2236
965794 37912 240 311
965795 37912 240 51503
965796 37912 240 885
965797 37912 240 21928
965798 37912 240 503
965914 4505 240 1923
965915 4505 240 503
965916 4505 240 72
965917 4505 240 1322
966002 98797 240 1561
966003 98797 240 1943
966004 98797 240 4425
966005 98797 240 20040
966006 98797 240 33928
966007 98797 240 4083
966008 172990 240 2520
966009 172990 240 138
966010 172990 240 2902
966011 172990 240 20509
966021 189585 240 9966
966022 189585 240 67878
966023 189585 240 1627
966024 189585 240 1821
966025 189585 240 23819
966026 189585 240 67879
966027 189585 240 1651
966028 189585 240 67880
966100 90547 240 2709
966101 90547 240 4510
966102 90547 240 254
966103 90547 240 331
966104 90547 240 1918
966105 90547 240 67631
966106 90547 240 4083
966107 90547 240 27611
966108 90547 240 67890
966186 174765 240 4083
966187 174765 240 29
966188 174765 240 19533
966189 174765 240 21
966190 174765 240 7166
966191 174765 240 27029
966192 174765 240 60062
966276 104585 240 24
966277 104585 240 503
966278 104585 240 1820
966279 104585 240 42672
966280 104585 240 536
966281 104585 240 24795
966315 19448 240 44
966316 19448 240 5374
966317 19448 240 285
966347 199910 240 27531
966348 199910 240 374
966349 199910 240 4335
966350 199910 240 4772
966351 199910 240 139
966352 199910 240 1561
966353 199910 240 264
966372 94386 240 17380
966439 10751 240 21216
966440 10751 240 1191
966441 10751 240 311
966442 10751 240 67622
966458 119069 240 941
966459 119069 240 311
966460 119069 240 67782
966461 119069 240 4028
966462 119069 240 5549
966463 119069 240 3303
966464 119069 240 1049
966521 69496 240 1191
966522 69496 240 20380
966523 69496 240 125
966524 69496 240 4772
966525 69496 240 4083
966533 69498 240 6725
966534 69498 240 254
966535 69498 240 1257
966536 69498 240 2936
966537 69498 240 4715
966538 69498 240 4425
966539 69498 240 23819
966540 69498 240 4882
966731 177144 240 46384
966732 177144 240 1565
966733 177144 240 467
966734 177144 240 286
966735 177144 240 3762
966736 177144 240 643
966737 177144 240 3693
966738 177144 240 19578
966857 95624 240 24812
966858 95624 240 748
966859 95624 240 98
966860 95624 240 67987
966861 95624 240 72
966862 95624 240 8835
966863 95624 240 545
966891 12550 240 44
966913 23207 240 6960
966914 23207 240 1134
966915 23207 240 108
966916 23207 240 527
966917 23207 240 1738
966918 23207 240 188
966919 23207 240 72
966920 23207 240 67994
966921 26058 240 19747
966922 26058 240 1191
966923 26058 240 4083
966924 26058 240 1690
966925 26058 240 67995
966926 26058 240 5289
966983 127694 240 72
966984 127694 240 24
966985 127694 240 359
966986 127694 240 503
967053 12603 240 1119
967101 19690 240 1367
967102 19690 240 2056
967103 19690 240 311
967104 19690 240 1565
967105 19690 240 3294
967106 19690 240 1555
967107 19690 240 1627
967108 19690 240 27490
967117 12634 240 719
967118 12634 240 3510
967119 12634 240 72
967120 12634 240 4030
967184 75819 240 18297
967185 75819 240 20920
967212 110624 240 68029
967213 110624 240 3231
967214 110624 240 727
967215 110624 240 365
967216 110624 240 80
967217 110624 240 1707
967218 110624 240 2236
967219 110624 240 342
967220 110624 240 1565
967221 110624 240 4662
967222 110624 240 2609
967265 12731 240 3833
967266 12731 240 139
967267 12731 240 11
967268 12731 240 100
967269 12731 240 4746
967297 72704 240 11
967298 72704 240 2902
967299 72704 240 4618
967300 72704 240 72
967301 72704 240 4083
967362 108927 240 29
967363 108927 240 982
967364 108927 240 127
967365 108927 240 331
967366 108927 240 1113
967367 108927 240 46506
967372 12771 240 1707
967373 12771 240 365
967374 12771 240 52847
967375 12771 240 4264
967376 12771 240 72
967511 185148 240 104
967512 185148 240 374
967513 185148 240 139
967514 185148 240 1258
967579 176019 240 941
967580 176019 240 72
967581 176019 240 301
967582 176019 240 1244
967583 176019 240 15270
967623 99972 240 1943
967624 99972 240 503
967625 99972 240 51432
967626 99972 240 51613
967627 99972 240 15922
967628 99972 240 2371
967629 99972 240 4083
967639 99991 240 53653
967640 99991 240 51432
967641 99991 240 4178
967642 99991 240 26749
967643 99991 240 301
967644 99991 240 68066
967645 99991 240 72
967761 52843 240 1738
967762 52843 240 285
967763 52843 240 3863
967764 52843 240 108
967809 184418 240 21562
967810 184418 240 67871
967811 184418 240 4256
967849 169176 240 29
967850 169176 240 311
967851 169176 240 331
967852 169176 240 127
967853 169176 240 731
967854 169176 240 72
967855 169176 240 885
967856 169176 240 474
967857 169176 240 15352
967946 119384 240 125
967947 119384 240 15710
967948 119384 240 67589
967949 119384 240 68086
967950 119384 240 17106
967951 119384 240 507
967957 81732 240 1049
967958 81732 240 941
967959 81732 240 3750
967960 81732 240 11549
967961 81732 240 67768
967962 81732 240 20492
967963 81732 240 4083
968009 13057 240 941
968010 13057 240 307
968067 146740 240 3490
968068 146740 240 638
968069 146740 240 104
968070 146740 240 1133
968071 146740 240 1138
968072 146740 240 748
968135 15654 240 457
968136 15654 240 4005
968137 15654 240 262
968138 15654 240 70
968139 15654 240 188
968140 15654 240 825
968141 15654 240 44
968146 8687 240 457
968156 84747 240 734
968157 84747 240 6762
968158 84747 240 709
968188 104765 240 503
968189 104765 240 24
968190 104765 240 1586
968191 104765 240 2450
968192 104765 240 125
968201 8699 240 1723
968202 8699 240 1191
968203 8699 240 47424
968204 8699 240 68064
968205 8699 240 1722
968206 8699 240 125
968232 15693 240 276
968233 15693 240 818
968234 15693 240 84
968235 15693 240 139
968236 15693 240 30
968237 15693 240 1414
968246 2147 240 286
968247 2147 240 1937
968248 2147 240 1134
968249 2147 240 338
968250 2147 240 276
968251 2147 240 2910
968252 2147 240 30
968253 2147 240 44
968254 2147 240 139
968310 115324 240 4682
968311 115324 240 4721
968312 115324 240 4202
968331 16700 240 67995
968332 16700 240 374
968333 16700 240 3311
968334 16700 240 507
968335 16700 240 276
968336 16700 240 1779
968417 66839 240 2891
968418 66839 240 285
968419 66839 240 11167
968420 66839 240 264
968421 66839 240 865
968422 66839 240 709
968423 66839 240 982
968439 8730 240 47424
968440 8730 240 2072
968441 8730 240 22949
968442 8730 240 1050
968443 8730 240 503
968444 103601 240 1565
968445 103601 240 1555
968446 103601 240 67646
968447 103601 240 68131
968448 103601 240 16022
968449 103601 240 2725
968450 103601 240 67569
968451 103601 240 67848
968465 31973 240 557
968466 31973 240 44
968551 8745 240 47424
968552 8745 240 1049
968553 8745 240 816
968554 8745 240 6
968555 8745 240 6550
968595 13352 240 730
968596 13352 240 894
968597 13352 240 285
968598 73018 240 941
968599 73018 240 138
968600 73018 240 221
968601 73018 240 359
968602 73018 240 10282
968603 73018 240 21562
968604 73018 240 21870
968610 69730 240 1821
968611 69730 240 469
968612 69730 240 1820
968613 69730 240 3510
968614 69730 240 19535
968615 69730 240 20009
968734 84865 240 104
968735 84865 240 24282
968736 84865 240 23793
968811 130276 240 3141
968812 130276 240 869
968813 130276 240 72
968814 130276 240 4030
968815 130276 240 1563
968816 130276 240 1056
968860 13447 240 44
969061 132941 240 1738
969062 132941 240 1322
969063 132941 240 11
969064 132941 240 44
969065 132941 240 285
969142 13549 240 4178
969143 13549 240 2247
969144 13549 240 51432
969145 13549 240 67580
969146 13549 240 125
969160 13565 240 221
969161 13565 240 557
969162 12719 240 3842
969163 12719 240 22232
969164 12719 240 4008
969165 12719 240 52120
969166 12719 240 1191
969167 12719 240 1764
969168 12719 240 54025
969214 151752 240 1651
969215 151752 240 311
969216 151752 240 2837
969217 151752 240 1565
969218 151752 240 68207
969219 151752 240 41134
969287 13620 240 70
969288 13620 240 41914
969289 13620 240 917
969290 13620 240 17169
969291 13620 240 53
969292 13620 240 507
969300 13633 240 1367
969301 13633 240 2964
969302 13633 240 3842
969303 13633 240 2642
969304 13633 240 367
969305 13633 240 4083
969426 72345 240 3832
969427 72345 240 51848
969428 72345 240 1565
969429 72345 240 25448
969430 72345 240 58666
969431 72345 240 1567
969432 72345 240 3865
969433 72345 240 2646
969434 79160 240 17282
969435 79160 240 5932
969436 79160 240 10253
969437 79160 240 4435
969438 79160 240 4418
969439 79160 240 869
969440 79160 240 2793
969499 122360 240 72
969500 122360 240 285
969501 122360 240 39
969502 122360 240 1555
969503 122360 240 638
969504 122360 240 1779
969505 122360 240 4381
969506 122360 240 1703
969507 122360 240 254
969582 106951 240 1565
969583 106951 240 286
969584 106951 240 1555
969585 106951 240 16022
969586 106951 240 51200
969587 106951 240 1772
969623 171587 240 1125
969624 171587 240 1367
969625 171587 240 3762
969626 171587 240 125
969627 171587 240 5275
969628 171587 240 47516
969629 171587 240 68253
969630 171587 240 6
969631 171587 240 307
969769 23629 240 1191
969770 23629 240 1722
969771 23629 240 1723
969772 23629 240 286
969773 23629 240 72
969774 23629 240 29391
969775 23629 240 15819
969826 8924 240 1191
969827 8924 240 68270
969828 8924 240 21931
969829 8924 240 1723
969830 8924 240 68271
969831 8924 240 4083
969866 161252 240 29
969867 161252 240 20373
969868 161252 240 46506
969869 161252 240 1820
969870 161252 240 68275
969903 5954 240 20373
969904 5954 240 9434
969905 5954 240 138
969906 5954 240 982
969907 5954 240 1125
969908 5954 240 6
969909 5954 240 9811
969910 5954 240 816
969911 5954 240 1897
969918 136028 240 941
969919 136028 240 1565
969920 136028 240 3294
969921 136028 240 8981
969922 136028 240 342
969951 32044 240 68282
969952 32044 240 33465
969953 32044 240 139
969954 32044 240 11
969968 107022 240 457
969969 107022 240 709
969970 107022 240 28
969971 107022 240 16
969972 107022 240 2609
969973 107022 240 68284
969993 94593 240 1999
969994 94593 240 1704
969995 94593 240 2456
969996 94593 240 963
969997 94593 240 225
969998 94593 240 1731
969999 94593 240 912
970198 110847 240 3231
970199 110847 240 1565
970200 110847 240 80
970201 110847 240 4737
970226 178034 240 4612
970227 178034 240 21608
970228 178034 240 20016
970229 178034 240 60042
970230 178034 240 3258
970231 178034 240 4476
970232 178034 240 3790
970233 178034 240 4425
970234 178034 240 67569
970265 82433 240 1802
970266 82433 240 1704
970267 82433 240 52818
970268 82433 240 3221
970269 82433 240 68309
970270 82433 240 4390
970271 82433 240 55572
970297 21195 240 68311
970298 21195 240 26397
970299 21195 240 3463
970300 21195 240 68312
970301 21195 240 1907
970302 21195 240 21931
970303 21195 240 40
970304 21195 240 4018
970332 82456 240 4772
970333 82456 240 39262
970334 82456 240 15712
970335 82456 240 18297
970336 82456 240 20920
970337 82456 240 20828
970338 82456 240 22696
970386 21333 240 3666
970387 21333 240 276
970388 21333 240 318
970389 133135 240 1653
970390 133135 240 276
970391 133135 240 24014
970392 133135 240 3762
970393 133135 240 2278
970430 82466 240 286
970431 82466 240 4083
970432 82466 240 1052
970433 82466 240 3991
970434 82466 240 1135
970435 82466 240 6322
970436 82466 240 68320
970526 21425 240 276
970527 21425 240 53711
970528 21425 240 359
970529 21425 240 21562
970530 21425 240 221
970531 21425 240 1128
970532 21425 240 255
970575 195622 240 3863
970576 195622 240 2187
970577 195622 240 6
970578 195622 240 1126
970579 89113 240 1284
970626 43843 240 72
970627 43843 240 2371
970628 43843 240 67786
970629 43843 240 4131
970683 123944 240 1191
970684 123944 240 1564
970685 123944 240 257
970686 123944 240 1124
970687 123944 240 16043
970688 123944 240 60390
970915 189942 240 1191
970916 189942 240 22692
970917 189942 240 67765
970918 189942 240 67788
970919 189942 240 4105
970920 189942 240 1723
970921 189942 240 17106
970929 14387 240 1123
970930 14387 240 4256
970931 14387 240 21
970932 14387 240 39262
970933 14387 240 3842
971039 187917 240 816
971040 187917 240 311
971041 187917 240 941
971042 187917 240 68375
971043 187917 240 54025
971055 183829 240 4083
971056 183829 240 29
971057 183829 240 3896
971058 183829 240 8062
971059 183829 240 46599
971060 29262 240 941
971061 29262 240 1128
971062 29262 240 10282
971063 29262 240 290
971064 29262 240 301
971065 29262 240 503
971066 29262 240 44
971067 29262 240 2646
971297 14525 240 1191
971298 14525 240 21399
971299 14525 240 3842
971300 14525 240 4174
971301 14525 240 59770
971386 70049 240 3866
971387 70049 240 12369
971388 70049 240 4107
971389 70049 240 846
971390 70049 240 2440
971391 70049 240 1049
971392 70049 240 68408
971404 169554 240 8318
971405 169554 240 41134
971406 169554 240 16308
971407 169554 240 68409
971408 169554 240 46733
971409 169554 240 4150
971410 169554 240 47516
971411 169554 240 68410
971446 12855 240 1191
971447 12855 240 1722
971448 12855 240 16440
971465 67725 240 1162
971466 67725 240 98
971467 67725 240 72
971468 67725 240 638
971469 67725 240 369
971548 126336 240 4639
971549 126336 240 730
971550 126336 240 992
971551 126336 240 894
971552 126336 240 276
971553 126336 240 20423
971554 126336 240 638
971555 126336 240 7346
971610 8847 240 2640
971611 8847 240 825
971612 8847 240 328
971628 61790 240 4083
971629 61790 240 20416
971630 61790 240 68423
971631 94887 240 1257
971632 94887 240 21
971633 94887 240 2936
971634 94887 240 254
971635 94887 240 583
971710 73716 240 21399
971711 73716 240 1191
971712 73716 240 67768
971713 73716 240 125
971714 73716 240 39262
971715 73716 240 68366
971829 161570 240 125
971830 161570 240 941
971831 161570 240 1704
971832 161570 240 6
971833 161570 240 4057
971834 161570 240 19533
971954 82836 240 52818
971955 82836 240 425
971956 82836 240 4772
971957 82836 240 67882
971958 82836 240 25206
971959 82836 240 67130
971960 82836 240 39262
972032 8459 240 108
972033 8459 240 138
972034 8459 240 44
972035 8459 240 527
972036 8459 240 189
972037 8459 240 5960
972038 8459 240 72
972039 8459 240 369
972075 2710 240 731
972076 2710 240 20416
972077 2710 240 21562
972078 2710 240 4083
972079 2710 240 285
972080 2710 240 17128
972086 131464 240 2613
972087 131464 240 1627
972238 142891 240 29
972326 73868 240 536
972327 73868 240 67580
972328 73868 240 24
972329 73868 240 51432
972330 73868 240 1586
972331 73868 240 1591
972332 73868 240 68369
972333 73868 240 67788
972389 9330 240 47424
972390 9330 240 3463
972391 9330 240 17380
972392 9330 240 2581
972393 9330 240 46873
972394 9330 240 1591
972395 9330 240 21540
972396 9330 240 68486
972431 50378 240 188
972432 50378 240 44
972433 50378 240 11
972479 94762 240 2236
972480 94762 240 2647
972481 94762 240 19207
972482 94762 240 21
972483 94762 240 3835
972484 94762 240 49611
972485 6881 240 3558
972486 6881 240 70
972487 6881 240 188
972488 6881 240 978
972489 6881 240 285
972503 85381 240 941
972504 85381 240 1565
972530 191339 240 873
972531 191339 240 2993
972532 191339 240 1943
972533 191339 240 72
972534 191339 240 503
972535 191339 240 90
972543 68062 240 1923
972544 68062 240 125
972545 68062 240 2795
972546 68062 240 2216
972547 68062 240 503
972623 83009 240 1191
972624 83009 240 1896
972638 186444 240 1651
972639 186444 240 1820
972640 186444 240 1627
972641 186444 240 68515
972642 178572 240 2725
972643 178572 240 1653
972644 178572 240 2613
972645 178572 240 3743
972646 178572 240 72
972647 178572 240 3762
972648 178572 240 4023
972649 178572 240 1322
972727 184197 240 3141
972728 184197 240 2155
972729 184197 240 1563
972730 184197 240 68524
972731 184197 240 4335
972732 184197 240 1561
972733 198511 240 304
972734 198511 240 311
972735 198511 240 26383
972736 198511 240 4997
972737 198511 240 13957
972738 198511 240 68525
972739 198511 240 4433
972740 198511 240 32850
972775 89197 240 6030
972776 89197 240 361
972777 89197 240 4083
972797 10672 240 68529
972798 10672 240 44
972799 10672 240 311
972800 10672 240 557
972801 10672 240 125
972904 198548 240 1191
972905 198548 240 21412
972941 188087 240 1555
972942 188087 240 49545
972943 188087 240 1565
972955 125313 240 3510
972956 125313 240 941
972957 125313 240 3526
972958 125313 240 334
972959 125313 240 2063
972960 125313 240 8302
972961 125313 240 311
972962 125313 240 2236
973079 105323 240 80
973080 105323 240 700
973081 105323 240 44
973082 105323 240 1123
973083 105323 240 47360
973084 105323 240 10282
973085 105323 240 2647
973122 32203 240 1591
973123 32203 240 3609
973124 32203 240 68172
973125 32203 240 8318
973144 61851 240 2005
973145 61851 240 125
973146 61851 240 29
973147 61851 240 286
973148 61851 240 4333
973149 61851 240 3506
973169 184294 240 68560
973170 184294 240 29
973171 184294 240 4083
973172 184294 240 5152
973191 73996 240 1896
973192 73996 240 29
973211 10520 240 1191
973212 10520 240 50708
973213 10520 240 20040
973214 10520 240 6372
973215 10520 240 48946
973216 10520 240 4425
973217 10520 240 67569
973218 10520 240 68565
973359 68293 240 941
973360 68293 240 6
973361 68293 240 816
973362 68293 240 503
973363 68293 240 1124
973367 12735 240 24
973368 12735 240 469
973369 12735 240 17840
973370 12735 240 583
973371 12735 240 536
973379 126409 240 28638
973380 126409 240 469
973381 126409 240 68573
973382 126409 240 68574
973383 126409 240 4030
973384 126409 240 4083
973432 74069 240 813
973433 74069 240 7944
973434 74069 240 1004
973435 74069 240 68580
973436 74069 240 331
973437 74069 240 68581
973525 9480 240 47424
973526 9480 240 8497
973527 9480 240 941
973528 9480 240 19668
973529 9480 240 1191
973530 9480 240 39
973531 9480 240 28654
973532 9480 240 4025
973533 9480 240 64585
973631 64533 240 1896
973632 64533 240 290
973633 64533 240 80
973634 64533 240 1327
973635 64533 240 1284
973636 64533 240 285
973637 64533 240 21562
973782 112976 240 730
973783 112976 240 894
973784 112976 240 374
973785 112976 240 1779
973786 112976 240 865
973787 112976 240 72
973800 96006 240 730
973801 96006 240 894
973802 96006 240 748
973803 96006 240 67710
973804 96006 240 98
973805 96006 240 865
973806 96006 240 1172
973807 96006 240 72
973886 68362 240 953
973887 68362 240 912
973888 68362 240 469
973889 68362 240 557
973890 68362 240 80
973891 68362 240 5830
973912 83305 240 618
973913 83305 240 51432
973914 32663 240 618
973915 32663 240 8660
973916 32663 240 557
973948 79961 240 16
973949 79961 240 457
973950 79961 240 285
973951 79961 240 4293
973952 79961 240 894
973953 79961 240 68621
974030 66242 240 536
974031 66242 240 1923
974032 66242 240 1591
974033 66242 240 2450
974034 66242 240 24
974035 66242 240 503
974036 66242 240 286
974406 191791 240 1561
974407 191791 240 39
974453 18247 240 76
974454 18247 240 369
974455 18247 240 125
974476 9603 240 19747
974477 9603 240 3832
974478 9603 240 3866
974479 9603 240 47424
974480 9603 240 67595
974481 9603 240 65510
974595 191851 240 286
974596 191851 240 11
974597 191851 240 48534
974598 191851 240 139
974599 191851 240 285
974600 191851 240 67616
974712 83620 240 20709
974713 83620 240 125
974714 83620 240 529
974715 83620 240 68679
974780 83730 240 1050
974781 83730 240 311
974782 83730 240 503
974783 83730 240 1591
974784 83730 240 2242
974785 83730 240 67589
974786 83730 240 941
974898 85708 240 127
974899 85708 240 2184
974900 85708 240 29
974901 85708 240 731
974902 85708 240 139
974903 85708 240 77
974904 85708 240 98
974905 85708 240 285
974970 24260 240 29
974971 24260 240 1820
974972 24260 240 29576
974998 92410 240 29
974999 92410 240 72
975000 92410 240 1820
975185 169922 240 1584
975186 169922 240 507
975187 169922 240 1126
975188 169922 240 1823
975189 169922 240 5541
975190 169922 240 29
975191 169922 240 10189
975192 169922 240 20336
975193 169922 240 286
975194 169922 240 1820
975337 95295 240 941
975338 95295 240 6
975339 95295 240 816
975340 95295 240 1565
975341 95295 240 1367
975502 24294 240 10282
975503 24294 240 21562
975504 24294 240 1128
975576 94913 240 79
975577 94913 240 1119
975677 116577 240 12030
975678 116577 240 21
975679 116577 240 7166
975680 116577 240 4030
975681 116577 240 5059
975682 116577 240 125
975869 83966 240 21
975870 83966 240 311
975871 83966 240 1886
975872 83966 240 4018
975873 83966 240 51432
975874 83966 240 5831
976024 192266 240 3367
976025 192266 240 4023
976026 192266 240 390
976027 192266 240 1176
976028 192266 240 2061
976029 192266 240 3151
976030 192266 240 1560
976031 55918 240 507
976032 55918 240 139
976033 55918 240 1004
976034 55918 240 388
976035 55918 240 342
976036 55918 240 1056
976037 55918 240 50434
976038 55920 240 1565
976176 184801 240 3863
976177 184801 240 5748
976178 184801 240 4934
976179 184801 240 4083
976180 184801 240 31320
976181 184801 240 3202
976182 184801 240 8986
976193 105620 240 1565
976194 105620 240 1704
976195 105620 240 1123
976196 105620 240 3231
976197 105620 240 80
976198 105620 240 365
976222 192332 240 3835
976223 192332 240 80
976224 192332 240 2236
976225 192332 240 2525
976226 192332 240 4823
976227 192332 240 700
976380 84085 240 1233
976381 84085 240 4682
976382 84085 240 68825
976383 84085 240 4772
976527 201100 240 816
976528 201100 240 4083
976529 201100 240 8714
976530 201100 240 2520
976531 201100 240 6030
976532 201100 240 68838
976533 201100 240 1128
976571 74707 240 44
976572 74707 240 139
976573 74707 240 79
976574 74707 240 639
976575 74707 240 285
976576 74707 240 635
976595 184877 240 20336
976596 184877 240 68848
976597 184877 240 2072
976598 184877 240 19180
976599 184877 240 29842
976600 184877 240 68849
976665 94981 240 5495
976666 94981 240 6
976667 94981 240 1823
976668 94981 240 2592
976669 94981 240 5549
976670 94981 240 39262
976720 9923 240 47424
976721 9923 240 3510
976722 9923 240 1821
976723 9923 240 67662
976724 9923 240 5777
976725 9923 240 503
976726 9923 240 1591
976727 9929 240 47424
976728 9929 240 2072
976729 9929 240 24252
976730 9929 240 61231
976731 9929 240 16407
976732 9929 240 6
976821 184921 240 13981
976822 184921 240 1191
976823 184921 240 1162
976842 85908 240 359
976843 85908 240 221
976844 85908 240 3203
976845 85908 240 2589
976846 85908 240 54187
976847 85908 240 536
976848 85908 240 6955
976849 85908 240 873
976937 57354 240 4008
976938 57354 240 24103
976939 57354 240 1838
976940 57354 240 44
976941 57354 240 4425
976942 57354 240 138
976943 57354 240 15274
977304 50787 240 1534
977305 50787 240 1359
977306 50787 240 1172
977307 50787 240 139
977308 50787 240 44
977309 50787 240 285
977310 50787 240 1738
977433 60863 240 2376
977434 60863 240 374
977479 164853 240 1147
977480 164853 240 67580
977495 12177 240 457
977496 86951 240 1367
977497 86951 240 285
977498 86951 240 125
977563 121075 240 1367
977564 121075 240 6
977565 121075 240 816
977566 121075 240 1615
977567 121075 240 21562
977743 77021 240 941
977744 77021 240 29
977745 77021 240 138
977746 77021 240 8932
977747 77021 240 4855
977756 70760 240 67733
977757 70760 240 53653
977758 70760 240 1625
977759 70760 240 51432
977792 159971 240 11
977793 159971 240 285
977794 159971 240 68022
977795 159971 240 1446
977796 159971 240 51231
977797 116818 240 425
977798 116818 240 67604
977799 116818 240 17400
977800 116818 240 2613
977801 116818 240 4737
977802 116818 240 1565
977803 116818 240 2186
977804 116818 240 2319
977812 12026 240 98
977813 12026 240 6685
977814 12026 240 3842
977926 116835 240 374
977927 116835 240 1321
977928 116835 240 2161
977929 116835 240 2857
977930 116835 240 4108
977931 116835 240 2177
978123 86057 240 285
978124 86057 240 76
978125 86057 240 44
978134 25550 240 4005
978135 25550 240 44
978136 25550 240 1133
978168 185524 240 29
978169 185524 240 24482
978170 185524 240 54830
978222 62135 240 12431
978223 62135 240 6
978224 62135 240 4425
978225 62135 240 2733
978226 32488 240 67840
978227 32488 240 331
978228 32488 240 221
978229 32488 240 68978
978230 32488 240 20416
978393 92863 240 2337
978394 92863 240 1565
978395 92863 240 374
978396 92863 240 2990
978397 92863 240 4083
978398 92863 240 1555
978399 92863 240 16022
978400 92863 240 2161
978571 92893 240 29
978572 92893 240 69006
978573 92893 240 1564
978574 92893 240 4530
978575 92893 240 941
978576 92893 240 69007
978634 10183 240 47424
978635 10183 240 1923
978636 10183 240 3849
978637 10183 240 2220
978638 10183 240 1113
978639 10183 240 1937
978640 10183 240 503
978641 10183 240 256
978642 108035 240 365
978643 108035 240 1162
978644 108035 240 557
978645 108035 240 80
978646 108035 240 712
978647 108035 240 2236
978648 108035 240 72
978649 108035 240 1896
978686 8005 240 15722
978687 8005 240 54806
978688 8005 240 1191
978689 8005 240 1723
978690 8005 240 67810
978691 8005 240 3821
978714 27455 240 1939
978715 27455 240 1795
978716 27455 240 1751
978717 27455 240 1897
978718 27455 240 6695
978719 27455 240 2082
978720 27455 240 816
978721 27455 240 6
978722 27455 240 9438
978753 75174 240 18346
978754 75174 240 1802
978755 75174 240 39262
978756 75174 240 4083
978757 75174 240 8986
978758 75174 240 6040
978759 75174 240 79
978760 75174 240 2994
978761 75174 240 3704
978762 75174 240 69019
978763 75174 240 4772
978764 75174 240 67954
978846 955 240 301
978847 955 240 24
978848 955 240 1704
978849 955 240 302
978850 955 240 25733
978851 955 240 69023
978852 955 240 467
978866 89322 240 28933
978867 89322 240 813
978868 89322 240 60423
978869 89322 240 68175
978870 89322 240 49201
978871 89322 240 1627
978872 89322 240 4196
979048 179910 240 941
979049 179910 240 69042
979050 179910 240 12236
979051 179910 240 4569
979052 179910 240 1704
979053 53858 240 2216
979054 53858 240 3083
979055 53858 240 2971
979056 53858 240 307
979057 53858 240 4023
979058 53858 240 3866
979094 142895 240 1147
979095 142895 240 1732
979096 142895 240 996
979097 142895 240 3811
979098 142895 240 21894
979303 140661 240 425
979304 140661 240 1191
979305 140661 240 51432
979306 140661 240 69061
979307 140661 240 69062
979398 79389 240 561
979399 79389 240 4196
979400 79389 240 748
979401 79389 240 139
979402 79389 240 104
979403 79389 240 12752
979404 79389 240 285
979587 7411 240 47424
979588 7411 240 5541
979589 7411 240 24
979590 7411 240 3200
979591 7411 240 367
979592 7411 240 343
979682 24726 240 3
979683 24726 240 4083
979684 24726 240 138
979685 24726 240 68325
979686 24726 240 69094
979687 24726 240 69095
979688 24726 240 4807
979689 24726 240 1731
979746 170379 240 25733
979747 170379 240 816
979748 170379 240 425
979749 170379 240 47165
979750 170379 240 1367
979751 170379 240 47162
979752 170379 240 8318
979753 170379 240 69101
979754 170379 240 10269
979775 75356 240 2072
979776 75356 240 1923
979777 75356 240 1896
979778 75356 240 557
979779 75356 240 719
979780 75356 240 503
979781 75356 240 24840
979782 75356 240 2285
979923 185790 240 1191
979924 185790 240 8981
979925 185790 240 19533
979926 185790 240 50348
979927 185790 240 2023
979928 185790 240 125
980161 58516 240 1191
980162 58516 240 1723
980163 58516 240 125
980274 18239 240 1123
980532 112487 240 40
980533 112487 240 787
980534 112487 240 318
980535 112487 240 2609
980536 112487 240 6010
980744 195507 240 941
980745 195507 240 3443
980746 195507 240 138
980747 195507 240 4569
980748 195507 240 69169
980793 56331 240 3231
980794 56331 240 19207
980795 56331 240 125
980796 56331 240 15121
980797 56331 240 311
980798 56331 240 2236
980817 10471 240 47424
980818 10471 240 1049
980819 10471 240 1555
980820 10471 240 40964
980821 10471 240 69174
980822 10471 240 4772
980832 9906 240 47424
980833 9906 240 6917
980834 9906 240 941
980835 9906 240 69175
980836 9906 240 69176
980837 9906 240 311
980845 93160 240 2187
980846 93160 240 2765
980847 93160 240 1126
980848 93160 240 503
980849 93160 240 1795
980850 93160 240 6266
980851 93160 240 15329
981123 151569 240 3832
981124 151569 240 1049
981125 151569 240 941
981126 151569 240 67598
981127 151569 240 51432
981128 151569 240 425
981129 151569 240 25388
981191 80213 240 20709
981192 80213 240 503
981193 80213 240 46660
981194 80213 240 1923
981195 80213 240 2216
981196 80213 240 2198
981197 80213 240 4083
981198 80213 240 4030
981206 24802 240 318
981207 24802 240 20373
981208 24802 240 2520
981209 24802 240 40896
981210 24802 240 6095
981211 24802 240 1128
981310 89492 240 6
981311 89492 240 1821
981312 89492 240 311
981313 89492 240 941
981314 89492 240 816
981315 89492 240 69230
981316 89492 240 67589
981344 36875 240 127
981345 36875 240 311
981346 36875 240 60446
981347 36875 240 20373
981348 36875 240 1565
981349 36875 240 2117
981350 36875 240 331
981384 127833 240 29
981385 127833 240 127
981386 127833 240 39262
981387 127833 240 655
981388 127833 240 69155
981389 127833 240 3526
981390 127833 240 1162
981550 70994 240 1191
981551 70994 240 125
981552 70994 240 1722
981553 70994 240 1723
981554 70994 240 68064
981555 70994 240 507
981556 70994 240 557
981708 125907 240 39
981709 125907 240 311
981710 125907 240 52224
981711 125907 240 51432
981712 125907 240 2155
981713 125907 240 29516
981714 125907 240 58247
981757 45669 240 331
981758 45669 240 507
981759 45669 240 301
981760 45669 240 388
981761 45669 240 1004
981762 45669 240 285
981763 45669 240 11982
981764 45669 240 69269
981765 45669 240 60771
981766 45669 240 2513
981767 45669 240 1779
981768 45669 240 1917
981769 45669 240 982
981770 45669 240 139
981825 170574 240 3275
981826 170574 240 2185
981827 170574 240 1565
981828 170574 240 68231
981829 170574 240 48860
981830 170574 240 655
981853 136409 240 523
981854 136409 240 1820
981855 136409 240 42224
981866 212 240 941
981867 212 240 254
981885 11112 240 1191
981886 11112 240 503
981887 11112 240 1923
981888 11112 240 2795
981910 78347 240 127
981911 78347 240 125
981930 108396 240 1052
981931 108396 240 3790
981932 108396 240 953
981933 108396 240 26280
981934 108396 240 2185
981935 108396 240 1555
981991 17410 240 98
981992 17410 240 1162
981993 17410 240 557
981994 17410 240 1565
981995 17410 240 1627
982131 157505 240 44
982246 139593 240 6
982247 139593 240 941
982248 139593 240 1052
982249 139593 240 125
982327 134546 240 76
982328 134546 240 27526
982329 134546 240 40960
982330 134546 240 4332
982331 134546 240 4569
982332 134546 240 567
982369 80269 240 2161
982370 80269 240 374
982371 80269 240 44
982520 157509 240 44
982521 157509 240 557
982691 8410 240 15086
982692 8410 240 2056
982693 8410 240 1191
982694 8410 240 1723
982695 8410 240 3461
982825 79720 240 42271
982826 79720 240 68380
982827 79720 240 20410
982828 79720 240 846
982910 22430 240 17169
982911 22430 240 301
982912 22430 240 1162
982913 22430 240 68471
982914 22430 240 8318
983002 145311 240 1491
983003 145311 240 1499
983004 145311 240 1155
983146 75944 240 1162
983147 75944 240 29
983148 75944 240 5541
983207 147048 240 98
983307 45740 240 1703
983308 45740 240 4005
983309 45740 240 221
983310 45740 240 1162
983311 45740 240 4004
983312 45740 240 98
983313 45740 240 139
983314 45740 240 507
983341 108554 240 6269
983342 108554 240 639
983343 108554 240 302
983344 108554 240 6270
983345 108554 240 29306
983346 108554 240 4872
983355 17599 240 1191
983356 17599 240 4861
983549 11059 240 2424
983550 11059 240 1191
983551 11059 240 2023
983552 11059 240 67595
983553 11059 240 1704
983554 11059 240 125
983567 161975 240 9434
983568 161975 240 67646
983569 161975 240 2297
983570 161975 240 1183
983571 161975 240 20400
983683 153831 240 42672
983684 153831 240 536
983685 153831 240 16393
983686 153831 240 2450
983687 153831 240 77
983688 153831 240 39
983689 153831 240 1591
983690 153831 240 1586
983691 153831 240 24
983870 188836 240 1626
983871 188836 240 2275
983872 188836 240 69401
983873 188836 240 8902
983874 188836 240 1591
983875 188836 240 68240
984033 193632 240 1820
984034 193632 240 469
984035 193632 240 618
984036 193632 240 2371
984042 136913 240 3832
984043 136913 240 469
984044 136913 240 69414
984045 136913 240 618
984046 136913 240 286
984047 136913 240 1731
984082 160477 240 734
984083 160477 240 2442
984084 160477 240 11178
984085 160477 240 862
984086 160477 240 748
984087 160477 240 285
984088 160477 240 709
984089 160477 240 388
984090 160477 240 982
984091 160477 240 139
984297 194008 240 3835
984298 194008 240 2236
984299 194008 240 311
984300 194008 240 69429
984301 194008 240 1555
984302 194008 240 20373
984303 194008 240 69076
984304 194008 240 54817
984305 194008 240 25664
984309 112570 240 992
984310 112570 240 139
984311 112570 240 730
984312 112570 240 894
984313 112570 240 1123
984314 112570 240 25831
984315 112570 240 6230
984316 112570 240 795
984317 112570 240 1528
984318 45760 240 1335
984855 93460 240 2936
984856 93460 240 49986
984857 93460 240 4772
984858 93460 240 26660
984859 93460 240 69471
984860 93460 240 523
984861 93460 240 816
984862 11229 240 47424
984863 11229 240 2155
984864 11229 240 816
984865 11229 240 3508
984866 11229 240 15854
984867 11229 240 1147
984868 108745 240 2072
984869 108745 240 16213
984870 108745 240 69472
984871 108745 240 15710
984872 123166 240 285
984873 123166 240 98
984874 123166 240 1679
984875 123166 240 29226
