1012109 242506 245 941
1012110 242506 245 72277
1012111 242506 245 72278
1012112 242506 245 72279
1012113 242506 245 72280
1012114 242507 245 2520
1012115 242507 245 1704
1012116 242507 245 1896
1012117 242507 245 557
1012118 242508 245 4582
1012119 242508 245 7262
1012120 242508 245 301
1012121 242508 245 1704
1012122 242508 245 2642
1012123 242508 245 367
1012124 242509 245 80
1012125 242509 245 1707
1012126 242509 245 1123
1012127 242509 245 254
1012128 242509 245 4374
1012143 56307 245 108
1012144 56307 245 46
1012145 75721 245 1564
1012146 75721 245 1897
1012147 75721 245 15361
1012148 75721 245 1124
1012149 75721 245 816
1012157 242510 245 311
1012158 242510 245 1565
1012159 242510 245 1555
1012160 242510 245 19513
1012166 242512 245 311
1012167 242512 245 307
1012168 242512 245 1239
1012185 52345 245 992
1012186 52345 245 941
1012187 52345 245 1647
1012188 52345 245 138
1012189 52345 245 291
1012190 52345 245 1897
1012191 52345 245 328
1012192 52345 245 1714
1012193 52345 245 894
1012194 52345 245 730
1012195 52345 245 139
1012196 52345 245 44
1012197 52345 245 46
1012198 52345 245 1738
1012199 242515 245 40
1012200 242515 245 1714
1012201 242515 245 583
1012202 242515 245 635
1012203 242515 245 1744
1012204 242515 245 1000
1012205 242515 245 369
1012210 18823 245 992
1012211 18823 245 1647
1012212 18823 245 1239
1012213 18823 245 138
1012214 18823 245 1049
1012215 18823 245 894
1012216 121783 245 108
1012217 121783 245 301
1012218 121783 245 1738
1012219 121783 245 46
1012220 121783 245 527
1012224 87815 245 254
1012225 87815 245 1704
1012226 87815 245 391
1012227 87815 245 301
1012228 87815 245 1714
1012229 87815 245 2371
1012230 87815 245 264
1012231 87815 245 865
1012232 87815 245 4
1012233 87815 245 818
1012234 87815 245 139
1012235 87815 245 39
1012236 87815 245 285
1012237 87815 245 3
1012238 87815 245 1738
1012239 189030 245 941
1012240 189030 245 1049
1012244 242519 245 1555
1012245 242519 245 4132
1012246 242519 245 37472
1012247 242519 245 3722
1012248 242519 245 72282
1012249 242519 245 359
1012256 242520 245 1257
1012272 242523 245 4382
1012273 242523 245 4582
1012274 242523 245 72283
1012275 242523 245 1704
1012276 242523 245 3451
1012277 242523 245 367
1012278 242523 245 1996
1012292 242526 245 5922
1012293 242526 245 1896
1012294 242526 245 557
1012295 242526 245 29
1012310 242529 245 1775
1012311 242529 245 301
1012312 242529 245 72285
1012313 242529 245 1896
1012314 242529 245 557
1012327 36373 245 108
1012328 36373 245 138
1012329 36373 245 2990
1012330 36373 245 527
1012331 36373 245 301
1012332 36373 245 225
1012333 36373 245 2642
1012334 36373 245 4641
1012335 36373 245 11
1012336 36373 245 72
1012337 36373 245 2376
1012338 36373 245 39
1012339 36373 245 369
1012340 36373 245 44
1012341 36373 245 46
1012342 36373 245 1738
1012343 36373 245 1117
1012344 242530 245 941
1012345 242530 245 254
1012346 242530 245 1134
1012347 242530 245 1704
1012348 242530 245 138
1012349 242530 245 301
1012350 242530 245 3451
1012351 242530 245 11
1012352 242530 245 72
1012353 242530 245 4
1012354 242530 245 643
1012355 242530 245 1160
1012356 242530 245 39
1012357 242530 245 44
1012358 242530 245 5668
1012359 242530 245 46
1012360 242530 245 1738
1012361 242531 245 39
1012362 242531 245 894
1012363 242531 245 301
1012364 242531 245 1647
1012365 242532 245 72286
1012366 242532 245 4677
1012367 242532 245 11768
1012368 242532 245 4582
1012369 242532 245 1239
1012370 242532 245 301
1012371 242532 245 2637
1012389 242535 245 46
1012390 242535 245 1738
1012391 242535 245 301
1012402 112044 245 39
1012403 112044 245 1704
1012404 112044 245 25855
1012405 112044 245 301
1012406 242537 245 503
1012407 242537 245 367
1012408 242537 245 464
1012415 242539 245 5922
1012416 242539 245 5927
1012417 242539 245 5733
1012418 242539 245 1896
1012419 242539 245 996
1012420 242539 245 503
1012421 242539 245 1923
1012422 242539 245 557
1012423 242540 245 276
1012424 242540 245 318
1012425 242540 245 1121
1012426 242540 245 1999
1012427 242540 245 225
1012428 242540 245 5907
1012439 242543 245 992
1012440 242543 245 53891
1012441 242543 245 1999
1012442 242543 245 4502
1012469 56702 245 668
1012470 56702 245 276
1012471 56702 245 188
1012472 56702 245 885
1012473 56702 245 474
1012474 56702 245 77
1012475 56702 245 11
1012476 56702 245 72
1012477 56702 245 139
1012478 56702 245 285
1012479 56702 245 44
1012480 56702 245 1738
1012481 56702 245 1117
1012482 56702 245 168
1012483 126863 245 301
1012484 126863 245 39
1012485 126863 245 1738
1012486 11648 245 941
1012487 11648 245 138
1012488 11648 245 66828
1012497 242545 245 1052
1012498 242545 245 1896
1012499 242545 245 557
1012500 242545 245 719
1012501 242545 245 72123
1012502 242546 245 318
1012503 242546 245 276
1012504 242546 245 458
1012505 242546 245 301
1012511 242548 245 1999
1012512 242548 245 72287
1012513 242548 245 1565
1012514 242549 245 72288
1012515 242549 245 311
1012516 242549 245 292
1012517 242549 245 1244
1012518 242549 245 1239
1012519 242549 245 6
1012520 242549 245 816
1012521 242549 245 72
1012522 242549 245 503
1012523 242549 245 1124
1012524 242549 245 2072
1012525 242549 245 21396
1012526 242549 245 72289
1012527 242550 245 941
1012528 242550 245 1704
1012529 242550 245 138
1012530 242550 245 3704
1012531 242550 245 4984
1012532 242550 245 6
1012533 242550 245 1147
1012534 242550 245 39
1012542 242553 245 941
1012543 242553 245 21
1012544 242553 245 1554
1012545 242553 245 311
1012546 242553 245 4132
1012547 242553 245 307
1012548 168826 245 311
1012549 168826 245 39
1012550 168826 245 503
1012551 168826 245 2187
1012552 168826 245 1647
1012557 242555 245 469
1012558 242555 245 1218
1012559 242555 245 72290
1012560 242555 245 25256
1012561 242555 245 311
1012562 242555 245 4619
1012563 242555 245 72291
1012564 242555 245 54845
1012565 242555 245 1049
1012566 242556 245 80
1012567 242556 245 563
1012568 242556 245 56588
1012569 242556 245 26234
1012570 242556 245 3266
1012597 242559 245 72294
1012611 242561 245 1704
1012612 242561 245 2990
1012613 242561 245 301
1012614 242561 245 80
1012615 242561 245 712
1012616 242561 245 392
1012617 242561 245 342
1012618 242561 245 3681
1012619 242561 245 2376
1012620 242562 245 1999
1012621 242562 245 225
1012625 242564 245 3266
1012626 242564 245 72295
1012627 242564 245 72294
1012628 242564 245 1284
1012634 242566 245 2592
1012635 242566 245 3240
1012636 242566 245 72296
1012637 242566 245 2647
1012638 242566 245 21
1012639 242566 245 72297
1012640 242566 245 503
1012641 242566 245 20466
1012642 242566 245 3050
1012643 57849 245 2072
1012644 57849 245 941
1012645 57849 245 9333
1012646 57849 245 3240
1012647 57849 245 1704
1012648 57849 245 138
1012649 57849 245 1128
1012650 57849 245 1896
1012651 57849 245 557
1012652 57849 245 1125
1012653 57849 245 816
1012654 57849 245 1795
1012655 57849 245 3750
1012656 57849 245 1284
1012659 56322 245 941
1012660 56322 245 21
1012661 56322 245 1704
1012662 56322 245 138
1012663 56322 245 3835
1012664 56322 245 1714
1012665 56322 245 2371
1012666 56322 245 2236
1012667 56322 245 43993
1012668 56322 245 1123
1012669 56322 245 67192
1012680 18225 245 8944
1012681 18225 245 20828
1012682 18225 245 557
1012683 18225 245 1896
1012684 18225 245 5927
1012685 18225 245 5922
1012686 18225 245 2520
1012701 242573 245 1775
1012702 242573 245 80
1012703 242573 245 4582
1012704 242573 245 1704
1012705 242573 245 557
1012709 242575 245 1775
1012710 242575 245 1704
1012711 242575 245 342
1012712 242575 245 523
1012713 242575 245 4
1012714 242575 245 1123
1012755 242581 245 507
1012756 242581 245 1704
1012757 242581 245 1147
1012758 242581 245 523
1012759 242581 245 39
1012760 242581 245 1690
1012761 242581 245 912
1012762 242582 245 941
1012763 242582 245 21
1012764 242583 245 941
1012765 242583 245 67192
1012766 242583 245 21
1012767 242583 245 138
1012768 242583 245 2940
1012769 242583 245 2902
1012770 242583 245 294
1012771 242583 245 2647
1012772 242584 245 276
1012773 242584 245 21
1012774 242584 245 54664
1012775 242584 245 1918
1012776 242585 245 43993
1012777 242585 245 21
1012778 242585 245 2647
1012779 242585 245 2236
1012780 242585 245 1704
1012788 108900 245 14112
1012789 108900 245 294
1012790 108900 245 21
1012791 108900 245 935
1012792 108900 245 1704
1012793 108900 245 2486
1012794 108900 245 138
1012795 108900 245 40
1012796 108900 245 391
1012797 108900 245 908
1012798 108900 245 1135
1012799 108900 245 557
1012800 108900 245 1897
1012801 108900 245 2371
1012802 108900 245 2236
1012803 108900 245 2647
1012804 108900 245 4
1012805 108900 245 643
1012806 108900 245 286
1012807 108900 245 26265
1012808 108900 245 3204
1012809 43346 245 4502
1012810 43346 245 254
1012811 43346 245 1704
1012812 43346 245 4276
1012813 43346 245 3147
1012814 43346 245 225
1012815 43346 245 1999
1012816 43346 245 138
1012817 23142 245 1704
1012818 23142 245 138
1012819 23142 245 1999
1012820 23142 245 4
1012821 23142 245 254
1012822 23142 245 225
1012823 23142 245 44
1012824 23142 245 4276
1012825 23142 245 4502
1012826 23142 245 3240
1012827 23142 245 255
1012828 23142 245 146
1012829 23142 245 3147
1012839 4915 245 941
1012840 4915 245 1704
1012841 4915 245 1564
1012842 4915 245 3291
1012843 4915 245 996
1012844 4915 245 307
1012845 4915 245 1124
1012846 4915 245 523
1012847 4915 245 72
1012848 4915 245 503
1012853 242588 245 29
1012854 242588 245 1565
1012855 242588 245 425
1012856 242588 245 1704
1012857 242588 245 2201
1012867 64928 245 138
1012868 64928 245 1117
1012869 64928 245 301
1012870 64928 245 318
1012871 64928 245 1160
1012872 64928 245 39
1012873 64928 245 46
1012874 64928 245 1738
1012875 64928 245 11
1012876 64928 245 285
1012879 169451 245 1565
1012880 242592 245 1565
1012881 242592 245 523
1012882 242593 245 301
1012893 242595 245 5306
1012894 242595 245 4272
1012895 242595 245 2364
1012896 242595 245 44895
1012897 242595 245 27397
1012898 242595 245 49729
1012899 242595 245 20036
1012900 242595 245 1565
1012901 242595 245 4773
1012902 242595 245 41182
1012908 242597 245 2072
1012909 242597 245 469
1012910 242597 245 72294
1012925 242601 245 2187
1012926 242601 245 311
1012927 242601 245 4
1012928 242601 245 503
1012929 242601 245 4053
1012930 242601 245 1126
1012931 242601 245 39
1012932 242601 245 469
1012933 242601 245 59944
1012987 242607 245 1896
1012988 242607 245 42271
1012989 242607 245 557
1012990 242607 245 2377
1012991 242607 245 21510
1012992 242607 245 523
1012993 242607 245 1239
1012994 242607 245 425
1012995 242607 245 72304
1012996 242607 245 1191
1012997 242608 245 1239
1012998 242608 245 20496
1012999 242608 245 5842
1013000 242608 245 27334
1013001 242608 245 15389
1013002 242608 245 72305
1013003 242608 245 2708
1013004 186353 245 1751
1013005 186353 245 2592
1013006 186353 245 1704
1013007 186353 245 40
1013008 186353 245 4132
1013009 186353 245 1124
1013010 186353 245 523
1013011 186353 245 24
1013012 186353 245 4550
1013013 186353 245 869
1013032 15506 245 14112
1013033 15506 245 3
1013034 15506 245 255
1013035 15506 245 72
1013036 15506 245 2647
1013037 15506 245 40
1013038 15506 245 2236
1013039 15506 245 4
1013050 125417 245 21
1013051 125417 245 3510
1013052 125417 245 996
1013053 125417 245 311
1013054 125417 245 1239
1013055 125417 245 72
1013056 125417 245 1793
1013057 125417 245 1820
1013058 125417 245 618
1013059 125417 245 469
1013060 125417 245 29464
1013061 125417 245 21138
1013062 125417 245 24
1013063 242613 245 46
1013064 242613 245 527
1013065 242613 245 108
1013066 242614 245 46
1013067 242614 245 1738
1013068 242614 245 70
1013083 173995 245 311
1013084 173995 245 301
1013085 173995 245 39
1013086 173995 245 54812
1013087 173995 245 4124
1013088 173995 245 72309
1013089 173995 245 4730
1013098 242618 245 1999
1013099 242618 245 39
1013100 242618 245 301
1013104 242620 245 996
1013105 242620 245 1565
1013106 242620 245 3693
1013107 242620 245 1555
1013108 242620 245 3130
1013109 242620 245 72316
1013110 242620 245 41805
1013111 242620 245 72317
1013117 8617 245 16480
1013118 8617 245 72292
1013119 8617 245 67028
1013120 8617 245 20380
1013121 8617 245 14058
1013122 8617 245 30005
1013132 12880 245 941
1013133 12880 245 294
1013134 12880 245 21
1013135 12880 245 1647
1013136 12880 245 846
1013137 12880 245 311
1013138 12880 245 3290
1013139 12880 245 1125
1013140 12880 245 6
1013141 12880 245 816
1013142 12880 245 1795
1013143 12880 245 4057
1013144 12880 245 39
1013145 12880 245 1909
1013146 12880 245 2373
1013147 242623 245 1453
1013148 242623 245 1191
1013149 242623 245 3
1013164 242624 245 9333
1013165 242624 245 3824
1013166 242624 245 20579
1013167 242624 245 873
1013168 242624 245 503
1013177 242626 245 24
1013178 36459 245 46
1013179 23371 245 108
1013180 23371 245 46
1013181 124825 245 108
1013182 124825 245 46
1013183 49907 245 108
1013184 49907 245 46
1013185 242627 245 108
1013186 242627 245 46
1013187 31542 245 108
1013188 31542 245 46
1013191 35778 245 108
1013192 35778 245 46
1013193 35778 245 301
1013194 25564 245 978
1013195 25564 245 108
1013196 25564 245 138
1013197 25564 245 527
1013198 25564 245 301
1013199 25564 245 188
1013200 25564 245 474
1013201 25564 245 11
1013202 25564 245 72
1013203 25564 245 39
1013204 25564 245 369
1013205 25564 245 285
1013206 25564 245 44
1013207 25564 245 46
1013208 25564 245 1738
1013209 25564 245 1117
1013210 242629 245 941
1013211 242629 245 1704
1013212 242629 245 138
1013213 242629 245 1808
1013214 242630 245 557
1013215 242630 245 39
1013216 106638 245 2072
1013217 106638 245 72294
1013218 242631 245 47017
1013219 242631 245 2072
1013220 242631 245 5733
1013221 242631 245 72294
1013240 129863 245 39
1013257 242636 245 941
1013258 242636 245 138
1013259 242636 245 2056
1013260 242636 245 1565
1013261 242636 245 643
1013262 242636 245 1808
1013263 242636 245 1626
1013264 242636 245 311
1013265 73068 245 1724
1013266 73068 245 1191
1013267 73068 245 22363
1013268 73068 245 1896
1013269 73068 245 557
1013270 73068 245 996
1013271 73068 245 503
1013272 73068 245 1231
1013273 242637 245 22222
1013274 242637 245 72318
1013275 242637 245 3510
1013276 242637 245 469
1013277 242637 245 503
1013278 242637 245 311
1013279 242637 245 1591
1013280 242637 245 618
1013297 20190 245 457
1013298 20190 245 557
1013299 20190 245 1896
1013332 242641 245 46
1013333 242641 245 1738
1013334 242641 245 301
1013348 242642 245 301
1013349 242642 245 3451
1013350 242642 245 39
1013351 242642 245 367
1013364 242645 245 15693
1013365 242645 245 1560
1013366 242645 245 1564
1013367 242645 245 928
1013368 69702 245 72
1013369 69702 245 21
1013370 69702 245 4
1013371 69702 245 139
1013372 69702 245 45151
1013373 69702 245 638
1013374 69702 245 4256
1013375 69702 245 1123
1013376 69702 245 639
1013377 69702 245 4270
1013378 69702 245 294
1013379 69702 245 798
1013380 69702 245 635
1013381 69702 245 4610
1013382 69702 245 72322
1013383 9869 245 1999
1013384 9869 245 941
1013385 9869 245 557
1013386 9869 245 4502
1013387 9869 245 225
1013388 9869 245 138
1013389 9869 245 3147
1013390 242646 245 1239
1013391 242646 245 43428
1013392 242646 245 13981
1013393 242646 245 1191
1013394 242646 245 72323
1013426 8744 245 941
1013427 8744 245 21
1013428 8744 245 1896
1013429 8744 245 527
1013430 8744 245 80
1013431 8744 245 700
1013432 8744 245 2902
1013433 8744 245 72324
1013434 242648 245 978
1013435 242648 245 2990
1013436 242648 245 262
1013437 242648 245 70
1013438 242648 245 139
1013439 242648 245 1612
1013440 242649 245 941
1013441 242649 245 138
1013442 242649 245 1564
1013443 242649 245 4405
1013444 242649 245 4540
1013445 242649 245 3291
1013446 242649 245 1704
1013447 242650 245 2150
1013448 242650 245 941
1013449 242650 245 2942
1013450 242650 245 2486
1013451 242650 245 138
1013452 242650 245 928
1013453 242650 245 2795
1013454 242650 245 1052
1013455 242650 245 2889
1013456 242650 245 311
1013457 242650 245 292
1013458 242650 245 1744
1013459 242650 245 583
1013460 242650 245 425
1013461 242650 245 503
1013462 242650 245 507
1013463 242650 245 286
1013464 242650 245 46603
1013465 242651 245 523
1013466 242651 245 72325
1013467 242651 245 1561
1013468 242651 245 1564
1013469 242651 245 1563
1013501 242655 245 80
1013502 242656 245 311
1013503 242656 245 301
1013504 242656 245 39
1013505 242657 245 5927
1013506 242657 245 7262
1013507 242657 245 1896
1013508 242657 245 557
1013509 242657 245 1565
1013510 242657 245 700
1013511 242657 245 1627
1013512 242657 245 72327
1013513 242657 245 1555
1013514 242657 245 3130
1013515 242657 245 1889
1013524 79640 245 40
1013525 79640 245 1707
1013526 79640 245 80
1013527 79640 245 2371
1013528 79640 245 72
1013541 242658 245 72328
1013542 242658 245 39
1013543 242658 245 1169
1013544 242658 245 331
1013545 242658 245 72329
1013546 242658 245 72330
1013547 242658 245 77
1013548 242658 245 301
1013549 242658 245 72331
1013550 242658 245 28
1013551 242658 245 1738
1013552 242658 245 960
1013553 242658 245 798
1013554 242659 245 21
1013555 242659 245 1918
1013556 242659 245 885
1013557 242659 245 474
1013558 242659 245 2940
1013559 242659 245 152
1013560 242659 245 4
1013561 242659 245 39
1013562 242659 245 2647
1013563 242659 245 2236
1013564 186227 245 2486
1013565 186227 245 292
1013566 186227 245 523
1013567 186227 245 3087
1013568 186227 245 1239
1013569 5592 245 138
1013570 242660 245 12782
1013571 242660 245 2657
1013572 242660 245 311
1013573 242660 245 2133
1013574 24278 245 1999
1013575 24278 245 941
1013576 24278 245 4502
1013577 24278 245 992
1013578 24278 245 254
1013579 24278 245 3906
1013580 24278 245 138
1013581 24278 245 2795
1013582 24278 245 70
1013583 24278 245 276
1013584 24278 245 5702
1013585 24278 245 311
1013586 24278 245 4276
1013587 24278 245 291
1013588 24278 245 1714
1013589 24278 245 3147
1013590 24278 245 894
1013591 24278 245 225
1013592 24278 245 342
1013593 24278 245 388
1013594 24278 245 39
1013595 24278 245 44
1013597 242661 245 72332
1013598 242661 245 3217
1013599 242661 245 503
1013600 242661 245 2072
1013601 242661 245 941
1013602 242661 245 1923
1013603 242661 245 301
1013604 242661 245 39
1013605 242661 245 1820
1013620 242662 245 2187
1013621 242662 245 503
1013622 242662 245 1126
1013623 242662 245 10941
1013624 242662 245 3393
1013625 242662 245 816
1013644 242664 245 1704
1013645 242664 245 26766
1013646 242664 245 43428
1013647 242664 245 1239
1013656 23556 245 1121
1013657 23556 245 1999
1013658 23556 245 27096
1013659 23556 245 996
1013660 23556 245 557
1013661 23556 245 1897
1013662 23556 245 225
1013663 23556 245 15716
1013664 23556 245 342
1013665 23556 245 816
1013666 23556 245 49200
1013672 55223 245 978
1013673 55223 245 138
1013674 55223 245 5720
1013675 55223 245 291
1013676 55223 245 328
1013677 55223 245 4132
1013678 55223 245 307
1013679 55223 245 10019
1013680 55223 245 24
1013681 55223 245 4
1013682 55223 245 285
1013683 55223 245 287
1013684 55223 245 4137
1013685 55223 245 44
1013686 55223 245 46
1013687 55223 245 1738
1013688 119674 245 2187
1013689 119674 245 464
1013690 119674 245 1744
1013691 119674 245 72
1013692 119674 245 503
1013693 119674 245 4053
1013694 119674 245 1126
1013695 119674 245 39
1013696 119674 245 343
1013697 119674 245 618
1013698 119674 245 469
1013699 242666 245 1918
1013700 242666 245 557
1013710 242667 245 68238
1013711 242667 245 68237
1013712 242667 245 2236
1013713 242667 245 2647
1013714 242667 245 24836
1013715 242667 245 21
1013716 80029 245 992
1013717 80029 245 978
1013718 80029 245 70
1013719 80029 245 301
1013720 80029 245 894
1013721 80029 245 730
1013722 80029 245 139
1013723 80029 245 39
1013724 242668 245 70
1013728 242670 245 992
1013729 242670 245 1896
1013730 242670 245 3394
1013731 242670 245 1239
1013732 242670 245 507
1013733 242670 245 39
1013734 242671 245 43428
1013735 242671 245 72333
1013736 242671 245 1239
1013737 242671 245 3087
1013738 242671 245 43446
1013739 242671 245 41103
1013740 242671 245 2632
1013741 242671 245 507
1013742 242671 245 6
1013743 242671 245 941
1013744 106951 245 1565
1013745 106951 245 523
1013746 106951 245 1555
1013747 106951 245 307
1013748 106951 245 643
1013749 106951 245 2486
1013750 106951 245 286
1013751 106951 245 4132
1013752 106951 245 3130
1013753 106951 245 5306
1013754 106951 245 1134
1013755 106951 245 4272
1013756 106951 245 1160
1013757 106951 245 698
1013758 106951 245 4773
1013759 106951 245 2364
1013783 242674 245 67343
1013784 242674 245 5922
1013785 242674 245 5927
1013786 242674 245 3844
1013787 242674 245 72334
1013788 242674 245 72335
1013789 242674 245 3593
1013790 242674 245 4053
1013791 242674 245 503
1013792 242674 245 23776
1013793 242674 245 4068
1013794 242674 245 1128
1013795 242675 245 6349
1013796 242675 245 15090
1013797 242675 245 1704
1013798 242675 245 1675
1013799 242675 245 53884
1013800 242675 245 1239
1013801 242675 245 3087
1013802 242675 245 4582
1013803 242675 245 40
1013804 242676 245 1775
1013805 242676 245 523
1013806 242676 245 301
1013807 242677 245 5927
1013808 242677 245 5922
1013809 242677 245 1775
1013810 242677 245 4382
1013811 242677 245 367
1013812 242677 245 1123
1013813 242678 245 1775
1013814 242678 245 76
1013815 242678 245 301
1013816 242679 245 2313
1013817 242679 245 41310
1013818 242679 245 1889
1013819 242679 245 1627
1013820 242679 245 3130
1013821 242679 245 1555
1013822 242679 245 1565
1013823 242679 245 1690
1013824 242679 245 523
1013825 242679 245 342
1013826 242680 245 523
1013827 242680 245 72294
1013828 242680 245 311
1013829 242680 245 1565
1013846 242685 245 2723
1013847 242685 245 22457
1013848 242685 245 425
1013849 242685 245 72336
1013850 242685 245 469
1013851 242686 245 1896
1013852 242686 245 311
1013853 242686 245 557
1013854 242686 245 342
1013855 242686 245 523
1013856 242686 245 1565
1013857 242686 245 2613
1013858 7426 245 941
1013859 7426 245 1896
1013860 7426 245 301
1013861 242687 245 941
1013862 242687 245 1775
1013863 242687 245 5927
1013864 242687 245 1704
1013865 242687 245 557
1013866 242687 245 1701
1013887 242691 245 72319
1013888 242691 245 557
1013889 242691 245 301
1013890 242691 245 39
1013891 242691 245 72294
1013900 21115 245 1704
1013901 21115 245 1135
1013902 21115 245 311
1013903 21115 245 5371
1013904 21115 245 464
1013905 21115 245 2236
1013906 21115 245 583
1013907 21115 245 72
1013917 242695 245 941
1013918 242695 245 138
1013919 242695 245 503
1013920 242695 245 9333
1013921 242695 245 1923
1013922 242695 245 3362
1013923 242695 245 16201
1013924 242695 245 17222
1013925 242695 245 3363
1013926 199027 245 307
1013927 199027 245 51182
1013928 199027 245 311
1013929 242696 245 1704
1013930 242696 245 1896
1013931 242696 245 557
1013932 242696 245 1565
1013933 242696 245 1555
1013934 242696 245 1123
1013959 242698 245 301
1013960 242698 245 4385
1013961 242698 245 391
1013962 242698 245 7599
1013963 242698 245 425
1013964 242698 245 818
1013965 242698 245 39
1013966 242698 245 13690
1013967 242698 245 2105
1013968 242698 245 3262
1013969 86938 245 996
1013970 86938 245 4137
1013971 86938 245 24521
1013972 86938 245 4062
1013973 86938 245 1034
1013974 242699 245 1704
1013975 118228 245 941
1013976 118228 245 1704
1013977 118228 245 464
1013978 118228 245 873
1013979 118228 245 64
1013980 118228 245 1943
1013981 118228 245 4
1013982 118228 245 503
1013983 118228 245 467
1013984 118228 245 643
1013985 118228 245 39
1013986 118228 245 1820
1013987 242700 245 2056
1013988 242700 245 1565
1013989 242700 245 643
1013990 242700 245 72
1013991 242700 245 3198
1013992 242700 245 1627
1013993 242700 245 2739
1013994 242701 245 17845
1013995 242701 245 469
1013996 242701 245 503
1013997 242701 245 32503
1013998 242701 245 15488
1013999 242702 245 6269
1014000 242702 245 318
1014001 242702 245 458
1014002 134143 245 6269
1014003 134143 245 1034
1014004 134143 245 15423
1014005 134143 245 72338
1014006 21269 245 301
1014007 21269 245 39
1014008 3327 245 1738
1014011 167723 245 21
1014012 167723 245 1704
1014013 167723 245 2236
1014014 167723 245 307
1014015 167723 245 276
1014016 173314 245 5036
1014017 173314 245 254
1014018 173314 245 276
1014019 173314 245 523
1014020 173314 245 1738
1014021 173314 245 76
1014022 173314 245 6171
1014023 173314 245 164
1014024 173314 245 4332
1014025 173314 245 301
1014026 173314 245 39
1014027 242703 245 1896
1014028 242703 245 276
1014029 242703 245 557
1014030 242703 245 425
1014031 242703 245 318
1014032 242703 245 301
1014033 2147 245 698
1014034 2147 245 254
1014035 2147 245 935
1014036 2147 245 1134
1014037 2147 245 2486
1014038 2147 245 138
1014039 2147 245 7122
1014040 2147 245 276
1014041 2147 245 908
1014042 2147 245 1135
1014043 2147 245 291
1014044 2147 245 1897
1014045 2147 245 292
1014046 2147 245 301
1014047 2147 245 873
1014048 2147 245 342
1014049 2147 245 72
1014050 2147 245 39
1014051 2147 245 285
1014052 2147 245 44
1014056 242705 245 276
1014057 242705 245 318
1014058 242705 245 3147
1014059 242705 245 941
1014060 242705 245 1565
1014068 32993 245 276
1014069 32993 245 301
1014070 32993 245 1880
1014071 32993 245 635
1014072 32993 245 668
1014073 32993 245 70
1014074 242707 245 76
1014075 242707 245 301
1014076 242707 245 39
1014077 242707 245 168
1014078 242708 245 276
1014079 242708 245 557
1014080 242708 245 301
1014115 242712 245 2486
1014116 242712 245 276
1014117 242712 245 311
1014118 242712 245 301
1014119 242712 245 2161
1014120 242712 245 318
1014121 242713 245 276
1014122 242713 245 301
1014123 242713 245 1738
1014128 242715 245 458
1014129 242715 245 318
1014130 242715 245 301
1014131 242715 245 276
1014136 242717 245 3
1014137 242717 245 2056
1014138 242717 245 1565
1014139 242718 245 1565
1014140 242719 245 6349
1014141 242719 245 72339
1014142 242719 245 15090
1014143 242719 245 1696
1014144 242719 245 27589
1014145 242719 245 469
1014146 242719 245 25272
1014147 242719 245 72340
1014148 242719 245 72341
1014158 242720 245 643
1014159 242720 245 698
1014160 242720 245 5371
1014161 242720 245 449
1014167 242722 245 523
1014168 242722 245 1565
1014207 16344 245 5306
1014208 16344 245 2486
1014209 16344 245 3593
1014210 16344 245 8742
1014211 16344 245 301
1014212 16344 245 80
1014213 16344 245 255
1014214 16344 245 256
1014215 16344 245 131
1014216 16344 245 39
1014217 16344 245 44
1014218 16344 245 4638
1014228 242725 245 301
1014229 242725 245 39
1014230 242725 245 1647
1014231 242725 245 311
1014232 242725 245 367
1014233 242726 245 32736
1014234 242726 245 469
1014245 242729 245 1999
1014246 242729 245 941
1014247 242729 245 1896
1014248 242729 245 557
1014249 242729 245 225
1014250 242729 245 1591
1014251 242729 245 1586
1014252 242729 245 24
1014253 242729 245 59988
1014254 242730 245 47017
1014255 242730 245 13822
1014256 242730 245 2072
1014257 242730 245 5733
1014258 9070 245 2072
1014259 9070 245 5733
1014260 9070 245 816
1014261 9070 245 1128
1014262 9070 245 1896
1014263 9070 245 557
1014264 9070 245 47017
1014265 9070 245 17786
1014266 242731 245 1239
1014267 242731 245 3087
1014268 242731 245 49209
1014269 242731 245 49460
1014270 242731 245 72342
1014271 242731 245 26035
1014272 242731 245 1554
1014273 242731 245 307
1014274 242731 245 469
1014279 82625 245 108
1014280 82625 245 527
1014281 82625 245 46
1014282 21547 245 1704
1014283 21547 245 80
1014284 21547 245 425
1014285 21547 245 469
1014286 242732 245 342
1014287 242732 245 507
1014288 242732 245 6181
1014289 242732 245 2086
1014290 242732 245 917
1014291 242733 245 1121
1014292 242733 245 1999
1014293 242733 245 941
1014294 242733 245 5741
1014295 242733 245 29
1014296 242733 245 225
1014297 242733 245 286
1014298 242733 245 292
1014307 242735 245 3271
1014308 242735 245 4132
1014309 242735 245 311
1014310 242735 245 1239
1014311 242736 245 311
1014312 242736 245 72
1014313 242736 245 1123
1014321 65509 245 311
1014322 65509 245 301
1014323 65509 245 80
1014324 65509 245 39
1014337 242738 245 138
1014338 242738 245 311
1014339 242738 245 287
1014340 242738 245 328
1014341 242738 245 1647
1014342 242738 245 301
1014343 242738 245 1775
1014344 242738 245 39
1014362 242744 245 1626
1014363 242744 245 1704
1014364 242744 245 2056
1014365 242744 245 311
1014366 242744 245 523
1014367 242744 245 1565
1014368 242744 245 643
1014369 242744 245 1628
1014370 242744 245 1555
1014405 242747 245 72294
1014406 242747 245 39
1014407 242748 245 254
1014408 242748 245 1704
1014409 242748 245 1565
1014410 242748 245 1157
1014411 22064 245 1732
1014412 22064 245 635
1014413 22064 245 996
1014414 242749 245 21
1014415 242749 245 311
1014416 242749 245 2647
1014417 242749 245 29946
1014423 242750 245 1775
1014424 242750 245 76
1014425 242750 245 168
1014436 242754 245 3704
1014437 242754 245 523
1014438 242754 245 311
1014439 242754 245 1924
1014463 242756 245 254
1014464 242756 245 1704
1014465 242756 245 1896
1014466 242756 245 557
1014467 242756 245 1808
1014468 242756 245 24
1014469 242756 245 1820
1014470 242756 245 72294
1014471 242756 245 3441
1014472 66984 245 1923
1014473 66984 245 1724
1014474 66984 245 40
1014475 66984 245 1191
1014476 66984 245 996
1014477 66984 245 635
1014478 66984 245 24
1014479 66984 245 4
1014480 115953 245 8742
1014481 115953 245 301
1014482 115953 245 39
1014483 115953 245 342
1014484 115953 245 992
1014485 115953 245 1647
1014486 115953 245 311
1014487 115953 245 894
1014488 115953 245 139
1014489 115953 245 469
1014490 115953 245 54117
1014491 169603 245 1647
1014492 169603 245 301
1014493 169603 245 2161
1014494 169603 245 72
1014495 169603 245 4
1014496 169603 245 367
1014497 169603 245 72344
1014498 242757 245 557
1014499 242757 245 2592
1014500 242757 245 5733
1014501 242757 245 1704
1014502 242758 245 5306
1014503 242758 245 2187
1014504 242758 245 1744
1014505 242758 245 1584
1014506 242758 245 523
1014507 242758 245 503
1014508 242758 245 1126
1014509 242758 245 39
1014510 242758 245 2437
1014511 242759 245 108
1014512 242759 245 138
1014513 242759 245 557
1014514 242759 245 46
1014515 242759 245 1738
1014516 23874 245 2486
1014517 23874 245 138
1014518 23874 245 1322
1014519 23874 245 291
1014520 23874 245 1897
1014521 23874 245 961
1014522 23874 245 301
1014523 23874 245 474
1014524 23874 245 72
1014525 23874 245 318
1014526 23874 245 285
1014527 23874 245 46
1014528 23874 245 1738
1014543 242760 245 992
1014544 242760 245 1896
1014545 242760 245 557
1014546 242760 245 2206
1014547 242760 245 24450
1014552 178356 245 2187
1014553 178356 245 311
1014554 178356 245 503
1014555 178356 245 1126
1014556 178356 245 469
1014557 178356 245 3487
1014558 242762 245 2072
1014559 242762 245 5927
1014560 242762 245 13822
1014561 242762 245 5922
1014562 242762 245 2520
1014563 242762 245 1896
1014564 242762 245 557
1014565 242762 245 301
1014566 242762 245 8722
1014567 242762 245 8714
1014586 242765 245 1049
1014587 242765 245 138
1014588 242765 245 23834
1014589 242765 245 292
1014590 242765 245 301
1014591 242765 245 4132
1014592 242765 245 307
1014593 242765 245 72
1014594 242765 245 39
1014595 242765 245 287
1014596 242765 245 356
1014597 242765 245 72346
1014598 242765 245 286
1014599 242765 245 44
1014600 242765 245 1738
1014625 178393 245 941
1014626 178393 245 138
1014627 178393 245 503
1014628 178393 245 307
1014629 178393 245 2486
1014630 178393 245 286
1014631 178393 245 292
1014632 178393 245 873
1014633 178393 245 643
1014642 10548 245 1704
1014643 10548 245 1896
1014644 10548 245 557
1014645 10548 245 503
1014646 10548 245 1284
1014647 242769 245 2942
1014648 242769 245 1923
1014649 242769 245 1704
1014650 242769 245 2456
1014651 242769 245 40
1014652 242769 245 2795
1014653 242769 245 1052
1014654 242769 245 311
1014655 242769 245 342
1014656 242769 245 1565
1014657 242769 245 425
1014658 242769 245 503
1014659 242769 245 507
1014687 242771 245 4984
1014688 242771 245 3704
1014689 242771 245 1704
1014690 242771 245 1764
1014691 242771 245 373
1014692 242771 245 39761
1014693 242772 245 2942
1014694 242772 245 1704
1014695 242772 245 40
1014696 242772 245 2889
1014697 242772 245 557
1014698 242772 245 3275
1014699 242772 245 583
1014700 242772 245 72
1014701 242772 245 425
1014702 242772 245 503
1014703 242772 245 469
1014704 242772 245 72347
1014705 242772 245 72348
1014706 146097 245 1597
1014707 146097 245 3394
1014708 146097 245 915
1014709 146097 245 39
1014710 146097 245 992
1014711 146097 245 894
1014712 146097 245 730
1014713 242773 245 992
1014714 242773 245 359
1014715 242773 245 3394
1014716 242773 245 894
1014717 242773 245 1431
1014718 242773 245 915
1014719 242773 245 1597
1014720 242773 245 4057
1014721 242773 245 139
1014722 242773 245 6135
1014723 103061 245 935
1014724 103061 245 1704
1014725 103061 245 2486
1014726 103061 245 1561
1014727 103061 245 1564
1014728 103061 245 2056
1014729 103061 245 1889
1014730 103061 245 292
1014731 103061 245 1565
1014732 103061 245 4
1014733 103061 245 503
1014734 103061 245 1555
1014735 103061 245 286
1014736 103061 245 1627
1014737 242774 245 46835
1014738 242774 245 49967
1014739 242774 245 1889
1014740 242774 245 1565
1014741 242774 245 1555
1014742 242774 245 3281
1014743 242775 245 469
1014744 242775 245 15090
1014745 242775 245 80
1014746 242775 245 3131
1014747 242775 245 6349
1014748 242775 245 15112
1014749 242775 245 25472
1014750 242775 245 55502
1014761 242777 245 40
1014762 242777 245 2155
1014763 242777 245 367
1014764 242777 245 503
1014765 242778 245 294
1014766 242778 245 21
1014767 242778 245 1704
1014768 242778 245 1896
1014769 242778 245 2236
1014770 242778 245 4582
1014771 242778 245 4984
1014772 242779 245 20074
1014773 242779 245 719
1014774 242779 245 1704
1014791 242780 245 1775
1014792 242780 245 72294
1014793 242780 245 301
1014794 242780 245 1239
1014802 242782 245 10427
1014803 242782 245 20840
1014804 242782 245 425
1014805 242782 245 2355
1014806 242782 245 2319
1014807 242783 245 24450
1014808 242783 245 557
1014809 242783 245 1896
1014810 242783 245 3275
1014811 242783 245 18271
1014812 242783 245 49122
1014813 242783 245 42271
1014814 242783 245 2023
1014815 242783 245 21510
1014816 242783 245 15060
1014817 242783 245 1867
1014818 242783 245 72350
1014819 242784 245 668
1014820 242784 245 311
1014821 242784 245 1704
1014822 242784 245 49122
1014848 39550 245 668
1014849 39550 245 301
1014850 39550 245 25654
1014851 39550 245 8781
1014852 39550 245 72
1014853 39550 245 139
1014854 39550 245 4332
1014855 39550 245 39
1014856 39550 245 285
1014857 39550 245 44
1014858 39550 245 3
1014859 39550 245 1738
1014860 39550 245 168
1014861 39550 245 56
1014862 39550 245 188
1014869 242788 245 941
1014870 242788 245 138
1014871 242788 245 1450
1014872 242788 245 2902
1014873 242789 245 2376
1014874 242789 245 2990
1014875 242789 245 80
1014876 242789 245 72320
1014877 242790 245 80
1014878 242790 245 1450
1014879 242790 245 50378
1014880 242790 245 72320
1014905 7950 245 20579
1014906 7950 245 503
1014907 7950 245 311
1014908 7950 245 2072
1014909 242795 245 941
1014910 242795 245 9333
1014911 242795 245 20579
1014912 242795 245 64
1014913 242795 245 301
1014914 242795 245 39
1014939 242799 245 254
1014940 242799 245 276
1014941 242799 245 301
1014942 242799 245 3
1014943 242799 245 457
1014944 242799 245 5469
1014945 242799 245 1367
1014946 242799 245 5036
1014947 242799 245 4385
1014948 83112 245 941
1014949 83112 245 9333
1014950 83112 245 20579
1014951 242800 245 46997
1014952 242800 245 1701
1014953 242800 245 1555
1014954 242800 245 1704
1014955 27774 245 1738
1014956 27774 245 276
1014957 27774 245 39
1014958 27774 245 77
1014959 27774 245 11
1014960 27774 245 301
1014965 242802 245 1704
1014966 242802 245 46384
1014967 242802 245 5765
1014968 242802 245 1775
1014984 242805 245 4433
1014985 242805 245 318
1014986 242805 245 276
1014987 242805 245 2709
1014988 242805 245 301
1014989 242805 245 2161
1014990 242805 245 1704
1014991 242805 245 458
1015007 242808 245 941
1015008 242808 245 331
1015009 242808 245 1896
1015010 242808 245 557
1015011 242808 245 29
1015012 242808 245 813
1015013 242808 245 139
1015014 242808 245 700
1015015 242808 245 1450
1015016 242808 245 1123
1015017 242808 245 39330
1015018 242808 245 15403
1015019 242808 245 5563
1015020 242809 245 2358
1015021 242809 245 80
1015022 242809 245 2236
1015023 242809 245 1450
1015034 242811 245 1367
1015035 242811 245 311
1015036 242811 245 1125
1015037 242811 245 6
1015038 242811 245 4057
1015039 242811 245 318
1015040 242811 245 1909
1015041 242811 245 286
1015054 242813 245 894
1015055 242813 245 39
1015056 242813 245 1647
1015057 242813 245 104
1015064 242815 245 2581
1015065 242815 245 1647
1015066 242815 245 37
1015067 242815 245 712
1015068 242815 245 80
1015069 242815 245 583
1015070 242815 245 873
1015071 242815 245 2993
1015072 242815 245 2936
1015073 242815 245 2450
1015074 242815 245 1943
1015075 242815 245 643
1015076 242815 245 4
1015077 242815 245 469
1015078 242815 245 40
1015079 242815 245 464
1015080 242815 245 2371
1015081 242815 245 1714
1015089 32748 245 941
1015090 32748 245 5927
1015091 32748 245 2592
1015092 32748 245 5922
1015093 32748 245 2520
1015094 32748 245 1647
1015095 32748 245 798
1015096 32748 245 1128
1015097 32748 245 1896
1015098 32748 245 1321
1015099 32748 245 557
1015100 32748 245 960
1015101 32748 245 11
1015102 32748 245 374
1015103 32748 245 6274
1015104 32748 245 1738
1015105 32748 245 8714
1015106 9480 245 48993
1015107 9480 245 941
1015108 9480 245 72354
1015109 9480 245 49891
1015110 9480 245 46748
1015111 9480 245 5286
1015112 9480 245 19668
1015113 9480 245 39
1015114 242817 245 3
1015115 242817 245 301
1015116 242817 245 1775
1015117 242817 245 1999
1015118 180442 245 2494
1015119 180442 245 365
1015120 180442 245 1896
1015121 180442 245 557
1015122 180442 245 301
1015123 180442 245 2236
1015124 180442 245 59447
1015125 180442 245 72355
1015126 180442 245 72356
1015127 180442 245 67880
1015128 242818 245 254
1015129 242818 245 13822
1015130 242818 245 1704
1015131 242818 245 2936
1015132 242818 245 1896
1015133 242818 245 557
1015134 242818 245 301
1015135 242818 245 59447
1015136 242818 245 8722
1015137 242818 245 225
1015138 242818 245 342
1015139 242818 245 3681
1015140 242818 245 523
1015141 242818 245 4
1015142 242818 245 44
1015156 9484 245 72357
1015157 9484 245 8722
1015158 9484 245 557
1015159 9484 245 1896
1015160 9484 245 72319
1015161 9484 245 72284
1015162 84158 245 2072
1015163 84158 245 941
1015164 84158 245 2494
1015165 84158 245 13822
1015166 84158 245 1704
1015167 84158 245 1128
1015168 84158 245 1896
1015169 84158 245 557
1015170 84158 245 301
1015171 84158 245 59447
1015172 84158 245 8722
1015173 84158 245 3681
1015174 84158 245 2248
1015175 84158 245 6
1015176 84158 245 816
1015184 242821 245 1808
1015185 242821 245 1257
1015186 242821 245 29556
1015187 242821 245 1191
1015188 242821 245 367
1015189 242821 245 4382
1015223 242824 245 1738
1015224 242824 245 254
1015225 242824 245 11
1015226 242824 245 1058
1015227 242824 245 30
1015228 242824 245 545
1015235 242826 245 307
1015236 242826 245 18694
1015237 242826 245 3743
1015238 242826 245 1554
1015239 242826 245 20150
1015240 242826 245 311
1015241 242826 245 17336
1015242 242827 245 307
1015243 242827 245 11725
1015244 242827 245 51598
1015245 242827 245 72359
1015251 242828 245 1284
1015252 242828 245 5541
1015253 242828 245 72294
1015254 242828 245 6135
1015255 242828 245 1431
1015256 242829 245 941
1015257 242829 245 9333
1015258 242829 245 359
1015259 242829 245 5541
1015260 242829 245 1431
1015305 242836 245 318
1015306 242836 245 29
1015307 242836 245 331
1015308 242837 245 1191
1015309 242837 245 996
1015310 242837 245 1124
1015311 242837 245 503
1015312 242837 245 469
1015342 242841 245 941
1015343 242841 245 4729
1015344 242841 245 1808
1015345 242841 245 1565
1015346 242841 245 1555
1015347 242841 245 3130
1015348 242841 245 1704
1015355 242843 245 1896
1015356 242843 245 276
1015357 242843 245 557
1015358 242843 245 1714
1015359 242843 245 2371
1015360 242844 245 469
1015361 242844 245 1775
1015374 242845 245 941
1015375 242845 245 138
1015376 242845 245 29912
1015380 242846 245 20496
1015381 242846 245 54509
1015382 242846 245 1239
1015383 242846 245 3087
1015384 242846 245 72363
1015385 242846 245 3748
1015386 242846 245 2708
1015387 242846 245 1555
1015388 61960 245 941
1015389 61960 245 138
1015390 61960 245 72
1015391 61960 245 46
1015392 61960 245 318
1015393 61960 245 1897
1015394 61960 245 44
1015395 61960 245 1367
1015396 61960 245 286
1015397 61960 245 6
1015398 61960 245 816
1015399 61960 245 259
1015400 242847 245 29
1015401 242847 245 1704
1015402 242847 245 5927
1015403 242847 245 5922
1015404 86702 245 1896
1015405 86702 245 311
1015406 86702 245 557
1015407 86702 245 6
1015408 86702 245 72364
1015409 242848 245 941
1015410 242848 245 935
1015411 242848 245 108
1015412 242848 245 138
1015413 242848 245 1128
1015414 242848 245 527
1015415 242848 245 301
1015416 242848 245 188
1015417 242848 245 72
1015418 242848 245 39
1015419 242848 245 285
1015420 242848 245 286
1015421 242848 245 44
1015422 242848 245 46
1015423 242848 245 1738
1015424 242849 245 996
1015425 242849 245 1732
1015426 242849 245 49531
1015427 242849 245 8304
1015430 242851 245 311
1015431 242851 245 40
1015432 242851 245 307
1015433 242851 245 4132
1015434 242851 245 869
1015435 242851 245 1554
1015436 242851 245 3743
1015437 242851 245 3083
1015445 83850 245 7166
1015446 83850 245 54550
1015447 83850 245 54075
1015448 83850 245 2920
1015449 83850 245 1162
1015450 83850 245 1233
1015451 83850 245 39
1015452 83850 245 557
1015453 83850 245 1128
1015454 83850 245 11660
1015457 242854 245 367
1015458 242854 245 24794
1015459 242854 245 19794
1015460 242854 245 1704
1015461 242855 245 992
1015462 242855 245 894
1015463 242855 245 264
1015464 242855 245 1647
1015480 242856 245 301
1015481 242856 245 342
1015482 242856 245 39
1015483 242856 245 1170
1015484 242856 245 19099
1015485 242856 245 507
1015486 242856 245 813
1015487 242856 245 912
1015488 242857 245 19404
1015489 242858 245 557
1015490 242858 245 523
1015491 242858 245 1565
1015498 179126 245 941
1015499 179126 245 1647
1015500 179126 245 4381
1015501 179126 245 4729
1015502 179126 245 2486
1015503 179126 245 138
1015504 179126 245 1233
1015505 179126 245 164
1015506 179126 245 292
1015507 179126 245 301
1015508 179126 245 59504
1015509 179126 245 20579
1015510 179126 245 342
1015511 179126 245 39
1015512 179126 245 700
1015513 179126 245 286
1015519 96297 245 17084
1015520 96297 245 1704
1015521 96297 245 2486
1015522 96297 245 286
1015523 96297 245 908
1015524 96297 245 328
1015525 96297 245 292
1015526 96297 245 4132
1015527 96297 245 3846
1015528 96297 245 264
1015529 96297 245 865
1015530 96297 245 1565
1015531 96297 245 1563
1015532 96297 245 72
1015533 96297 245 4984
1015534 242861 245 1564
1015535 242861 245 1565
1015536 242861 245 1239
1015537 242861 245 1124
1015538 242862 245 301
1015539 242862 245 1896
1015540 242862 245 1738
1015541 242863 245 941
1015542 242863 245 254
1015543 242863 245 138
1015544 242863 245 6318
1015545 242863 245 69718
1015546 242863 245 21931
1015547 179153 245 1121
1015548 179153 245 941
1015549 179153 245 21
1015550 179153 245 5028
1015551 179153 245 3240
1015552 179153 245 5733
1015553 179153 245 1896
1015554 179153 245 557
1015555 179153 245 301
1015556 179153 245 2236
1015557 179153 245 225
1015558 179153 245 2647
1015559 179153 245 1123
1015560 179153 245 1999
1015561 179153 245 67091
1015562 179153 245 138
1015569 242865 245 469
1015570 242865 245 72366
1015571 242865 245 1191
1015572 242865 245 5984
1015573 242866 245 20461
1015574 242866 245 813
1015575 242866 245 21
1015576 242866 245 294
1015577 242866 245 72367
1015578 242866 245 818
1015579 242866 245 353
1015580 242866 245 2236
1015581 242866 245 2647
1015582 242866 245 885
1015583 242866 245 49177
1015593 242870 245 21
1015594 242870 245 2708
1015595 242870 245 1239
1015596 242870 245 3087
1015597 242870 245 43446
1015598 242870 245 1704
1015599 242870 245 1714
1015600 242870 245 2236
1015601 242870 245 2647
1015602 242871 245 138
1015603 242871 245 1239
1015604 242871 245 307
1015605 242871 245 643
1015606 242871 245 2486
1015607 242871 245 286
1015608 242871 245 292
1015609 242871 245 4132
1015610 242871 245 3087
1015611 242871 245 43428
1015612 242871 245 43446
1015613 242871 245 3083
1015614 242872 245 557
1015615 242872 245 1239
1015616 242872 245 4345
1015617 242872 245 1896
1015618 242873 245 941
1015619 242873 245 138
1015620 242873 245 4976
1015621 242873 245 54509
1015622 242873 245 3087
1015623 242873 245 1239
1015624 242873 245 20496
1015625 242873 245 4068
1015626 242873 245 3748
1015627 242874 245 1239
1015628 242874 245 1704
1015629 242875 245 1239
1015630 242875 245 1704
1015631 242875 245 4582
1015632 242876 245 25985
1015633 242876 245 4582
1015634 242876 245 1239
1015635 242876 245 3087
1015636 242876 245 869
1015637 242876 245 2707
1015638 242876 245 5399
1015639 242876 245 3653
1015640 242876 245 1555
1015641 242876 245 3130
1015642 242876 245 1565
1015643 242876 245 1257
1015644 242876 245 1808
1015645 242876 245 20500
1015646 242877 245 25985
1015647 242877 245 4582
1015648 242877 245 5752
1015649 242877 245 29
1015650 242877 245 1917
1015651 242877 245 4230
1015652 242877 245 301
1015653 242877 245 39
1015654 242877 245 13504
1015671 15837 245 367
1015672 15837 245 72368
1015673 15837 245 254
1015674 15837 245 3
1015675 15837 245 301
1015676 15837 245 39
1015677 242880 245 72319
1015678 242880 245 4382
1015679 242880 245 80
1015684 242882 245 59447
1015685 242882 245 28779
1015686 242882 245 4053
1015687 242882 245 72319
1015688 242882 245 557
1015689 242882 245 1896
1015690 242883 245 1896
1015691 242883 245 1431
1015692 242883 245 5541
1015707 242885 245 1808
1015708 242885 245 39088
1015709 242885 245 72369
1015710 242885 245 72370
1015711 242885 245 72371
1015712 242885 245 72372
1015713 242885 245 301
1015714 27856 245 21
1015715 27856 245 798
1015716 27856 245 1322
1015717 27856 245 40
1015718 27856 245 292
1015719 27856 245 301
1015720 27856 245 885
1015721 27856 245 474
1015722 27856 245 2236
1015723 27856 245 2647
1015724 27856 245 72
1015725 27856 245 4
1015726 27856 245 318
1015727 27856 245 39
1015728 242886 245 72319
1015729 242886 245 72294
1015730 242886 245 39
1015731 242886 245 77
1015732 242886 245 301
1015733 242886 245 557
1015734 242886 245 11
1015737 242888 245 311
1015738 242888 245 80
1015739 242888 245 873
1015740 242889 245 941
1015741 242889 245 2708
1015742 242889 245 138
1015743 242889 245 2940
1015744 242889 245 1034
1015745 242889 245 2902
1015746 242889 245 5008
1015747 242889 245 31
1015748 242889 245 4132
1015749 242889 245 3743
1015750 242889 245 307
1015770 242892 245 5733
1015771 242892 245 1896
1015772 242892 245 359
1015773 242892 245 5541
1015782 242893 245 276
1015783 242893 245 873
1015784 242893 245 5962
1015785 242893 245 4510
1015786 242893 245 301
1015787 242893 245 318
1015791 242895 245 3748
1015792 242895 245 941
1015793 242895 245 1693
1015794 242895 245 2829
1015795 242895 245 4530
1015796 242895 245 1185
1015797 80040 245 1704
1015798 80040 245 138
1015799 80040 245 1184
1015800 80040 245 1191
1015801 80040 245 311
1015802 80040 245 1897
1015803 80040 245 21931
1015804 80040 245 4057
1015805 80040 245 503
1015806 80040 245 4053
1015807 80040 245 39
1015830 32340 245 13839
1015831 32340 245 1106
1015832 32340 245 5591
1015833 32340 245 2908
1015834 32340 245 10176
1015835 32340 245 301
1015836 32340 245 1738
1015837 32340 245 44
1015838 32340 245 11
1015839 32340 245 285
1015840 32340 245 1058
1015841 242897 245 301
1015842 242897 245 39
1015843 242898 245 21
1015844 242898 245 254
1015845 242898 245 1918
1015846 242898 245 1917
1015847 242898 245 4509
1015848 242898 245 225
1015849 242898 245 1123
1015850 242899 245 301
1015851 242899 245 72359
1015859 242901 245 457
1015860 242901 245 23774
1015861 242901 245 3681
1015862 242901 245 301
1015863 242902 245 29
1015864 242902 245 1999
1015865 242902 245 138
1015866 242902 245 225
1015867 242902 245 20496
1015899 242905 245 72376
1015900 242905 245 469
1015901 242905 245 618
1015902 242905 245 1124
1015903 242905 245 15361
1015904 242905 245 26576
1015905 242905 245 30243
1015906 242905 245 2306
1015907 242905 245 3219
1015918 242906 245 915
1015919 242906 245 25765
1015920 242906 245 1321
1015921 242906 245 1704
1015922 242907 245 1923
1015923 242907 245 2795
1015924 242907 245 8314
1015925 242907 245 2993
1015926 242907 245 503
1015927 242907 245 469
1015935 170074 245 2056
1015936 170074 245 523
1015937 170074 245 1565
1015938 170074 245 1555
1015939 170074 245 4272
1015954 135525 245 1121
1015955 135525 245 941
1015956 135525 245 138
1015957 135525 245 5776
1015958 135525 245 342
1015959 135525 245 1239
1015960 135525 245 20496
1015976 242912 245 20641
1015977 242912 245 72326
1015978 242912 245 2525
1015979 242912 245 2236
1015980 242912 245 72378
1015981 242912 245 8722
1015982 242912 245 59447
1015983 242912 245 301
1015984 242912 245 3681
1015993 242914 245 5776
1015994 242914 245 941
1015995 242914 245 1704
1015996 184946 245 1775
1015997 184946 245 139
1015998 184946 245 285
1015999 184946 245 367
1016000 184946 245 216
1016001 184946 245 301
1016002 184946 245 39
1016003 184946 245 305
1016012 242917 245 39
1016013 159127 245 780
1016014 159127 245 2086
1016015 159127 245 139
1016016 127333 245 2150
1016017 127333 245 941
1016018 127333 245 978
1016019 127333 245 1134
1016020 127333 245 2486
1016021 127333 245 188
1016022 127333 245 80
1016023 127333 245 11821
1016024 127333 245 72
1016025 127333 245 286
1016026 127333 245 1738
1016027 45507 245 1775
1016028 45507 245 2647
1016029 45507 245 72294
1016030 45507 245 3
1016031 45507 245 301
1016040 242918 245 5927
1016041 242918 245 5922
1016042 242918 245 2520
1016043 242918 245 1896
1016044 242918 245 557
1016045 242918 245 367
1016046 242918 245 2061
1016047 9594 245 557
1016048 9594 245 39
1016049 9594 245 80
1016050 9594 245 1896
1016051 9594 245 254
1016052 9594 245 367
1016053 9594 245 1128
1016054 9594 245 2371
1016055 9594 245 46378
1016056 9594 245 4153
1016057 9594 245 1534
1016058 9594 245 1359
1016061 242920 245 941
1016062 242920 245 1303
1016063 242920 245 42858
1016064 242920 245 24
1016065 242920 245 1586
1016079 242924 245 1704
1016080 242924 245 1303
1016081 242924 245 16918
1016082 242924 245 1305
1016083 170147 245 331
1016084 170147 245 2494
1016085 170147 245 13822
1016086 170147 245 1128
1016087 170147 245 1896
1016088 170147 245 29
1016089 170147 245 47040
1016090 170147 245 72380
1016091 170147 245 1169
1016092 170147 245 127
1016093 242925 245 72381
1016094 242925 245 3750
1016095 242925 245 72382
1016096 242925 245 72383
1016097 242925 245 23414
1016098 242925 245 72384
1016099 242926 245 72294
1016100 242926 245 507
1016103 42855 245 40
1016104 42855 245 10394
1016105 42855 245 6259
1016106 42855 245 1051
1016107 42855 245 11
1016108 42855 245 72
1016109 42855 245 4
1016110 42855 245 369
1016111 42855 245 1738
1016112 42855 245 44
1016113 42855 245 10
1016114 42855 245 10860
1016115 42855 245 1133
1016116 42855 245 1138
1016117 42855 245 90
1016118 242928 245 503
1016119 242928 245 469
1016120 242928 245 2723
1016121 242928 245 425
1016122 242928 245 17845
1016123 242928 245 15488
1016124 94705 245 935
1016125 94705 245 1134
1016126 94705 245 2486
1016127 94705 245 1128
1016128 94705 245 1896
1016129 94705 245 1135
1016130 94705 245 5741
1016131 94705 245 557
1016132 94705 245 3681
1016133 94705 245 1842
1016134 94705 245 29
1016135 94705 245 72
1016136 94705 245 643
1016137 94705 245 286
1016165 242931 245 915
1016166 242931 245 39
1016167 242931 245 992
1016168 242931 245 3394
1016169 242931 245 1597
1016170 242932 245 29849
1016171 242932 245 287
1016172 242932 245 356
1016173 242932 245 825
1016174 242932 245 4254
1016175 242932 245 44
1016176 242932 245 46
1016177 242932 245 1738
1016178 242932 245 8410
1016179 242932 245 1739
1016180 242932 245 7732
1016181 242932 245 72385
1016182 242933 245 9314
1016183 242933 245 4137
1016184 242933 245 72386
1016185 242933 245 996
1016191 242935 245 941
1016192 242935 245 1134
1016193 242935 245 138
1016194 242935 245 7122
1016195 242935 245 292
1016196 242935 245 4984
1016197 242935 245 286
1016211 242936 245 26282
1016212 242936 245 1049
1016213 242936 245 367
1016214 242936 245 4382
1016215 242936 245 14075
1016216 242936 245 1239
1016217 242936 245 72388
1016218 242937 245 557
1016219 242937 245 42733
1016220 242937 245 1720
1016221 242937 245 301
1016222 242937 245 1896
1016223 242937 245 39
1016224 242937 245 953
1016225 242937 245 1690
1016226 242937 245 2207
1016227 72375 245 1918
1016228 72375 245 23834
1016229 72375 245 5394
1016230 72375 245 1896
1016231 72375 245 557
1016232 72375 245 2709
1016233 72375 245 36873
1016234 72375 245 29
1016235 179707 245 941
1016236 179707 245 3240
1016237 179707 245 138
1016238 179707 245 1128
1016239 179707 245 66828
1016240 179707 245 503
1016241 179707 245 4137
1016242 179707 245 367
1016243 179707 245 1820
1016244 179707 245 8407
1016245 179707 245 24
1016246 179707 245 536
1016247 179707 245 1704
1016251 242939 245 72389
1016252 242939 245 46960
1016253 242939 245 72390
1016254 242939 245 503
1016255 242939 245 16557
1016256 242939 245 2448
1016257 242939 245 56059
1016258 242939 245 311
1016259 242939 245 50193
1016285 242943 245 941
1016286 242943 245 6
1016287 242943 245 1555
1016288 242943 245 1704
1016289 242943 245 1565
1016290 242943 245 1564
1016291 242943 245 4961
1016292 242943 245 643
1016293 242943 245 4743
1016294 242943 245 4381
1016295 242944 245 72392
1016296 242944 245 69214
1016297 242944 245 72393
1016298 242944 245 72394
1016299 242944 245 72395
1016300 242944 245 503
1016301 242944 245 39
1016302 242944 245 5824
1016303 242944 245 469
1016304 242945 245 48993
1016305 242945 245 22721
1016306 242945 245 1244
1016307 242945 245 941
1016308 242945 245 72354
1016309 242945 245 49891
1016310 242946 245 1647
1016311 242946 245 1704
1016312 242946 245 2056
1016313 242946 245 1565
1016314 242946 245 301
1016315 242946 245 523
1016316 242946 245 39
1016317 242947 245 21
1016318 242947 245 2236
1016319 242947 245 276
1016320 242947 245 1704
1016321 242947 245 4509
1016322 242947 245 301
1016323 242947 245 264
1016324 242947 245 4582
1016325 242947 245 2647
1016326 242947 245 39
1016327 242948 245 996
1016328 242948 245 24
1016329 242948 245 469
1016330 242948 245 72396
1016331 242948 245 3527
1016332 242948 245 1586
1016333 242948 245 1704
1016351 82883 245 941
1016352 82883 245 2520
1016353 82883 245 5733
1016354 82883 245 138
1016355 82883 245 557
1016356 82883 245 1896
1016357 82883 245 1897
1016358 82883 245 503
1016359 82883 245 15931
1016360 82883 245 59944
1016361 82883 245 22954
1016362 82883 245 2646
1016363 82883 245 27896
1016364 82883 245 72398
1016365 82883 245 72399
1016366 82883 245 72400
1016367 82883 245 72401
1016368 82883 245 6776
1016379 113059 245 70
1016380 113059 245 262
1016381 113059 245 367
1016382 113059 245 46
1016383 113059 245 1738
1016384 113059 245 301
1016385 113059 245 1897
1016386 113059 245 5919
1016387 113059 245 978
1016388 113059 245 138
1016401 242953 245 1565
1016402 242953 245 29113
1016423 242956 245 2236
1016424 242957 245 276
1016425 242957 245 80
1016426 242957 245 318
1016427 242957 245 458
1016428 166972 245 469
1016429 242958 245 1999
1016430 242958 245 1775
1016431 242958 245 220
1016432 242958 245 318
1016433 242958 245 276
1016434 242958 245 5962
1016435 242958 245 72402
1016436 29679 245 70
1016437 29679 245 276
1016438 29679 245 458
1016439 29679 245 301
1016440 29679 245 225
1016441 29679 245 220
1016478 242961 245 1565
1016479 242961 245 996
1016480 242961 245 523
1016512 242965 245 311
1016513 242965 245 38101
1016514 242965 245 72403
1016515 242965 245 4773
1016516 242965 245 1555
1016517 242965 245 3130
1016518 242965 245 72404
1016519 242965 245 618
1016520 242965 245 469
1016521 53859 245 14112
1016522 53859 245 331
1016523 53859 245 40
1016524 53859 245 301
1016525 53859 245 464
1016526 53859 245 474
1016527 53859 245 2371
1016528 53859 245 1714
1016529 53859 245 1169
1016530 53859 245 72
1016531 53859 245 4
1016532 242966 245 557
1016533 242966 245 39
1016534 242966 245 798
1016535 242966 245 960
1016536 242966 245 588
1016537 242966 245 301
1016538 242967 245 72405
1016539 242967 245 49427
1016540 242967 245 1775
1016541 242967 245 301
1016542 242967 245 342
1016543 242967 245 523
1016544 242967 245 1701
1016545 242967 245 1704
1016546 242968 245 996
1016547 242968 245 523
1016548 242969 245 254
1016549 242969 245 1704
1016550 242969 245 1564
1016551 242969 245 1191
1016552 242969 245 1744
1016553 242969 245 583
1016554 242969 245 467
1016555 242969 245 469
1016556 179937 245 17380
1016557 179937 245 1322
1016558 179937 245 1191
1016559 179937 245 292
1016560 179937 245 72
1016561 179937 245 318
1016562 179937 245 1453
1016577 89438 245 941
1016578 89438 245 1704
1016579 89438 245 6
1016580 89438 245 21931
1016581 89438 245 557
1016582 89438 245 1896
1016583 89438 245 869
1016584 56461 245 1121
1016585 56461 245 1999
1016586 56461 245 941
1016587 56461 245 26766
1016588 56461 245 1704
1016589 56461 245 138
1016590 56461 245 1896
1016591 56461 245 311
1016592 56461 245 1897
1016593 56461 245 1565
1016594 56461 245 4057
1016595 56461 245 1821
1016596 242971 245 1191
1016597 242971 245 72406
1016598 242971 245 557
1016599 242971 245 618
1016600 242971 245 469
1016601 242971 245 2330
1016603 108607 245 2993
1016604 108607 245 72
1016605 108607 245 873
1016606 108607 245 64
1016607 108607 245 1714
1016608 108607 245 2371
1016609 108607 245 40
1016610 108607 245 503
1016611 108607 245 1793
1016612 108607 245 7008
1016615 79856 245 941
1016616 79856 245 1897
1016617 79856 245 6
1016618 79856 245 72407
1016619 79856 245 1555
1016620 79856 245 392
1016621 242973 245 15693
1016622 242973 245 72408
1016623 242973 245 2920
1016624 242974 245 80
1016625 242974 245 1565
1016626 242974 245 311
1016646 242977 245 1565
1016647 242977 245 311
1016648 242977 245 1704
1016649 242977 245 5765
1016650 242977 245 1239
1016651 242977 245 469
1016654 170357 245 29
1016655 170357 245 1704
1016656 170357 245 72409
1016657 122995 245 1647
1016658 122995 245 1918
1016659 122995 245 2456
1016660 122995 245 359
1016661 122995 245 311
1016662 122995 245 342
1016663 122995 245 39
1016664 122995 245 912
1016665 122995 245 5541
1016666 122995 245 1821
1016667 122995 245 1555
1016668 122995 245 5910
1016673 69042 245 72294
1016674 69042 245 342
1016675 69042 245 507
1016676 69042 245 917
1016687 242981 245 1999
1016688 242981 245 138
1016689 242981 245 3294
1016690 242981 245 22861
1016691 242981 245 1191
1016692 242981 245 996
1016701 242983 245 5541
1016702 242983 245 1431
1016703 242983 245 6135
1016704 242983 245 6333
1016705 242983 245 14058
1016706 242983 245 1191
1016711 17215 245 1775
1016712 17215 245 557
1016713 17215 245 301
1016758 242987 245 3824
1016759 242987 245 2236
1016760 242987 245 873
1016761 242987 245 2647
1016762 242987 245 72
1016763 242987 245 503
1016764 242987 245 1126
1016765 242987 245 618
1016766 242987 245 469
1016767 242988 245 72319
1016768 242988 245 72294
1016769 242988 245 67813
1016770 242988 245 311
1016771 108225 245 291
1016772 108225 245 941
1016773 108225 245 700
1016774 108225 245 2702
1016775 108225 245 2086
1016776 108225 245 108
1016777 108225 245 138
1016778 108225 245 1896
1016779 108225 245 1897
1016780 108225 245 301
1016781 108225 245 342
1016782 108225 245 139
1016783 108225 245 46
1016784 108225 245 1738
1016785 242989 245 254
1016786 242989 245 2486
1016787 242989 245 301
1016788 242989 245 318
1016789 242989 245 139
1016790 242989 245 17152
1016791 242989 245 276
1016792 242989 245 458
1016793 242989 245 72411
1016794 242989 245 1160
1016795 242989 245 39
1016796 242418 245 1049
1016797 242418 245 2220
1016798 242418 245 3593
1016799 242418 245 885
1016800 242418 245 474
1016801 242418 245 1714
1016802 242418 245 2371
1016803 242418 245 523
1016804 242418 245 39
1016805 242990 245 138
1016806 242990 245 80
1016807 242990 245 2902
1016808 242990 245 5670
1016809 242990 245 49499
1016810 242990 245 2404
1016811 242990 245 71640
1016818 242992 245 1775
1016819 242992 245 80
1016820 242992 245 1704
1016821 242992 245 1565
1016822 132666 245 301
1016823 132666 245 464
1016824 132666 245 635
1016825 132666 245 24
1016826 132666 245 367
1016827 132666 245 1746
1016828 132666 245 4201
1016845 242994 245 941
1016846 242994 245 294
1016847 242994 245 67192
1016848 242994 245 21
1016849 242994 245 2520
1016850 242994 245 5702
1016851 242994 245 311
1016852 242994 245 291
1016853 242994 245 1897
1016854 242994 245 21931
1016855 242994 245 474
1016856 242994 245 2236
1016857 242994 245 43993
1016858 242994 245 2940
1016859 242994 245 72
1016860 242994 245 4057
1016861 242994 245 1909
1016862 242995 245 1704
1016863 242995 245 1564
1016864 242995 245 996
1016865 242995 245 1303
1016866 242995 245 2437
1016868 242997 245 1896
1016869 242997 245 557
1016870 242997 245 80
1016871 242997 245 1123
1016872 242997 245 139
1016873 242998 245 1704
1016874 242998 245 1051
1016875 242998 245 38242
1016881 243000 245 2072
1016882 243000 245 523
1016883 243000 245 503
1016884 243000 245 2795
1016894 243001 245 276
1016895 243001 245 318
1016896 243001 245 39
1016897 243001 245 301
1016910 243004 245 2358
1016911 243004 245 80
1016912 243004 245 2647
1016913 243004 245 1354
1016914 243004 245 1450
1016915 243004 245 1123
1016916 243004 245 49858
1016917 243004 245 301
1016918 243004 245 365
1016919 243005 245 2592
1016920 243005 245 40
1016921 243005 245 2657
1016922 243005 245 523
1016923 243005 245 24
1016924 243005 245 503
1016925 96338 245 29
1016926 96338 245 72319
1016927 96338 245 42733
1016928 96338 245 4349
1016929 243006 245 3394
1016930 243006 245 1896
1016931 243006 245 992
1016932 243006 245 2206
1016933 243006 245 39
1016934 243006 245 1597
1016935 177076 245 941
1016936 177076 245 1704
1016937 177076 245 46992
1016938 177076 245 311
1016939 177076 245 29
1016940 177076 245 467
1016941 177076 245 24
1016942 177076 245 39
1016955 108303 245 20500
1016956 108303 245 2936
1016957 108303 245 1157
1016958 108303 245 40
1016959 108303 245 1257
1016960 108303 245 1128
1016961 108303 245 873
1016962 108303 245 2993
1016963 108303 245 1808
1016964 108303 245 7008
1016965 108303 245 72
1016966 108303 245 286
1016967 243009 245 1244
1016968 243009 245 72288
1016969 243009 245 72416
1016970 243009 245 1124
1016971 243009 245 503
1016972 243009 245 941
1016973 243009 245 21543
1016974 243009 245 4729
1016975 243009 245 2072
1016985 243012 245 1191
1016986 243012 245 996
1016987 243012 245 557
1016988 243012 245 72417
1016989 243012 245 41267
1016990 243012 245 1564
1016991 243012 245 72418
1016992 243012 245 286
1017012 89507 245 503
1017013 89507 245 1943
1017014 89507 245 72421
1017015 89507 245 6419
1017016 89507 245 8572
1017017 89507 245 1284
1017018 89507 245 1124
1017038 243018 245 13229
1017039 243018 245 108
1017040 243018 245 527
1017041 243018 245 301
1017042 243018 245 77
1017043 243018 245 39
1017044 243018 245 46
1017045 243018 245 1738
1017046 243019 245 941
1017047 243019 245 2920
1017048 243019 245 5277
1017049 243019 245 138
1017050 243019 245 1704
1017051 243019 245 29946
1017052 243019 245 342
1017071 72303 245 1564
1017072 72303 245 523
1017073 72303 245 72
1017074 72303 245 503
1017075 72303 245 1793
1017076 72303 245 2371
1017077 243021 245 425
1017078 243021 245 2889
1017079 243021 245 1565
1017080 243021 245 1555
1017081 243021 245 1704
1017082 243022 245 44
1017083 243022 245 301
1017084 243022 245 3037
1017085 243022 245 72428
1017086 243022 245 4107
1017087 243022 245 139
1017088 243022 245 39
1017089 243022 245 264
1017090 56281 245 21
1017091 56281 245 1704
1017092 56281 245 138
1017093 56281 245 1896
1017094 56281 245 557
1017095 56281 245 1820
1017096 56281 245 941
1017097 56281 245 27827
1017098 56281 245 259
1017099 243023 245 72324
1017100 243023 245 20579
1017101 243023 245 557
1017116 243026 245 1121
1017117 243026 245 1999
1017118 243026 245 941
1017119 243026 245 2920
1017120 243026 245 9333
1017121 243026 245 1704
1017122 243026 245 1896
1017123 243026 245 311
1017124 243026 245 557
1017125 243026 245 1897
1017126 243026 245 21931
1017127 243026 245 20579
1017128 243026 245 64
1017129 243026 245 2061
1017130 243026 245 21488
1017131 243026 245 1233
1017132 243027 245 365
1017133 243027 245 80
1017134 243027 245 285
1017135 243027 245 156
1017136 243027 245 1450
1017137 243027 245 1356
1017141 243029 245 3130
1017142 243029 245 311
1017143 243029 245 328
1017144 243029 245 301
1017145 243029 245 2613
1017146 243029 245 474
1017147 243029 245 342
1017148 243029 245 523
1017149 243029 245 4582
1017150 243029 245 2647
1017151 243029 245 72
1017152 243029 245 4
1017153 243029 245 285
1017154 243029 245 1720
1017155 243029 245 39
1017156 243029 245 4633
1017157 243029 245 2220
1017158 47318 245 1775
1017159 47318 245 1714
1017160 47318 245 305
1017161 47318 245 374
1017162 47318 245 139
1017163 47318 245 369
1017164 47318 245 44
1017165 47318 245 1738
1017166 47318 245 216
1017167 47318 245 6230
1017171 243030 245 1714
1017172 243030 245 2371
1017173 243030 245 2236
1017174 243030 245 72
1017175 243030 245 885
1017176 243030 245 474
1017177 243030 245 21
1017178 243031 245 4302
1017179 243031 245 2187
1017180 243031 245 291
1017181 243031 245 1897
1017182 243031 245 2371
1017183 243031 245 1714
1017184 243031 245 6
1017185 243031 245 816
1017186 243031 245 503
1017187 243031 245 1126
1017188 243031 245 3393
1017197 6658 245 941
1017198 6658 245 1897
1017199 6658 245 1124
1017200 6658 245 6
1017201 6658 245 503
1017202 6658 245 1126
1017203 6658 245 3393
1017204 6658 245 1584
1017205 185881 245 1239
1017206 185881 245 20496
1017207 185881 245 29282
1017208 185881 245 869
1017209 185881 245 54509
1017210 185881 245 3087
1017211 185881 245 1215
1017212 185881 245 6350
1017213 185881 245 1234
1017214 185881 245 1224
1017215 185881 245 24040
1017216 185881 245 1297
1017217 185881 245 54961
1017218 185881 245 5096
1017219 185881 245 41077
1017220 185881 245 2394
1017259 243035 245 80
1017260 243035 245 1704
1017261 243035 245 20614
1017262 243036 245 72431
1017263 243036 245 5984
1017264 243036 245 23990
1017265 243036 245 21099
1017266 243036 245 1191
1017267 243036 245 469
1017270 243038 245 72
1017271 243038 245 1690
1017272 243038 245 912
1017273 243038 245 719
1017274 243038 245 54158
1017275 243038 245 65674
1017276 243038 245 31896
1017298 243041 245 301
1017299 243041 245 523
1017300 243041 245 1565
1017301 243042 245 1704
1017302 243042 245 20494
1017321 243045 245 1819
1017322 243045 245 276
1017323 243045 245 2990
1017324 243045 245 301
1017330 243047 245 2708
1017331 243047 245 3748
1017332 243047 245 2317
1017333 243047 245 5776
1017334 243047 245 941
1017335 243048 245 342
1017336 243048 245 1704
1017337 243048 245 2940
1017338 243048 245 301
1017339 243048 245 264
1017340 243048 245 523
1017341 243048 245 39
1017352 243049 245 996
1017353 243049 245 1555
1017354 243049 245 311
1017355 243049 245 1191
1017356 243049 245 1704
1017357 243050 245 40101
1017358 243050 245 72385
1017359 243050 245 825
1017360 243050 245 1058
1017361 243050 245 1720
1017362 243050 245 1739
1017363 243050 245 1738
1017364 243050 245 504
1017365 243050 245 301
1017366 243050 245 138
1017367 243050 245 46
1017368 243050 245 4103
1017369 243050 245 4
1017370 243050 245 328
1017371 243050 245 698
1017372 243050 245 287
1017373 243051 245 80
1017374 243051 245 301
1017375 243051 245 557
1017376 243051 245 1896
1017377 108528 245 557
1017378 108528 245 1775
1017379 108528 245 72319
1017380 108528 245 1704
1017381 108528 245 39
1017382 108528 245 72294
1017395 243052 245 469
1017396 243052 245 311
1017397 243053 245 557
1017398 243053 245 1808
1017399 243053 245 72359
1017400 243053 245 4360
1017412 243055 245 1121
1017413 243055 245 507
1017414 243055 245 917
1017415 22918 245 978
1017416 22918 245 301
1017417 22918 245 342
1017418 22918 245 507
1017419 22918 245 1738
1017420 163942 245 941
1017421 163942 245 359
1017422 163942 245 311
1017423 163942 245 507
1017424 163942 245 5541
1017425 148448 245 311
1017426 148448 245 307
1017427 148448 245 1239
1017428 243056 245 14112
1017429 243056 245 1704
1017430 243056 245 391
1017431 243056 245 4276
1017432 243056 245 301
1017433 243056 245 342
1017434 243056 245 4385
1017435 243056 245 264
1017436 243056 245 523
1017437 243056 245 1565
1017438 243056 245 4
1017439 243056 245 818
1017440 243056 245 467
1017441 243056 245 343
1017442 243056 245 2936
1017443 243056 245 67
1017444 243056 245 1555
1017451 56483 245 3885
1017452 56483 245 941
1017453 56483 245 294
1017454 56483 245 4502
1017455 56483 245 3906
1017456 56483 245 138
1017457 56483 245 1367
1017458 56483 245 5702
1017459 56483 245 311
1017460 56483 245 4276
1017461 56483 245 3147
1017462 56483 245 72
1017463 56483 245 4057
1017464 56483 245 1909
1017476 179190 245 138
1017477 179190 245 523
1017478 179190 245 4
1017479 179190 245 44
1017480 179190 245 286
1017481 179190 245 2486
1017482 179190 245 292
1017483 179190 245 285
1017484 179190 245 4582
1017485 179190 245 698
1017486 179190 245 2613
1017487 179190 245 25985
1017488 179190 245 4334
1017489 179190 245 50727
1017496 121800 245 941
1017497 121800 245 294
1017498 121800 245 21
1017499 121800 245 40
1017500 121800 245 311
1017501 121800 245 80
1017502 121800 245 712
1017503 121800 245 2236
1017504 121800 245 425
1017505 121800 245 4
1017506 121800 245 1123
1017507 121800 245 469
1017524 243063 245 1999
1017525 243063 245 557
1017526 56515 245 698
1017527 56515 245 941
1017528 56515 245 1775
1017529 56515 245 1704
1017530 56515 245 2486
1017531 56515 245 3441
1017532 56515 245 292
1017533 56515 245 328
1017534 56515 245 301
1017535 56515 245 80
1017536 56515 245 3704
1017537 56515 245 4132
1017538 56515 245 342
1017539 56515 245 44415
1017540 56515 245 264
1017541 56515 245 523
1017542 56515 245 2061
1017543 56515 245 24
1017544 56515 245 467
1017545 56515 245 139
1017546 56515 245 643
1017547 56515 245 39
1017548 56515 245 286
1017549 56515 245 3
1017550 56515 245 46
1017551 25061 245 668
1017552 25061 245 108
1017553 25061 245 1896
1017554 25061 245 527
1017555 25061 245 557
1017556 25061 245 301
1017557 25061 245 188
1017558 25061 245 72
1017559 25061 245 318
1017560 25061 245 139
1017561 25061 245 39
1017562 25061 245 285
1017563 25061 245 1738
1017564 25061 245 1117
1017565 24915 245 46
1017567 243064 245 1647
1017568 243064 245 1704
1017569 243064 245 301
1017570 243064 245 523
1017571 243064 245 4
1017572 243064 245 503
1017573 243064 245 39
1017574 243064 245 3
1017575 243064 245 40756
1017576 243065 245 301
1017577 243065 245 72294
1017578 243065 245 72319
1017579 243065 245 39
1017580 243065 245 557
1017585 73774 245 44895
1017586 73774 245 27397
1017587 73774 245 953
1017588 73774 245 49967
1017589 73774 245 49216
1017590 73774 245 557
1017591 73774 245 46835
1017592 73774 245 1565
1017593 73774 245 5757
1017594 73774 245 507
1017595 243067 245 254
1017596 243067 245 3240
1017597 243067 245 2936
1017598 243067 245 1321
1017599 243067 245 635
1017600 243067 245 11
1017601 243067 245 139
1017602 243067 245 39
1017603 243067 245 1123
1017604 243067 245 583
1017616 7825 245 2647
1017617 7825 245 39
1017618 7825 245 301
1017619 7825 245 80
1017620 7825 245 2236
1017621 22481 245 2404
1017622 22481 245 138
1017623 22481 245 5670
1017624 22481 245 5702
1017625 22481 245 2902
1017626 25118 245 1704
1017627 25118 245 2657
1017628 25118 245 1191
1017629 25118 245 29311
1017630 25118 245 996
1017631 25118 245 1897
1017632 25118 245 6
1017633 25118 245 3693
1017634 243069 245 3130
1017635 243069 245 254
1017636 243069 245 1896
1017637 243069 245 557
1017638 243069 245 2056
1017639 243069 245 29311
1017640 243069 245 1565
1017641 243069 245 2161
1017642 243069 245 3463
1017643 243069 245 72436
1017644 243069 245 72437
1017645 243069 245 44780
1017646 243070 245 1962
1017647 243071 245 1923
1017648 243071 245 1896
1017649 243071 245 557
1017650 243071 245 4582
1017651 243071 245 24
1017652 243071 245 503
1017653 243072 245 1704
1017654 243072 245 1554
1017655 243072 245 996
1017656 243072 245 1744
1017657 243072 245 4132
1017658 243072 245 3527
1017659 243072 245 24
1017660 243072 245 1555
1017661 243072 245 3130
1017662 62459 245 301
1017663 62459 245 72
1017664 62459 245 318
1017665 62459 245 285
1017666 62459 245 4276
1017667 62459 245 818
1017668 62459 245 3846
1017669 62459 245 72438
1017670 62459 245 13010
1017671 62459 245 709
1017672 62459 245 155
1017711 243079 245 254
1017712 243079 245 2990
1017713 243079 245 1896
1017714 243079 245 388
1017715 243079 245 318
1017716 243079 245 139
1017717 243079 245 4641
1017718 243079 245 1819
1017719 243080 245 72
1017720 243080 245 139
1017721 243080 245 469
1017722 243080 245 618
1017723 243080 245 7122
1017724 243080 245 935
1017725 243081 245 469
1017726 243082 245 469
1017727 243082 245 39
1017728 243082 245 301
1017729 243083 245 941
1017730 243083 245 5922
1017731 243083 245 469
1017732 243083 245 5927
1017733 243083 245 557
1017734 243084 245 39
1017735 243084 245 469
1017736 243084 245 992
1017737 243084 245 1704
1017738 243084 245 301
1017739 243085 245 1896
1017740 243085 245 557
1017741 243085 245 1714
1017742 243085 245 72
1017743 243085 245 1627
1017744 243085 245 72440
1017745 243085 245 618
1017746 243085 245 469
1017747 243085 245 72319
1017748 243086 245 301
1017749 243086 245 72
1017750 243086 245 276
1017751 243086 245 469
1017752 243086 245 307
1017753 243086 245 1653
1017754 243086 245 286
1017755 243086 245 1128
1017756 243086 245 4132
1017757 243086 245 1554
1017758 243086 245 3743
1017759 243086 245 128
1017760 136913 245 1704
1017761 136913 245 2486
1017762 136913 245 301
1017763 136913 245 342
1017764 136913 245 1565
1017765 136913 245 72
1017766 136913 245 4
1017767 136913 245 44
1017768 136913 245 618
1017769 136913 245 469
1017775 243087 245 1775
1017776 243087 245 13957
1017777 243087 245 587
1017778 243087 245 367
1017779 243087 245 1808
1017780 243087 245 1123
1017781 243087 245 301
1017782 243087 245 3
1017793 134864 245 469
1017794 134864 245 618
1017795 134864 245 301
1017803 243091 245 1354
1017804 243091 245 941
1017805 243091 245 15218
1017806 243091 245 80
1017807 243091 245 1897
1017823 243095 245 21
1017824 243095 245 2236
1017825 243095 245 523
1017826 243095 245 2647
1017827 243095 245 39
1017831 243097 245 20579
1017832 243097 245 19350
1017833 243098 245 1820
1017834 243098 245 1187
1017835 243098 245 1185
1017836 243098 245 941
1017840 243100 245 557
1017841 243100 245 1896
1017842 243100 245 1738
1017843 243100 245 139
1017844 243100 245 5927
1017845 243100 245 5922
1017846 243100 245 11
1017847 243100 245 2520
1017848 243100 245 1162
1017849 243100 245 1058
1017850 243100 245 1823
1017851 243100 245 72443
1017852 51248 245 527
1017853 51248 245 1117
1017854 51248 245 39
1017855 51248 245 44
1017856 51248 245 1738
1017857 51248 245 46
1017858 51248 245 168
1017859 51248 245 108
1017860 51248 245 1436
1017861 51248 245 72
1017862 51248 245 1056
1017892 243101 245 5306
1017893 243101 245 4272
1017894 243101 245 1565
1017895 243101 245 4773
1017896 243101 245 917
1017897 243101 245 507
1017898 243101 245 27397
1017899 243101 245 44895
1017900 243101 245 2364
1017901 243101 245 1555
1017902 243101 245 29
1017937 243105 245 2993
1017938 243105 245 873
1017939 243105 245 643
1017940 243105 245 469
1017941 243105 245 80
