1125057 266934 256 1183
1125058 266934 256 21
1125059 266935 256 1723
1125060 266935 256 1722
1125061 266935 256 15909
1125067 266937 256 1123
1125068 266937 256 125
1125069 266937 256 14112
1125071 266939 256 78798
1125072 266939 256 19337
1125079 266942 256 17121
1125080 266942 256 15501
1125081 266942 256 16296
1125082 266942 256 12
1125083 266942 256 451
1125084 266943 256 1999
1125085 266943 256 78800
1125086 266943 256 26766
1125087 266943 256 311
1125088 266944 256 3151
1125089 266944 256 78801
1125090 266944 256 127
1125095 266946 256 1722
1125096 266946 256 1723
1125097 266946 256 1191
1125109 266950 256 2236
1125110 266950 256 12
1125111 266951 256 78803
1125112 266951 256 2456
1125113 266951 256 8391
1125114 266951 256 78804
1125115 266952 256 49241
1125116 266952 256 941
1125117 266952 256 507
1125118 266952 256 2456
1125119 266953 256 21
1125120 266953 256 2525
1125121 266954 256 1183
1125122 266954 256 941
1125127 194641 256 2857
1125128 194641 256 72
1125129 194641 256 21
1125130 266956 256 638
1125131 266956 256 21
1125132 10422 256 78805
1125133 10422 256 12
1125134 10422 256 1123
1125135 10422 256 1707
1125138 266957 256 557
1125139 266957 256 1962
1125140 266957 256 24450
1125141 48607 256 941
1125142 48607 256 1183
1125143 48607 256 72
1125144 48607 256 1050
1125145 266958 256 1191
1125146 266958 256 1276
1125147 266958 256 12169
1125148 266958 256 12
1125149 266958 256 78806
1125150 266958 256 1704
1125151 266959 256 2236
1125152 266959 256 2567
1125153 266959 256 78807
1125154 266959 256 451
1125155 266960 256 29
1125156 266960 256 731
1125157 266960 256 2155
1125170 266964 256 17553
1125171 266964 256 20948
1125172 266964 256 18252
1125182 266968 256 21
1125183 266968 256 44531
1125184 266969 256 1723
1125185 266969 256 1722
1125193 266970 256 1185
1125194 266970 256 15501
1125195 266970 256 941
1125196 266971 256 1276
1125197 266971 256 138
1125198 266971 256 1183
1125199 266971 256 816
1125200 266972 256 941
1125201 266972 256 12
1125202 266972 256 15909
1125203 266972 256 78812
1125204 266972 256 44531
1125205 266973 256 941
1125206 266973 256 12
1125207 266973 256 23806
1125208 266973 256 78813
1125209 266974 256 78814
1125210 266974 256 2584
1125211 266974 256 78815
1125215 266975 256 1704
1125216 266975 256 749
1125217 266975 256 2592
1125218 266976 256 4729
1125219 266976 256 2150
1125220 266976 256 638
1125221 266977 256 1802
1125222 266977 256 507
1125223 266977 256 257
1125224 266977 256 1124
1125233 266979 256 1276
1125234 266979 256 78815
1125235 266979 256 5757
1125236 266979 256 4933
1125237 266980 256 78818
1125238 266980 256 12
1125239 266980 256 1276
1125246 266982 256 1191
1125247 266982 256 1722
1125248 266982 256 18252
1125253 266984 256 8391
1125254 266984 256 3311
1125257 266986 256 16296
1125258 266986 256 78820
1125259 266986 256 12
1125260 266986 256 451
1125264 266988 256 813
1125265 266988 256 78822
1125269 266989 256 78823
1125270 266989 256 451
1125271 266989 256 78824
1125272 266989 256 2613
1125273 266990 256 78825
1125274 266990 256 78826
1125275 266990 256 14112
1125276 266990 256 78827
