1129395 269800 258 1128
1129396 269800 258 79405
1129397 269800 258 79406
1129398 269800 258 79407
1129399 269801 258 1565
1129400 269801 258 311
1129401 269801 258 34407
1129402 269801 258 6331
1129403 269802 258 79408
1129404 269802 258 10856
1129405 269803 258 1565
1129406 269803 258 16022
1129407 269803 258 16019
1129408 269803 258 79408
1129409 269803 258 79409
1129419 269807 258 79413
1129420 269807 258 836
1129421 269807 258 873
1129422 269807 258 79408
1129423 269807 258 79414
1129427 269808 258 873
1129428 269808 258 40
1129429 269808 258 15085
1129432 269810 258 1896
1129433 269811 258 873
1129434 269811 258 40
1129435 269811 258 2218
1129436 269811 258 79408
1129441 269813 258 4537
1129442 269814 258 2846
1129443 269814 258 8760
1129444 269814 258 79408
1129445 269814 258 29965
1129446 269814 258 11
1129447 269815 258 2795
1129448 269815 258 1923
1129449 269815 258 79417
1129450 269815 258 15085
1129451 269816 258 873
1129452 269816 258 4542
1129453 269816 258 323
1129454 269816 258 4528
1129459 269817 258 27243
1129460 269817 258 8471
1129461 269817 258 15085
1129462 269818 258 79419
1129463 269818 258 41245
1129464 269819 258 79419
1129465 269819 258 41245
1129466 269819 258 51649
1129467 269819 258 939
1129468 269820 258 873
1129469 269820 258 15085
1129470 269820 258 939
1129471 269821 258 79419
1129472 269821 258 8331
1129473 269821 258 79420
1129474 269821 258 11
1129475 269822 258 79421
1129476 269822 258 79422
1129477 269822 258 79419
1129478 269822 258 15085
1129482 269824 258 8331
1129483 269824 258 939
1129484 269824 258 11
1129485 269825 258 873
1129486 269825 258 4036
1129487 269825 258 8487
1129488 269826 258 873
1129489 269826 258 79408
1129490 269826 258 3824
1129491 269826 258 2218
1129492 269827 258 79408
1129493 269827 258 873
1129494 269827 258 7924
1129495 269828 258 79423
1129496 269828 258 79424
1129497 269828 258 11
1129498 269828 258 79425
1129499 269828 258 79426
1129500 269828 258 79408
1129501 97419 258 8294
1129502 97419 258 2236
1129503 269829 258 79427
1129504 269829 258 79408
1129505 269829 258 1284
1129512 269830 258 79408
1129513 269830 258 873
1129514 269830 258 643
1129515 269831 258 29
1129516 269831 258 49828
1129517 269831 258 1331
1129522 269832 258 32595
1129523 269832 258 583
1129524 269832 258 2993
1129525 269832 258 2218
1129526 269832 258 17840
1129534 269834 258 79408
1129535 269834 258 79431
1129536 269834 258 1335
1129537 269834 258 79423
1129544 269836 258 79408
1129545 269836 258 873
1129546 269836 258 2218
1129547 269837 258 79408
1129548 269837 258 79433
1129549 269837 258 79434
1129550 269837 258 79435
1129551 269838 258 79408
1129552 269838 258 79435
1129553 269838 258 362
1129554 269838 258 1119
1129555 269838 258 79436
1129556 269839 258 79408
1129557 269839 258 79435
1129558 269839 258 259
1129559 269839 258 79413
1129560 269839 258 40
1129563 269841 258 29
1129564 269841 258 1958
1129565 269841 258 4528
1129566 269841 258 79438
1129571 269844 258 259
1129572 269845 258 79439
1129573 269845 258 52
1129574 269845 258 4036
1129575 269845 258 15085
1129576 269845 258 35
1129577 269845 258 707
1129578 269845 258 79440
1129579 269846 258 79408
1129580 269846 258 362
1129581 269846 258 65199
1129582 269847 258 873
1129583 269847 258 79441
1129584 269847 258 18450
1129585 269847 258 79408
1129596 269849 258 79408
1129597 269849 258 11
1129598 269849 258 79448
1129599 269849 258 8760
1129600 269849 258 139
1129601 269850 258 139
1129602 269850 258 2155
1129603 269851 258 79427
1129604 269851 258 79408
1129605 269852 258 79408
1129606 269852 258 1335
1129607 269852 258 11
1129608 269852 258 1115
1129609 269853 258 79408
1129610 269853 258 836
1129611 269853 258 873
1129612 269853 258 583
1129613 269853 258 79449
1129614 269853 258 30023
1129615 269854 258 79408
1129616 269854 258 873
1129617 269854 258 12299
1129618 269855 258 79408
1129619 269855 258 873
1129620 269855 258 17981
1129621 269856 258 79408
1129622 269856 258 873
1129623 176796 258 1049
1129624 176796 258 138
1129625 176796 258 23709
1129626 176796 258 120
1129627 176796 258 5145
1129628 269857 258 873
1129629 269857 258 1943
1129630 269857 258 40
1129631 269857 258 66135
1129632 269858 258 836
1129633 269858 258 79414
1129634 269858 258 79413
1129638 269859 258 36732
1129639 269859 258 51998
1129640 269859 258 79450
1129643 269861 258 29
1129644 269861 258 331
1129645 269861 258 126
1129646 269862 258 873
1129647 269862 258 8760
1129648 269862 258 79424
1129649 269863 258 873
1129650 269863 258 79408
1129652 269865 258 1896
1129653 269865 258 1888
1129654 269865 258 20081
1129655 269865 258 13268
1129656 269865 258 19513
1129657 269865 258 79451
1129658 269865 258 47083
1129659 269865 258 8355
1129667 269866 258 4174
1129668 269866 258 8705
1129669 269866 258 79454
1129670 269866 258 24224
1129674 269868 258 79408
1129675 269868 258 4537
1129676 269868 258 10856
1129677 269869 258 4537
1129678 269869 258 79408
1129679 269869 258 10856
1129680 269869 258 1896
1129687 269872 258 79408
1129688 269872 258 425
1129689 269872 258 65199
1129690 269873 258 873
1129691 269873 258 8778
1129692 269873 258 79408
1129693 269873 258 4537
1129700 269875 258 79408
1129701 269875 258 873
1129702 269875 258 2942
1129703 269875 258 1150
1129704 269875 258 17981
1129705 269875 258 21874
1129706 269876 258 12236
1129707 269876 258 80
1129708 269876 258 2993
1129709 269876 258 79461
1129710 269876 258 4036
1129711 269877 258 79462
1129712 269877 258 68596
1129713 269877 258 1061
1129714 269878 258 79432
1129715 269878 258 557
1129716 269879 258 873
1129717 269879 258 79459
1129718 269879 258 79460
1129719 269879 258 79408
1129720 267345 258 79408
1129721 267345 258 139
1129722 267345 258 8760
1129723 267345 258 79463
1129724 269880 258 79408
1129725 269880 258 77419
1129726 269881 258 79408
1129727 269881 258 294
1129729 269883 258 79408
1129730 269883 258 294
1129736 269885 258 79464
1129737 269886 258 104
1129738 269886 258 72
1129739 269887 258 79408
1129740 269887 258 4074
1129741 269887 258 55325
1129742 269887 258 79465
1129743 269887 258 77419
1129744 269888 258 939
1129745 269888 258 11
1129746 269888 258 15085
1129747 269889 258 1344
1129748 269889 258 15085
1129749 269889 258 35
1129750 269889 258 4036
1129766 269894 258 4074
1129767 269894 258 47193
1129768 269894 258 35
1129773 149251 258 1191
1129774 149251 258 4356
1129775 149251 258 125
1129776 269896 258 4074
1129777 269896 258 1822
1129778 269896 258 79470
1129799 269899 258 79474
1129800 269899 258 79475
1129801 269899 258 79476
1129805 269900 258 126
1129806 269900 258 29
1129807 269900 258 8810
1129814 269901 258 80
1129815 269901 258 2358
1129816 269901 258 79408
1129817 269901 258 2187
1129818 269902 258 79422
1129819 269902 258 836
1129820 269902 258 79478
1129821 269902 258 15085
1129825 269903 258 259
1129826 269903 258 79480
1129827 269903 258 79481
1129828 269903 258 12878
1129839 269907 258 7122
1129840 269907 258 6840
1129841 269907 258 79483
1129842 269907 258 14
1129843 269908 258 79419
1129844 269908 258 41245
1129845 269909 258 79484
1129846 269909 258 92
1129847 269909 258 15085
1129848 269909 258 79485
1129849 269909 258 79427
1129851 269911 258 11
1129852 269911 258 8471
1129853 269911 258 79408
1129854 269912 258 79408
1129855 269912 258 1191
1129856 269912 258 8760
1129863 269914 258 79408
1129864 269914 258 18450
1129865 269914 258 873
1129866 269915 258 79408
1129867 269915 258 545
1129868 269915 258 79486
1129869 269915 258 11
1129870 269916 258 79487
1129871 269916 258 79488
1129872 269917 258 108
1129873 269917 258 72
1129874 269917 258 5988
1129875 269917 258 8147
1129876 269917 258 19274
1129877 41277 258 108
1129878 41277 258 72
1129879 25564 258 129
1129880 25564 258 138
1129881 25564 258 154
1129882 25564 258 72
1129883 25564 258 90
1129884 25564 258 55947
1129890 269919 258 873
1129891 269919 258 79491
1129892 269919 258 15085
1129893 269920 258 79408
1129894 269920 258 873
1129895 269920 258 18450
1129896 269921 258 79408
1129897 269921 258 1191
1129898 253930 258 16653
1129899 253930 258 5734
1129900 253930 258 80
1129901 269922 258 79408
1129902 269922 258 583
1129903 269922 258 2795
1129904 269922 258 836
1129905 269922 258 58391
1129906 269922 258 4074
1129907 269923 258 79460
1129908 269923 258 873
1129909 269923 258 90
1129910 269924 258 23709
1129911 269924 258 15085
1129912 269924 258 35
1129913 269924 258 139
1129914 269925 258 79408
1129915 269925 258 1943
1129916 269925 258 2187
1129917 269925 258 362
1129929 269927 258 829
1129930 269927 258 731
1129931 269927 258 673
1129932 269927 258 72
1129951 269932 258 11
1129952 269932 258 7454
1129953 269932 258 79408
1129954 269933 258 7454
1129955 269934 258 6840
1129956 269934 258 13268
1129957 269934 258 155
1129958 269934 258 72
1129962 269936 258 79408
1129963 269936 258 8466
1129964 269936 258 29965
1129965 269936 258 50456
1129966 269937 258 79408
1129967 269937 258 70911
1129968 269938 258 939
1129969 269938 258 11
1129970 269938 258 51605
1129971 269938 258 15085
1129972 269938 258 12299
1129973 269938 258 79495
1129977 269940 258 24054
1129978 269940 258 1943
1129979 269940 258 79496
1129980 269940 258 79497
1129981 13255 258 63241
1129982 13255 258 1937
1129983 13255 258 1115
1129984 269941 258 503
1129985 269941 258 1923
1129986 269941 258 46438
1129987 269941 258 79408
1129988 269942 258 4537
1129989 269943 258 79431
1129992 269945 258 79408
1129993 269945 258 557
1129994 269945 258 25876
1129995 269945 258 873
1129996 269946 258 155
1129997 269946 258 79498
1129998 269946 258 79499
1129999 269946 258 1115
1130000 269946 258 774
1130012 151523 258 79503
1130013 197423 258 1565
1130014 197423 258 17061
1130015 197423 258 79504
1130016 269951 258 15085
1130017 269951 258 58745
1130018 269951 258 79505
1130019 269951 258 79506
1130020 269952 258 873
1130021 269952 258 79408
1130022 269952 258 79460
1130028 269954 258 79450
1130029 269955 258 79408
1130030 269955 258 9753
1130035 269958 258 12233
1130036 269958 258 79508
1130037 269958 258 79509
1130038 269959 258 79408
1130039 269959 258 2045
1130042 269961 258 79408
1130043 269961 258 98
1130044 269961 258 11
1130045 269962 258 108
1130046 269962 258 55947
1130047 269962 258 1779
1130048 269962 258 51377
1130049 269963 258 941
1130050 269963 258 1391
1130051 269963 258 45612
1130052 269963 258 79454
1130053 269963 258 8572
1130054 269964 258 24054
1130055 269964 258 1344
1130056 269965 258 1284
1130057 269965 258 359
1130058 269965 258 79408
1130059 269966 258 1284
1130060 269966 258 359
1130061 269966 258 79408
1130066 269968 258 80
1130067 269968 258 2358
1130068 269968 258 79408
1130073 269970 258 873
1130074 269970 258 79511
1130075 269970 258 79512
1130076 269970 258 939
1130077 269971 258 1284
1130078 269971 258 44200
1130079 269971 258 79454
1130080 269972 258 873
1130081 269972 258 11
1130082 269972 258 118
1130083 269972 258 3203
1130084 269972 258 79408
1130085 13587 258 139
1130086 13587 258 1335
1130087 13587 258 474
1130088 13587 258 291
1130089 13587 258 9951
1130090 13587 258 518
1130109 269975 258 11
1130110 269975 258 79513
1130111 269975 258 79514
1130112 269976 258 79408
1130113 269976 258 1943
1130114 269976 258 2795
1130115 269976 258 40
1130116 269976 258 8294
1130118 269978 258 1344
1130119 269978 258 35
1130120 269978 258 11
1130121 269978 258 1822
1130122 269978 258 79515
1130123 269979 258 79408
1130124 269979 258 1943
1130125 269979 258 24887
1130126 269979 258 11
1130127 269980 258 79408
1130128 269980 258 4569
1130129 269980 258 961
1130130 269981 258 79408
1130131 269981 258 4569
1130132 269981 258 359
1130133 269981 258 1762
1130134 269981 258 557
1130141 269983 258 873
1130142 269983 258 40
1130143 192979 258 47354
1130144 192979 258 1344
1130145 192979 258 79424
1130146 269984 258 79408
1130147 269984 258 873
1130148 269984 258 8314
1130151 269985 258 1344
1130152 269985 258 291
1130153 269985 258 1335
1130154 269986 258 873
1130155 269986 258 12755
1130156 269986 258 79517
1130157 269986 258 79518
1130158 269986 258 836
1130169 269989 258 873
1130170 269989 258 15085
1130171 269989 258 24054
1130172 269990 258 79408
1130173 269990 258 1191
1130174 269991 258 79408
1130175 269991 258 873
1130176 269991 258 836
1130177 269991 258 79521
1130178 269991 258 79413
1130179 269991 258 79414
1130180 269992 258 873
1130181 269992 258 50993
1130182 269992 258 3824
1130183 269993 258 79408
1130184 269993 258 362
1130185 269993 258 65199
1130186 269994 258 79408
1130187 269994 258 362
1130188 269994 258 65199
1130189 269995 258 79408
1130190 269995 258 362
1130191 269995 258 65199
1130192 269996 258 126
1130193 269996 258 29
1130194 269997 258 79408
1130195 269997 258 873
1130196 269998 258 79408
1130197 269998 258 70911
1130198 269999 258 29
1130199 269999 258 8143
1130200 269999 258 47136
1130205 197821 258 1762
1130206 270001 258 16401
1130207 270001 258 20952
1130208 270001 258 2761
1130209 270001 258 79522
1130210 270002 258 13846
1130211 270002 258 79523
1130212 270002 258 79454
1130218 270005 258 79408
1130219 270005 258 79528
1130220 270006 258 79408
1130221 270006 258 79528
1130222 270006 258 65199
1130223 270006 258 29
1130224 270007 258 79408
1130225 270007 258 79528
1130226 270008 258 79408
1130227 270008 258 79528
1130228 270008 258 895
1130229 270008 258 79503
1130230 270008 258 1327
1130231 270009 258 359
1130232 270009 258 221
1130233 270009 258 13268
1130245 270012 258 79408
1130246 270012 258 39099
1130247 270012 258 65199
1130254 270014 258 35
1130255 270014 258 15085
1130256 270014 258 4036
1130257 270014 258 79531
1130258 270015 258 79488
1130259 270015 258 79487
1130266 270017 258 79408
1130267 270017 258 3824
1130268 270017 258 873
1130275 270021 258 79450
1130277 270023 258 72
1130278 270023 258 27247
1130279 270023 258 39055
1130290 270028 258 79408
1130291 270028 258 79427
1130292 270029 258 79408
1130293 270029 258 79427
1130313 270033 258 104
1130314 270033 258 79537
1130315 270033 258 269
1130316 270034 258 4074
1130317 270034 258 79408
1130322 270036 258 36732
1130323 270036 258 51998
1130324 270036 258 79538
1130325 23869 258 1888
1130326 23869 258 1732
1130327 58187 258 291
1130328 58187 258 285
1130329 58187 258 318
1130330 58187 258 6224
1130331 58187 258 146
1130332 58187 258 816
1130333 58187 258 15290
1130334 254424 258 1937
1130335 254424 258 16343
1130336 254424 258 139
1130337 254424 258 13268
1130338 254424 258 1943
1130339 254424 258 15085
1130340 254424 258 35
1130346 270038 258 873
1130347 270038 258 79408
1130348 270039 258 873
1130349 270039 258 79408
1130350 270040 258 79540
1130351 270041 258 873
1130352 270041 258 836
1130353 270041 258 55947
1130354 270041 258 79415
1130355 9277 258 104
1130356 9277 258 1896
1130357 9277 258 15085
1130363 270043 258 79432
1130364 270043 258 40
1130365 270044 258 72
1130366 270044 258 29402
1130367 270044 258 15112
1130368 270044 258 712
1130369 270044 258 15111
1130370 270045 258 873
1130371 270045 258 79408
1130372 270045 258 67663
1130376 270047 258 79408
1130377 270047 258 79427
1130384 270050 258 79408
1130385 270050 258 1943
1130386 270050 258 79544
1130390 270052 258 79432
1130391 270052 258 79413
1130392 270052 258 79545
1130393 270052 258 895
1130398 46675 258 28
1130399 46675 258 79455
1130400 46675 258 4067
1130401 270054 258 79450
1130409 270058 258 1327
1130410 270058 258 72
1130411 270058 258 4285
1130412 270058 258 79547
1130413 270058 258 79548
1130414 270058 258 79549
1130416 270060 258 873
1130417 270060 258 79483
1130418 270060 258 79526
1130419 270061 258 79408
1130420 270061 258 79433
1130421 270061 258 2704
1130422 270061 258 1943
1130423 270062 258 15085
1130424 270062 258 79550
1130425 270062 258 79551
1130426 270062 258 16797
1130434 270065 258 873
1130435 270065 258 700
1130436 270065 258 188
1130437 270065 258 7010
1130438 270065 258 79554
1130439 270065 258 79555
1130440 33590 258 28
1130441 33590 258 6038
1130442 33590 258 1008
1130443 33590 258 5988
1130444 33590 258 72
1130445 270066 258 79408
1130446 270066 258 79431
1130447 270066 258 11
1130448 270066 258 79426
1130449 270067 258 40030
1130450 270067 258 11
1130451 270067 258 79556
1130452 270067 258 530
1130453 270068 258 27577
1130454 270068 258 43789
1130462 270070 258 1896
1130463 270070 258 22054
1130464 270070 258 5503
1130465 270071 258 79507
1130466 270071 258 802
1130467 270071 258 37749
1130468 270072 258 80
1130469 270072 258 2116
1130470 270072 258 79557
1130471 270072 258 79558
1130472 270072 258 64770
1130478 270075 258 873
1130479 270075 258 40
1130480 115261 258 507
1130481 115261 258 79559
1130482 115261 258 967
1130483 270076 258 79408
1130484 270076 258 2709
1130485 270077 258 79408
1130486 270077 258 4537
1130487 270077 258 359
1130488 270078 258 11
1130489 270078 258 27247
1130490 270078 258 4067
1130491 270078 258 72
1130492 270078 258 55947
1130495 270080 258 15085
1130496 270080 258 939
1130497 270080 258 11
1130498 270080 258 8471
1130499 270080 258 8279
1130500 270081 258 79427
1130501 270081 258 11
1130502 270081 258 79408
1130503 270082 258 79427
1130504 270082 258 79408
1130505 270083 258 79427
1130506 270083 258 1937
1130507 270083 258 28109
1130508 270083 258 79408
1130509 270084 258 139
1130510 270084 258 79427
1130511 270084 258 1284
1130512 270084 258 79408
1130513 270085 258 79427
1130514 270085 258 1284
1130515 270085 258 79408
1130516 270085 258 139
1130517 270086 258 79408
1130518 270086 258 1284
1130519 270086 258 79427
1130520 270087 258 51998
1130521 270087 258 36732
1130522 270088 258 5927
1130523 270088 258 18681
1130529 270091 258 8907
1130530 270091 258 50909
1130531 270091 258 79561
1130532 270091 258 1215
1130533 270091 258 79562
1130534 270091 258 52802
1130535 270092 258 79450
1130536 270093 258 79467
1130537 270093 258 557
1130538 270093 258 80
1130539 8860 258 2936
1130540 8860 258 11860
1130541 8860 258 79563
1130542 8860 258 20860
1130543 8860 258 79564
1130544 8860 258 79565
1130545 270094 258 1943
1130546 270094 258 55947
1130547 270094 258 259
1130552 270096 258 79432
1130553 270096 258 21087
1130554 270096 258 79566
1130555 270096 258 79567
1130556 112305 258 1943
1130557 112305 258 4422
1130558 112305 258 8572
1130559 112305 258 1391
1130569 265788 258 469
1130570 265788 258 20252
1130571 265788 258 30
1130572 265788 258 72
1130573 265788 258 5988
1130574 265788 258 545
1130575 270099 258 79408
1130576 270099 258 3303
1130577 270099 258 8466
1130578 270099 258 29965
1130579 270100 258 79568
1130580 270100 258 18430
1130581 270100 258 5751
1130582 270100 258 8982
1130583 270100 258 557
1130592 270102 258 20819
1130593 270102 258 70911
1130594 270102 258 79408
1130595 270103 258 16401
1130596 270103 258 4137
1130597 270103 258 259
1130598 270103 258 4871
1130599 270103 258 36093
1130600 270104 258 79432
1130601 270105 258 4107
1130602 270105 258 55947
1130603 270105 258 79569
1130605 270107 258 79408
1130606 270107 258 873
1130607 270107 258 8314
1130608 270107 258 3303
1130611 270109 258 873
1130612 270109 258 79424
1130613 270109 258 79408
1130614 270110 258 939
1130615 270110 258 873
1130616 270110 258 8331
1130617 270110 258 11
1130618 270110 258 40
1130619 270111 258 873
1130620 270111 258 79408
1130621 270112 258 79408
1130622 270112 258 873
1130623 270112 258 17981
1130624 270113 258 79408
1130625 270113 258 873
1130626 270114 258 79408
1130627 270114 258 873
1130628 270114 258 8314
1130629 270115 258 79408
1130630 270115 258 1119
1130631 270115 258 1943
1130632 270116 258 79408
1130633 270116 258 2045
1130634 270117 258 79408
1130635 270117 258 8760
1130636 270118 258 79408
1130637 270119 258 79408
1130638 270119 258 1943
1130639 270119 258 79434
1130640 270120 258 79408
1130641 270120 258 4074
1130642 270120 258 79465
1130643 270121 258 79454
1130644 270121 258 29495
1130645 270121 258 1574
1130646 270121 258 46921
1130647 270121 258 2437
1130648 270121 258 79570
1130649 270121 258 79571
1130650 270121 258 1730
1130651 270123 258 79408
1130652 270123 258 70911
1130653 270123 258 79572
1130654 270123 258 22071
1130655 270124 258 79408
1130656 270124 258 2045
1130657 270124 258 259
1130658 270125 258 939
1130659 270125 258 79573
1130660 270125 258 79524
1130661 270125 258 11
1130662 270125 258 20605
1130663 270126 258 39055
1130664 270126 258 3050
1130665 270127 258 79408
1130666 270127 258 76311
1130667 270127 258 8760
1130668 148218 258 1554
1130669 148218 258 72
1130670 148218 258 307
1130671 148218 258 15199
1130685 270131 258 1335
1130686 270131 258 1106
1130687 270131 258 895
1130688 270132 258 79450
1130689 270133 258 294
1130690 270133 258 51998
1130691 270133 258 79408
1130701 270136 258 1115
1130702 270136 258 72
1130703 270136 258 563
1130704 270136 258 56588
1130709 270137 258 79408
1130710 270137 258 10856
1130711 270137 258 29965
1130712 270138 258 79426
1130713 270138 258 11
1130714 270138 258 79408
1130715 270139 258 79408
1130716 270140 258 79408
1130717 270140 258 10856
1130718 270140 258 77419
1130719 270140 258 79544
1130720 270140 258 79577
1130726 270142 258 79408
1130727 270143 258 79408
1130728 270143 258 294
1130732 270145 258 2993
1130733 270145 258 79580
1130734 270145 258 79581
1130741 270147 258 79408
1130742 270147 258 2647
1130743 270147 258 8466
1130753 270151 258 895
1130754 270151 258 79467
1130755 270151 258 11
1130756 270151 258 1335
1130757 270151 258 27243
1130758 270151 258 8331
1130759 270151 258 79460
1130760 270152 258 79583
1130761 270152 258 79584
1130762 270152 258 79519
1130763 270152 258 79461
1130764 270152 258 79585
1130765 270152 258 2218
1130766 270152 258 2993
1130767 270152 258 79586
1130768 270152 258 26678
1130774 270154 258 27243
1130775 270154 258 8471
1130776 270154 258 79587
1130777 270154 258 79588
1130778 270154 258 15085
1130779 270154 258 4036
1130780 270154 258 11
1130781 270154 258 35
1130794 270158 258 36732
1130795 270158 258 79589
1130796 270158 258 1327
1130797 270158 258 5801
1130800 270160 258 11351
1130801 270160 258 79590
1130809 270162 258 79408
1130810 270162 258 10856
1130811 270162 258 77419
1130812 270163 258 79408
1130813 270163 258 10856
1130814 270163 258 77419
1130817 270165 258 12377
1130818 270165 258 20553
1130819 270165 258 2709
1130823 270167 258 28
1130824 270167 258 7220
1130825 270167 258 5145
1130826 270168 258 79408
1130827 270168 258 3824
1130828 270168 258 873
1130836 270171 258 802
1130837 270171 258 79593
1130838 270171 258 12213
1130839 270172 258 1191
1130840 270172 258 4356
1130841 270172 258 1582
1130842 270172 258 79594
1130843 270173 258 939
1130844 270173 258 27243
1130845 270173 258 11
1130846 270173 258 15085
1130851 270175 258 301
1130852 270175 258 79595
1130853 270175 258 1284
1130854 270175 258 44
1130855 270176 258 6938
1130856 270176 258 80
1130857 270176 258 72
1130866 270178 258 79408
1130867 270178 258 8760
1130868 270179 258 7454
1130869 270179 258 15085
1130870 270180 258 79421
1130871 270180 258 79422
1130872 270180 258 873
1130873 270180 258 15085
1130879 270182 258 1896
1130880 270182 258 11221
1130881 270183 258 873
1130882 270183 258 29137
1130883 270183 258 79408
1130884 270184 258 7454
1130885 270184 258 15085
1130886 270184 258 24054
1130889 270186 258 8572
1130890 270186 258 79597
1130891 270187 258 21
1130892 270187 258 6269
1130893 270188 258 21
1130894 270188 258 79408
1130895 270188 258 8760
1130896 270189 258 79452
1130897 270189 258 79598
1130898 270189 258 79599
1130899 270189 258 11
1130900 270189 258 79486
1130901 270189 258 79600
1130902 270189 258 5554
1130903 270190 258 5541
1130904 270190 258 58935
1130905 270190 258 79464
1130906 270191 258 11351
1130907 270191 258 79408
1130908 270192 258 79408
1130909 270192 258 4569
1130910 270192 258 79427
1130911 270193 258 79408
1130912 270193 258 79424
1130913 270193 258 1335
1130914 270193 258 79431
1130915 270193 258 7081
1130940 270198 258 1132
1130941 270198 258 40621
1130942 270198 258 1115
1130943 270198 258 15085
1130948 270201 258 79606
1130949 270201 258 72
1130950 270201 258 1517
1130951 160332 258 11770
1130952 160332 258 72
1130953 160332 258 79607
1130957 270203 258 1000
1130958 242888 258 79408
1130959 242888 258 39055
1130960 242888 258 79413
1130961 242888 258 873
1130962 270204 258 79450
1130971 270206 258 11
1130972 270206 258 79608
1130973 270206 258 13281
1130974 270206 258 7843
1130975 270206 258 79609
1130976 270207 258 79408
1130977 270207 258 2428
1130978 270207 258 79431
1130979 270207 258 11
1130983 270208 258 3633
1130984 270208 258 72
1130985 270208 258 79526
1130986 270209 258 873
1130987 270209 258 39055
1130988 270209 258 79414
1130989 270209 258 79408
1130997 270211 258 79408
1130998 270211 258 79610
1130999 270211 258 2795
1131000 270211 258 294
1131017 270216 258 4425
1131018 270216 258 79612
1131019 270216 258 725
1131020 270216 258 2797
1131021 270216 258 13504
1131022 270216 258 29
1131023 270216 258 359
1131024 270216 258 2935
1131030 270218 258 4074
1131031 270218 258 79417
1131032 270218 258 79408
1131033 270219 258 70911
1131034 270219 258 8471
1131035 270219 258 35
1131041 270221 258 294
1131042 270221 258 15085
1131043 270221 258 79616
1131044 270221 258 8426
1131045 270221 258 11
1131050 270222 258 79450
1131051 270223 258 79618
1131052 270223 258 5941
1131053 270223 258 2602
1131054 270223 258 8471
1131055 270223 258 939
1131056 270224 258 873
1131057 270224 258 79619
1131058 270225 258 873
1131059 270225 258 643
1131061 188543 258 79620
1131062 188543 258 873
1131063 188543 258 643
1131064 188543 258 79621
1131065 188543 258 79622
1131072 270228 258 791
1131073 270229 258 79
1131074 270229 258 873
1131075 270229 258 8487
1131076 270229 258 79458
1131077 270230 258 98
1131078 270230 258 139
1131079 270230 258 79408
1131080 270230 258 79623
1131081 270231 258 8760
1131082 270231 258 79408
1131083 270231 258 1172
1131087 270232 258 4537
1131088 270232 258 873
1131089 270232 258 35
1131090 270232 258 15085
1131094 270234 258 139
1131095 270234 258 8760
1131096 270234 258 5687
1131097 270234 258 79408
1131098 270234 258 98
1131099 270235 258 139
1131100 270235 258 8760
1131101 270235 258 98
1131102 270235 258 79408
1131103 270236 258 507
1131104 270236 258 26860
1131105 270236 258 1128
1131106 270236 258 17818
1131116 270238 258 79408
1131117 270238 258 4569
1131118 270238 258 79625
1131119 270238 258 79626
1131120 270238 258 16069
1131128 270240 258 15085
1131129 270241 258 15085
1131130 270241 258 2993
1131131 270241 258 79628
1131132 270242 258 79408
1131133 270242 258 11
1131134 270242 258 1762
1131140 270243 258 79408
1131141 270243 258 11
1131143 270245 258 6192
1131144 270245 258 72
1131145 270246 258 4356
1131146 270246 258 1591
1131147 270246 258 35
1131148 270246 258 24
1131149 270246 258 22861
1131150 270246 258 3359
1131151 270246 258 79464
1131152 270247 258 836
1131153 270247 258 79521
1131154 270247 258 583
1131155 270247 258 72
1131156 270247 258 79630
1131157 270248 258 873
1131158 270248 258 79631
1131159 270248 258 3402
1131160 270248 258 256
1131161 270249 258 1896
1131162 270250 258 939
1131163 270250 258 873
1131164 270250 258 2993
1131165 270250 258 12299
1131166 270250 258 79632
1131167 270250 258 79495
1131168 270250 258 79633
1131169 270250 258 79530
1131170 270251 258 523
1131171 270251 258 4356
1131172 270251 258 2631
1131173 270252 258 58755
1131174 270252 258 79545
1131175 270252 258 79432
1131179 270255 258 79408
1131180 270255 258 10856
1131181 270255 258 29965
1131182 270255 258 79413
1131191 270258 258 6840
1131192 270258 258 72
1131193 270258 258 530
1131194 270259 258 5922
1131195 270259 258 79634
1131196 270259 258 1828
1131197 270259 258 22562
1131198 270259 258 3275
1131199 270260 258 79408
1131200 270260 258 8294
1131201 270260 258 1119
1131202 270261 258 79408
1131203 270261 258 873
1131204 190885 258 25055
1131205 190885 258 24054
1131206 190885 258 39
1131207 190885 258 79534
1131208 270262 258 79408
1131209 270262 258 79635
1131210 270262 258 294
1131211 270262 258 46545
1131218 270264 258 79408
1131219 270264 258 294
1131220 270264 258 79637
1131221 270264 258 4356
1131222 270265 258 126
1131223 270265 258 2816
1131224 270265 258 79638
1131225 270265 258 79530
1131226 270266 258 79408
1131227 270266 258 873
1131228 270266 258 1943
1131229 270266 258 21874
1131230 270266 258 79544
1131231 7662 258 2936
1131232 7662 258 54330
1131233 7662 258 79639
1131234 7662 258 20860
1131235 7662 258 79563
1131239 270268 258 79408
1131240 270268 258 873
1131241 270268 258 11141
1131242 270269 258 79640
1131243 270269 258 17818
1131244 270269 258 29
1131245 270269 258 5563
1131246 270269 258 4693
1131247 270269 258 1546
1131248 270270 258 79408
1131249 270271 258 2520
1131250 270271 258 24193
1131252 270272 258 79408
1131253 270272 258 79641
1131254 270272 258 1943
1131255 270273 258 79642
1131256 270273 258 15085
1131257 270274 258 79408
1131258 270274 258 4074
1131259 270274 258 18681
1131260 270274 258 2723
1131261 270274 258 74096
1131262 270275 258 79408
1131263 270276 258 79408
1131264 270276 258 1943
1131265 270277 258 79408
1131266 270277 258 8294
1131267 270277 258 1943
1131268 270278 258 1049
1131269 270278 258 1119
1131270 270278 258 79408
1131271 270279 258 79408
1131272 270279 258 873
1131273 270280 258 79643
1131274 270280 258 873
1131284 270285 258 79408
1131285 270285 258 873
1131286 270285 258 79581
1131287 270286 258 79408
1131288 270286 258 60555
1131289 270286 258 79434
1131290 270286 258 1943
1131294 270288 258 79408
1131295 270288 258 294
1131302 270291 258 11888
1131303 270291 258 79645
1131304 270291 258 79408
1131305 270291 258 873
1131306 270291 258 58755
1131307 270291 258 21874
1131308 270292 258 79432
1131309 270292 258 2795
1131310 270292 258 80
1131311 270293 258 6938
1131312 270293 258 63572
1131313 270293 258 63241
1131314 270294 258 18681
1131315 270294 258 1923
1131316 270295 258 79432
1131317 270295 258 65199
1131322 80269 258 4108
1131323 80269 258 374
1131324 80269 258 6710
1131325 80269 258 139
1131326 80269 258 2161
1131331 270299 258 79526
1131332 270299 258 2364
1131333 270299 258 5592
1131334 270299 258 4618
1131335 270299 258 8902
1131338 270301 258 79408
1131339 270301 258 294
1131340 270301 258 79649
1131343 270303 258 873
1131344 270303 258 8760
1131345 270303 258 79408
1131357 270309 258 939
1131358 270309 258 79651
1131359 270309 258 952
1131360 270309 258 11
1131361 270309 258 1115
1131362 270310 258 79408
1131363 270310 258 294
1131364 270310 258 29965
1131365 270311 258 829
1131366 270311 258 104
1131367 270311 258 8493
1131368 270311 258 72
1131369 270311 258 4067
1131370 270312 258 18681
1131371 270312 258 2567
1131372 270312 258 301
1131373 270312 258 40
1131374 270312 258 79652
1131375 270312 258 50886
1131385 270315 258 79411
1131386 270315 258 79452
1131387 270315 258 5162
1131392 270317 258 79459
1131393 270317 258 125
1131394 270317 258 1000
1131395 270318 258 1049
1131396 270318 258 79653
1131397 270318 258 79654
1131405 270321 258 79507
1131406 270321 258 802
1131407 270321 258 37749
1131411 179066 258 259
1131412 179066 258 138
1131413 179066 258 55947
1131414 270324 258 79655
1131415 270324 258 873
1131416 270324 258 1344
1131417 270324 258 5427
1131418 270324 258 79446
1131419 270324 258 79442
1131420 270324 258 15085
1131421 270324 258 79443
1131422 270325 258 359
1131423 270325 258 3203
1131424 270325 258 16422
1131425 270325 258 17818
1131426 270326 258 11
1131427 270326 258 545
1131428 270326 258 1896
1131429 270327 258 941
1131430 270327 258 18681
1131431 270328 258 79408
1131432 270328 258 4074
1131442 138990 258 29
1131443 138990 258 1896
1131444 138990 258 79657
1131445 138990 258 6261
1131450 270331 258 79408
1131451 270331 258 873
1131452 270331 258 29137
1131453 270331 258 79460
1131454 270332 258 939
1131455 270332 258 11
1131456 270332 258 8331
1131457 270332 258 15085
1131458 270333 258 873
1131459 270333 258 35
1131460 270333 258 15085
1131464 270335 258 79408
1131465 270335 258 79448
1131466 270335 258 8760
1131467 270335 258 5909
1131468 270335 258 139
1131469 270335 258 11
1131470 270336 258 79408
1131471 270336 258 362
1131472 195666 258 79659
1131473 195666 258 5004
1131474 195666 258 15085
1131475 270337 258 79408
1131476 270337 258 17981
1131477 270337 258 873
1131478 270338 258 79408
1131479 270338 258 873
1131480 270338 258 17981
1131481 270339 258 79408
1131482 270339 258 873
1131483 270339 258 17981
1131484 11128 258 19500
1131485 11128 258 1050
1131486 11128 258 1923
1131487 11128 258 79660
1131488 11128 258 1843
1131489 11128 258 67238
1131490 11128 258 79661
1131491 270340 258 79408
1131492 270340 258 4074
1131493 270340 258 2795
1131500 270343 258 1284
1131501 270343 258 18422
1131502 270343 258 25333
1131503 270343 258 34640
1131504 270343 258 3814
1131505 270343 258 9410
1131506 270344 258 79408
1131507 270344 258 79413
1131508 270345 258 79454
1131509 270345 258 873
1131510 270345 258 8572
1131511 270345 258 359
1131512 270346 258 321
1131513 270346 258 55947
1131514 270346 258 168
1131515 270346 258 72
1131516 270347 258 79408
1131517 270347 258 873
1131518 270347 258 8778
1131519 270347 258 359
1131522 270349 258 507
1131523 270349 258 79662
1131524 270349 258 10889
1131525 270349 258 79574
1131526 270350 258 79408
1131527 270350 258 2045
1131528 270350 258 1943
1131529 270350 258 3046
1131530 270350 258 4871
1131531 270350 258 259
1131536 270352 258 873
1131537 270352 258 79408
1131538 270352 258 79663
1131539 270352 258 362
1131540 270352 258 11
1131541 270353 258 11
1131542 270353 258 79524
