1221693 289294 269 3451
1221694 289294 269 86243
1221695 289294 269 86244
1221696 289294 269 86245
1221697 289294 269 86246
1221698 289294 269 86247
1221699 289294 269 86248
1221700 289294 269 86249
1221701 289295 269 425
1221702 289295 269 57162
1221703 289295 269 86250
1221704 289295 269 43603
1221705 148529 269 12
1221706 148529 269 2526
1221707 148529 269 536
1221708 148529 269 1883
1221709 148529 269 1703
1221710 148529 269 138
1221711 148529 269 1704
1221712 148529 269 2936
1221713 148529 269 4791
1221714 148529 269 21
1221715 148529 269 16923
1221716 148529 269 1862
1221717 148529 269 637
1221718 148529 269 467
1221719 148529 269 29
1221720 148529 269 1565
1221721 148529 269 5238
1221722 148529 269 3748
1221723 148529 269 81
1221724 148529 269 5346
1221725 148529 269 86251
1221726 289296 269 86252
1221727 289296 269 86253
1221728 289296 269 20781
1221729 289296 269 10013
1221730 289296 269 25733
1221731 289296 269 2592
1221732 289296 269 86254
1221733 289296 269 84593
1221734 289296 269 1605
1221735 289296 269 86255
1221736 289296 269 3779
1221737 289296 269 20083
1221738 289296 269 2970
1221739 289296 269 3510
1221740 289297 269 86256
1221741 289297 269 86257
1221742 289297 269 52609
1221743 289297 269 12145
1221744 289297 269 125
1221745 289298 269 16370
1221746 289298 269 18673
1221747 289298 269 12949
1221748 289298 269 1883
1221749 289298 269 16244
1221750 289298 269 16243
1221751 289298 269 24
1221752 289298 269 21
1221753 289298 269 43977
1221754 289299 269 15506
1221755 289299 269 86258
1221756 289299 269 28468
1221757 289299 269 1034
1221791 289304 269 1896
1221792 289304 269 557
1221793 289304 269 86270
1221794 289304 269 6240
1221795 289305 269 254
1221796 289305 269 2373
1221797 289305 269 311
1221798 289305 269 557
1221799 289305 269 301
1221800 289305 269 342
1221801 289305 269 2376
1221802 289305 269 1820
1221803 289305 269 734
1221804 289305 269 54907
1221805 289305 269 292
1221806 289305 269 523
1221807 289305 269 12
1221811 289307 269 20137
1221812 289307 269 2236
1221813 289307 269 24
1221814 289307 269 72
1221815 289307 269 4984
1221816 289307 269 4
1221817 289307 269 882
1221818 289307 269 503
1221819 289307 269 343
1221850 289308 269 1257
1221851 289308 269 41713
1221852 289308 269 9828
1221853 289308 269 1883
1221854 289308 269 86271
1221855 289308 269 39332
1221856 289309 269 86272
1221857 289309 269 86273
1221858 289309 269 24
1221859 289309 269 19581
1221860 289309 269 86274
1221861 289309 269 86275
1221862 289309 269 5542
1221863 289309 269 503
1221864 289310 269 86276
1221865 289310 269 86277
1221866 289310 269 26905
1221867 289310 269 1261
1221868 289310 269 12
1221869 289310 269 996
1221885 289313 269 12034
1221886 289313 269 1690
1221887 289313 269 1896
1221888 289313 269 557
1221889 289313 269 25795
1221890 289313 269 86283
1221891 289314 269 38501
1221892 289314 269 6030
1221893 289314 269 1896
1221894 289314 269 557
1221895 289314 269 941
1221896 289314 269 125
1221897 289315 269 86284
1221898 289315 269 19295
1221899 289315 269 86285
1221900 289315 269 86286
1221901 289315 269 8991
1221902 289315 269 29
1221903 289315 269 20476
1221904 289315 269 1331
1221905 289316 269 86287
1221906 289316 269 941
1221907 289316 269 2526
1221908 289316 269 1704
1221909 289316 269 138
1221910 289316 269 1183
1221911 289316 269 1185
1221912 289316 269 3567
1221913 289316 269 27627
1221914 289316 269 6046
1221915 289316 269 3463
1221928 289318 269 52609
1221929 289318 269 86257
1221930 289318 269 13569
1221931 289318 269 39157
1221932 289318 269 46446
1221933 289318 269 40
1221934 289319 269 86291
1221935 289319 269 16283
1221936 289319 269 311
1221937 289319 269 1565
1221938 289319 269 40
1221939 289319 269 21
1221940 289319 269 467
1221941 289319 269 5542
1221942 289319 269 4901
1221955 289321 269 1227
1221956 289321 269 60736
1221957 289321 269 54577
1221958 289321 269 2936
1221959 289321 269 3748
1221960 289321 269 1058
1221961 289321 269 1049
1221962 289321 269 941
1221963 289321 269 60744
1221964 289321 269 86293
1221965 289321 269 86294
1221966 289321 269 12
1221967 289322 269 4310
1221968 289322 269 20137
1221969 289322 269 16575
1221970 289322 269 6101
1221971 289322 269 4984
1221972 289322 269 24
1221973 289322 269 503
1221974 289322 269 467
1221975 289322 269 86295
1221976 289322 269 3704
1221977 289322 269 86296
1221978 289323 269 20137
1221979 289323 269 2592
1221980 289323 269 1058
1221981 289323 269 24
1221982 289323 269 6294
1221983 289323 269 4984
1221984 289323 269 1406
1221985 65863 269 24
1221986 65863 269 25856
1221987 65863 269 16243
1221988 65863 269 86297
1221989 289324 269 41448
1221990 289324 269 48283
1221991 289324 269 12
1221992 289324 269 86275
1221993 289324 269 2993
1221994 289324 269 1284
1221995 289324 269 3221
1221996 289324 269 86274
1221997 289324 269 1704
1221998 289324 269 58769
1221999 289325 269 86298
1222000 289325 269 39
1222001 289325 269 86299
1222002 289325 269 86275
1222003 289325 269 5932
1222004 289325 269 17951
1222005 289325 269 865
1222010 289327 269 16243
1222011 289327 269 16244
1222012 289327 269 86301
1222013 289327 269 16370
1222014 289327 269 12949
1222015 289327 269 86302
1222016 289327 269 369
1222017 289327 269 996
1222018 289327 269 24
1222047 150031 269 1704
1222048 150031 269 1883
1222049 150031 269 1820
1222050 150031 269 12
1222051 150031 269 86306
1222052 150031 269 467
1222053 150031 269 6917
1222054 150031 269 5238
1222055 12235 269 10091
1222056 12235 269 375
1222057 12235 269 941
1222058 12235 269 2526
1222059 12235 269 125
1222060 12235 269 254
1222061 12235 269 1703
1222062 12235 269 1704
1222063 12235 269 86307
1222064 12235 269 138
1222065 12235 269 1128
1222066 12235 269 284
1222067 12235 269 1303
1222068 12235 269 24020
1222069 12235 269 1939
1222070 12235 269 39425
1222071 12235 269 1034
1222072 12235 269 86308
1222080 289333 269 21
1222081 289333 269 700
1222082 289333 269 2477
1222083 289333 269 86310
1222084 289333 269 1546
1222085 289333 269 2236
1222086 23129 269 21
1222087 23129 269 21427
1222088 23129 269 138
1222089 23129 269 1197
1222090 23129 269 1704
1222091 23129 269 1303
1222092 23129 269 1049
1222093 23129 269 6806
1222094 23129 269 1714
1222108 289336 269 86316
1222109 289336 269 29651
1222110 289336 269 19843
1222111 289336 269 1191
1222112 289336 269 290
1222113 289336 269 86317
1222126 289339 269 5346
1222127 289339 269 1257
1222128 289339 269 26448
1222129 289339 269 1883
1222138 289341 269 8705
1222139 289341 269 86319
1222140 289341 269 1191
1222141 289341 269 2023
1222142 289341 269 1722
1222143 289341 269 638
1222152 289343 269 43731
1222153 289343 269 86325
1222154 289343 269 5542
1222155 289343 269 467
1222156 289343 269 15120
1222157 289343 269 86326
1222158 289343 269 86327
1222178 289346 269 86332
1222179 289346 269 1883
1222180 289346 269 86333
1222181 289346 269 6046
1222182 289346 269 2526
1222183 289346 269 941
1222184 289346 269 1800
1222185 289346 269 3145
1222186 289346 269 86271
1222187 289346 269 86334
1222188 289346 269 18673
1222189 289346 269 48828
1222197 289349 269 125
1222198 289349 269 523
1222199 289349 269 24
1222200 289349 269 537
1222201 289349 269 4772
1222202 289349 269 12
1222203 289350 269 2437
1222204 289350 269 1943
1222205 289350 269 65090
1222214 289352 269 15506
1222215 289352 269 1025
1222216 289352 269 150
1222217 289352 269 1034
1222218 289352 269 86335
1222219 289352 269 86336
1222236 289355 269 138
1222237 289355 269 4297
1222238 289355 269 86340
1222239 289355 269 18053
1222240 289355 269 86341
1222241 289355 269 86342
1222242 289355 269 86343
1222243 289356 269 48873
1222244 289356 269 941
1222245 289356 269 125
1222246 289356 269 254
1222247 289356 269 5346
1222248 289356 269 16923
1222249 289356 269 1704
1222250 289356 269 138
1222251 289356 269 1058
1222252 289356 269 4323
1222253 289356 269 342
1222254 289356 269 4
1222255 289356 269 86344
1222256 289356 269 21
1222257 289356 269 1565
1222258 289356 269 3145
1222259 289356 269 467
1222260 289356 269 285
1222261 289356 269 3748
1222262 289356 269 24
1222275 289358 269 3240
1222276 289358 269 86274
1222277 289358 269 1802
1222278 289358 269 503
1222279 289358 269 4
1222280 289358 269 4310
1222281 289358 269 941
1222282 289358 269 12
1222283 289358 269 2526
1222284 289358 269 4984
1222285 289358 269 3704
1222286 289359 269 1999
1222287 289359 269 12
1222288 289359 269 4323
1222289 289359 269 254
1222290 289359 269 3240
1222291 289359 269 40
1222292 289359 269 138
1222293 289359 269 1058
1222294 289359 269 2587
1222295 289359 269 187
1222296 289359 269 225
1222297 289360 269 2936
1222298 289360 269 1257
1222299 289360 269 1565
1222300 289360 269 4
1222301 289360 269 86346
1222302 289360 269 86300
1222303 289360 269 62222
1222329 289363 269 254
1222330 289363 269 1172
1222331 289363 269 1438
1222332 289363 269 1123
1222333 289363 269 639
1222334 289363 269 2151
1222382 289369 269 86350
1222383 289369 269 86310
1222384 289369 269 29
1222385 289369 269 4297
1222386 289370 269 20443
1222387 289370 269 29
1222388 289370 269 42638
1222389 289370 269 86339
1222390 289370 269 86351
1222391 289370 269 86352
1222392 289370 269 86353
1222393 289370 269 38306
1222394 289370 269 86354
1222395 289370 269 86355
1222396 289370 269 86356
1222397 289370 269 86357
1222398 289370 269 1217
1222399 289370 269 86358
1222400 289370 269 19382
1222401 289370 269 86359
1222402 289370 269 86360
1222403 289370 269 15398
1222404 289370 269 38363
1222405 289370 269 86361
1222406 289370 269 86362
1222407 289370 269 19462
1222408 289370 269 1034
1222409 289370 269 18053
1222410 289370 269 4102
1222411 289370 269 254
1222427 289373 269 2936
1222428 289373 269 1257
1222429 289373 269 5346
1222430 289373 269 85170
1222431 289373 269 1883
1222432 289373 269 26448
1222433 289373 269 615
1222457 289377 269 12
1222458 289377 269 125
1222459 289377 269 882
1222460 289377 269 369
1222461 289377 269 5932
1222462 289377 269 18113
1222463 289378 269 16451
1222464 289378 269 3051
1222465 289378 269 3050
1222466 289378 269 43731
1222467 263138 269 1583
1222468 263138 269 4773
1222469 263138 269 5306
1222470 263138 269 4272
1222471 263138 269 86381
1222472 263138 269 1565
1222473 263138 269 39
1222474 263138 269 44
1222475 263138 269 138
1222476 263138 269 1704
1222477 263138 269 2567
1222478 263138 269 3561
1222479 263138 269 187
1222480 263138 269 301
1222481 263138 269 342
1222482 263138 269 523
1222483 263138 269 86382
1222484 289379 269 86256
1222485 289379 269 86257
1222486 289379 269 86383
1222487 289379 269 467
1222488 289379 269 24
1222489 289380 269 1257
1222490 289380 269 5346
1222491 289380 269 1883
1222492 289380 269 86384
1222493 289380 269 19772
1222494 289380 269 3145
1222501 289382 269 86310
1222502 289382 269 86387
1222503 289382 269 5306
1222504 289382 269 6
1222505 289382 269 941
1222506 289382 269 86388
1222507 289382 269 86389
1222508 289382 269 19259
1222509 289382 269 29
1222510 289382 269 342
1222511 289383 269 86390
1222512 289383 269 86391
1222513 289383 269 10321
1222514 289383 269 1112
1222515 289383 269 1257
1222516 289383 269 86392
1222517 289383 269 63639
1222518 289383 269 43358
1222519 289383 269 4265
1222520 289384 269 86393
1222521 289384 269 3693
1222522 289384 269 40
1222523 289384 269 5542
1222524 289384 269 467
1222525 289384 269 2936
1222526 289384 269 1058
1222539 289386 269 86394
1222540 289386 269 86395
1222541 289386 269 953
1222542 289386 269 1052
1222543 289386 269 749
1222544 289386 269 86396
1222545 289386 269 86397
1222546 289386 269 1565
1222547 289386 269 467
1222548 289386 269 64948
1222549 289386 269 16283
1222593 289392 269 86402
1222594 289392 269 38560
1222595 289392 269 18673
1222596 289392 269 16382
1222597 289392 269 869
1222598 289392 269 40156
1222607 184562 269 86405
1222608 184562 269 941
1222609 184562 269 1049
1222610 184562 269 125
1222611 184562 269 254
1222612 184562 269 1704
1222613 184562 269 138
1222614 184562 269 4044
1222615 184562 269 1257
1222616 184562 269 1227
1222617 184562 269 86406
1222618 184562 269 1692
1222619 184562 269 2613
1222620 184562 269 1862
1222621 184562 269 3704
1222622 184562 269 367
1222623 184562 269 86335
1222624 184562 269 44
1222625 184562 269 1939
1222626 184562 269 287
1222627 184562 269 869
1222628 184562 269 4
1222629 184562 269 72
1222630 184562 269 3567
1222631 184562 269 334
1222632 184562 269 523
1222633 184562 269 342
1222634 184562 269 1267
1222635 184562 269 1123
1222636 184562 269 1261
1222637 289394 269 86407
1222638 289394 269 39059
1222639 289394 269 5481
1222640 289394 269 2104
1222641 289394 269 10109
1222642 289394 269 27514
1222643 289394 269 27182
1222644 289394 269 8527
1222645 289395 269 12
1222646 289395 269 125
1222647 289395 269 536
1222648 289395 269 5346
1222649 289395 269 187
1222650 289395 269 5495
1222651 289395 269 1744
1222652 289395 269 637
1222653 289395 269 1862
1222654 289395 269 583
1222655 289395 269 635
1222656 289395 269 24
1222657 289395 269 72
1222658 289395 269 401
1222659 289395 269 4772
1222660 289395 269 537
1222661 289396 269 1714
1222662 289396 269 72
1222663 289396 269 367
1222664 289396 269 2275
1222665 289396 269 638
1222666 289396 269 29369
1222667 289396 269 13701
1222668 289396 269 90
1222669 289396 269 4039
1222670 289397 269 21543
1222671 289397 269 41738
1222672 289398 269 86408
1222673 289398 269 86409
1222674 289398 269 86410
1222675 289398 269 86411
1222676 289398 269 86412
1222677 289398 269 86413
1222678 289398 269 1239
1222679 289398 269 254
1222680 289398 269 1233
1222681 289398 269 1704
1222682 289398 269 1191
1222683 289398 269 86414
1222684 289398 269 39317
1222685 289398 269 5756
1222686 289398 269 86415
1222687 289399 269 86416
1222688 289399 269 86417
1222689 289399 269 32269
1222690 289399 269 86418
1222691 289399 269 86419
1222692 289399 269 86420
1222693 289399 269 86382
1222694 289399 269 86421
1222695 289399 269 5306
1222696 289399 269 86422
1222697 289399 269 1627
1222698 289399 269 15132
1222699 289399 269 2056
1222700 289399 269 4480
1222721 289402 269 16283
1222722 289402 269 19982
1222723 289402 269 86427
1222724 289402 269 652
1222725 289402 269 4272
1222726 289403 269 583
1222727 289403 269 48828
1222728 289403 269 1883
1222729 289403 269 86271
1222730 289403 269 86428
1222731 289404 269 86429
1222732 289404 269 28602
1222733 289404 269 254
1222742 289406 269 86256
1222743 289406 269 86432
1222744 289406 269 86383
1222745 289407 269 2373
1222746 289407 269 72
1222747 289407 269 882
1222748 289407 269 369
1222749 289407 269 23858
1222750 289407 269 846
1222751 289407 269 8799
1222752 289408 269 86433
1222753 289408 269 86434
1222754 289408 269 4265
1222755 289408 269 86435
1222756 289408 269 2936
1222757 289408 269 1257
1222758 289409 269 557
1222759 289409 269 86436
1222760 289409 269 86437
1222761 289409 269 17380
1222762 289409 269 1896
1222763 289409 269 86438
1222764 289409 269 1191
1222765 289410 269 1883
1222766 289410 269 1191
1222767 289410 269 86332
1222768 289410 269 86439
1222776 289412 269 86441
1222777 289412 269 1262
1222778 289412 269 15266
1222779 289412 269 86332
1222780 289412 269 3156
1222781 289412 269 29
1222782 284776 269 8705
1222783 284776 269 1722
1222784 284776 269 1704
1222785 284776 269 1191
1222786 284776 269 4174
1222787 284776 269 30136
1222788 284776 269 86442
1222789 284776 269 6962
1222790 284776 269 638
1222791 284776 269 1560
1222801 289414 269 941
1222802 289414 269 258
1222803 289414 269 86444
1222804 289414 269 86445
1222805 289414 269 2526
1222806 289414 269 86446
1222831 289419 269 86451
1222832 289419 269 86425
1222833 289419 269 10617
1222834 289419 269 21849
1222835 289420 269 12
1222836 289420 269 536
1222837 289420 269 1191
1222838 289420 269 996
1222839 289420 269 2338
1222840 289420 269 1867
1222841 289420 269 637
1222842 289420 269 369
1222856 289423 269 2936
1222857 289423 269 12299
1222858 289423 269 2993
1222859 289423 269 4362
1222860 289423 269 3145
1222861 289423 269 48828
1222877 289425 269 25274
1222878 289425 269 86464
1222879 289425 269 86465
1222880 289426 269 342
1222881 289426 269 54840
1222882 289426 269 1962
1222883 289426 269 2613
1222884 289426 269 1123
1222885 289426 269 4791
1222886 289426 269 86466
1222887 289426 269 86467
1222888 289426 269 32519
1222889 289426 269 86468
1222890 289426 269 86469
1222891 289426 269 86470
1222892 289426 269 1267
1222893 289426 269 24290
1222910 289429 269 86472
1222911 289429 269 254
1222912 289429 269 1257
1222913 289429 269 1883
1222914 289429 269 5346
1222915 289430 269 6046
1222916 289430 269 2526
1222917 289430 269 86307
1222918 289430 269 1704
1222919 289430 269 138
1222920 289430 269 1128
1222921 289430 269 1276
1222922 289430 269 19843
1222923 289430 269 5813
1222924 289430 269 86455
1222925 289430 269 1034
1222926 289430 269 1284
1222927 289430 269 20443
1222928 289430 269 2810
1222929 289430 269 86473
1222930 289431 269 4385
1222931 289431 269 3
1222932 289431 269 2376
1222933 289431 269 254
1222934 289431 269 301
1222935 289431 269 311
1222936 289431 269 79
1222937 289431 269 865
1222941 289433 269 86475
1222942 289433 269 1123
1222943 289433 269 4256
1222944 289433 269 86476
1222945 289433 269 86477
1222946 289433 269 32448
1222947 289433 269 71243
1222948 289433 269 86478
1222949 289433 269 86479
1222950 289433 269 86480
1222951 289433 269 86481
1222952 289433 269 86482
1222953 289433 269 6046
1222954 289433 269 941
1222955 289433 269 6101
1222956 289433 269 311
1222957 289433 269 86275
1222958 289434 269 1191
1222959 289434 269 2567
1222960 289434 269 86483
1222961 289434 269 1034
1222962 289434 269 19577
1222963 289434 269 16480
1222964 289434 269 4174
1222965 289435 269 86484
1222966 289435 269 1174
1222967 289435 269 2922
1222968 289435 269 1034
1222969 289435 269 53891
1223023 289440 269 138
1223024 289440 269 1183
1223025 289440 269 3567
1223026 289440 269 187
1223027 289440 269 284
1223028 289440 269 6
1223029 289440 269 86340
1223030 289440 269 86342
1223031 289440 269 86343
1223079 289446 269 86498
1223080 289446 269 86499
1223081 289446 269 15567
1223082 289446 269 80200
1223083 289446 269 86500
1223084 289446 269 86501
1223085 289446 269 86502
1223086 289446 269 19199
1223087 289446 269 54905
1223088 289446 269 29621
1223089 289446 269 39201
1223090 289446 269 21733
1223091 289446 269 6556
1223092 289446 269 10770
1223093 289446 269 9314
1223094 289447 269 5756
1223095 289447 269 7166
1223096 289447 269 1704
1223097 289447 269 86503
1223098 289447 269 86504
1223099 289447 269 4587
1223100 289447 269 4791
1223101 289447 269 12
1223102 289447 269 79
1223103 289447 269 24
1223104 289447 269 1233
1223105 289447 269 29
1223130 49157 269 375
1223131 49157 269 941
1223132 49157 269 138
1223133 49157 269 1128
1223134 49157 269 284
1223135 49157 269 187
1223136 49157 269 6
1223137 49157 269 3567
1223138 49157 269 3
1223139 49157 269 1678
1223147 289452 269 86508
1223148 289452 269 1052
1223149 289452 269 86264
1223150 289452 269 86267
1223151 289452 269 48515
1223152 289452 269 719
1223153 289452 269 86268
1223154 289452 269 86509
1223155 289452 269 86510
1223156 289452 269 86511
1223157 289452 269 86512
1223158 289452 269 86513
1223159 289453 269 3359
1223160 289453 269 80976
1223161 289453 269 86275
1223162 289453 269 24
1223163 289453 269 12
1223164 289453 269 86514
1223165 289453 269 467
1223175 289455 269 86516
1223176 289455 269 30212
1223177 289455 269 86517
1223178 289455 269 86518
1223179 289455 269 86519
1223180 289455 269 86520
1223181 289455 269 86521
1223182 289455 269 4390
1223183 289455 269 3050
1223184 289455 269 342
1223185 289455 269 86522
1223186 289455 269 24
1223187 289455 269 4310
1223191 133976 269 254
1223192 133976 269 5346
1223193 133976 269 138
1223194 133976 269 4267
1223195 133976 269 4323
1223196 133976 269 139
1223197 133976 269 583
1223198 133976 269 635
1223199 133976 269 1172
1223200 133976 269 367
1223201 133976 269 287
1223220 289460 269 86526
1223221 289460 269 1867
1223222 289460 269 23953
1223223 289460 269 1191
1223224 289460 269 2579
1223225 289460 269 38155
1223226 289460 269 2023
1223227 289460 269 20847
1223228 289460 269 1722
1223229 289460 269 25643
1223230 289460 269 80210
1223237 289462 269 86430
1223238 289462 269 1191
1223239 289462 269 1722
1223240 289462 269 638
1223241 289462 269 1034
1223242 289462 269 29311
1223243 289463 269 86256
1223244 289463 269 86257
1223245 289463 269 40
1223246 289463 269 2936
1223247 289463 269 467
1223248 289463 269 5542
1223249 289463 269 79
1223250 289463 269 52609
1223259 289465 269 86530
1223260 289465 269 629
1223261 289465 269 717
1223262 289465 269 8591
1223263 289465 269 2373
1223264 289465 269 871
1223265 289465 269 3471
1223266 289465 269 20178
1223267 289465 269 342
1223268 289465 269 719
1223312 289471 269 86537
1223313 289471 269 1896
1223314 289471 269 38306
1223315 289471 269 15563
1223316 289471 269 16008
1223317 289471 269 15560
1223318 289471 269 5056
1223319 289471 269 86538
1223320 289471 269 557
1223321 289471 269 86539
1223322 289472 269 5306
1223323 289472 269 10091
1223324 289472 269 10742
1223325 289472 269 1530
1223326 289472 269 125
1223327 289472 269 2920
1223328 289472 269 302
1223329 289472 269 1703
1223330 289472 269 1704
1223331 289472 269 138
1223332 289472 269 1233
1223333 289472 269 1128
1223334 289472 269 1897
1223335 289472 269 4490
1223336 289472 269 287
1223337 289472 269 5932
1223338 289472 269 285
1223339 289472 269 2810
1223340 289472 269 1034
1223341 289472 269 816
1223342 289472 269 6
1223343 289472 269 1808
1223344 289472 269 225
1223345 289472 269 1862
1223346 289472 269 3
1223347 289472 269 4323
1223348 289472 269 292
1223349 289472 269 286
1223350 289472 269 44
1223351 289472 269 344
1223352 289472 269 291
1223353 289472 269 1125
1223354 289473 269 125
1223355 289473 269 1128
1223356 289473 269 1896
1223357 289473 269 557
1223358 289473 269 1820
1223359 289473 269 8981
1223360 289473 269 869
1223361 289473 269 6
1223389 289476 269 1191
1223390 289476 269 1227
1223391 289476 269 14058
1223392 289476 269 86542
1223393 289476 269 450
1223394 289476 269 55028
1223395 289477 269 23008
1223396 289477 269 20847
1223397 289477 269 1191
1223398 289477 269 24497
1223399 289477 269 1722
1223400 289477 269 1034
1223401 289477 269 29311
1223402 135635 269 86543
1223403 135635 269 86544
1223404 135635 269 3172
1223405 135635 269 1184
1223406 135635 269 941
1223407 135635 269 2526
1223408 135635 269 6046
1223409 135635 269 125
1223410 135635 269 138
1223411 135635 269 1896
1223412 135635 269 1128
1223413 135635 269 1183
1223414 135635 269 187
1223415 135635 269 301
1223416 135635 269 507
1223417 135635 269 3567
1223418 135635 269 6240
1223419 135635 269 7372
1223420 135635 269 2150
1223427 289479 269 1883
1223428 289479 269 1896
1223429 289479 269 557
1223430 289479 269 1714
1223431 289479 269 334
1223432 289480 269 86546
1223433 289480 269 21
1223434 289480 269 941
1223435 289480 269 86547
1223436 289480 269 21676
1223437 289480 269 25388
1223438 289480 269 24830
1223439 289480 269 86548
1223440 289480 269 311
1223441 289481 269 86546
1223442 289481 269 86549
1223443 289481 269 941
1223444 289481 269 2526
1223445 289481 269 6046
1223446 289481 269 1049
1223447 289481 269 86550
1223448 289481 269 36270
1223449 289481 269 41572
1223450 289481 269 17364
1223451 289481 269 1438
1223452 289482 269 86546
1223453 289482 269 86551
1223454 289482 269 941
1223455 289482 269 2526
1223456 289482 269 6046
1223457 289482 269 1185
1223458 289482 269 71243
1223459 289482 269 5245
1223460 289482 269 86552
1223461 289483 269 138
1223462 289483 269 15120
1223463 289483 269 1049
1223464 289483 269 941
1223465 289483 269 1267
1223466 289483 269 86553
1223467 289483 269 1489
1223468 289483 269 2526
1223469 289484 269 86546
1223470 289484 269 21
1223471 289484 269 941
1223472 289484 269 86554
1223473 289484 269 22265
1223474 289484 269 1185
1223475 289484 269 2526
1223476 289484 269 6046
1223485 289485 269 138
1223486 289485 269 86546
1223487 289485 269 86555
1223488 289485 269 21
1223489 289485 269 941
1223490 289486 269 1722
1223491 289486 269 1191
1223492 289486 269 86430
1223493 289486 269 638
1223494 289486 269 1560
1223495 289486 269 29311
1223496 289486 269 1034
1223508 289487 269 4390
1223509 289487 269 86556
1223510 289487 269 86557
1223511 289487 269 86541
1223512 289488 269 86558
1223513 289488 269 86559
1223514 289488 269 39384
1223515 289488 269 4390
1223516 289488 269 15712
1223517 289488 269 86556
1223518 289488 269 86557
1223519 289488 269 86560
1223544 289491 269 35088
1223545 289491 269 86569
1223546 289491 269 86570
1223547 289491 269 24020
1223548 289491 269 5777
1223549 289491 269 3835
1223550 289491 269 2236
1223551 289491 269 15930
1223552 289491 269 19535
1223553 289491 269 1123
1223554 289491 269 86571
1223555 289491 269 21226
1223556 289491 269 700
1223557 289491 269 4432
1223558 289491 269 2016
1223559 289491 269 6108
1223560 289491 269 16210
1223561 289491 269 86572
1223562 289492 269 8423
1223563 289492 269 86573
1223564 289492 269 583
1223565 289492 269 425
1223566 289492 269 53616
1223567 289492 269 86574
1223574 289494 269 12
1223575 289494 269 150
1223576 289494 269 15506
1223577 289494 269 6
1223578 289494 269 90
1223579 289495 269 8356
1223580 289495 269 3681
1223581 289495 269 86579
1223582 289495 269 86580
1223583 289495 269 1715
1223584 289495 269 1896
1223585 289495 269 557
1223586 289495 269 1820
1223587 289495 269 2150
1223588 289495 269 86581
1223589 28909 269 941
1223590 28909 269 2526
1223591 28909 269 44
1223592 28909 269 7372
1223593 28909 269 557
1223594 28909 269 1183
1223595 28909 269 301
1223596 28909 269 1034
1223597 28909 269 1820
1223598 28909 269 1704
1223599 28909 269 1896
1223600 289496 269 3648
1223601 289496 269 3145
1223602 289496 269 1883
1223603 289496 269 86271
1223604 289496 269 1257
1223605 289496 269 86332
1223606 289496 269 6270
1223624 289499 269 86589
1223625 289499 269 86590
1223626 289499 269 12483
1223627 289499 269 86591
1223628 289499 269 86592
1223629 289499 269 86593
1223630 289499 269 1666
1223631 289499 269 86594
1223632 289499 269 1233
1223633 289499 269 86595
1223634 289499 269 996
1223635 289499 269 1864
1223636 289499 269 12
1223637 289500 269 1896
1223638 289500 269 557
1223639 289500 269 1183
1223640 289500 269 1034
1223641 289500 269 1820
1223642 289500 269 42023
1223643 289500 269 5922
1223644 289500 269 6030
1223645 289500 269 86596
1223646 289501 269 86597
1223647 289501 269 86598
1223648 289501 269 25157
1223649 289501 269 5813
1223650 289501 269 375
1223683 10884 269 1999
1223684 10884 269 2526
1223685 10884 269 1703
1223686 10884 269 1233
1223687 10884 269 1034
1223688 10884 269 284
1223689 10884 269 138
1223690 10884 269 4102
1223691 10884 269 941
1223692 10884 269 86603
1223693 289503 269 60744
1223694 289503 269 86293
1223695 289503 269 1049
1223696 289503 269 941
1223697 289503 269 3862
1223698 289503 269 84500
1223699 289503 269 61916
1223700 289503 269 61689
1223701 289503 269 86604
1223702 289504 269 60744
1223703 289504 269 86293
1223704 289504 269 941
1223705 289504 269 1049
1223706 289504 269 3862
1223707 289504 269 86604
1223708 289504 269 61689
1223709 289504 269 84500
1223710 289504 269 86605
1223711 289505 269 16243
1223712 289505 269 16244
1223713 289505 269 86301
1223714 289505 269 86606
1223724 289507 269 3451
1223725 289507 269 367
1223726 289507 269 18532
1223727 289507 269 365
1223728 289507 269 1230
1223729 289507 269 4829
1223730 289507 269 5347
1223741 289510 269 86332
1223742 289510 269 86611
1223743 289510 269 86612
1223744 289510 269 2964
1223745 289510 269 4044
1223746 289510 269 86613
1223747 289510 269 86281
1223748 289510 269 86614
1223749 289510 269 6917
1223750 289510 269 20545
1223751 289510 269 86389
1223764 289512 269 4390
1223765 289512 269 2649
1223766 289512 269 3221
1223767 289512 269 1704
1223768 289512 269 301
1223769 289512 269 1962
1223770 289512 269 1802
1223771 289512 269 3050
1223772 289512 269 291
1223773 289512 269 342
1223774 289512 269 334
1223775 289512 269 79
1223776 289512 269 44
1223777 289512 269 1123
1223778 289512 269 302
1223779 289512 269 15
1223780 289512 269 125
1223787 289514 269 40
1223788 289514 269 12949
1223789 289514 269 16283
1223790 289515 269 1939
1223791 289515 269 86315
1223792 289515 269 60756
1223793 289515 269 941
1223794 289515 269 638
1223795 289515 269 86620
1223796 289516 269 618
1223797 289516 269 19481
1223798 289516 269 1123
1223799 289516 269 12
1223800 289516 269 8907
1223801 289516 269 1703
1223802 289516 269 1744
1223803 289516 269 637
1223804 289516 269 1862
1223805 289516 269 48387
1223817 289518 269 12949
1223818 289518 269 38816
1223819 289518 269 1257
1223820 289518 269 1883
1223821 289518 269 86271
1223822 289518 269 86392
1223823 289518 269 6724
1223824 289518 269 4480
1223830 289520 269 86623
1223831 289520 269 86624
1223832 289520 269 53951
1223833 289520 269 24
1223834 289520 269 1233
1223835 289520 269 1267
1223836 289520 269 342
1223843 289522 269 629
1223844 289522 269 12
1223845 289522 269 1883
1223846 289522 269 2373
1223847 289522 269 1703
1223848 289522 269 638
1223849 289522 269 3443
1223850 289522 269 8591
1223851 289522 269 139
1223852 289522 269 39
1223853 289522 269 90
1223854 289522 269 734
1223855 289522 269 7412
1223856 289522 269 3332
1223857 289522 269 894
1223858 289522 269 730
1223859 289523 269 996
1223860 289523 269 2023
1223861 289523 269 26240
1223862 289523 269 1191
1223863 289523 269 1722
1223864 289523 269 638
1223865 289524 269 254
1223866 289524 269 996
1223867 289524 269 4265
1223868 289524 269 10321
1223869 289524 269 43358
1223870 289524 269 86390
1223871 289524 269 86391
1223872 289524 269 1257
1223873 289524 269 86392
1223874 289524 269 63639
