1249963 295102 275 941
1249964 295102 275 125
1249965 295102 275 15
1249966 295102 275 1704
1249967 295102 275 4737
1249968 295102 275 1897
1249969 295102 275 529
1249970 295102 275 1565
1249971 295102 275 2525
1249979 295104 275 311
1249980 295104 275 1063
1249981 295104 275 21
1249982 295105 275 503
1249983 295105 275 1923
1249984 295105 275 311
1249985 295105 275 2330
1249986 295106 275 941
1249987 295106 275 2526
1249988 295106 275 3085
1249989 295106 275 80505
1249990 295106 275 87426
1249991 295106 275 87427
1249992 295106 275 87428
1249993 295107 275 2216
1249994 295107 275 6000
1249995 295107 275 1052
1249996 295107 275 311
1249997 295107 275 1897
1249998 295107 275 6
1249999 295108 275 125
1250000 295108 275 2525
1250001 295109 275 32448
1250002 295109 275 2525
1250003 295109 275 529
1250009 295111 275 1267
1250010 295111 275 2525
1250011 295111 275 23937
1250014 295113 275 1704
1250030 295118 275 503
1250031 295118 275 1897
1250032 295119 275 87429
1250033 295119 275 57490
1250034 295119 275 87430
1250050 295122 275 46654
1250051 295122 275 16135
1250052 295122 275 1052
1250053 295122 275 26766
1250054 3830 275 108
1250055 3830 275 46
1250056 3830 275 138
1250057 3830 275 15
1250060 15093 275 138
1250061 15093 275 44
1250062 15093 275 4649
1250063 15093 275 292
1250064 295124 275 21
1250065 295124 275 138
1250066 295124 275 15269
1250068 18412 275 108
1250073 126831 275 1367
1250074 126831 275 1897
1250075 126831 275 146
1250076 126831 275 941
1250077 126831 275 240
1250092 284107 275 2520
1250093 284107 275 1128
1250094 284107 275 2816
1250095 284107 275 4251
1250096 295128 275 138
1250097 295129 275 21
1250098 295129 275 885
1250099 295129 275 1000
1250100 295129 275 87432
1250101 295130 275 941
1250102 295130 275 1704
1250103 295130 275 53900
1250111 295132 275 5776
1250112 295133 275 941
1250113 295133 275 26837
1250114 295133 275 557
1250115 295133 275 87433
1250116 295133 275 15262
1250117 295133 275 87434
1250118 295133 275 367
1250119 295134 275 15
1250120 295134 275 21
1250121 295134 275 49314
1250122 295135 275 46209
1250123 295135 275 87435
1250124 295135 275 127
1250125 295135 275 49314
1250143 295138 275 1565
1250144 295138 275 2185
1250145 295138 275 15199
1250146 295138 275 87436
1250147 295139 275 1924
1250148 295139 275 311
1250149 295139 275 60445
1250150 295140 275 1999
1250151 295140 275 1567
1250152 295140 275 138
1250153 295140 275 1937
1250154 295140 275 87437
1250155 295140 275 87438
1250156 295140 275 1821
1250157 295140 275 20363
1250168 295143 275 1049
1250169 295143 275 23011
1250170 295143 275 5189
1250171 295143 275 311
1250172 295143 275 1897
1250173 295144 275 1367
1250174 295144 275 816
1250175 295144 275 4489
1250176 295144 275 17497
1250177 295145 275 57490
1250178 295145 275 276
1250179 295145 275 1123
1250180 295145 275 523
1250181 295145 275 17881
1250182 295145 275 1450
1250183 295145 275 80
1250192 194060 275 72453
1250193 194060 275 2520
1250194 194060 275 557
1250195 194060 275 6515
1250196 194060 275 7372
1250197 194060 275 65472
1250198 194060 275 87439
1250224 295150 275 941
1250225 295150 275 1704
1250226 295150 275 21931
1250227 295150 275 1565
1250228 22958 275 5306
1250229 22958 275 2427
1250230 22958 275 40960
1250231 22958 275 466
1250232 22958 275 318
1250233 22958 275 285
1250234 295151 275 21
1250235 295151 275 1896
1250255 295156 275 1698
1250256 295156 275 1924
1250257 295156 275 21
1250258 295156 275 1704
1250259 295156 275 311
1250260 295156 275 2236
1250261 295157 275 2525
1250262 295157 275 57490
1250271 295158 275 4737
1250272 295158 275 2236
1250273 295158 275 57490
1250274 295159 275 138
1250275 295159 275 20509
1250276 295159 275 3087
1250277 295159 275 2902
1250289 132243 275 108
1250290 168802 275 35745
1250291 168802 275 941
1250292 168802 275 21
1250293 168802 275 311
1250294 168802 275 46247
1250295 168802 275 2525
1250296 168802 275 1897
1250297 168802 275 87441
1250298 168802 275 87442
1250314 295166 275 941
1250315 295166 275 1704
1250316 295166 275 53900
1250317 295166 275 21
1250318 295167 275 523
1250331 295170 275 1698
1250332 295170 275 798
1250333 295170 275 1025
1250334 295170 275 311
1250335 295170 275 474
1250336 295170 275 4
1250337 295170 275 926
1250338 295170 275 503
1250339 295171 275 941
1250340 295171 275 1224
1250341 295171 275 3748
1250342 295171 275 5776
1250343 295171 275 6550
1250344 295171 275 21
1250348 295173 275 21
1250349 295173 275 8294
1250350 295173 275 4737
1250351 295173 275 1123
1250352 295174 275 21
1250353 295174 275 2520
1250354 295174 275 49276
1250355 295175 275 21
1250364 295179 275 21
1250365 295179 275 87445
1250366 295180 275 583
1250367 295180 275 87446
1250368 295180 275 4435
1250369 295180 275 4434
1250370 295180 275 37180
1250371 295180 275 21
1250395 295184 275 941
1250396 295184 275 1886
1250397 295184 275 6
1250398 295185 275 523
1250399 295185 275 2969
1250400 295185 275 65090
1250402 24733 275 108
1250403 24733 275 138
1250404 24733 275 46
1250405 24733 275 125
1250406 24733 275 1116
1250433 84377 275 2150
1250434 84377 275 941
1250435 84377 275 1267
1250440 171791 275 21
1250441 171791 275 583
1250442 171791 275 4649
1250443 171791 275 87434
1250490 54604 275 15
1250491 54604 275 38591
1250492 54604 275 6
1250493 54604 275 1261
1250494 295198 275 1128
1250495 295198 275 80
1250496 295198 275 18400
1250497 295198 275 1450
1250502 295200 275 1183
1250503 295200 275 1703
1250504 295200 275 1128
1250505 7653 275 941
1250506 7653 275 138
1250507 7653 275 1367
1250508 7653 275 869
1250509 7653 275 1245
1250510 295201 275 1049
1250511 295201 275 941
1250512 295201 275 2526
1250513 295201 275 2220
1250514 295201 275 138
1250515 295201 275 15269
1250516 295201 275 1897
1250517 295201 275 1781
1250518 295201 275 87457
1250541 295203 275 12
1250542 295203 275 8294
1250543 295203 275 1123
1250544 295203 275 1052
1250545 295203 275 941
1250546 295204 275 87458
1250547 295204 275 2526
1250548 295204 275 2424
1250549 295204 275 70951
1250550 295204 275 15269
1250551 295204 275 66150
1250555 295206 275 941
1250556 295206 275 87459
1250557 295206 275 72224
1250558 295206 275 294
1250559 295206 275 21
1250560 295206 275 1123
1250565 128956 275 12
1250566 128956 275 125
1250567 128956 275 4936
1250568 128956 275 283
1250569 128956 275 2373
1250570 128956 275 1704
1250571 128956 275 3240
1250572 128956 275 138
1250573 128956 275 311
1250574 128956 275 39
1250575 128956 275 301
1250576 128956 275 78895
1250577 128956 275 8742
1250578 128956 275 503
1250579 128956 275 32089
1250587 295210 275 1999
1250588 295210 275 60971
1250589 295210 275 3749
1250590 295210 275 941
1250598 295212 275 2424
1250599 295212 275 97
1250600 295212 275 66151
1250607 104203 275 138
1250608 8377 275 17881
1250609 8377 275 1123
1250610 8377 275 57490
1250618 295217 275 1049
1250619 295217 275 1245
1250620 295217 275 311
1250621 295217 275 1183
1250622 295217 275 60473
1250630 185979 275 15
1250631 185979 275 21
1250632 185979 275 4532
1250633 185979 275 1704
1250634 185979 275 2236
1250635 185979 275 3816
1250636 185979 275 1123
1250637 185979 275 55019
1250651 295223 275 2216
1250652 295223 275 6000
1250653 295223 275 311
1250654 295223 275 1897
1250655 295223 275 6
1250656 295224 275 941
1250657 295224 275 4027
1250658 295224 275 2525
1250659 295224 275 16180
1250660 295224 275 87464
1250661 295225 275 2236
1250662 295225 275 1704
1250663 295225 275 1565
1250664 295225 275 87465
1250665 199708 275 12
1250666 199708 275 2330
1250667 199708 275 1651
1250668 199708 275 1764
1250669 199708 275 39
1250670 199708 275 1627
1250671 199708 275 1823
1250672 295226 275 21
1250673 295226 275 81
1250674 295226 275 3046
1250675 295226 275 15270
1250676 295226 275 4
1250677 295226 275 503
1250678 295227 275 15381
1250679 295227 275 1564
1250680 295227 275 3693
1250681 295228 275 503
1250682 295229 275 15381
1250683 295229 275 1564
1250684 295229 275 1124
1250685 295229 275 20497
1250686 295229 275 1698
1250687 295230 275 15381
1250688 295230 275 1564
1250689 295230 275 1124
1250690 295230 275 20497
1250691 295230 275 4661
1250692 295231 275 1564
1250693 295231 275 1124
1250694 295231 275 15381
1250695 295232 275 21
1250696 295232 275 80
1250697 295232 275 311
1250698 295232 275 4661
1250699 54792 275 21
1250700 54792 275 1025
1250701 54792 275 474
1250702 54792 275 2236
1250703 172464 275 12
1250704 172464 275 3593
1250705 172464 275 292
1250706 172464 275 3722
1250707 172464 275 503
1250708 172464 275 39
1250709 295233 275 138
1250710 295233 275 39
1250711 295233 275 503
1250712 295233 275 1564
1250713 295233 275 87466
1250714 295234 275 3085
1250715 295234 275 1704
1250716 295234 275 87467
1250725 295236 275 941
1250726 295236 275 2285
1250727 295236 275 21
1250728 295236 275 1245
1250729 295236 275 15269
1250730 295236 275 1183
1250731 295236 275 15331
1250732 295236 275 72
1250733 295236 275 503
1250766 295242 275 563
1250767 295242 275 365
1250768 295242 275 72
1250769 295242 275 318
1250770 295242 275 1356
1250771 295242 275 1450
1250772 295242 275 1605
1250773 295242 275 1123
1250774 37912 275 941
1250775 37912 275 1923
1250776 37912 275 125
1250777 37912 275 21
1250778 37912 275 311
1250779 37912 275 1183
1250780 37912 275 1897
1250783 295244 275 21
1250784 295244 275 4532
1250785 295244 275 1704
1250786 295244 275 3835
1250787 295244 275 2236
1250788 295244 275 2647
1250789 295244 275 869
1250800 295249 275 125
1250801 295249 275 15
1250802 295249 275 1722
1250803 295249 275 1191
1250804 295249 275 1723
1250805 295250 275 1923
1250806 295250 275 2285
1250807 295250 275 79549
1250808 295250 275 2707
1250809 295250 275 80
1250810 295250 275 15331
1250811 295250 275 72
1250812 295250 275 1327
1250827 295252 275 125
1250828 295252 275 15
1250829 295252 275 529
1250830 295252 275 1704
1250831 295252 275 138
1250832 295252 275 361
1250833 19303 275 125
1250834 19303 275 1049
1250838 98890 275 1775
1250839 98890 275 15
1250840 98890 275 466
1250841 98890 275 457
1250842 98890 275 4956
1250843 98890 275 255
1250844 98890 275 369
1250845 98890 275 285
1250846 98890 275 44
1250851 295256 275 1775
1250858 295257 275 1383
1250859 295257 275 10285
1250861 295259 275 1775
1250862 295259 275 15
1250863 295259 275 4305
1250864 295259 275 44
1250865 295259 275 1123
1250866 295259 275 301
1250867 173035 275 1775
1250868 173035 275 769
1250869 173035 275 638
1250870 173035 275 529
1250871 173035 275 285
1250893 295265 275 21
1250894 295265 275 1367
1250895 295265 275 1897
1250896 295265 275 6
1250910 295269 275 1049
1250911 295269 275 941
1250912 295269 275 21
1250913 295269 275 1704
1250914 295269 275 1052
1250915 295269 275 2584
1250916 295269 275 2236
1250917 295269 275 1267
1250918 295269 275 29
1250919 295269 275 1304
1250920 295269 275 343
1250921 37079 275 941
1250922 37079 275 125
1250923 37079 275 21
1250924 37079 275 138
1250925 37079 275 1937
1250926 37079 275 1183
1250927 37079 275 3967
1250950 295276 275 12
1250951 295276 275 87471
1250952 295276 275 21
1250953 295276 275 87472
1250954 295276 275 49670
1250955 295276 275 19207
1250956 295276 275 1123
1250965 54769 275 941
1250966 54769 275 466
1250967 54769 275 21
1250968 54769 275 21004
1250969 54769 275 138
1250970 295277 275 21
1250971 295277 275 2371
1250972 295277 275 4302
1250986 295279 275 15787
1250987 295279 275 21
1250988 295279 275 24732
1250989 295279 275 529
1250990 295279 275 4256
1250991 295279 275 44
1250992 295279 275 1123
1250993 295279 275 87473
1250995 295281 275 125
1250996 295281 275 21
1250997 295281 275 48505
1250998 295281 275 48941
1251030 295287 275 47465
1251031 295287 275 47568
1251032 295287 275 57490
1251033 295287 275 926
1251034 295287 275 1123
1251040 295289 275 44
1251041 8450 275 138
1251042 8450 275 22220
1251043 8450 275 2902
1251044 8450 275 1909
1251045 295290 275 2525
1251046 295290 275 125
1251052 295292 275 1704
1251053 295293 275 2525
1251054 295294 275 311
1251055 295294 275 72
1251056 295294 275 4533
1251057 295294 275 2207
1251058 295294 275 20373
1251059 295294 275 1230
1251060 295295 275 4901
1251061 295295 275 2056
1251062 295295 275 523
1251063 295295 275 4027
1251064 295295 275 1565
1251068 295297 275 188
1251069 295297 275 367
1251070 189661 275 503
1251074 295299 275 49249
1251075 295299 275 2520
1251076 295299 275 49276
1251077 295300 275 1049
1251078 295300 275 311
1251079 295300 275 6349
1251080 295301 275 125
1251081 295301 275 80
1251095 295307 275 125
1251096 295307 275 1775
1251097 295307 275 254
1251098 295307 275 225
1251099 295307 275 1121
1251100 295307 275 1999
1251116 295311 275 2236
1251117 295311 275 1267
1251118 295311 275 1327
1251119 295311 275 1123
1251120 295311 275 2525
1251121 295311 275 23937
1251122 295311 275 49026
1251123 295311 275 23211
1251124 295311 275 92
1251125 295311 275 3705
1251126 295311 275 25634
1251127 295311 275 87478
1251130 295313 275 503
1251131 295313 275 1704
1251132 295313 275 87479
1251136 295315 275 87479
1251137 295315 275 1123
1251138 295315 275 2525
1251139 295315 275 6515
1251140 295315 275 1781
1251141 295315 275 311
1251149 295317 275 1775
1251150 295317 275 15
1251151 295317 275 49632
1251152 295317 275 2613
1251153 295317 275 342
1251154 295317 275 4332
1251158 295319 275 21
1251159 295319 275 523
1251160 295319 275 41503
1251161 295319 275 1224
1251162 295319 275 1034
1251163 295319 275 138
1251164 295319 275 12
1251165 295319 275 4065
1251166 295319 275 39
1251167 295320 275 1367
1251168 295320 275 2902
1251170 295322 275 941
1251171 295322 275 2526
1251172 295322 275 87480
1251173 295322 275 1185
1251174 295322 275 2412
1251186 267443 275 941
1251187 267443 275 1897
1251188 267443 275 503
1251189 267443 275 286
1251190 267443 275 1126
1251191 267443 275 87482
1251197 295325 275 4649
1251198 295326 275 21
1251199 295326 275 1704
1251200 295326 275 2236
1251201 295326 275 1267
1251202 295326 275 2525
1251203 295326 275 882
1251205 8165 275 1191
1251206 8165 275 26080
1251207 8165 275 1723
1251208 8165 275 87483
1251209 295328 275 125
1251210 295328 275 2525
1251211 295329 275 15
1251212 295329 275 1383
1251213 295329 275 5507
1251214 295329 275 3
1251216 295331 275 311
1251217 295331 275 503
1251218 295332 275 4532
1251219 295332 275 29
1251220 295332 275 1704
1251221 295332 275 1266
1251222 295332 275 46384
1251223 295332 275 1123
1251224 295333 275 4532
1251225 295333 275 6
1251226 295333 275 17025
1251227 295333 275 311
1251228 295333 275 1254
1251237 295334 275 52609
1251238 295334 275 2463
1251239 295334 275 50685
1251255 295338 275 1106
1251256 295338 275 44
1251257 295338 275 285
1251258 295338 275 155
1251259 295338 275 276
1251260 295338 275 301
1251261 295339 275 6
1251270 295341 275 108
1251276 295343 275 503
1251277 295343 275 72
1251278 295343 275 1591
1251279 295343 275 563
1251280 295343 275 996
1251281 295343 275 80
1251282 295344 275 941
1251283 295344 275 376
1251284 295344 275 2520
1251285 295344 275 40044
1251286 295344 275 5849
1251287 295344 275 1052
1251288 295344 275 6781
1251289 295344 275 49276
1251290 295344 275 719
1251295 295346 275 21
1251296 295346 275 48941
1251297 295346 275 301
1251320 295348 275 82804
1251321 295348 275 87486
1251322 295348 275 23937
1251323 295349 275 2525
1251324 295349 275 529
1251325 295349 275 87487
1251359 247734 275 734
1251360 247734 275 369
1251361 247734 275 388
1251362 247734 275 1743
1251363 247734 275 638
1251364 247734 275 87488
1251372 204825 275 1999
1251373 204825 275 941
1251374 204825 275 125
1251375 204825 275 138
1251376 204825 275 1267
1251377 204825 275 2556
1251378 204825 275 4027
1251379 295352 275 125
1251380 295352 275 32448
1251381 295352 275 2525
1251382 295353 275 2525
1251383 295353 275 23937
1251384 295353 275 80
1251401 295358 275 1123
1251402 295358 275 57490
1251403 295358 275 15501
1251415 295359 275 125
1251416 295359 275 4256
1251417 295359 275 2525
1251425 295363 275 108
1251426 295363 275 138
1251427 295363 275 44
1251428 84705 275 108
1251430 295365 275 108
1251431 34646 275 108
1251432 34646 275 138
1251433 192608 275 108
1251434 192608 275 138
1251435 192608 275 44
1251437 247775 275 108
1251438 295367 275 108
1251439 295367 275 138
1251440 295367 275 44
1251441 295368 275 342
1251442 295368 275 311
1251443 295368 275 87489
1251444 295368 275 87490
1251445 295368 275 87491
1251450 295370 275 1191
1251451 295370 275 5580
1251452 295370 275 48040
1251453 295370 275 15262
1251454 295371 275 125
1251455 295371 275 1722
1251456 295371 275 1191
1251457 295371 275 87492
1251469 295375 275 941
1251470 295375 275 21
1251471 295375 275 138
1251472 295375 275 4096
1251473 295376 275 941
1251474 295376 275 8497
1251475 295376 275 8294
1251476 295376 275 47379
1251477 295377 275 125
1251478 295377 275 15
1251479 295377 275 8294
1251480 295377 275 138
1251481 13012 275 21
1251482 13012 275 2990
1251483 13012 275 982
1251484 13012 275 5947
1251485 13012 275 2647
1251486 258074 275 523
1251487 258074 275 44
1251488 258074 275 301
1251489 258074 275 2613
1251490 288131 275 13822
1251491 288131 275 996
1251492 288131 275 1896
1251498 135963 275 21
1251499 135963 275 941
1251500 135963 275 138
1251501 135963 275 2236
1251502 135963 275 44
1251503 135963 275 1123
1251504 135963 275 72
1251505 135963 275 2525
1251506 135963 275 1704
1251507 135963 275 1897
1251508 135963 275 4
1251509 135963 275 1183
1251510 135963 275 2647
1251511 135963 275 3835
1251512 135963 275 5801
1251513 135963 275 4523
1251514 135963 275 22206
1251521 295380 275 60445
1251522 295380 275 286
1251523 295380 275 1775
1251539 295384 275 21
1251540 295384 275 39
1251541 295384 275 4649
1251549 295386 275 108
1251550 295386 275 138
1251551 295386 275 6994
1251557 295388 275 21
1251558 295388 275 2236
1251559 295388 275 156
1251560 295389 275 21
1251561 295389 275 87495
1251562 295389 275 1255
1251563 295390 275 1704
1251564 295390 275 47379
1251565 295390 275 342
1251566 295390 275 87489
1251567 295391 275 2237
1251568 295391 275 125
1251569 295391 275 1704
1251570 295391 275 138
1251571 295391 275 292
1251572 295391 275 44
1251594 295394 275 11341
1251595 295394 275 16
1251596 295394 275 547
1251597 295394 275 318
1251598 295395 275 16
1251599 295395 275 457
1251600 295395 275 638
1251601 295395 275 285
1251615 295397 275 503
1251616 295397 275 53161
1251633 295401 275 16
1251634 295401 275 285
1251635 295401 275 668
1251636 295401 275 3
1251637 295401 275 72310
1251638 295401 275 457
1251639 295401 275 255
1251640 295402 275 52
1251641 295402 275 529
1251642 295402 275 2236
1251643 295402 275 57490
1251644 295402 275 1123
1251653 251948 275 138
1251654 251948 275 9427
1251655 251948 275 1183
1251656 251948 275 2236
1251657 251948 275 1267
1251658 251948 275 2525
1251706 295411 275 2215
1251707 295411 275 4523
1251708 295411 275 3221
1251709 295411 275 21114
1251710 295411 275 311
1251711 295411 275 80
1251712 295411 275 712
1251713 295411 275 529
1251714 295411 275 87501
1251715 295411 275 3050
1251716 295411 275 72
1251721 295413 275 87482
1251722 295413 275 2236
1251723 295413 275 311
1251724 295413 275 21
1251725 295413 275 46545
1251726 295413 275 69076
1251727 295414 275 125
1251728 295414 275 21
1251729 295414 275 1052
1251730 295414 275 2236
1251731 295414 275 583
1251734 295416 275 15
1251735 295416 275 1775
1251745 295419 275 3224
1251746 295419 275 941
1251747 295419 275 29
1251753 295421 275 5189
1251754 295421 275 87475
1251755 295421 275 21
1251756 295421 275 4823
1251757 295421 275 2236
1251758 295421 275 2525
1251770 295426 275 2525
1251771 295426 275 523
1251772 295426 275 15398
1251773 295426 275 2236
1251776 23469 275 10198
1251777 295428 275 21
1251778 295428 275 311
1251779 295428 275 3087
1251780 295428 275 21540
1251786 295430 275 125
1251787 295430 275 2584
1251788 295430 275 529
1251789 295430 275 32448
1251790 295430 275 2525
1251791 295430 275 19207
1251792 295431 275 87455
1251793 295431 275 2525
1251794 295431 275 23937
1251795 11917 275 311
1251797 295433 275 17881
1251798 295433 275 2236
1251799 295433 275 57490
1251800 295433 275 1123
1251810 295436 275 5507
1251817 295439 275 941
1251818 295440 275 5306
1251819 295440 275 2133
1251820 295440 275 87507
1251821 295440 275 503
1251822 295441 275 1722
1251823 295441 275 1191
1251824 295441 275 22752
1251825 295441 275 1723
1251826 295441 275 72
1251827 295442 275 1049
1251828 295442 275 138
1251829 295442 275 4877
1251830 295442 275 10286
1251831 295442 275 9593
1251832 295442 275 343
1251833 295443 275 2220
1251834 295443 275 28617
1251835 295443 275 311
1251836 295443 275 26054
1251837 295443 275 49122
1251838 295443 275 6
1251845 295446 275 21
1251846 295446 275 342
1251847 295446 275 87490
1251848 295446 275 87489
1251849 295446 275 2556
1251850 295447 275 17881
1251851 295447 275 1123
1251852 295447 275 57490
1251853 295448 275 1025
1251854 295448 275 2236
1251855 295448 275 2525
1251856 295448 275 1123
1251872 295451 275 941
1251873 295451 275 4666
1251874 295451 275 35745
1251875 295451 275 28814
1251876 295451 275 4935
1251877 295451 275 1897
1251878 295451 275 2236
1251879 295451 275 1244
1251880 295451 275 4540
1251881 295451 275 2525
1251882 295451 275 87442
1251883 295451 275 87508
1251884 132751 275 44
1251885 132751 275 46
1251886 132751 275 4649
1251887 132751 275 138
1251892 295453 275 311
1251893 295453 275 21799
1251894 295453 275 2236
1251895 295454 275 1049
1251896 295454 275 28617
1251897 295454 275 21
1251898 295454 275 474
1251899 295455 275 138
1251900 295455 275 1821
1251901 295455 275 869
1251902 295455 275 20046
1251903 295456 275 10285
1251914 295459 275 4649
1251923 295462 275 146
1251924 295462 275 255
1251925 295462 275 7
1251926 295462 275 87513
1251927 295463 275 941
1251928 295463 275 1704
1251929 295463 275 2707
1251930 295463 275 15269
1251931 295463 275 15270
1251932 295463 275 575
1251933 295464 275 21
1251934 295464 275 2463
1251935 295464 275 50685
1251936 295464 275 311
1251937 295464 275 87479
1251938 295464 275 69076
1251939 295465 275 294
1251940 295465 275 21
1251941 295465 275 138
1251942 295465 275 2155
1251943 295465 275 187
1251944 295465 275 87514
1251945 295466 275 292
1251946 295467 275 70
1251972 295471 275 21
1251973 295471 275 87516
1251974 295471 275 311
1251975 295471 275 2236
1251976 295471 275 1215
1251977 295471 275 2525
1251999 295475 275 2220
1252000 295475 275 125
1252001 295475 275 21
1252002 295475 275 982
1252003 295475 275 583
1252004 295475 275 72
1252005 295475 275 1781
1252006 295475 275 343
1252007 295475 275 87517
1252010 295477 275 4230
1252011 295477 275 6737
1252012 295477 275 1714
1252013 295477 275 1115
1252050 295479 275 138
1252051 295479 275 4934
1252052 295479 275 311
1252053 295479 275 59756
1252054 295479 275 2902
1252060 197588 275 318
1252061 295482 275 1897
1252066 295484 275 2525
1252067 295485 275 108
1252068 295486 275 21
1252069 295486 275 3835
1252070 295486 275 6359
1252071 295486 275 23211
1252079 295488 275 941
1252080 295488 275 138
1252081 295488 275 1367
1252082 295488 275 1183
1252083 295488 275 2902
1252084 295489 275 941
1252085 295489 275 26768
1252086 295489 275 1367
1252087 295489 275 5059
1252088 295490 275 1897
1252089 295490 275 1367
1252090 295490 275 1224
1252091 295490 275 43218
1252092 295490 275 1049
1252093 295491 275 50685
1252094 295491 275 1367
1252095 295491 275 3088
1252096 295491 275 87520
1252097 295492 275 6
1252098 295492 275 1367
1252099 295492 275 17025
1252100 295492 275 4532
1252101 295493 275 2150
1252102 295493 275 941
1252103 295493 275 21
1252104 295493 275 1245
1252105 295493 275 1704
1252106 295493 275 138
1252107 295493 275 87521
1252108 295493 275 87522
1252116 295497 275 941
1252117 295497 275 1704
1252118 295497 275 53900
1252119 133019 275 12
1252120 133019 275 1775
1252121 133019 275 978
1252122 133019 275 16
1252123 133019 275 457
1252124 133019 275 70
1252125 133019 275 1367
1252126 133019 275 7
1252127 133019 275 979
1252128 133019 275 79
1252129 133019 275 139
1252130 133019 275 255
1252131 133019 275 155
1252132 133019 275 285
1252133 133019 275 44
1252134 133019 275 3
1252138 50 275 310
1252139 50 275 54
1252140 50 275 4305
1252141 50 275 7
1252142 50 275 146
1252143 50 275 255
1252144 50 275 16
1252145 50 275 1367
1252193 295504 275 2725
1252194 295504 275 2486
1252195 295504 275 292
1252196 295504 275 2613
1252197 295504 275 3743
1252198 295504 275 68273
1252205 295508 275 4823
1252206 295508 275 81
1252207 295508 275 72
1252208 295509 275 125
1252209 295509 275 26709
1252210 295509 275 1237
1252211 295509 275 87525
1252213 253418 275 2525
1252214 253418 275 3705
1252215 253418 275 61702
1252216 253418 275 1327
1252217 253418 275 331
1252224 295512 275 15787
1252225 295512 275 21
1252226 295512 275 87526
1252227 295512 275 87527
1252228 295512 275 2236
1252229 295512 275 87528
1252230 295512 275 1898
1252231 295513 275 941
1252232 295513 275 87529
1252233 295513 275 15270
1252234 295513 275 1224
1252245 295516 275 76
1252246 295516 275 1007
1252247 295516 275 3285
1252252 295518 275 311
1252253 295518 275 503
1252261 295520 275 26047
1252262 295520 275 369
1252263 295520 275 285
1252264 295520 275 1430
1252270 6116 275 941
1252271 6116 275 125
1252272 6116 275 1106
1252273 6116 275 1704
1252274 6116 275 1025
1252275 6116 275 15269
1252276 6116 275 3224
1252277 6116 275 321
1252283 126277 275 1128
1252284 126277 275 6515
1252285 126277 275 301
1252286 126277 275 1237
1252287 126277 275 307
1252288 126277 275 869
1252289 126277 275 6550
1252290 126277 275 87530
1252291 295522 275 367
1252292 295522 275 73668
1252293 295522 275 1367
1252294 295522 275 87531
1252295 295522 275 3240
1252307 295527 275 21
1252308 295527 275 87532
1252309 295527 275 882
1252312 295529 275 941
1252313 295529 275 21
1252314 295529 275 138
1252315 295529 275 11856
1252329 146803 275 16
1252330 146803 275 100
1252331 146803 275 8389
1252332 295531 275 21
1252333 295531 275 2613
1252334 295532 275 276
1252335 295532 275 318
1252336 295532 275 301
1252337 295532 275 523
1252342 295534 275 301
1252361 295537 275 5776
1252362 295537 275 941
1252363 295537 275 3749
1252364 295537 275 10616
1252365 295537 275 1128
1252366 14244 275 87533
1252367 14244 275 359
1252368 14244 275 2525
1252369 14244 275 941
1252370 295538 275 1128
1252371 295538 275 557
1252372 295538 275 6515
1252373 295538 275 87534
1252392 295539 275 87475
1252393 295539 275 294
1252394 295539 275 21
1252395 295539 275 2647
1252396 295539 275 1781
1252397 295539 275 72
1252398 295539 275 41081
1252399 295539 275 69228
1252402 272578 275 1128
1252403 272578 275 523
1252404 295540 275 941
1252405 295540 275 2526
1252406 295540 275 87535
1252407 295540 275 87536
1252414 295541 275 1564
1252415 295541 275 4027
1252416 295541 275 1124
1252417 295541 275 16407
1252418 295541 275 2403
1252430 295544 275 21
1252431 295544 275 1124
1252432 295544 275 5580
1252433 295545 275 87537
1252434 295545 275 15
1252435 295545 275 21
1252436 295545 275 19207
1252448 126305 275 12
1252449 126305 275 3240
1252450 126305 275 87541
1252451 126305 275 87542
1252452 126305 275 29
1252453 295548 275 5924
1252454 295548 275 5469
1252455 295548 275 8482
1252456 295548 275 144
1252457 295549 275 941
1252458 295549 275 72
1252459 295549 275 4
1252460 295549 275 259
1252461 295549 275 6000
1252462 295549 275 343
1252463 295549 275 5217
1252464 295549 275 1185
1252465 295549 275 4137
1252466 295549 275 470
1252467 295550 275 941
1252468 295550 275 1704
1252469 295550 275 53900
1252470 295551 275 1564
1252471 295551 275 523
1252472 178182 275 1049
1252473 178182 275 941
1252474 178182 275 6046
1252475 178182 275 2526
1252476 178182 275 1704
1252477 178182 275 138
1252478 178182 275 1025
1252479 178182 275 1564
1252480 178182 275 342
1252481 178182 275 1057
1252482 178182 275 42008
1252483 178182 275 503
1252484 178182 275 79
1252485 178182 275 1126
1252486 178182 275 39
1252487 295552 275 1123
1252488 295552 275 17881
1252489 295552 275 57490
1252490 295553 275 37180
1252491 295553 275 4696
1252492 295553 275 2793
1252493 295553 275 4435
1252494 295553 275 4434
1252495 295553 275 311
1252496 295553 275 41958
1252515 295556 275 21
1252516 295556 275 941
1252517 295556 275 87482
1252518 295557 275 941
1252519 295557 275 311
1252520 295557 275 72
1252521 295557 275 25814
1252522 295557 275 2610
1252523 295557 275 1244
1252524 295557 275 87544
1252528 295559 275 87442
1252529 295559 275 21
1252530 295559 275 464
1252531 295559 275 52824
1252532 295559 275 2969
1252533 295559 275 65090
1252534 295560 275 21
1252535 295560 275 1052
1252536 295560 275 311
1252537 295560 275 2776
1252538 295561 275 3593
1252539 295561 275 1049
1252540 295561 275 21
1252562 295562 275 74941
1252563 295562 275 125
1252564 295562 275 1704
1252565 295562 275 311
1252566 295562 275 307
1252567 295562 275 29
1252576 205822 275 311
1252577 295563 275 503
1252578 295564 275 311
1252579 295564 275 307
1252580 295564 275 503
1252581 295564 275 2187
1252582 295564 275 941
1252583 295564 275 21
1252592 295568 275 503
1252593 295569 275 21
1252594 295569 275 311
1252595 295569 275 1704
1252596 295569 275 87547
1252597 295569 275 4256
1252598 295569 275 4027
1252599 295569 275 1244
1252600 295569 275 2220
1252601 295570 275 503
1252604 295572 275 125
1252605 295572 275 302
1252606 295572 275 1704
1252607 295572 275 138
1252608 295572 275 1554
1252609 295572 275 361
1252610 295572 275 2236
1252611 295572 275 3743
1252612 295572 275 23896
1252613 295572 275 1297
1252614 295572 275 869
1252615 295572 275 1123
1252616 295573 275 1775
1252617 295574 275 1775
1252618 295575 275 941
1252619 295575 275 311
1252620 295575 275 1704
1252621 295575 275 523
1252622 295575 275 15269
1252623 295575 275 15270
1252624 295575 275 4027
1252625 295576 275 21
1252626 295576 275 80825
1252627 295576 275 1191
1252628 295576 275 311
1252629 295576 275 885
1252630 295576 275 72
1252631 295576 275 4
1252632 295577 275 941
1252633 295577 275 2526
1252634 295577 275 87548
1252635 295577 275 87549
1252636 295577 275 15270
1252637 295577 275 1124
1252642 295579 275 1704
1252643 295579 275 292
1252644 295579 275 1044
1252645 295579 275 87550
1252651 295581 275 1703
1252652 295581 275 1128
1252653 295581 275 1183
1252654 295582 275 125
1252655 295582 275 1775
1252659 112980 275 108
1252660 112980 275 138
1252661 112980 275 44
1252662 112980 275 6994
1252671 192821 275 108
1252675 295587 275 503
1252676 295587 275 39
1252677 295587 275 15
1252678 295588 275 527
1252694 295591 275 318
1252695 295591 275 72
1252696 295591 275 10270
1252697 295591 275 285
1252698 295591 275 332
1252699 295591 275 28502
1252700 295591 275 6691
1252701 295591 275 155
1252702 295591 275 709
1252726 295597 275 941
1252727 295597 275 311
1252728 295597 275 343
1252729 295597 275 12
1252730 295597 275 21676
1252731 295598 275 941
1252732 295598 275 8098
1252733 295598 275 21543
1252734 295598 275 87554
1252735 295598 275 2993
1252736 131268 275 292
1252747 6592 275 70
1252748 6592 275 53
1252749 6592 275 1115
1252750 6592 275 709
1252751 6592 275 285
1252774 295603 275 294
1252775 295603 275 21
1252776 295603 275 2592
1252777 295603 275 1025
1252778 295603 275 40
1252779 295603 275 982
1252780 295603 275 1692
1252781 295603 275 474
1252782 295603 275 2236
1252783 295603 275 2647
1252784 295603 275 87556
1252815 55544 275 2526
1252816 55544 275 87557
1252817 55544 275 2392
1252818 55544 275 2520
1252819 55544 275 1183
1252820 55544 275 15412
1252821 295609 275 941
1252822 295609 275 21
1252823 295609 275 23896
1252824 295609 275 3749
1252847 295615 275 1049
1252848 295615 275 1564
1252850 295617 275 21
1252851 295617 275 2236
1252852 295617 275 311
1252853 295617 275 47379
1252862 295619 275 15215
1252863 295619 275 1565
1252864 295619 275 3463
1252868 295621 275 1775
1252869 295622 275 1775
1252870 295622 275 1704
1252871 295622 275 1897
1252876 295624 275 2525
1252877 295624 275 17025
1252904 295630 275 2525
1252905 295630 275 12
1252906 295630 275 276
1252907 295630 275 87561
1252946 295636 275 15
1252947 295636 275 46
1252948 295636 275 108
1252949 295636 275 138
1252967 94762 275 15787
1252968 94762 275 21
1252969 94762 275 87502
1252970 94762 275 2236
1252971 94762 275 926
1252972 94762 275 1123
1252973 295638 275 668
1252974 295638 275 7
1252975 295638 275 301
1252976 295638 275 529
1252977 295638 275 318
1252978 295638 275 79
1252979 295638 275 255
1252980 295638 275 3
1252981 295639 275 108
1252982 295639 275 1106
1252983 295639 275 146
1252984 295640 275 318
1252985 295640 275 44
1252993 295641 275 4696
1252994 295641 275 21
1252995 295641 275 2236
1252996 295641 275 2525
1252997 295642 275 11414
1252998 295642 275 1331
1252999 295642 275 15080
1253000 295642 275 87565
1253001 295642 275 29
1253002 295643 275 6737
1253003 295643 275 2298
1253004 295643 275 1128
1253005 295643 275 1937
1253006 295643 275 1897
1253007 295643 275 1125
1253008 295643 275 6
1253009 295643 275 139
1253010 295643 275 10781
1253011 295643 275 285
1253012 295643 275 709
1253013 295643 275 1939
1253046 7539 275 21
1253047 7539 275 138
1253048 295646 275 941
1253049 295646 275 6046
1253050 295646 275 1185
1253057 122522 275 318
1253059 295649 275 29
1253060 295649 275 54707
1253079 295654 275 941
1253080 295654 275 1184
1253081 295654 275 503
1253090 16381 275 292
1253095 198552 275 1128
1253096 198552 275 1775
1253097 16054 275 276
1253098 16054 275 458
1253099 16054 275 992
1253100 16054 275 388
1253101 16054 275 87569
1253102 295658 275 87487
1253103 295658 275 87570
1253104 295658 275 2525
1253105 295658 275 71660
1253111 105317 275 1123
1253112 105317 275 2236
1253113 105317 275 369
1253114 105317 275 1450
1253115 105317 275 80
1253177 295672 275 10742
1253178 295672 275 1703
1253179 295672 275 138
1253180 295672 275 871
1253181 295672 275 9974
1253219 295680 275 523
1253220 295680 275 301
1253221 295680 275 70
1253222 295680 275 76
1253223 295680 275 40960
1253231 295681 275 20373
1253232 295681 275 2463
1253233 295681 275 311
1253234 295681 275 23467
1253235 295681 275 6
1253244 295684 275 87583
1253245 295684 275 2631
1253246 295684 275 87584
1253247 295684 275 2525
1253248 295684 275 4490
1253249 295685 275 2525
1253250 295685 275 290
1253255 295687 275 523
1253256 295687 275 1565
1253257 295687 275 4901
1253258 16418 275 7
1253259 16418 275 4305
1253260 16418 275 146
1253261 16418 275 255
1253262 16418 275 16
1253267 75675 275 21
1253268 75675 275 7
1253269 75675 275 255
1253270 75675 275 146
1253281 295689 275 57490
1253282 295689 275 87429
1253283 295689 275 1123
1253284 295689 275 17881
1253285 295689 275 87430
1253297 295691 275 21
1253298 295691 275 503
1253299 295691 275 311
1253300 295691 275 2236
1253306 295693 275 361
1253307 295693 275 4285
1253308 295693 275 80
1253309 295694 275 15
1253310 295694 275 529
1253311 295694 275 318
1253312 295694 275 1775
1253313 295695 275 81
1253314 295695 275 3722
1253315 295695 275 1123
1253323 295698 275 2215
1253324 295698 275 4661
1253325 295698 275 29
1253326 295698 275 87431
1253370 295704 275 108
1253371 295704 275 138
1253372 295704 275 44
1253373 295705 275 80
1253374 295705 275 1450
1253375 295705 275 21633
1253376 295705 275 4823
1253381 295707 275 108
1253382 295707 275 138
1253383 295707 275 44
1253384 295707 275 6994
1253393 178894 275 941
1253394 178894 275 138
1253395 178894 275 1184
1253396 178894 275 3762
1253397 178894 275 292
1253398 178894 275 1237
1253399 178894 275 3743
1253400 178894 275 307
1253401 178894 275 77
1253402 178894 275 72
1253403 178894 275 39
1253404 178894 275 869
1253405 178894 275 4027
1253406 178894 275 3748
1253407 178894 275 286
1253408 176739 275 307
1253409 176739 275 6515
1253410 176739 275 557
1253411 176739 275 1896
1253412 176739 275 1450
1253413 295711 275 125
1253414 295711 275 15
1253415 295711 275 2236
1253416 295711 275 342
1253417 295711 275 583
1253418 295711 275 1565
1253419 295711 275 343
1253420 295712 275 21
1253421 295712 275 22841
1253422 295712 275 2236
1253423 295713 275 21
1253424 295713 275 69294
1253425 295713 275 2236
1253426 295713 275 882
1253427 295713 275 1821
1253428 295714 275 21
1253429 295714 275 3835
1253430 295714 275 2236
1253431 295714 275 1123
1253432 295714 275 17881
1253433 295714 275 8294
1253434 295714 275 87591
1253435 295715 275 21
1253436 295715 275 885
1253437 295715 275 474
1253438 295715 275 2647
1253439 295716 275 503
1253440 295717 275 11414
1253441 295717 275 15080
1253442 295717 275 68558
1253443 295717 275 6833
1253444 295717 275 2378
1253445 295718 275 87592
1253446 295718 275 1704
1253447 295718 275 2970
1253448 295718 275 1897
1253449 295718 275 6946
1253450 295718 275 87593
1253451 295719 275 21
1253452 295719 275 529
1253453 295719 275 2371
1253454 295719 275 49026
1253455 295719 275 2236
1253456 295719 275 1267
1253457 295719 275 854
1253460 295720 275 21
1253461 295720 275 1704
1253462 295720 275 87429
1253463 295720 275 87430
1253483 24140 275 108
1253484 24140 275 138
1253485 24140 275 44
1253486 24140 275 6994
1253504 295726 275 292
1253505 295726 275 301
1253506 295726 275 2613
1253507 295726 275 3743
1253508 295726 275 44
1253509 295726 275 4649
1253510 295727 275 1698
1253511 295727 275 3083
1253512 295727 275 311
1253513 295727 275 307
1253518 295729 275 941
1253519 295729 275 15270
1253524 295731 275 1775
1253525 295731 275 369
1253526 295731 275 44
1253527 295731 275 1123
1253528 129847 275 138
1253530 295733 275 87596
1253531 295733 275 29
1253545 295736 275 21
1253546 295736 275 74541
1253547 295736 275 21004
1253548 295736 275 15518
1253549 295736 275 15517
1253550 295736 275 1183
1253551 295736 275 1897
1253552 295736 275 474
1253553 55760 275 941
1253554 55760 275 2526
1253555 55760 275 43975
1253556 55760 275 1704
1253557 55760 275 1025
1253558 55760 275 44475
1253559 295737 275 2427
1253560 295737 275 164
1253561 295737 275 15
1253562 295737 275 29
1253563 295737 275 39
1253564 295737 275 12431
1253576 107547 275 40960
1253577 107547 275 15
1253578 107547 275 2613
1253579 107547 275 529
1253580 107547 275 523
1253581 107547 275 1565
1253582 295740 275 46827
1253583 295740 275 290
1253584 295740 275 2236
1253585 295740 275 80
1253586 295740 275 2525
1253605 8646 275 108
1253606 295744 275 108
1253607 295744 275 138
1253608 295744 275 21
1253609 295745 275 2525
1253610 295745 275 15398
1253611 295745 275 51347
1253612 295745 275 2524
1253616 295747 275 1775
1253617 295747 275 19171
1253618 295747 275 76
1253619 295748 275 146
1253620 295748 275 255
1253621 295748 275 4305
1253622 295748 275 254
1253623 295749 275 941
1253624 295749 275 1764
1253626 295750 275 3865
1253627 295750 275 941
1253628 295750 275 138
1253629 295750 275 4018
1253630 295750 275 1367
1253631 295750 275 1937
1253632 295750 275 66971
1253635 295752 275 2150
1253636 295752 275 25814
1253637 295752 275 47379
1253638 295752 275 1052
1253639 295752 275 68559
1253642 295754 275 311
1253643 295754 275 1627
1253644 295754 275 87600
1253645 295755 275 108
1253646 295755 275 138
1253647 295755 275 44
1253665 295760 275 376
1253666 295760 275 1704
1253667 295760 275 1052
1253668 295760 275 87601
1253669 295760 275 4693
1253670 295760 275 719
1253671 295760 275 523
1253672 295761 275 1943
1253673 295761 275 503
1253674 295761 275 41295
1253675 295761 275 286
1253676 295761 275 2437
1253681 295763 275 2072
1253682 295763 275 941
1253683 295763 275 1703
1253684 295763 275 138
1253685 295763 275 1745
1253686 295763 275 6
1253687 295763 275 3378
1253688 295763 275 15275
1253689 295763 275 3750
1253690 295764 275 138
1253691 295764 275 3811
1253703 70427 275 1704
1253709 193042 275 138
1253710 193042 275 44
1253719 295771 275 87442
1253720 295771 275 87479
1253721 295771 275 1049
1253722 295771 275 311
1253723 295771 275 26054
1253724 295771 275 26057
1253728 295773 275 16
1253729 295773 275 70
1253730 295773 275 262
1253748 295780 275 301
1253757 295785 275 125
1253758 295785 275 941
1253759 295785 275 1183
1253760 295785 275 6
1253761 295785 275 87606
1253768 295787 275 87607
1253769 295787 275 10595
1253770 295787 275 11414
1253771 295787 275 15080
1253772 295787 275 29
1253773 295787 275 882
1253774 295788 275 941
1253775 295788 275 1123
1253776 295788 275 23937
1253783 295789 275 23937
1253784 295789 275 21
1253797 24293 275 523
1253801 295795 275 941
1253802 295795 275 3750
1253803 295795 275 5189
1253804 295795 275 87610
1253805 295795 275 15224
1253806 295796 275 21
1253807 295796 275 2236
1253808 295796 275 11791
1253809 295796 275 583
1253819 295799 275 21
1253820 295799 275 869
1253821 295799 275 1123
1253859 295807 275 21
1253860 295807 275 82409
1253861 295807 275 367
1253862 295807 275 1123
1253863 192167 275 44
1253864 192167 275 5580
1253865 192167 275 24997
1253866 192167 275 3743
1253889 295813 275 1124
1253890 295813 275 503
1253891 295813 275 15381
1253892 295813 275 3762
1253893 295813 275 3271
1253903 295816 275 6
1253904 295816 275 3722
1253905 295816 275 311
1253906 295817 275 138
1253907 17516 275 44
1253908 17516 275 1704
1253909 17516 275 1947
1253910 17516 275 87434
1253913 192236 275 292
1253914 295819 275 292
1253915 295820 275 503
1253916 295820 275 4649
1253917 295820 275 583
1253918 16785 275 80026
1253919 16785 275 466
1253920 16785 275 16
1253921 16785 275 4956
1253922 16785 275 79
1253923 16785 275 255
1253924 16785 275 146
1253925 16785 275 285
1253926 16785 275 3558
1253930 295822 275 1704
1253931 295822 275 30141
1253932 295822 275 425
1253933 295822 275 523
1253934 295822 275 1565
1253935 295822 275 2392
1253936 295823 275 941
1253937 295823 275 294
1253938 295823 275 1704
1253939 295823 275 8294
1253940 295824 275 21
1253941 295824 275 1367
1253942 295824 275 1779
1253943 295824 275 6
1253944 44270 275 318
1253945 44270 275 4490
1253946 44270 275 2100
1253947 44270 275 5603
1253948 44270 275 1367
1253949 44270 275 917
1253950 295825 275 2525
1253951 295825 275 1267
1253952 295825 275 87455
1253981 295831 275 941
1253982 295831 275 44475
1254013 295838 275 20373
1254014 295838 275 311
1254015 295838 275 1897
1254016 295838 275 15412
1254017 295838 275 5014
1254029 295841 275 1255
1254030 295841 275 869
1254031 295841 275 529
1254035 295842 275 1255
1254036 295842 275 125
1254037 295842 275 6
1254042 241305 275 4532
1254043 241305 275 1126
1254044 241305 275 1063
1254045 241305 275 3748
1254046 241305 275 469
1254047 241305 275 10616
1254048 241305 275 1704
1254049 295845 275 30
1254050 295845 275 72
1254051 295845 275 3
1254052 295845 275 10285
1254053 295845 275 1058
1254054 295845 275 1738
1254058 295847 275 16
1254063 295849 275 1116
1254064 295849 275 941
1254065 295849 275 87625
1254066 295849 275 20007
1254067 295849 275 4693
1254068 295849 275 26054
1254069 295849 275 80
1254070 295849 275 2236
1254071 295849 275 2525
1254072 295849 275 87626
1254073 295849 275 507
1254080 295852 275 941
1254081 295852 275 2526
1254082 295852 275 87627
1254083 295852 275 26768
1254084 295852 275 87628
1254085 295852 275 87449
1254091 249825 275 941
1254092 249825 275 125
1254093 249825 275 1184
1254094 249825 275 1123
1254095 249825 275 138
1254096 249825 275 22220
1254114 148265 275 2220
1254115 148265 275 3083
1254116 148265 275 1245
1254117 148265 275 1554
1254118 148265 275 311
1254119 148265 275 1897
1254120 148265 275 885
1254121 148265 275 307
1254122 148265 275 3743
1254123 148265 275 1261
1254124 148265 275 87629
1254128 94980 275 318
1254129 94980 275 72
1254130 94980 275 44
1254131 94980 275 285
1254132 7917 275 21
1254133 7917 275 13822
1254134 7917 275 311
1254135 7917 275 5217
1254145 295860 275 4696
1254146 295860 275 816
1254147 295860 275 6
1254148 295860 275 1897
1254149 295860 275 72
1254150 295860 275 311
1254151 295860 275 318
1254152 295860 275 21004
1254153 295860 275 926
1254166 295862 275 108
1254167 295862 275 44
1254168 295862 275 138
1254169 295862 275 2902
1254170 295862 275 4649
1254171 295862 275 1123
1254172 295863 275 108
1254173 295863 275 365
1254174 295863 275 638
1254175 295863 275 527
1254176 295863 275 4288
1254177 295863 275 867
1254178 295863 275 2902
1254179 295863 275 44
1254180 295863 275 46
1254181 295864 275 125
1254182 295864 275 1775
1254183 295864 275 3762
1254184 295864 275 301
1254185 295864 275 79
1254186 295864 275 155
1254187 295864 275 285
1254188 295864 275 709
1254189 295864 275 44
1254190 295864 275 46
1254208 104180 275 1121
1254209 104180 275 1999
1254210 104180 275 941
1254211 104180 275 125
1254212 104180 275 15
1254213 104180 275 1704
1254214 104180 275 138
1254215 104180 275 4018
1254216 104180 275 1183
1254217 104180 275 1897
1254218 104180 275 67209
1254219 104180 275 4057
1254220 104180 275 15199
1254221 104180 275 1909
1254222 295867 275 44
1254223 295867 275 15262
1254224 295867 275 108
1254225 295868 275 44
1254226 295868 275 15262
1254227 295868 275 108
1254232 295872 275 466
1254233 295872 275 529
1254270 295880 275 125
1254271 295880 275 15
1254272 295880 275 503
1254289 256951 275 12
1254290 256951 275 1775
1254291 256951 275 108
1254292 256951 275 138
1254293 256951 275 46
1254294 295882 275 21799
1254295 295882 275 1327
1254296 295882 275 294
1254301 16914 275 299
1254302 16914 275 125
1254303 16914 275 15
1254304 16914 275 4027
1254305 16914 275 40
1254306 16914 275 1745
1254307 16914 275 8466
1254308 16914 275 81
1254309 16914 275 44
1254311 295884 275 87479
1254312 295884 275 69076
1254313 295884 275 4533
1254314 295884 275 2392
1254315 295884 275 1245
1254316 295884 275 2837
1254317 295884 275 311
1254318 295884 275 1897
1254319 295884 275 474
1254320 295884 275 2836
1254321 295884 275 87637
1254322 295884 275 2717
1254323 295884 275 2185
1254324 295884 275 87638
1254325 179510 275 5580
1254326 179510 275 24997
1254327 179510 275 3748
1254328 179510 275 44
1254329 179510 275 307
1254336 295886 275 108
1254337 80095 275 125
1254338 80095 275 1564
1254339 80095 275 3762
1254340 80095 275 3743
1254341 80095 275 307
1254342 80095 275 97
1254343 80095 275 87551
1254344 258372 275 2072
1254345 258372 275 941
1254346 258372 275 26149
1254347 258372 275 1564
1254348 258372 275 1715
1254349 258372 275 87639
1254350 258372 275 87640
1254351 295887 275 1564
1254352 295887 275 17286
1254353 295887 275 3129
1254354 295887 275 97
1254355 295887 275 1651
1254377 295892 275 108
1254378 295893 275 1943
1254379 295893 275 87641
1254380 295893 275 1371
1254381 295893 275 1745
1254382 12177 275 16
1254383 12177 275 457
1254384 12177 275 4305
1254385 12177 275 155
1254386 12177 275 285
1254387 12177 275 709
1254388 12177 275 369
1254401 295896 275 1605
1254402 295896 275 2648
1254403 295896 275 72
1254404 295896 275 4305
1254405 295896 275 146
1254406 295896 275 16
1254423 295900 275 941
1254424 295900 275 4661
1254425 295900 275 64
1254444 295905 275 1124
1254445 295905 275 1183
1254446 295905 275 15269
1254455 295908 275 87648
1254456 295908 275 21
1254457 295908 275 138
1254458 295908 275 284
1254459 295908 275 71212
1254460 295908 275 87649
1254461 295908 275 87650
1254462 295908 275 2556
1254463 295908 275 6946
1254464 295909 275 292
1254472 70762 275 15
1254473 70762 275 21
1254474 70762 275 2236
1254475 70762 275 4256
1254476 70762 275 2647
1254477 70762 275 19207
1254478 70762 275 302
1254479 70762 275 15787
1254480 70762 275 49026
1254481 70762 275 264
1254482 146922 275 285
1254483 146922 275 3
1254484 146922 275 79
1254485 146922 275 523
1254486 146922 275 529
1254487 146922 275 292
1254488 295912 275 941
1254489 295912 275 21
1254490 295912 275 8497
1254491 295912 275 53900
1254497 295914 275 2525
1254498 295915 275 1049
1254499 295915 275 138
1254500 295915 275 87651
1254501 295915 275 1215
1254502 295916 275 70
1254503 295916 275 4501
1254519 293632 275 5580
1254520 293632 275 4649
1254521 293632 275 72
1254536 96463 275 70
1254537 96463 275 53
1254538 295923 275 15787
1254539 295923 275 21
1254540 295923 275 2584
1254541 295923 275 87652
1254542 295923 275 1123
1254550 295926 275 941
1254551 295926 275 2526
1254552 295926 275 21
1254553 295926 275 47379
1254554 295926 275 1704
1254555 295926 275 1745
1254556 295926 275 2236
1254557 295926 275 2525
1254567 56109 275 21
1254568 56109 275 4823
1254569 56109 275 87441
1254570 56109 275 2236
1254571 56109 275 21004
1254572 56109 275 87654
1254573 56109 275 2412
1254574 295928 275 125
1254575 295928 275 15
1254576 295928 275 2525
1254605 186898 275 4649
1254609 295934 275 2525
1254610 295934 275 87657
1254628 295938 275 76
1254629 295938 275 168
1254630 295938 275 11220
1254631 295938 275 4332
1254632 295938 275 518
1254633 167504 275 76
1254634 167504 275 10285
1254635 295939 275 26709
1254636 295939 275 15
1254637 295939 275 1237
1254638 295939 275 523
1254639 295939 275 2613
1254640 295940 275 2525
1254641 295940 275 1123
1254642 295940 275 1450
1254643 295940 275 125
1254644 295940 275 941
1254645 295941 275 15
1254646 295941 275 15867
1254647 295941 275 311
1254648 295941 275 1897
1254649 295941 275 28667
1254650 295941 275 1265
1254651 295941 275 1063
1254659 295943 275 125
1254660 295943 275 80
1254661 295943 275 425
1254662 295943 275 1577
1254663 295943 275 4661
1254668 295945 275 941
1254669 295945 275 10512
1254670 295945 275 125
1254671 295945 275 21
1254672 295945 275 1704
1254673 295945 275 1052
1254674 295945 275 2236
1254675 295945 275 342
1254676 295945 275 29
1254677 295945 275 1123
1254688 295949 275 2525
1254689 295949 275 39
1254690 295949 275 503
1254696 295952 275 299
1254697 295952 275 72
1254698 295952 275 4
1254699 295952 275 926
1254700 295952 275 503
1254701 295952 275 318
1254702 295952 275 28920
1254733 295958 275 301
1254734 295958 275 941
1254735 295958 275 100
1254736 295958 275 1703
1254738 295959 275 2220
1254739 295959 275 941
1254740 295959 275 15171
1254741 295959 275 6000
1254742 295959 275 138
1254743 295959 275 4018
1254744 295959 275 1367
1254745 295959 275 1937
1254746 295959 275 187
1254747 295959 275 64
1254755 295961 275 2278
1254756 295961 275 4649
1254757 295961 275 583
1254758 295961 275 2236
1254760 295963 275 16
1254761 295963 275 276
1254762 295963 275 318
1254770 295966 275 386
1254771 295966 275 21
1254772 295966 275 8294
1254773 295966 275 882
1254774 295966 275 1123
1254775 959 275 4305
1254776 959 275 318
1254777 959 275 255
1254778 959 275 155
1254779 959 275 302
1254780 959 275 76
1254781 959 275 40960
1254787 295969 275 292
1254788 295970 275 21
1254789 295970 275 2525
1254790 295970 275 11856
1254798 295974 275 5189
1254799 295974 275 87475
1254800 295974 275 125
1254801 295974 275 15
1254802 295974 275 21
1254803 295974 275 365
1254804 295974 275 1052
1254805 295974 275 87664
1254806 295974 275 529
1254807 295974 275 2236
1254808 295974 275 29
1254809 295974 275 523
1254810 295974 275 32448
1254811 295974 275 23937
1254812 295974 275 2525
1254813 295974 275 343
1254814 295974 275 17439
1254815 295974 275 1123
1254816 295974 275 87665
1254817 295975 275 2525
1254818 295975 275 125
1254819 295975 275 87666
1254820 295975 275 87657
1254821 295976 275 4649
1254822 295976 275 285
1254823 295976 275 80
1254824 295976 275 1450
1254854 295979 275 108
1254855 295979 275 138
1254856 295980 275 1704
1254857 295980 275 311
1254858 124825 275 108
1254859 124825 275 138
1254860 124825 275 46
1254861 124825 275 369
1254864 295982 275 523
1254865 295982 275 21700
1254866 295982 275 1794
1254867 295983 275 108
1254868 295983 275 138
1254869 295983 275 1106
1254870 295983 275 44
1254871 295983 275 87668
1254873 295985 275 1123
1254874 295985 275 138
1254875 295985 275 97
1254876 295985 275 503
1254877 295985 275 39
1254889 295987 275 21
1254890 295987 275 301
1254891 295987 275 4053
1254892 295987 275 1450
1254893 295987 275 1745
1254894 295988 275 21
1254895 295988 275 87669
1254896 295988 275 19207
1254897 295989 275 125
1254898 295989 275 21
1254899 295989 275 2236
1254900 295989 275 11856
1254901 295990 275 21
1254902 295990 275 2236
1254903 295990 275 11856
1254904 295991 275 15
1254905 295991 275 29
1254906 25332 275 108
1254907 25332 275 1106
1254908 25332 275 138
1254914 295993 275 108
1254915 295994 275 941
1254916 295994 275 731
1254917 295994 275 618
1254918 295994 275 469
1254962 296001 275 1567
1254963 296001 275 21
1254964 296001 275 4823
1254965 296001 275 311
1254966 296001 275 87670
1254967 296001 275 87671
1254968 296001 275 1123
1254969 296001 275 87517
1254993 296006 275 503
1255000 296008 275 125
1255001 296008 275 80
1255002 296008 275 30136
1255007 296010 275 21
1255008 296010 275 87672
1255009 293774 275 1947
1255010 293774 275 941
1255011 293774 275 125
1255012 293774 275 15734
1255013 293774 275 1704
1255014 293774 275 1564
1255015 296011 275 1947
1255016 296011 275 13862
1255017 296011 275 292
1255018 296011 275 47617
1255019 296011 275 1565
1255020 296011 275 16513
1255021 296011 275 87673
1255024 205909 275 15227
1255025 205909 275 1751
1255026 205909 275 4532
1255027 205909 275 87674
1255028 205909 275 2837
1255029 205909 275 4335
1255030 205909 275 1224
1255031 205909 275 3789
1255032 205909 275 17025
1255033 205909 275 3861
1255034 296013 275 1049
1255035 296013 275 1255
1255036 296013 275 3748
1255049 296017 275 108
1255053 296019 275 12782
1255054 296019 275 307
1255055 296019 275 4027
1255063 296022 275 21
1255064 296022 275 376
1255065 296022 275 1052
1255066 296022 275 68094
1255067 296023 275 1896
1255094 296027 275 941
1255095 296027 275 50098
1255096 296027 275 21
1255097 296027 275 1962
1255098 296027 275 2236
1255099 296027 275 28654
1255100 296027 275 3050
1255101 296028 275 57490
1255102 296028 275 1123
1255103 296028 275 17881
1255104 296028 275 1450
1255105 296028 275 80
1255106 296029 275 57490
1255107 296029 275 1123
1255108 296029 275 17881
1255109 296029 275 1450
1255110 296029 275 80
1255115 296031 275 146
1255116 296031 275 255
1255117 296031 275 7
1255134 296033 275 1128
1255135 296033 275 2816
1255136 296033 275 146
1255137 296033 275 16
1255138 296033 275 1367
1255139 296033 275 5507
1255140 296033 275 26252
1255141 22367 275 146
1255142 22367 275 255
1255143 22367 275 4305
1255144 22367 275 7
1255145 22367 275 16
1255146 22367 275 5507
1255147 22367 275 310
1255148 296034 275 146
1255149 296034 275 76
1255150 296034 275 457
1255151 296034 275 70
1255157 296036 275 3015
1255158 296036 275 1923
1255159 296036 275 2795
1255160 296036 275 503
1255167 296037 275 108
1255176 296040 275 523
1255177 296040 275 342
1255178 296040 275 152
1255179 296040 275 351
1255180 296040 275 1775
1255181 296040 275 15
1255182 296040 275 125
1255183 296040 275 1704
1255184 296041 275 15
1255185 296041 275 1704
1255186 296041 275 503
1255187 296041 275 4053
1255188 296041 275 39
1255189 296041 275 523
1255197 296044 275 21
1255198 296044 275 50685
1255199 296044 275 97
1255200 296044 275 311
1255201 296044 275 2347
1255202 296045 275 125
1255203 296045 275 15
1255204 296045 275 4305
1255205 296045 275 7
1255206 296045 275 1775
1255221 60952 275 292
1255222 60952 275 4753
1255223 60952 275 146
1255224 60952 275 255
1255225 60952 275 286
1255238 296051 275 87474
1255249 296054 275 125
1255250 296054 275 1775
1255251 296054 275 1704
1255252 296054 275 138
1255253 296054 275 1322
1255254 296054 275 311
1255255 296054 275 301
1255256 296054 275 334
1255257 125875 275 21676
1255258 125875 275 72
1255259 125875 275 311
1255260 125875 275 941
1255261 125875 275 2378
1255262 125875 275 1897
1255263 125875 275 6946
1255264 296055 275 1116
1255265 296055 275 1106
1255266 296055 275 108
1255267 296055 275 138
1255268 296055 275 527
1255269 296055 275 72
1255270 296055 275 44
1255271 296055 275 46
1255284 296060 275 941
1255285 296060 275 6046
1255286 296060 275 87681
1255287 296060 275 3750
1255288 296061 275 1704
1255289 296061 275 1565
1255290 296061 275 425
1255291 296061 275 26735
1255292 296062 275 941
1255293 296062 275 1052
1255294 296062 275 10286
1255295 296062 275 29
1255296 296062 275 9593
1255297 296063 275 941
1255298 296063 275 1052
1255299 296063 275 87682
1255300 296063 275 9593
1255301 296063 275 6
1255302 296064 275 1947
1255303 296064 275 941
1255304 296064 275 1923
1255305 296064 275 3362
1255306 296064 275 503
1255307 296064 275 87434
1255308 296065 275 301
1255309 296065 275 523
1255310 296065 275 1704
1255311 296065 275 1565
1255312 296065 275 1947
1255313 296065 275 285
1255314 296066 275 87683
1255315 296066 275 2525
1255317 296068 275 4649
1255318 296068 275 1704
1255319 296068 275 503
1255320 296068 275 26633
1255321 296068 275 33492
1255322 296068 275 3593
1255323 296069 275 1775
1255325 296071 275 21
1255326 296071 275 4256
1255327 296071 275 11856
1255328 296072 275 21
1255329 296072 275 4096
1255330 296072 275 138
1255331 296072 275 311
1255332 296072 275 3087
1255333 296072 275 21540
1255340 296074 275 21
1255341 296074 275 20378
1255342 296074 275 21004
1255343 296074 275 885
1255344 296075 275 557
1255345 296075 275 72285
1255346 296075 275 1896
1255347 296075 275 138
1255348 296075 275 4877
1255349 296075 275 1128
1255350 296075 275 2990
1255351 296076 275 2525
1255352 296076 275 125
1255367 296079 275 12
1255368 296079 275 1722
1255369 296079 275 1191
1255370 296079 275 500
1255371 296080 275 941
1255372 296080 275 3083
1255373 296080 275 125
1255374 296080 275 3743
1255375 296080 275 307
1255376 296080 275 64
1255377 296080 275 6
1255378 296081 275 5947
1255379 296081 275 1781
1255380 296081 275 72
1255381 296081 275 44
1255382 296081 275 46
1255383 296082 275 21
1255384 296082 275 66627
1255385 296082 275 15459
1255386 296082 275 4823
1255387 296082 275 2236
1255388 296083 275 125
1255389 296083 275 15
1255390 296083 275 2525
1255391 296084 275 992
1255392 296084 275 6783
1255393 296084 275 1896
1255394 296084 275 16566
1255395 296085 275 47379
1255396 296085 275 1276
1255397 296085 275 30043
1255398 296086 275 523
1255406 2463 275 3558
1255407 2463 275 16
1255408 2463 275 70
1255409 2463 275 21979
1255410 2463 275 255
1255411 2463 275 155
1255412 296089 275 503
1255413 296089 275 311
1255414 296089 275 3362
1255415 296090 275 2525
1255416 296090 275 87504
1255430 296092 275 21
1255431 296092 275 311
1255432 296092 275 529
1255433 296093 275 1191
1255434 296093 275 311
1255435 296093 275 73986
1255438 296095 275 29106
1255439 296095 275 16043
1255440 296095 275 18594
1255441 296095 275 21
1255442 296095 275 885
1255446 296097 275 941
1255447 296097 275 47379
1255448 296097 275 40
1255449 296097 275 15269
1255458 148386 275 2236
1255459 148386 275 41068
1255460 148386 275 21
1255465 296100 275 941
1255466 296100 275 2526
1255467 296100 275 21
1255468 296100 275 87628
1255469 296101 275 15787
1255470 296101 275 21
1255471 296101 275 87688
1255472 296101 275 21799
1255473 296101 275 2236
1255474 296101 275 72
1255475 296102 275 21
1255476 296102 275 8294
1255477 296102 275 2236
1255478 296102 275 2525
1255479 296102 275 3087
1255482 296104 275 15
1255483 296104 275 6289
1255484 296104 275 1123
1255485 296105 275 125
1255486 296105 275 351
1255487 296105 275 152
1255488 296105 275 24902
1255489 296105 275 168
1255490 296106 275 26054
1255491 296106 275 21
1255492 17503 275 125
1255493 17503 275 3083
1255494 17503 275 1554
1255495 17503 275 3743
1255496 17503 275 307
1255516 56366 275 2072
1255517 56366 275 87693
1255518 56366 275 311
1255519 56366 275 1897
1255520 56366 275 2236
1255521 56366 275 3303
1255522 56366 275 87431
1255529 296111 275 1123
1255537 296114 275 25634
1255538 296114 275 2525
1255547 35356 275 108
1255552 296118 275 1191
1255553 296118 275 1723
1255571 296120 275 1704
1255572 296120 275 292
1255573 296120 275 4777
1255574 296120 275 1918
1255575 296120 275 87482
1255581 296122 275 583
1255582 296122 275 557
1255583 296123 275 21
1255584 296123 275 4823
1255585 296123 275 87634
1255591 296125 275 3087
1255592 296125 275 23937
1255593 296125 275 2525
1255594 296125 275 1123
1255595 296126 275 21
1255596 296126 275 4649
1255597 296127 275 311
1255598 296128 275 125
1255599 296128 275 1775
1255600 296128 275 15
1255601 296128 275 254
1255608 296131 275 125
1255609 296131 275 15
1255610 296131 275 21
1255611 296131 275 40
1255612 296131 275 1745
1255613 296131 275 81
1255614 296131 275 2236
1255615 296131 275 1215
1255616 296131 275 583
1255617 296131 275 24
1255618 296132 275 254
1255619 296132 275 225
1255620 296132 275 44
1255621 296132 275 367
1255636 296135 275 292
1255637 296135 275 125
1255638 296135 275 81
1255639 296136 275 21
1255640 296136 275 72
1255641 296137 275 11088
1255642 296137 275 15171
1255643 296137 275 6108
1255644 296137 275 1367
1255645 296137 275 816
1255646 296137 275 87694
1255647 296138 275 941
1255648 296138 275 50098
1255649 296138 275 21
1255650 296138 275 35745
1255651 296138 275 5801
1255652 296138 275 87638
1255653 296139 275 503
1255665 296142 275 2613
1255666 296142 275 342
1255667 296142 275 523
1255668 296142 275 1565
1255669 296142 275 425
1255670 296142 275 30141
1255671 296143 275 44475
1255672 296143 275 941
1255673 296143 275 1704
1255674 296143 275 39
1255681 296145 275 2236
1255682 296145 275 311
1255683 296145 275 21
1255684 296145 275 125
1255685 296145 275 47379
1255686 296146 275 2520
1255687 296146 275 941
1255688 296146 275 12
1255693 296148 275 21
1255694 296148 275 2105
1255695 296148 275 2313
1255696 296148 275 87697
1255697 296148 275 77559
1255698 296148 275 87698
1255699 296148 275 523
1255700 296148 275 6359
1255701 296148 275 1565
1255702 296148 275 52399
1255703 296148 275 425
1255704 296149 275 12
1255705 296149 275 1191
1255706 296149 275 523
1255707 296149 275 311
1255708 296149 275 1896
1255735 296155 275 2216
1255736 296155 275 21
1255737 296155 275 6000
1255738 296155 275 311
1255739 296155 275 1897
1255740 296155 275 6
1255741 296156 275 523
1255742 296156 275 1775
1255743 296157 275 21
1255744 296157 275 2236
1255745 296157 275 1327
1255746 296158 275 3835
1255747 296158 275 2236
1255748 296158 275 1267
1255749 296158 275 2525
1255753 296160 275 21
1255754 296160 275 19207
1255755 296160 275 2236
1255756 296160 275 4693
1255757 296160 275 15787
1255758 296160 275 69076
1255759 296161 275 21
1255760 296161 275 2133
1255761 296161 275 87703
1255762 296162 275 1947
1255763 296162 275 1565
1255764 296162 275 4027
1255765 296162 275 15627
1255766 296162 275 4901
1255767 296162 275 44
1255768 296163 275 529
1255783 296167 275 1517
1255784 296167 275 87429
1255785 296167 275 1123
1255786 296167 275 87430
1255789 296169 275 21
1255790 296169 275 4823
1255791 296169 275 87671
1255792 296169 275 87705
1255793 296170 275 3835
1255794 296170 275 87475
1255795 296170 275 41081
1255796 296171 275 294
1255797 296171 275 21
1255798 296171 275 87706
1255799 296171 275 80505
1255800 296171 275 2236
1255801 296172 275 56036
1255802 296172 275 87707
1255803 296172 275 80
1255815 296174 275 21
1255816 296174 275 48941
1255817 296174 275 4417
1255818 296175 275 311
1255819 296175 275 1897
1255820 296175 275 72
1255821 296175 275 4
1255822 296175 275 926
1255823 296175 275 318
1255824 296175 275 332
1255825 296175 275 2610
1255826 296176 275 108
1255827 296176 275 44
1255828 296176 275 138
1255834 296178 275 21
1255835 296178 275 311
1255836 296178 275 1123
1255837 296178 275 2236
1255838 296178 275 72
1255839 296178 275 15787
1255840 296178 275 2647
1255861 296181 275 125
1255862 296181 275 15
1255863 296181 275 21
1255864 296181 275 8294
1255865 296181 275 3779
1255866 296181 275 3835
1255867 296181 275 3816
1255868 296181 275 4053
1255869 296182 275 21
1255870 296182 275 87709
1255871 296182 275 583
1255872 296182 275 87710
1255876 296184 275 57490
1255877 296184 275 1327
1255878 296184 275 1123
1255879 296184 275 17881
1255880 108466 275 302
1255881 108466 275 2613
1255882 108466 275 342
1255883 108466 275 1123
1255884 1961 275 869
1255885 1961 275 10254
1255886 1961 275 5174
1255887 1961 275 318
1255888 1961 275 1034
1255889 296185 275 292
1255913 193988 275 941
1255914 193988 275 15269
1255915 193988 275 16615
1255916 193988 275 44785
1255917 193988 275 5801
1255918 193988 275 2902
1255919 296189 275 1191
1255920 296189 275 1123
1255921 296189 275 1723
1255922 296189 275 23990
1255923 296190 275 1191
1255924 296190 275 1123
1255925 296190 275 1723
1255926 296190 275 23990
1255944 296195 275 941
1255945 296195 275 1052
1255946 296195 275 1224
1255947 296195 275 33065
1255948 296195 275 50891
1255949 296195 275 507
1255950 296195 275 26582
1256019 296201 275 21
1256020 296201 275 2236
1256021 296201 275 87712
1256022 296201 275 19207
1256023 296201 275 1123
1256028 296202 275 87713
1256029 296202 275 1924
1256030 296202 275 21
1256031 296202 275 22465
1256032 296202 275 87501
1256050 296205 275 2416
1256051 296205 275 125
1256052 296205 275 15
1256053 296205 275 1751
1256054 296205 275 1896
1256055 296205 275 557
1256056 296205 275 6515
1256057 296205 275 19947
1256068 157378 275 108
1256069 296208 275 138
1256070 296208 275 1233
1256071 296208 275 361
1256072 296208 275 816
1256073 296208 275 1297
1256074 296208 275 3748
1256084 296210 275 25583
1256085 296210 275 39
1256086 296210 275 3593
1256087 296211 275 302
1256088 296211 275 47379
1256089 296211 275 311
1256090 296211 275 16073
1256091 296212 275 386
1256092 296212 275 21
1256093 296212 275 9836
1256094 296212 275 3835
1256095 296212 275 311
1256096 296212 275 80505
1256097 296212 275 48946
1256098 296212 275 87655
1256099 296212 275 2236
1256105 296214 275 108
1256106 296215 275 16241
1256107 296215 275 6289
1256108 296215 275 3824
1256109 296215 275 2993
1256110 296215 275 2525
1256111 296215 275 1823
1256112 296215 275 1123
1256127 147048 275 10285
1256128 296219 275 2594
1256129 296219 275 311
1256130 296219 275 1897
1256131 296219 275 4469
1256132 62422 275 941
1256133 62422 275 125
1256134 62422 275 1775
1256135 62422 275 302
1256136 62422 275 138
1256137 62422 275 1233
1256138 62422 275 1052
1256139 62422 275 529
1256140 62422 275 29
1256141 62422 275 264
1256142 62422 275 816
1256143 62422 275 79
1256144 62422 275 4746
1256145 62422 275 507
1256146 62422 275 1123
1256148 11528 275 286
1256149 11528 275 3743
1256150 11528 275 138
1256151 11528 275 1897
1256152 11528 275 292
1256153 11528 275 503
1256164 296222 275 311
1256165 296222 275 25499
1256166 296222 275 39
1256167 296222 275 1690
1256184 296225 275 941
1256185 296225 275 5580
1256186 296225 275 24997
1256208 11556 275 1116
1256215 296231 275 138
1256216 296232 275 108
1256217 112543 275 285
1256218 112543 275 292
1256219 112543 275 4649
1256220 112543 275 709
1256221 296233 275 108
1256222 296233 275 138
1256223 296233 275 527
1256224 296233 275 72
1256225 296233 275 44
1256226 296233 275 46
1256227 296234 275 1128
1256235 296236 275 1267
1256236 296236 275 854
1256237 296236 275 1183
1256238 296236 275 1897
1256245 296238 275 2525
1256246 296238 275 43975
1256247 296238 275 59756
1256248 296239 275 5189
1256249 296239 275 20373
1256250 296239 275 1124
1256251 296239 275 29497
1256252 296239 275 2514
1256253 296239 275 731
1256254 296239 275 15199
1256255 296239 275 30245
1256258 296241 275 5189
1256259 296241 275 10278
1256260 296241 275 3906
1256261 296241 275 1704
1256262 296241 275 127
1256263 296241 275 29
1256264 296241 275 20638
1256265 296241 275 3864
1256266 296241 275 3885
1256267 296241 275 54281
1256268 296242 275 20704
1256269 296242 275 2236
1256270 296242 275 29
1256271 296242 275 127
1256272 126744 275 941
1256273 126744 275 125
1256274 126744 275 46827
1256275 126744 275 29
1256276 126744 275 813
1256277 126744 275 4
1256278 126744 275 66057
1256279 126744 275 507
1256280 296243 275 22032
1256281 296243 275 15335
1256282 296243 275 29
1256283 296243 275 87596
1256284 296243 275 26405
1256285 196435 275 21
1256286 196435 275 72
1256287 196435 275 81
1256288 196435 275 40
1256289 196435 275 2247
1256290 196435 275 2647
1256291 296244 275 21
1256292 296244 275 342
1256293 296244 275 311
1256294 108607 275 873
1256295 108607 275 7008
1256296 108607 275 2993
1256297 108607 275 72
1256301 39952 275 138
1256308 296249 275 78
1256309 296249 275 285
1256310 296249 275 5827
1256311 296249 275 138
1256312 296249 275 44
1256313 296249 275 825
1256314 296249 275 46
1256315 296249 275 287
1256316 143001 275 16
1256317 143001 275 70
1256318 143001 275 155
1256319 143001 275 285
1256320 143001 275 618
1256321 143001 275 240
1256322 143001 275 310
1256325 296251 275 4027
1256326 296251 275 1565
1256327 296251 275 3257
1256328 296251 275 12
1256329 296251 275 2186
1256330 296251 275 2936
1256333 296253 275 301
1256334 296253 275 523
1256335 296253 275 44
1256336 296253 275 1704
1256337 296253 275 1775
1256338 296253 275 15
1256339 296253 275 125
1256390 96932 275 1128
1256391 96932 275 80
1256392 96932 275 2371
1256393 96932 275 1450
1256394 296262 275 5189
1256395 296262 275 563
1256396 296262 275 1450
1256398 296264 275 21
1256399 296264 275 3835
1256400 296264 275 869
1256401 296265 275 311
1256402 296265 275 307
1256403 296265 275 72
1256404 296265 275 1627
1256405 296265 275 20032
1256406 296266 275 941
1256407 296266 275 138
1256408 296266 275 1367
1256409 296266 275 1183
1256410 296266 275 1897
1256411 296266 275 187
1256412 296266 275 87720
1256413 296266 275 3294
1256414 296266 275 5761
1256415 296266 275 20363
1256416 296266 275 1126
1256417 296266 275 87721
1256418 296266 275 1909
1256419 296267 275 4532
1256420 296267 275 10616
1256421 296267 275 55190
1256422 296267 275 15361
1256423 296267 275 17025
1256431 296269 275 125
1256432 296269 275 15
1256433 296269 275 21
1256434 296269 275 87561
1256435 296269 275 2236
1256436 296269 275 32448
1256437 296269 275 23937
1256438 296269 275 2525
1256439 296269 275 1123
1256454 296273 275 1049
1256455 296273 275 2463
1256456 296273 275 46232
1256457 296273 275 31183
1256458 296273 275 3291
1256459 296274 275 4542
1256460 296274 275 21
1256461 296274 275 87725
1256462 296274 275 51922
1256463 296274 275 2602
1256464 296275 275 87726
1256465 296275 275 87727
1256466 296275 275 8294
1256467 296275 275 365
1256468 296275 275 2236
1256469 296275 275 2525
1256476 117591 275 1704
1256477 296277 275 503
1256478 296277 275 311
1256479 296277 275 1591
1256480 296277 275 292
1256481 296277 275 15381
1256482 296277 275 21
1256483 296277 275 87675
1256484 296278 275 1124
1256485 296278 275 1564
1256486 296278 275 15381
1256494 296281 275 941
1256495 296281 275 3408
1256496 296281 275 84694
1256497 296281 275 390
1256498 296281 275 700
1256506 137223 275 1230
1256507 137223 275 926
1256508 137223 275 285
1256509 137223 275 1123
1256510 242736 275 311
1256511 242736 275 292
1256512 242736 275 2371
1256513 242736 275 72
1256514 242736 275 926
1256515 242736 275 25814
1256516 242736 275 1123
1256525 15446 275 4305
1256526 15446 275 79
1256527 15446 275 146
1256528 15446 275 4649
1256529 296284 275 4542
1256530 296284 275 21
1256531 296284 275 2602
1256532 296284 275 1123
1256533 296284 275 87728
1256546 296288 275 16
1256547 296288 275 146
1256548 296288 275 255
1256549 296288 275 4305
1256550 296288 275 7
1256551 296288 275 168
1256559 296291 275 2525
1256560 296291 275 87504
1256561 296291 275 125
1256568 17784 275 16
1256569 17784 275 318
1256570 17784 275 255
1256581 296296 275 1775
1256582 296296 275 276
1256583 296296 275 11220
1256584 296296 275 76
