1322403 312054 283 791
1322404 312055 283 4591
1322405 312055 283 11685
1322406 312056 283 125
1322408 312058 283 451
1322418 312063 283 49912
1322419 312063 283 108
1322420 312063 283 188
1322421 312064 283 49912
1322422 312065 283 818
1322426 87815 283 818
1322427 87815 283 11685
1322428 312067 283 16418
1322429 312067 283 90503
1322431 11450 283 11685
1322432 21786 283 11685
1322433 21786 283 49912
1322434 21786 283 108
1322435 125311 283 4591
1322436 312069 283 757
1322437 312070 283 1999
1322438 312070 283 11685
1322439 312071 283 915
1322440 312071 283 23865
1322441 312072 283 120
1322442 312072 283 49912
1322447 312075 283 188
1322448 312075 283 11685
1322452 312078 283 188
1322453 312078 283 328
1322454 312079 283 188
1322455 312080 283 28
1322456 312080 283 757
1322457 312080 283 11685
1322458 312081 283 125
1322469 312088 283 90507
1322470 312088 283 915
1322471 312089 283 51003
1322472 312090 283 294
1322473 312090 283 11685
1322474 312091 283 294
1322475 312091 283 11685
1322478 312094 283 90509
1322481 312096 283 3394
1322482 312096 283 11685
1322487 312100 283 3394
1322488 312101 283 3394
1322489 176796 283 11685
1322490 176796 283 120
1322491 312102 283 38973
1322492 312103 283 40
1322493 312103 283 11685
1322495 312105 283 90511
1322496 18952 283 978
1322499 312108 283 3394
1322500 312109 283 188
1322501 312109 283 28
1322502 312110 283 276
1322503 312110 283 2161
1322504 312111 283 1896
1322505 312111 283 3394
1322509 312114 283 125
1322510 312114 283 2909
1322513 312117 283 451
1322514 312117 283 49912
1322515 312118 283 90508
1322516 312119 283 4591
1322519 312121 283 125
1322520 312122 283 90513
1322522 312123 283 5
1322523 312124 283 3558
1322524 312125 283 49912
1322525 312125 283 11685
1322526 312125 283 10762
1322527 187528 283 1896
1322535 312129 283 4165
1322536 312130 283 2846
1322540 251795 283 3394
1322541 251795 283 90515
1322542 312133 283 188
1322544 312135 283 3394
1322546 312137 283 25801
1322547 312138 283 125
1322548 312139 283 40
1322549 312139 283 90516
1322555 194354 283 11685
1322556 194354 283 2429
1322557 312141 283 188
1322558 312141 283 120
1322560 247628 283 3558
1322562 312144 283 90518
1322563 312145 283 125
1322564 312146 283 15361
1322565 312146 283 11685
1322566 312147 283 90506
1322568 312148 283 7081
1322569 312148 283 11685
1322571 312150 283 104
1322574 312153 283 391
1322575 312153 283 11685
1322577 312155 283 9637
1322578 312156 283 49912
1322579 312157 283 38973
1322581 312159 283 90508
1322582 312160 283 125
1322583 312160 283 1999
1322584 312161 283 49912
1322585 312161 283 108
1322586 312161 283 188
1322592 66602 283 276
1322594 312166 283 9780
1322595 312166 283 451
1322600 312168 283 125
1322601 312169 283 27722
1322602 312170 283 2902
1322603 312170 283 3394
1322605 312172 283 125
1322606 312172 283 451
1322607 312173 283 90521
1322608 312174 283 15361
1322609 312174 283 11685
1322610 312175 283 15361
1322611 312175 283 11685
1322612 312176 283 15361
1322613 312176 283 11685
1322616 158500 283 188
1322617 158500 283 49912
1322618 159050 283 188
1322619 159050 283 49912
1322620 185223 283 1383
1322621 312178 283 188
1322624 312180 283 915
1322627 288498 283 4591
1322628 288498 283 11685
1322629 312182 283 503
1322630 312182 283 11685
1322633 312185 283 90508
1322635 66828 283 451
1322636 66828 283 90523
1322642 312191 283 90513
1322643 106823 283 2220
1322644 106823 283 3558
1322647 312193 283 90519
1322648 312194 283 90519
1322653 31987 283 8541
1322654 87450 283 3291
1322655 87450 283 11685
1322656 312197 283 60600
1322657 312198 283 2902
1322659 312200 283 90508
1322660 265148 283 27722
1322661 265148 283 11685
1322662 312201 283 1191
1322663 312201 283 11685
1322664 290692 283 125
1322665 312202 283 51003
1322666 312202 283 391
1322667 312203 283 2795
1322671 312205 283 90524
1322672 130442 283 90524
1322692 312216 283 11685
1322693 312216 283 391
1322765 21984 283 961
1322766 34762 283 961
1322769 312255 283 3394
1322770 312255 283 49912
1322772 312257 283 49912
1322773 312258 283 992
1322774 312259 283 2902
1322775 312260 283 125
1322781 143903 283 20475
1322782 143903 283 49912
1322785 312266 283 51003
1322786 312266 283 11685
1322787 94608 283 3558
1322788 312267 283 90508
1322789 312267 283 11685
1322790 312268 283 1591
1322793 312271 283 1411
1322795 312273 283 469
1322798 312276 283 23865
1322802 178054 283 49912
1322805 312278 283 38973
1322806 312279 283 90528
1322807 312279 283 11685
1322808 312280 283 1918
1322810 312282 283 1138
1322811 312282 283 11685
1322812 112855 283 25952
1322815 244538 283 2816
1322818 51424 283 125
1322822 312288 283 1591
1322823 14382 283 188
1322824 14399 283 90513
1322825 312289 283 51003
1322826 67670 283 125
1322827 312290 283 1056
1322828 312290 283 11685
1322835 312294 283 877
1322836 312295 283 19479
1322838 312297 283 2724
1322839 305587 283 825
1322840 29283 283 7599
1322841 29283 283 11685
1322847 312301 283 2909
1322848 312302 283 1056
1322849 312302 283 11685
1322852 312304 283 49912
1322853 312305 283 80
1322854 312306 283 1829
1322855 50284 283 1117
1322856 50284 283 11685
1322857 312307 283 818
1322858 312307 283 2161
1322859 312307 283 11685
1322865 312309 283 90521
1322868 312312 283 90521
1322869 312313 283 5
1322870 312314 283 16418
1322871 312315 283 4820
1322874 312318 283 90521
1322875 312319 283 25801
1322876 312320 283 22275
1322877 312321 283 90519
1322878 312322 283 7327
1322880 312324 283 188
1322881 312324 283 1138
1322882 312325 283 391
1322883 312325 283 42254
1322884 312325 283 11685
1322885 312326 283 391
1322886 312326 283 42254
1322887 312326 283 11685
1322888 312327 283 3394
1322889 82866 283 11685
1322891 312329 283 391
1322892 312329 283 90516
1322893 312329 283 11685
1322901 312335 283 3394
1322902 312335 283 3367
1322906 312338 283 3394
1322908 312340 283 3394
1322909 312341 283 3394
1322910 312341 283 90517
1322911 312342 283 1411
1322914 312344 283 156
1322918 131636 283 188
1322919 131636 283 11685
1322920 312346 283 90534
1322921 312346 283 188
1322924 64497 283 3558
1322928 312349 283 391
1322929 312350 283 2429
1322930 312351 283 2429
1322934 68229 283 125
1322938 12337 283 90513
1322939 312354 283 188
1322940 312355 283 90508
1322944 312358 283 68920
1322945 312358 283 11685
1322946 298093 283 2161
1322947 312359 283 3394
1322948 312360 283 221
1322949 312360 283 11685
1322951 312362 283 1896
1322953 312364 283 40
1322954 27778 283 108
1322955 27778 283 4446
1322958 312366 283 19685
1322959 312367 283 49912
1322960 312368 283 2658
1322964 312371 283 104
1322965 312371 283 8426
1322966 312372 283 90535
1322979 87906 283 1775
1322980 87906 283 42254
1322981 87906 283 125
1322985 312381 283 40
1322986 312382 283 90506
1322988 312384 283 503
1322992 312387 283 51003
1322993 188192 283 125
1322994 188192 283 11685
1322996 312389 283 318
1322997 312389 283 11685
1323008 312396 283 391
1323009 312396 283 1999
1323012 312398 283 3394
1323013 312398 283 451
1323018 312401 283 3394
1323019 312401 283 11685
1323020 312402 283 188
1323021 312403 283 915
1323022 291916 283 915
1323023 312404 283 90536
1323024 312404 283 915
1323028 312406 283 188
1323029 312406 283 49912
1323030 198930 283 1058
1323033 3076 283 1411
1323035 263682 283 3394
1323037 312410 283 15361
1323038 312410 283 11685
1323042 312413 283 90508
1323043 312414 283 90508
1323044 312415 283 90508
1323045 265886 283 16418
1323046 265886 283 90508
1323047 68710 283 90508
1323052 312419 283 390
1323053 312420 283 262
1323054 312420 283 49912
1323055 265913 283 391
1323057 312422 283 51003
1323058 312422 283 11685
1323061 312425 283 9637
1323062 312425 283 11685
1323063 312426 283 15361
1323064 312426 283 11685
1323065 312427 283 90516
1323066 312427 283 391
1323067 312427 283 1999
1323068 312428 283 90516
1323069 312428 283 391
1323070 312428 283 1999
1323081 184829 283 125
1323084 159836 283 3558
1323085 312434 283 27722
1323086 312435 283 51003
1323087 312436 283 27722
1323088 312437 283 188
1323093 312441 283 305
1323094 312442 283 90538
1323095 312442 283 1896
1323096 312443 283 54209
1323097 312444 283 451
1323098 312444 283 49912
1323099 32392 283 11685
1323101 312445 283 4181
1323102 312446 283 100
1323103 312446 283 11685
1323109 312450 283 1411
1323110 312451 283 90539
1323111 312451 283 49912
1323113 312453 283 2658
1323114 312454 283 4820
1323116 312456 283 2909
1323117 312456 283 49912
1323118 312457 283 9608
1323119 312458 283 1121
1323120 312459 283 90508
1323121 312460 283 49912
1323122 312460 283 3394
1323125 312462 283 49912
1323128 153324 283 11
1323129 153324 283 11685
1323130 312464 283 90519
1323131 312465 283 90519
1323132 312466 283 188
1323133 312466 283 49912
1323141 312472 283 1896
1323142 312472 283 90540
1323145 312474 283 262
1323146 312474 283 49912
1323147 312475 283 90541
1323148 312476 283 1896
1323151 312478 283 1565
1323172 78252 283 4591
1323173 312489 283 90513
1323174 312490 283 51003
1323175 312490 283 11685
1323176 955 283 818
1323177 955 283 11685
1323178 312491 283 22275
1323180 312493 283 49912
1323181 312493 283 961
1323186 312495 283 20309
1323187 312495 283 90542
1323191 312498 283 24
1323192 312498 283 11685
1323193 312499 283 451
1323194 312500 283 451
1323195 312501 283 451
1323196 312502 283 3722
1323197 312502 283 11685
1323198 312503 283 1771
1323199 312504 283 90517
1323200 312504 283 3394
1323201 312505 283 80
1323202 312505 283 11685
1323203 312506 283 451
1323204 312507 283 90533
1323205 312508 283 451
1323206 312509 283 451
1323207 312510 283 47005
1323208 312510 283 11685
1323209 312511 283 7
1323210 312512 283 451
1323211 312513 283 1999
1323212 312513 283 451
1323213 312514 283 40
1323214 312514 283 11685
1323215 312515 283 451
1323216 312516 283 1359
1323217 312517 283 373
1323218 312517 283 11685
1323219 312518 283 2795
1323220 312518 283 11685
1323221 312519 283 1744
1323222 312519 283 11685
1323223 312520 283 1896
1323224 312520 283 3394
1323225 312521 283 818
1323226 312521 283 11685
1323227 312522 283 2990
1323228 312522 283 11685
1323229 312523 283 451
1323230 312524 283 3200
1323231 312524 283 51003
1323232 312524 283 11685
1323233 312525 283 90543
1323234 312526 283 90516
1323235 312526 283 451
1323236 312527 283 40
1323237 312527 283 818
1323238 312527 283 11685
1323239 312528 283 451
1323240 312529 283 1999
1323241 312529 283 11685
1323242 312530 283 451
1323243 312531 283 3200
1323244 312531 283 11685
1323245 312532 283 51003
1323246 312532 283 11685
1323247 312533 283 643
1323248 312534 283 818
1323249 312534 283 11685
1323250 312535 283 451
1323251 312536 283 84502
1323252 312536 283 11685
1323253 312537 283 451
1323254 312538 283 503
1323255 312538 283 11685
1323258 312540 283 6757
1323264 241559 283 1056
1323267 312545 283 90506
1323270 312547 283 51003
1323271 312547 283 11685
1323275 312550 283 1532
1323279 87607 283 125
1323280 312554 283 791
1323281 312554 283 11
1323282 312555 283 90513
1323283 312555 283 11685
1323284 312556 283 11
1323285 312556 283 3158
1323286 269390 283 188
1323292 42308 283 961
1323293 312561 283 90516
1323294 312561 283 42254
1323295 312562 283 11685
1323296 312562 283 49912
1323297 312563 283 125
1323298 312564 283 318
1323299 312564 283 11685
1323300 312565 283 318
1323301 312565 283 11685
1323308 312568 283 3394
1323313 312571 283 1133
1323322 312576 283 757
1323323 312577 283 51003
1323324 312577 283 90516
1323327 312579 283 51003
1323328 312579 283 11685
1323329 29768 283 391
1323330 312580 283 1896
1323331 312580 283 3593
1323332 312581 283 104
1323333 312581 283 328
1323334 312582 283 188
1323335 312582 283 1327
1323337 312584 283 225
1323338 312584 283 11685
1323341 312586 283 4820
1323343 312588 283 90541
1323349 312593 283 60600
1323350 312594 283 11685
1323357 312598 283 253
1323358 312598 283 11685
1323359 312599 283 4984
1323360 312599 283 11685
1323361 148417 283 1138
1323362 312600 283 1999
1323363 312601 283 451
1323368 312604 283 3811
1323369 312605 283 15361
1323370 312605 283 11685
1323373 312607 283 2902
1323374 312608 283 295
1323376 312610 283 4832
1323377 312611 283 104
1323381 10633 283 2186
1323382 10633 283 451
1323383 312615 283 2795
1323384 312616 283 51003
1323385 312616 283 11685
1323386 312617 283 90544
1323393 312622 283 5394
1323394 312623 283 818
1323395 312623 283 139
1323396 312624 283 318
1323397 312624 283 11685
1323398 312625 283 25575
1323399 312625 283 90542
1323400 312626 283 3394
1323401 312627 283 3200
1323402 312627 283 11685
1323405 312629 283 1327
1323406 312629 283 11685
1323408 312631 283 5
1323410 312633 283 90544
1323417 312637 283 1732
1323425 312642 283 4387
1323430 188822 283 374
1323433 312646 283 20346
1323434 312646 283 1257
1323435 312646 283 11685
1323440 312649 283 169
1323441 312649 283 49912
1323443 198578 283 757
1323444 198578 283 11685
1323445 198578 283 49912
1323446 312651 283 391
1323447 312651 283 90516
1323452 255995 283 90508
1323456 312656 283 11685
1323457 312657 283 221
1323458 312658 283 10161
1323459 312659 283 90524
1323462 312662 283 1359
1323463 312662 283 11685
1323464 312663 283 90513
1323465 312664 283 188
1323466 312664 283 7630
1323467 312665 283 7599
1323488 312676 283 29
1323489 312676 283 71925
1323648 258365 283 3593
1323649 258365 283 1999
1323650 258365 283 1918
1323699 312780 283 29
1323715 312791 283 125
1323716 312792 283 4820
1323719 312795 283 49912
1323720 312795 283 11685
1323722 312797 283 3394
1323723 312797 283 49912
