1323725 312800 284 4405
1323726 312800 284 28814
1323727 3777 284 1191
1323728 3777 284 125
1323729 312801 284 1191
1323737 312807 284 1191
1323738 312807 284 1723
1323739 312807 284 5192
1323740 312807 284 4088
1323741 69553 284 1191
1323742 69553 284 125
1323743 312808 284 7406
1323744 312808 284 4682
1323745 312809 284 1191
1323746 312809 284 125
1323747 312810 284 90553
1323748 126183 284 1174
1323749 126183 284 1062
1323750 126183 284 1175
1323751 312812 284 1191
1323752 312812 284 1723
1323753 312813 284 20208
1323754 312813 284 23008
1323755 312813 284 90554
1323756 312813 284 1723
1323757 312813 284 24041
1323758 312813 284 1191
1323759 312815 284 24041
1323760 69657 284 1191
1323761 69657 284 125
1323763 20207 284 1191
1323764 20207 284 125
1323765 247939 284 20579
1323772 69756 284 1191
1323773 69756 284 125
1323774 312818 284 14
1323775 312818 284 16191
1323776 312820 284 24041
1323779 133109 284 1723
1323780 133109 284 1191
1323781 133109 284 1235
1323782 133109 284 22168
1323787 312825 284 1191
1323794 312831 284 3145
1323795 312832 284 3439
1323796 312832 284 4356
1323797 312832 284 1284
1323798 312832 284 1034
1323799 312832 284 8293
1323803 312833 284 125
1323804 312833 284 1191
1323805 312833 284 503
1323807 312835 284 3145
1323808 70270 284 1191
1323809 70270 284 1723
1323810 70270 284 125
1323814 312837 284 90555
1323816 312839 284 1235
1323817 312839 284 1723
1323818 312839 284 90556
1323825 312848 284 90557
1323829 312850 284 8293
1323830 312850 284 1034
1323831 312850 284 12831
1323832 312850 284 35
1323833 312850 284 6917
1323834 312852 284 25217
1323835 312852 284 90552
1323837 312854 284 43998
1323838 312854 284 16186
1323839 312854 284 25217
1323840 312854 284 1171
1323848 312859 284 1191
1323849 312859 284 1723
1323850 312859 284 1235
1323851 312859 284 22409
1323852 312859 284 5192
1323853 312860 284 16480
1323854 312863 284 20461
1323855 312863 284 963
1323856 312863 284 557
1323857 312863 284 80
1323858 312864 284 1675
1323868 312867 284 90551
1323870 312869 284 1191
1323871 312870 284 9972
1323872 312870 284 49602
1323885 254568 284 9440
1323886 254568 284 1305
1323887 254568 284 22519
1323888 71062 284 1191
1323889 71062 284 125
1323890 71062 284 1723
1323891 71062 284 869
1323892 312875 284 125
1323893 312875 284 1191
1323901 312880 284 57278
1323903 312882 284 1034
1323904 312882 284 3862
1323905 312882 284 29261
1323906 312882 284 9333
1323907 312882 284 11088
1323908 312882 284 21626
1323917 312886 284 90555
1323921 312889 284 4682
1323922 312889 284 1034
