1323923 312890 285 6558
1323926 312893 285 6558
1323928 312895 285 90559
1323929 312896 285 90559
1323932 312899 285 90559
1323934 312900 285 90559
1323935 312901 285 90560
1323937 312902 285 90561
1323938 312903 285 90559
1323939 312904 285 90559
1323940 312905 285 90559
1323941 312906 285 90559
1323943 312908 285 90559
1323944 312909 285 90559
1323945 312910 285 90561
1323946 188965 285 90559
1323948 312912 285 6558
1323952 312916 285 90559
1323953 312917 285 90559
1323955 312919 285 6558
1323957 312921 285 90559
1323959 312923 285 6558
1323960 312924 285 6558
1323961 312925 285 6558
1323965 301328 285 6558
1323966 312929 285 90561
1323967 312930 285 90559
1323968 312931 285 6558
1323971 312932 285 6558
1323972 312933 285 6558
1323974 312935 285 90559
1323976 312937 285 6558
1323977 312938 285 6558
1323985 312945 285 6558
1323986 312946 285 6558
1323987 312947 285 6558
1323988 18432 285 6558
1323989 312948 285 6558
1324016 71981 285 6558
1324017 312972 285 90559
1324018 282704 285 90559
1324019 312973 285 6558
1324020 312974 285 6558
1324021 312975 285 6558
1324023 312977 285 6558
1324030 312983 285 6558
1324031 312984 285 6558
1324032 312985 285 6558
1324033 312986 285 6558
1324035 312988 285 6558
1324036 169618 285 6558
1324037 312989 285 6558
1324038 312990 285 90561
1324039 312991 285 90559
1324040 312992 285 6558
1324041 312993 285 6558
1324042 312994 285 90561
1324046 312997 285 90559
1324047 312998 285 6558
1324048 312999 285 6558
1324049 313000 285 6558
1324050 313001 285 6558
1324051 313002 285 6558
1324052 313003 285 6558
1324053 313004 285 6558
1324055 313006 285 6558
1324057 313007 285 6558
1324058 313008 285 6558
1324059 313009 285 6558
1324062 313012 285 6558
1324065 313014 285 6558
1324066 313015 285 90563
1324067 313015 285 90559
1324070 313018 285 6558
1324071 313019 285 90561
1324077 313023 285 6558
1324078 313024 285 6558
1324079 313025 285 6558
1324080 313025 285 90559
1324081 313026 285 6558
1324082 313027 285 6558
1324083 313028 285 90559
1324084 313029 285 90559
1324085 313030 285 6558
1324086 313031 285 90559
1324087 313032 285 90559
1324089 313034 285 6558
1324090 313035 285 6558
1324093 313038 285 6558
1324094 313039 285 6558
1324095 313040 285 6558
1324096 313041 285 6558
1324097 313042 285 90559
1324098 242539 285 6558
1324144 313086 285 90559
1324146 313087 285 90561
1324152 313093 285 6558
1324153 313094 285 90561
1324154 313095 285 90559
1324155 313096 285 6558
1324157 313098 285 6558
1324160 313101 285 6558
1324161 313102 285 6558
1324162 313103 285 90559
1324163 313104 285 6558
1324164 313105 285 6558
1324166 313107 285 6558
1324170 313111 285 90559
1324175 313116 285 6558
1324177 171554 285 6558
1324178 313118 285 6558
1324179 313119 285 6558
1324180 313120 285 6558
1324181 313121 285 6558
1324182 313122 285 6558
1324183 313123 285 90559
1324186 313126 285 90559
1324190 313130 285 90559
1324191 313131 285 6558
1324192 313132 285 6558
1324194 313133 285 6558
1324195 313134 285 6558
1324196 313135 285 6558
1324197 313136 285 6558
1324199 313138 285 6558
1324200 313139 285 6558
1324201 313140 285 6558
1324202 313141 285 6558
1324203 313142 285 90561
1324204 313143 285 90559
1324206 313145 285 90559
1324207 313146 285 6558
1324208 313147 285 6558
1324209 313148 285 6558
1324210 313149 285 90559
1324211 282895 285 6558
1324213 313151 285 6558
1324214 313152 285 90565
1324216 313153 285 6558
1324219 313155 285 6558
1324220 313156 285 90559
1324223 313159 285 6558
1324224 149326 285 6558
1324228 289792 285 6558
1324229 313163 285 6558
1324230 313164 285 6558
1324231 104449 285 6558
1324232 313165 285 6558
1324234 313167 285 6558
1324235 313168 285 6558
1324236 313169 285 6558
1324238 313171 285 6558
1324239 313172 285 90559
1324244 313175 285 6558
1324245 154350 285 6558
1324246 149384 285 6558
1324247 313176 285 6558
1324248 313177 285 6558
1324249 313178 285 6558
1324250 72206 285 6558
1324252 313180 285 6558
1324253 313181 285 90559
1324254 313182 285 6558
1324255 313183 285 90566
1324257 313184 285 6558
1324258 313185 285 6558
1324260 313187 285 6558
1324261 313188 285 6558
1324262 313189 285 6558
1324263 313191 285 90559
1324264 313192 285 6558
1324265 282987 285 6558
1324266 313193 285 6558
1324268 313194 285 6558
1324269 313194 285 90564
1324270 313195 285 90567
1324274 313199 285 6558
1324275 313200 285 6558
1324278 313203 285 90559
1324279 313204 285 90559
1324281 313206 285 90559
1324282 313207 285 6558
1324284 313209 285 6558
1324286 313211 285 90559
1324288 313213 285 90561
1324290 72261 285 6558
1324291 313215 285 6558
1324292 313216 285 90564
1324293 313217 285 6558
1324294 313218 285 90559
1324295 313219 285 6558
1324296 313220 285 6558
1324298 313222 285 6558
1324299 313223 285 6558
1324303 4383 285 6558
1324304 313227 285 6558
1324305 313228 285 6558
1324306 313229 285 6558
1324307 313230 285 6558
1324308 313231 285 6558
1324309 313232 285 6558
1324310 313233 285 6558
1324311 313234 285 6558
1324312 313235 285 6558
1324313 313236 285 6558
1324314 313237 285 6558
1324315 313238 285 6558
1324316 313239 285 6558
1324317 313240 285 6558
1324318 253604 285 6558
1324319 313241 285 6558
1324320 313242 285 6558
1324321 313243 285 6558
1324322 313244 285 6558
1324323 313245 285 6558
1324324 313246 285 6558
1324325 313247 285 6558
1324326 313248 285 6558
1324327 313249 285 6558
1324328 313250 285 6558
1324329 313251 285 6558
1324330 313252 285 6558
1324331 313253 285 6558
1324332 313254 285 6558
1324333 313255 285 6558
1324334 313256 285 6558
1324335 313257 285 6558
1324336 172162 285 6558
1324337 313258 285 6558
1324338 313259 285 6558
1324339 313260 285 6558
1324340 313261 285 6558
1324341 313262 285 6558
1324342 313263 285 6558
1324343 313264 285 6558
1324344 313265 285 6558
1324345 313266 285 6558
1324346 313267 285 6558
1324347 313268 285 6558
1324348 313269 285 6558
1324349 313270 285 6558
1324350 313271 285 6558
1324351 313272 285 6558
1324352 313273 285 6558
1324353 313274 285 6558
1324354 313275 285 6558
1324355 313276 285 6558
1324356 313277 285 6558
1324357 313278 285 6558
1324358 313279 285 6558
1324359 313280 285 6558
1324360 313281 285 6558
1324361 313282 285 6558
1324362 313283 285 6558
1324363 313284 285 6558
1324364 313285 285 6558
1324365 313286 285 6558
1324366 313287 285 6558
1324367 313288 285 6558
1324368 313289 285 6558
1324369 313290 285 6558
1324370 313291 285 6558
1324371 313292 285 6558
1324372 313293 285 6558
1324373 313294 285 6558
1324374 313295 285 6558
1324375 313296 285 6558
1324376 313297 285 6558
1324377 313298 285 6558
1324378 101579 285 6558
1324379 313299 285 6558
1324380 313300 285 6558
1324381 243031 285 6558
1324382 313301 285 6558
1324383 313302 285 6558
1324384 313303 285 6558
1324385 313304 285 6558
1324386 313305 285 6558
1324387 313306 285 6558
1324388 313307 285 6558
1324389 313308 285 6558
1324390 313309 285 6558
1324391 313310 285 6558
1324392 95523 285 6558
1324393 313311 285 6558
1324394 313312 285 6558
1324395 313313 285 6558
1324396 313314 285 6558
1324397 313315 285 6558
1324398 313316 285 6558
1324399 313317 285 6558
1324400 149628 285 6558
1324401 313318 285 6558
1324402 313319 285 6558
1324403 313320 285 90559
1324405 313322 285 6558
1324406 313323 285 6558
1324407 313324 285 6558
1324408 313325 285 6558
1324409 313326 285 6558
1324410 36421 285 90559
1324411 313327 285 6558
1324412 313328 285 6558
1324413 169060 285 6558
1324414 106528 285 6558
1324415 313329 285 6558
1324417 313331 285 6558
1324418 313331 285 90559
1324419 313332 285 90562
1324420 313333 285 90562
1324421 313334 285 90559
1324422 313335 285 90559
1324423 313336 285 90559
1324424 313337 285 90559
1324425 313338 285 90559
1324426 313339 285 90561
1324427 313340 285 90559
1324428 313341 285 90562
1324429 313342 285 90559
1324430 313343 285 90559
1324431 313344 285 90559
1324432 313345 285 90561
1324433 313346 285 90560
1324434 313346 285 90561
1324435 313347 285 90559
1324436 313348 285 90559
1324437 313348 285 90560
1324438 313349 285 90559
1324439 288130 285 90565
1324440 313350 285 90559
1324441 149746 285 90559
1324442 313351 285 90559
1324443 187476 285 90559
1324444 313352 285 90559
1324445 313353 285 90559
1324446 313354 285 6558
1324447 313355 285 90559
1324448 313356 285 90560
1324449 313356 285 90559
1324450 313357 285 90559
1324451 313358 285 90559
1324452 313359 285 90559
1324453 313360 285 90561
1324454 313361 285 90559
1324455 313362 285 90559
1324456 72327 285 90559
1324457 72328 285 90559
1324458 313363 285 6558
1324459 313364 285 90559
1324460 313365 285 90559
1324461 313366 285 90559
1324462 313367 285 90559
1324463 313368 285 90559
1324464 313369 285 90559
1324465 313370 285 90559
1324466 313371 285 90559
1324467 313372 285 90559
1324468 313373 285 6558
1324469 313374 285 6558
1324470 313375 285 6558
1324471 54691 285 6558
1324472 296698 285 90560
1324473 313376 285 90559
1324474 313377 285 6558
1324475 313378 285 90567
1324476 313379 285 6558
1324477 313380 285 6558
1324478 313381 285 90559
1324479 313382 285 6558
1324480 313383 285 90559
1324481 313384 285 90559
1324482 313385 285 6558
1324483 313385 285 90559
1324484 313386 285 6558
1324485 313387 285 90559
1324486 313388 285 90559
1324487 313389 285 90559
1324488 313390 285 90561
1324489 313391 285 90561
1324490 9831 285 90559
1324491 313392 285 90559
1324492 313393 285 90560
1324493 313394 285 90559
1324494 313395 285 90559
1324495 313396 285 90559
1324496 313397 285 90561
1324497 313398 285 90561
1324498 313399 285 90561
1324499 313400 285 90559
1324500 313401 285 6558
1324501 313401 285 90559
1324502 313402 285 90559
1324503 313403 285 90559
1324504 313404 285 90560
1324505 147169 285 6558
1324506 313405 285 6558
1324507 313406 285 90559
1324508 313407 285 90559
1324509 313408 285 90559
1324510 313409 285 90559
1324511 313410 285 90560
1324512 313411 285 90559
1324513 313412 285 90559
1324514 313413 285 90559
1324515 313414 285 6558
1324516 313415 285 90559
1324517 313416 285 6558
1324518 313417 285 90559
1324519 313418 285 90559
1324520 313419 285 6558
1324521 313419 285 90561
1324522 313420 285 90559
1324524 313422 285 6558
1324525 313423 285 90561
1324528 313426 285 90559
1324529 313427 285 6558
1324530 313428 285 6558
1324531 313429 285 90559
1324532 313430 285 6558
1324533 313431 285 90559
1324534 313432 285 90559
1324536 313433 285 6558
1324538 313435 285 6558
1324539 313436 285 90559
1324543 313440 285 6558
1324544 313441 285 6558
1324545 313442 285 6558
1324546 313443 285 6558
1324547 313444 285 6558
1324548 313445 285 90559
1324551 313448 285 6558
1324554 313450 285 6558
1324557 313453 285 90559
1324558 313454 285 6558
1324559 313455 285 6558
1324560 313456 285 90559
1324561 313457 285 6558
1324562 313458 285 6558
1324563 313459 285 6558
1324564 150019 285 6558
1324565 313460 285 6558
1324566 313461 285 6558
1324567 313462 285 90559
1324570 313464 285 90561
1324571 313465 285 6558
1324572 313466 285 6558
1324573 313467 285 6558
1324574 313468 285 90559
1324575 313469 285 6558
1324576 313470 285 6558
1324582 313476 285 6558
1324583 313477 285 6558
1324584 313478 285 6558
1324585 313479 285 90559
1324586 313480 285 90559
1324607 253711 285 6558
1324608 313500 285 6558
1324609 169974 285 6558
1324610 108900 285 6558
1324611 313501 285 6558
1324612 173167 285 6558
1324614 313503 285 90559
1324615 313503 285 6558
1324617 313505 285 90559
1324620 313508 285 6558
1324621 313509 285 90559
1324622 313510 285 6558
1324624 313512 285 90559
1324626 313513 285 6558
1324629 313516 285 90561
1324630 4915 285 6558
1324632 313518 285 90559
1324637 8349 285 6558
1324638 313522 285 6558
1324639 313523 285 90559
1324640 313524 285 6558
1324641 313525 285 6558
1324642 313526 285 6558
1324645 313529 285 6558
1324648 313532 285 6558
1324649 8492 285 6558
1324650 313533 285 6558
1324653 313535 285 90559
1324654 313536 285 90561
1324655 313537 285 6558
1324657 313539 285 90559
1324659 313541 285 90561
1324660 313542 285 6558
1324661 313543 285 6558
1324662 313544 285 6558
1324663 313545 285 6558
1324664 313546 285 6558
1324670 313552 285 6558
1324674 313556 285 90559
1324675 313557 285 90562
1324676 313558 285 6558
1324677 313559 285 6558
1324678 313559 285 90568
1324681 313562 285 6558
1324682 313563 285 6558
1324684 313565 285 90559
1324685 313566 285 6558
1324686 313567 285 6558
1324689 313570 285 6558
1324691 313572 285 6558
1324692 313573 285 6558
1324693 313574 285 6558
1324694 313575 285 6558
1324695 313576 285 6558
1324696 313577 285 6558
1324697 313578 285 6558
1324698 313579 285 6558
1324699 313580 285 6558
1324700 313581 285 6558
1324701 313582 285 6558
1324702 313583 285 6558
1324703 313584 285 6558
1324704 313585 285 6558
1324705 313586 285 6558
1324706 313587 285 6558
1324707 313588 285 6558
1324708 313589 285 6558
1324709 313590 285 6558
1324710 313591 285 6558
1324711 313592 285 6558
1324712 313593 285 6558
1324713 313594 285 6558
1324715 313596 285 6558
1324717 313598 285 6558
1324721 313602 285 6558
1324723 313604 285 90559
1324724 313605 285 90559
1324725 313606 285 90559
1324726 313607 285 6558
1324729 313610 285 6558
1324733 313614 285 90561
1324734 313615 285 6558
1324736 313617 285 90559
1324738 51702 285 6558
1324739 313619 285 6558
1324740 313620 285 6558
1324741 313621 285 6558
1324744 313624 285 6558
1324745 15506 285 6558
1324748 313627 285 6558
1324750 313629 285 90561
1324752 313630 285 90561
1324755 313633 285 90561
1324761 313639 285 6558
1324762 313640 285 6558
1324763 313641 285 6558
1324764 313642 285 6558
1324765 313643 285 6558
1324766 313644 285 6558
1324767 313645 285 90559
1324903 313769 285 6558
1324904 313770 285 6558
1324905 313771 285 6558
1324906 313771 285 90559
1324907 313772 285 6558
1324908 313773 285 6558
1324909 313774 285 6558
1324910 313775 285 90559
1324911 313775 285 90567
1324912 313776 285 6558
1324913 313777 285 6558
1324914 313778 285 6558
1324915 313779 285 6558
1324917 313781 285 6558
1324918 313782 285 6558
1324920 313784 285 90559
1324921 313785 285 6558
1324923 313787 285 6558
1324924 313788 285 90562
1324925 313789 285 6558
1324926 313790 285 6558
1324927 313791 285 6558
1324929 313793 285 6558
1324936 313800 285 90561
1324939 313802 285 6558
1324941 313804 285 6558
1324943 313806 285 90559
1324944 103061 285 6558
1324945 313807 285 6558
1324946 313808 285 6558
1324947 313809 285 6558
1324948 313810 285 90559
1324949 313811 285 90559
1324950 313811 285 6558
1324951 313812 285 90559
1324952 313813 285 6558
1324954 99972 285 6558
1324955 313815 285 6558
1324956 313816 285 6558
1324958 313818 285 90559
1324959 313819 285 6558
1324960 313820 285 6558
1324961 313821 285 90559
1324962 313822 285 6558
1324963 313823 285 6558
1324964 150978 285 6558
1324965 313824 285 6558
1324966 313825 285 6558
1324969 313828 285 90559
1324970 313829 285 90559
1324971 313830 285 6558
1324973 313832 285 6558
1324974 313833 285 6558
1324975 313834 285 6558
1324976 313835 285 6558
1324977 313836 285 6558
1324979 313838 285 90559
1324980 313839 285 6558
1324981 313840 285 90559
1324983 313841 285 6558
1324984 313842 285 6558
1324985 313843 285 6558
1324986 313844 285 6558
1324987 313845 285 6558
1324988 313846 285 6558
1324989 313847 285 6558
1324990 313848 285 6558
1324991 313849 285 6558
1324992 313850 285 6558
1324993 313851 285 6558
1324994 313852 285 6558
1324995 313853 285 6558
1324996 313854 285 6558
1324997 313855 285 6558
1324998 313856 285 6558
1324999 313857 285 6558
1325000 313858 285 6558
1325001 313859 285 6558
1325003 313860 285 90559
1325004 313861 285 6558
1325005 313862 285 6558
1325006 313863 285 6558
1325007 313864 285 90559
1325008 115256 285 6558
1325009 313865 285 6558
1325010 313866 285 6558
1325011 313867 285 6558
1325013 313869 285 6558
1325015 313871 285 6558
1325019 313875 285 6558
1325020 313876 285 6558
1325024 313880 285 6558
1325026 313882 285 6558
1325027 313883 285 6558
1325031 313886 285 90560
1325041 313896 285 6558
1325043 313898 285 90559
1325049 313904 285 6558
1325050 313905 285 6558
1325061 313916 285 6558
1325062 175407 285 6558
1325063 313917 285 6558
1325064 313918 285 6558
1325066 313920 285 6558
1325069 313923 285 90559
1325070 313923 285 90560
1325071 313924 285 6558
1325089 66786 285 6558
1325090 313941 285 90559
1325091 313942 285 90559
1325095 313946 285 6558
1325097 151299 285 6558
1325100 79688 285 6558
1325102 313951 285 6558
1325126 313974 285 6558
1325132 313979 285 6558
1325133 313980 285 6558
1325137 313984 285 90559
1325138 313985 285 6558
1325139 313986 285 6558
1325140 313987 285 6558
1325141 313988 285 6558
1325142 313989 285 6558
1325145 95750 285 6558
1325146 95750 285 90560
1325147 313990 285 90559
1325150 313993 285 90559
1325151 313994 285 6558
1325152 313995 285 6558
1325154 76519 285 6558
1325155 169663 285 6558
1325170 314010 285 6558
1325174 314013 285 90559
1325175 314014 285 90559
1325176 314015 285 90559
1325177 314016 285 90559
1325179 314017 285 6558
1325194 314031 285 6558
1325195 314032 285 6558
1325196 314033 285 6558
1325197 314034 285 90559
1325199 314036 285 6558
1325206 314042 285 6558
1325207 314043 285 6558
1325208 314044 285 181
1325210 169270 285 6558
1325215 314050 285 90559
1325216 314051 285 6558
1325217 314052 285 6558
1325218 205212 285 6558
1325219 314053 285 6558
1325220 314054 285 6558
1325221 314055 285 6558
1325222 166712 285 6558
1325223 73043 285 6558
1325224 314056 285 6558
1325226 314057 285 6558
1325230 314060 285 90559
1325231 314061 285 6558
1325232 314062 285 6558
1325234 314064 285 6558
1325235 314065 285 90561
1325236 314066 285 6558
1325237 314067 285 6558
1325238 314068 285 90559
1325239 314069 285 6558
1325240 314070 285 6558
1325241 314071 285 6558
1325242 314072 285 6558
1325243 314073 285 6558
1325244 314074 285 6558
1325245 314075 285 90559
1325247 314077 285 6558
1325248 314078 285 6558
1325250 314080 285 6558
1325253 314083 285 6558
1325254 314084 285 6558
1325255 314085 285 6558
1325256 314086 285 90559
1325257 314087 285 6558
1325258 314088 285 6558
1325262 314092 285 6558
1325263 314093 285 6558
1325264 314094 285 6558
1325265 314095 285 6558
1325266 314096 285 6558
1325270 314099 285 6558
1325273 314102 285 90559
1325274 314102 285 90560
1325275 314103 285 90559
1325277 314105 285 6558
1325278 314106 285 6558
1325279 314107 285 6558
1325280 314108 285 90559
1325281 314109 285 90559
1325283 314110 285 6558
1325294 314121 285 6558
1325297 314123 285 6558
1325301 314127 285 90561
1325302 314128 285 6558
1325303 314129 285 6558
1325304 314130 285 6558
1325305 314131 285 90559
1325306 314132 285 90559
1325307 314133 285 6558
1325308 314134 285 6558
1325310 314136 285 6558
1325311 314137 285 90559
1325312 314138 285 6558
1325313 314139 285 6558
1325314 314140 285 6558
1325315 314141 285 6558
1325318 314144 285 6558
1325320 314145 285 6558
1325321 314146 285 6558
1325322 314147 285 6558
1325323 314148 285 6558
1325324 314149 285 6558
1325325 314150 285 90559
1325327 314152 285 6558
1325328 314153 285 6558
1325330 314155 285 90559
1325333 314157 285 6558
1325334 314158 285 6558
1325335 314159 285 90559
1325338 314162 285 6558
1325339 314163 285 90559
1325340 314164 285 90559
1325341 314165 285 6558
1325342 314166 285 90559
1325346 314169 285 90559
1325347 314170 285 6558
1325350 314173 285 90559
1325352 314175 285 90559
1325355 314178 285 6558
1325356 314179 285 6558
1325357 314180 285 6558
1325358 314181 285 90559
1325359 314182 285 6558
1325362 314185 285 6558
1325365 314188 285 6558
1325366 248217 285 6558
1325372 314193 285 6558
1325373 314194 285 90559
1325374 23629 285 6558
1325375 23629 285 90564
1325376 314195 285 6558
1325381 314200 285 90559
1325386 314204 285 90559
1325387 314205 285 90559
1325390 314208 285 6558
1325391 314209 285 6558
1325393 314211 285 6558
1325395 79769 285 6558
1325396 314212 285 6558
1325400 314215 285 90559
1325407 314222 285 6558
1325408 314223 285 6558
1325409 314224 285 6558
1325410 314225 285 6558
1325411 314226 285 6558
1325412 314227 285 90571
1325413 314228 285 6558
1325414 314229 285 90572
1325415 314230 285 6558
1325416 314231 285 90571
1325417 314232 285 6558
1325419 314233 285 6558
1325421 314235 285 6558
1325423 280234 285 6558
1325429 314242 285 6558
1325430 95894 285 6558
1325435 314247 285 6558
1325436 314247 285 90571
1325437 242661 285 6558
1325438 314248 285 6558
1325439 314249 285 6558
1325440 314250 285 90571
1325457 314267 285 90571
1325458 314268 285 6558
1325460 314270 285 6558
1325467 314277 285 90567
1325468 314278 285 6558
1325469 169450 285 6558
1325471 314280 285 6558
1325473 314281 285 6558
1325474 314282 285 90571
1325475 314283 285 90571
1325478 314285 285 6558
1325479 314286 285 6558
1325482 314289 285 90571
1325483 314290 285 6558
1325484 314291 285 6558
1325485 314292 285 90571
1325488 314295 285 6558
1325489 314296 285 6558
1325492 314299 285 6558
1325494 314300 285 6558
1325495 314301 285 6558
1325496 314302 285 6558
1325497 314303 285 90572
1325503 314308 285 6558
1325506 314311 285 6558
1325508 73441 285 90571
1325509 314313 285 6558
1325510 314314 285 6558
1325511 59713 285 6558
1325512 178063 285 6558
1325531 314332 285 6558
1325532 314333 285 6558
1325533 314334 285 6558
1325535 314335 285 6558
1325536 310411 285 90562
1325539 314338 285 6558
1325540 314339 285 6558
1325541 314340 285 90564
1325542 314341 285 90571
1325543 314342 285 90571
1325545 314344 285 6558
1325547 314346 285 6558
1325548 314347 285 90571
1325549 75968 285 6558
1325550 314348 285 6558
1325560 314357 285 90572
1325561 190871 285 6558
1325564 314360 285 90571
1325567 314363 285 6558
1325573 314369 285 6558
1325575 314371 285 6558
1325576 314372 285 90560
1325578 314373 285 6558
1325579 314374 285 6558
1325580 314375 285 6558
1325581 314376 285 6558
1325591 314385 285 90571
1325592 314386 285 90571
1325596 314389 285 90571
1325597 314390 285 90571
1325598 314391 285 90571
1325599 314392 285 90572
1325600 314393 285 6558
1325603 314396 285 90571
1325605 314398 285 6558
1325606 314399 285 6558
1325608 314401 285 90571
1325609 314402 285 90571
1325610 314403 285 90572
1325612 314405 285 90562
1325616 314408 285 6558
1325617 314409 285 90571
1325618 314410 285 90571
1325619 314411 285 90571
1325627 314419 285 90571
1325629 314421 285 6558
1325630 169539 285 6558
1325632 314423 285 90560
1325633 314424 285 90571
1325635 314426 285 6558
1325636 314427 285 6558
1325642 314433 285 90571
1325644 314435 285 90571
1325645 314436 285 90565
1325646 314437 285 90571
1325647 314438 285 6558
1325648 314439 285 90571
1325649 314440 285 6558
1325650 314441 285 6558
1325652 314443 285 90571
1325655 296674 285 6558
1325656 314446 285 6558
1325657 314447 285 6558
1325658 175143 285 6558
1325659 314448 285 6558
1325660 314449 285 6558
1325663 314451 285 6558
1325664 314452 285 6558
1325665 314453 285 6558
1325666 314454 285 6558
1325667 314455 285 90571
1325668 314456 285 6558
1325669 314457 285 6558
1325670 314458 285 6558
1325671 314459 285 6558
1325672 314460 285 6558
1325674 314462 285 6558
1325675 314463 285 6558
1325676 314464 285 6558
1325677 314465 285 6558
1325678 73633 285 6558
1325679 314466 285 6558
1325680 314467 285 6558
1325681 314468 285 6558
1325682 314469 285 6558
1325684 314470 285 6558
1325686 314472 285 90572
1325688 314474 285 6558
1325689 314475 285 90571
1325692 314477 285 6558
1325694 314478 285 6558
1325695 314479 285 6558
1325697 314481 285 6558
1325698 314482 285 6558
1325699 314483 285 90571
1325705 314487 285 6558
1325707 314489 285 6558
1325708 314490 285 6558
1325710 314492 285 6558
1325712 314494 285 6558
1325713 314495 285 6558
1325715 314496 285 90571
1325716 314497 285 90571
1325717 314498 285 90571
1325718 314499 285 6558
1325720 314500 285 6558
1325722 314502 285 6558
1325723 263357 285 6558
1325724 314503 285 6558
1325727 314506 285 90571
1325728 314507 285 6558
1325729 314508 285 6558
1325730 314509 285 6558
1325733 314511 285 6558
1325735 314513 285 6558
1325738 314516 285 6558
1325739 314517 285 90571
1325740 314518 285 6558
1325742 314520 285 6558
1325744 314522 285 6558
1325745 314523 285 6558
1325749 314527 285 6558
1325750 314528 285 6558
1325753 314531 285 6558
1325754 314532 285 6558
1325755 6658 285 6558
1325756 314533 285 6558
1325757 66807 285 6558
1325758 89158 285 6558
1325759 314534 285 6558
1325761 314536 285 90564
1325773 314547 285 6558
1325774 314548 285 90571
1325775 314549 285 6558
1325776 314550 285 6558
1325777 314551 285 6558
1325778 314552 285 6558
1325779 314553 285 90572
1325780 7531 285 6558
1325781 314554 285 6558
1325782 314555 285 90571
1325783 314555 285 90560
1325785 314557 285 6558
1325786 314558 285 90571
1325787 54720 285 6558
1325788 314559 285 6558
1325793 314563 285 6558
1325794 314564 285 6558
1325797 314567 285 6558
1325798 257459 285 6558
1325819 314586 285 90571
1325823 314590 285 6558
1325832 314599 285 6558
1325837 314603 285 6558
1325839 314605 285 6558
1325840 314605 285 90571
1325841 314606 285 6558
1325843 314608 285 6558
1325845 314610 285 90571
1325846 314611 285 90571
1325848 314613 285 90571
1325850 314615 285 6558
1325851 314616 285 6558
1325855 82883 285 6558
1325856 314619 285 6558
1325857 314620 285 6558
1325859 314622 285 90571
1325860 314623 285 6558
1325861 314624 285 6558
1325862 314625 285 6558
1325863 314626 285 6558
1325864 314627 285 6558
1325865 314628 285 6558
1325866 73857 285 6558
1325868 314630 285 6558
1325869 314631 285 6558
1325875 314636 285 90571
1325876 314637 285 6558
1325878 314639 285 90571
1325880 314641 285 6558
1325884 314645 285 90562
1325885 314646 285 6558
1325886 314647 285 6558
1325887 314648 285 6558
1325888 314649 285 6558
1325889 314650 285 6558
1325893 314653 285 6558
1325894 314654 285 90567
1325896 314656 285 90572
1325897 314657 285 6558
1325898 314658 285 6558
1325899 314659 285 6558
1325900 314660 285 6558
1325901 314661 285 90571
1325902 314662 285 6558
1325903 314663 285 6558
1325905 314665 285 6558
1325907 314667 285 6558
1325910 314670 285 6558
1325911 314671 285 6558
1325913 314673 285 6558
1325916 314676 285 6558
1325919 73926 285 6558
1325921 314680 285 90571
1325926 314684 285 90571
1325928 194796 285 6558
1325929 314686 285 90571
1325930 314687 285 90567
1325931 314688 285 90571
1325945 314702 285 6558
1325946 314703 285 6558
1325947 314703 285 90564
1325948 314704 285 6558
1325949 314705 285 6558
1325951 314707 285 6558
1325952 191468 285 6558
1325953 314708 285 6558
1325957 314710 285 6558
1325958 314711 285 6558
1325959 314712 285 6558
1325960 314713 285 6558
1325961 314714 285 6558
1325962 314715 285 6558
1325963 314716 285 6558
1325964 314717 285 6558
1325966 314719 285 6558
1325967 314720 285 6558
1325968 314721 285 6558
1325969 314722 285 6558
1325970 259043 285 6558
1325971 314723 285 6558
1325975 314727 285 90571
1325976 314728 285 6558
1325977 314729 285 6558
1325980 314732 285 6558
1325981 314733 285 6558
1325982 314734 285 6558
1325983 314735 285 90571
1325984 314736 285 90572
1325986 314738 285 6558
1325990 314742 285 90571
1325992 197017 285 6558
1325993 314744 285 6558
1325995 314745 285 6558
1325996 314746 285 6558
1325997 314747 285 6558
1326005 74068 285 90571
1326017 314761 285 6558
1326050 314794 285 6558
1326051 314795 285 6558
1326052 192979 285 6558
1326053 314796 285 90571
1326054 314797 285 6558
1326056 314799 285 6558
1326058 314801 285 6558
1326060 314803 285 90571
1326061 314804 285 6558
1326062 314805 285 6558
1326063 314806 285 6558
1326068 83286 285 6558
1326070 314811 285 6558
1326071 314812 285 6558
1326072 314813 285 6558
1326073 314814 285 90571
1326074 314815 285 6558
1326075 314816 285 6558
1326077 314818 285 6558
1326078 314819 285 6558
1326080 314821 285 6558
1326081 314822 285 90572
1326083 314824 285 90571
1326089 314830 285 90571
1326091 314832 285 6558
1326092 198789 285 6558
1326094 314834 285 6558
1326095 314835 285 90571
1326096 314836 285 6558
1326097 73762 285 6558
1326100 314839 285 6558
1326101 314840 285 6558
1326102 314841 285 90571
1326103 314842 285 6558
1326104 161801 285 6558
1326105 314843 285 6558
1326106 314844 285 6558
1326107 279463 285 6558
1326108 314845 285 90571
1326110 314847 285 6558
1326111 314848 285 6558
1326114 314851 285 90571
1326122 314856 285 6558
1326128 314862 285 6558
1326129 314863 285 6558
1326130 314864 285 90571
1326132 314866 285 6558
1326136 314870 285 6558
1326137 314871 285 90571
1326139 314873 285 6558
1326150 314884 285 6558
1326159 314892 285 6558
1326160 314893 285 6558
1326161 314894 285 90571
1326162 314895 285 6558
1326163 314896 285 6558
1326164 314897 285 6558
1326169 314901 285 90571
1326172 314904 285 6558
1326173 314905 285 6558
1326174 314906 285 6558
1326175 314907 285 6558
1326176 74279 285 6558
1326177 314908 285 6558
1326178 314909 285 6558
1326179 314910 285 6558
1326180 314911 285 6558
1326181 314912 285 6558
1326182 314913 285 6558
1326183 314913 285 90564
1326184 314914 285 6558
1326185 314915 285 6558
1326187 314917 285 90571
1326188 314918 285 6558
1326190 314920 285 6558
1326220 314948 285 90571
1326228 314956 285 6558
1326229 314957 285 6558
1326230 314958 285 6558
1326231 314959 285 6558
1326233 314961 285 90571
1326234 314962 285 6558
1326235 314963 285 6558
1326236 314964 285 6558
1326237 314965 285 90571
1326240 314968 285 90571
1326241 314969 285 6558
1326242 314970 285 90571
1326243 314971 285 90572
1326244 314972 285 90571
1326245 314973 285 6558
1326246 314974 285 90571
1326249 314976 285 6558
1326250 314977 285 6558
1326251 314978 285 6558
1326252 74335 285 6558
1326253 314979 285 6558
1326254 314980 285 6558
1326255 314981 285 90571
1326256 314982 285 6558
1326257 314983 285 6558
1326258 314984 285 90571
1326259 314985 285 6558
1326260 314986 285 6558
1326262 314987 285 6558
1326263 273615 285 6558
1326265 184601 285 6558
1326266 314989 285 6558
1326268 314991 285 6558
1326269 314992 285 6558
1326270 314993 285 90571
1326271 314994 285 6558
1326274 314996 285 90571
1326275 314997 285 6558
1326276 314998 285 90576
1326277 314999 285 6558
1326278 315000 285 6558
1326279 315001 285 90571
1326280 315002 285 6558
1326281 315003 285 6558
1326282 315004 285 6558
1326283 315005 285 6558
1326284 315006 285 90571
1326285 179065 285 6558
1326286 315007 285 6558
1326287 315008 285 6558
1326290 315011 285 6558
1326291 315012 285 6558
1326292 315013 285 90572
1326294 315015 285 6558
1326295 315016 285 90572
1326298 315019 285 6558
1326299 315020 285 6558
1326301 315022 285 6558
1326302 315023 285 6558
1326303 315024 285 6558
1326304 315025 285 6558
1326305 315026 285 90571
1326310 315031 285 6558
1326312 75220 285 6558
1326313 315033 285 6558
1326333 315048 285 6558
1326334 315049 285 90571
1326336 315051 285 90571
1326339 315054 285 90571
1326340 315055 285 90571
1326341 315056 285 90572
1326343 315058 285 90572
1326344 315059 285 90571
1326351 315065 285 6558
1326353 315067 285 90571
1326354 315068 285 90571
1326355 315069 285 6558
1326359 315073 285 90571
1326360 315074 285 90571
1326363 315077 285 90571
1326364 315078 285 6558
1326366 315080 285 90571
1326367 315081 285 6558
1326368 315082 285 90571
1326369 315083 285 6558
1326370 315084 285 6558
1326371 315085 285 6558
1326374 315088 285 90571
1326375 240131 285 6558
1326376 170831 285 90571
1326377 315089 285 90571
1326378 315090 285 90571
1326379 315091 285 90571
1326380 315092 285 90571
1326381 315093 285 90571
1326382 315094 285 90571
1326383 315095 285 90571
1326384 315096 285 90571
1326385 315097 285 90571
1326386 315098 285 90571
1326387 315099 285 90571
1326388 315100 285 90571
1326389 315101 285 90571
1326390 315102 285 90571
1326391 315104 285 90571
1326392 315105 285 90571
1326393 315105 285 90560
1326396 315107 285 90571
1326397 315108 285 90571
1326398 315109 285 90571
1326399 315110 285 6558
1326401 249635 285 90571
1326402 315112 285 90571
1326403 315113 285 90565
1326404 315114 285 90571
1326405 315115 285 90571
1326406 315116 285 90560
1326407 315117 285 90571
1326408 315118 285 90571
1326409 315119 285 90571
1326410 315120 285 90571
1326411 315121 285 90571
1326412 315122 285 90571
1326414 315124 285 6558
1326415 315125 285 6558
1326416 315126 285 6558
1326417 315127 285 90577
1326418 89311 285 6558
1326419 68810 285 6558
1326421 315128 285 6558
1326422 315129 285 90571
1326423 315130 285 6558
1326424 315131 285 6558
1326431 315137 285 6558
1326448 315154 285 90571
1326449 315155 285 90571
1326450 315156 285 6558
1326452 315158 285 6558
1326453 315159 285 6558
1326454 315160 285 90571
1326455 315161 285 6558
1326456 315162 285 6558
1326457 315163 285 6558
1326458 188307 285 6558
1326459 188307 285 90571
1326460 315164 285 6558
1326461 315165 285 6558
1326462 315166 285 6558
1326463 315167 285 6558
1326464 315168 285 6558
1326465 315169 285 6558
1326466 315170 285 90560
1326468 315172 285 6558
1326469 315173 285 90571
1326470 315174 285 6558
1326472 315176 285 90571
1326473 315177 285 90571
1326475 315179 285 6558
1326476 315180 285 6558
1326477 315181 285 90571
1326478 315182 285 6558
1326480 315184 285 90572
1326482 315186 285 90571
1326483 315187 285 6558
1326484 9752 285 6558
1326488 315191 285 6558
1326494 315196 285 90572
1326495 315197 285 6558
1326496 315198 285 90571
1326497 315199 285 90571
1326527 315229 285 6558
1326530 315232 285 6558
1326532 315234 285 6558
1326534 315236 285 6558
1326535 315237 285 6558
1326536 315238 285 6558
1326537 315239 285 6558
1326538 315240 285 6558
1326544 315245 285 6558
1326545 292157 285 6558
1326546 315246 285 90571
1326549 315248 285 90571
1326550 315249 285 6558
1326551 315250 285 6558
1326552 315251 285 6558
1326553 315251 285 90571
1326554 74636 285 90571
1326555 315252 285 6558
1326556 315253 285 6558
1326557 315254 285 6558
1326560 315257 285 90572
1326566 170107 285 6558
1326567 315263 285 90571
1326570 315266 285 6558
1326571 315267 285 6558
1326572 315268 285 6558
1326573 315269 285 6558
1326574 315270 285 6558
1326575 315271 285 6558
1326576 315272 285 90571
1326578 315273 285 6558
1326581 10562 285 6558
1326583 315277 285 6558
1326584 315278 285 90571
1326586 315280 285 6558
1326587 315281 285 90571
1326588 315282 285 6558
1326591 315284 285 6558
1326592 27868 285 6558
1326594 315286 285 6558
1326679 315368 285 90570
1326680 315369 285 6558
1326681 315370 285 6558
1326683 315372 285 6558
1326685 315374 285 6558
1326686 315375 285 6558
1326687 315376 285 6558
1326688 315377 285 6558
1326689 315378 285 6558
1326690 315379 285 6558
1326691 315380 285 6558
1326692 315381 285 6558
1326693 315382 285 6558
1326694 315383 285 6558
1326695 315384 285 6558
1326696 315385 285 6558
1326697 315386 285 6558
1326698 315387 285 6558
1326699 315388 285 6558
1326700 315389 285 6558
1326701 315390 285 6558
1326702 315391 285 6558
1326703 315392 285 6558
1326704 315393 285 6558
1326705 315394 285 6558
1326706 315394 285 90564
1326707 315395 285 6558
1326708 315395 285 90564
1326709 315396 285 6558
1326711 315398 285 6558
1326713 315400 285 6558
1326714 315401 285 90571
1326715 315402 285 90562
1326716 315403 285 90571
1326717 315404 285 90571
1326718 315405 285 90571
1326719 315406 285 90571
1326720 315407 285 90571
1326721 315408 285 90571
1326722 315409 285 90571
1326723 315410 285 90571
1326724 315411 285 90571
1326725 315412 285 90571
1326726 315413 285 90571
1326727 315414 285 90571
1326728 315415 285 90571
1326729 315416 285 90571
1326730 315417 285 90571
1326731 315418 285 90571
1326732 315419 285 90571
1326733 315420 285 90571
1326734 315421 285 90571
1326735 315422 285 90571
1326736 315423 285 90562
1326737 315424 285 6558
1326738 315425 285 90571
1326740 315427 285 6558
1326741 315428 285 6558
1326742 315429 285 6558
1326744 315431 285 6558
1326746 315433 285 6558
1326748 315435 285 90571
1326750 315437 285 90571
1326751 315438 285 6558
1326752 315439 285 6558
1326754 315441 285 6558
1326756 315443 285 6558
1326757 315444 285 6558
1326759 315446 285 6558
1326760 315447 285 90572
1326761 315448 285 6558
1326762 315449 285 6558
1326765 315452 285 90560
1326766 315453 285 6558
1326767 315454 285 6558
1326768 315455 285 6558
1326769 315456 285 6558
1326770 315457 285 6558
1326773 315460 285 90571
1326777 315463 285 6558
1326778 315464 285 6558
1326780 315466 285 6558
1326781 315467 285 6558
1326785 315470 285 6558
1326789 315473 285 90571
1326790 315474 285 6558
1326793 315477 285 6558
1326794 315478 285 6558
1326795 315479 285 6558
1326797 315481 285 90571
1326798 74873 285 6558
1326799 315482 285 6558
1326800 315483 285 6558
1326801 315484 285 90571
1326803 315486 285 90571
1326804 315487 285 6558
1326808 315488 285 90571
1326856 315533 285 6558
1326857 315534 285 90571
1326859 315536 285 90571
1326860 315537 285 6558
1326863 315540 285 90571
1326864 315541 285 6558
1326865 315542 285 6558
1326866 315543 285 6558
1326867 315544 285 6558
1326868 315545 285 90572
1326870 315547 285 6558
1326872 315548 285 90571
1326874 315550 285 90571
1326875 315551 285 90572
1326877 315553 285 6558
1326879 315555 285 90571
1326881 315557 285 6558
1326882 315558 285 6558
1326884 315560 285 6558
1326885 315561 285 6558
1326886 315562 285 6558
1326887 315563 285 6558
1326888 315564 285 6558
1326889 315565 285 90571
1326890 315566 285 90572
1326891 315567 285 6558
1326894 315570 285 6558
1326897 315573 285 90571
1326899 315575 285 90563
1326900 315575 285 90572
1326904 315579 285 6558
1326906 315581 285 90571
1326907 315582 285 6558
1326908 315583 285 6558
1326909 315584 285 90571
1326911 315586 285 6558
1326912 315587 285 90571
1326913 315588 285 90571
1326920 315593 285 90571
1326977 315649 285 90571
1326980 315652 285 90571
1326981 315653 285 6558
1326985 315657 285 6558
1326986 315658 285 6558
1326988 315660 285 6558
1326990 315662 285 90571
1326992 315664 285 6558
1326993 315665 285 90571
1326994 315666 285 6558
1326997 293650 285 6558
1326998 315669 285 6558
1327001 315671 285 6558
1327003 315672 285 6558
1327004 315673 285 90571
1327006 315675 285 90571
1327008 315676 285 90571
1327009 315677 285 6558
1327010 315678 285 6558
1327013 315681 285 90571
1327014 315682 285 6558
1327016 315684 285 90572
1327017 315685 285 6558
1327022 315690 285 90571
1327024 315692 285 6558
1327026 315694 285 6558
1327027 315695 285 6558
1327030 315698 285 6558
1327032 315700 285 6558
1327033 315701 285 6558
1327034 315702 285 6558
1327035 315703 285 6558
1327036 152575 285 6558
1327039 315705 285 6558
1327041 315706 285 6558
1327047 315712 285 6558
1327048 315713 285 6558
1327049 315714 285 6558
1327050 315715 285 6558
1327051 315716 285 6558
1327052 315717 285 90562
1327053 315718 285 90571
1327054 315719 285 6558
1327055 315720 285 6558
1327056 315721 285 6558
1327057 315722 285 6558
1327058 315723 285 6558
1327063 315728 285 6558
1327064 315729 285 6558
1327066 315731 285 6558
1327067 315732 285 6558
1327068 315733 285 6558
1327069 315734 285 6558
1327070 315735 285 6558
1327071 315736 285 6558
1327073 315738 285 6558
1327074 315739 285 90571
1327075 315740 285 6558
1327076 64888 285 6558
1327087 315749 285 90571
1327088 315750 285 6558
1327089 315751 285 6558
1327093 315755 285 90571
1327094 315756 285 90571
1327095 315756 285 6558
1327098 315759 285 90571
1327099 315760 285 6558
1327100 281184 285 6558
1327104 315764 285 90572
1327105 315765 285 6558
1327106 315766 285 90571
1327108 315768 285 6558
1327109 108015 285 6558
1327110 188570 285 90571
1327111 315769 285 90571
1327112 315770 285 90571
1327113 315771 285 90571
1327114 315772 285 90571
1327115 315773 285 90571
1327116 315774 285 90571
1327117 315775 285 90571
1327118 315776 285 90571
1327119 315777 285 90571
1327120 315778 285 90571
1327121 315778 285 90560
1327122 315779 285 90571
1327123 315780 285 90571
1327124 315781 285 90571
1327125 315782 285 90571
1327126 315783 285 90571
1327127 315784 285 90571
1327128 315785 285 90571
1327129 315786 285 90571
1327130 315787 285 90571
1327131 315788 285 90571
1327132 315789 285 90571
1327133 315790 285 90571
1327134 315791 285 90571
1327135 315792 285 90571
1327136 315793 285 90571
1327137 315794 285 90571
1327138 315795 285 90571
1327139 315796 285 90571
1327140 315797 285 6558
1327141 315798 285 90578
1327142 315799 285 6558
1327145 315802 285 6558
1327146 315803 285 6558
1327147 315804 285 6558
1327148 315805 285 6558
1327150 315807 285 90571
1327151 315808 285 6558
1327153 315810 285 90571
1327155 315812 285 6558
1327156 315813 285 6558
1327158 315814 285 15
1327159 315815 285 6558
1327161 19419 285 6558
1327162 315817 285 90571
1327163 315818 285 90571
1327164 315819 285 6558
1327165 315820 285 6558
1327169 315823 285 90571
1327173 315827 285 90571
1327177 315831 285 6558
1327178 315832 285 6558
1327179 315833 285 6558
1327180 315834 285 6558
1327181 315835 285 6558
1327183 315836 285 15
1327188 315841 285 6558
1327189 315842 285 6558
1327190 315843 285 6558
1327191 315844 285 90571
1327193 315845 285 6558
1327194 315846 285 6558
1327195 315847 285 6558
1327197 315848 285 6558
1327198 315849 285 6558
1327199 315850 285 6558
1327212 315863 285 90571
1327213 315864 285 90571
1327216 315866 285 6558
1327217 315867 285 90572
1327220 32517 285 6558
1327221 32517 285 90564
1327222 315870 285 90571
1327224 315872 285 6558
1327227 315874 285 90560
1327229 315876 285 6558
1327230 315877 285 6558
1327231 315878 285 90571
1327233 315880 285 90571
1327234 315881 285 6558
1327240 315887 285 6558
1327243 75245 285 6558
1327249 315894 285 6558
1327251 315896 285 90571
1327252 315897 285 6558
1327255 315900 285 6558
1327259 315904 285 6558
1327260 315905 285 6558
1327261 315905 285 90571
1327268 315912 285 6558
1327270 315914 285 6558
1327271 315915 285 6558
1327273 315917 285 6558
1327274 315918 285 6558
1327275 315919 285 90571
1327276 315920 285 6558
1327280 315923 285 6558
1327281 315924 285 6558
1327283 121344 285 6558
1327284 315926 285 6558
1327285 315927 285 6558
1327287 315929 285 90562
1327289 315931 285 6558
1327291 315933 285 6558
1327294 315936 285 6558
1327297 315939 285 6558
1327299 315941 285 6558
1327302 315943 285 6558
1327306 315946 285 6558
1327309 315949 285 90571
1327311 315950 285 6558
1327312 315951 285 6558
1327313 315952 285 90571
1327319 315958 285 90571
1327321 315960 285 6558
1327339 315978 285 6558
1327340 315979 285 6558
1327341 315980 285 6558
1327342 315981 285 6558
1327343 315982 285 90571
1327344 315983 285 90560
1327345 315983 285 90564
1327346 315984 285 6558
1327347 315985 285 90564
1327348 315985 285 6558
1327350 315987 285 90571
1327352 315989 285 90571
1327353 75343 285 6558
1327355 315991 285 90571
1327357 315993 285 90571
1327358 315994 285 90571
1327359 315995 285 90572
1327360 315996 285 90571
1327361 315997 285 90571
1327362 117059 285 90571
1327363 315998 285 90572
1327364 315999 285 90571
1327365 316000 285 90571
1327366 316001 285 90571
1327367 316002 285 90565
1327368 316003 285 90571
1327372 316007 285 6558
1327373 316008 285 6558
1327374 316009 285 90571
1327375 316010 285 90571
1327377 316012 285 90562
1327378 316013 285 6558
1327379 316013 285 90560
1327380 316014 285 90571
1327381 316015 285 6558
1327382 316016 285 6558
1327383 316017 285 6558
1327384 316018 285 90571
1327386 316020 285 6558
1327388 316022 285 6558
1327389 316023 285 6558
1327390 316024 285 6558
1327391 316025 285 90571
1327392 293797 285 6558
1327396 316027 285 6558
1327399 316030 285 90560
1327401 316032 285 6558
1327403 316034 285 6558
1327405 316036 285 6558
1327407 316038 285 6558
1327409 316040 285 90571
1327411 316042 285 90571
1327412 316043 285 6558
1327414 316045 285 6558
1327415 316046 285 6558
1327416 316047 285 6558
1327417 316048 285 6558
1327418 316049 285 6558
1327419 17295 285 6558
1327420 316050 285 6558
1327421 316051 285 6558
1327422 316052 285 6558
1327423 70989 285 6558
1327424 316053 285 6558
1327425 316054 285 6558
1327426 316055 285 6558
1327427 316056 285 6558
1327428 316057 285 6558
1327429 316058 285 6558
1327430 316059 285 6558
1327433 316062 285 6558
1327434 316063 285 90571
1327436 316064 285 90571
1327439 316067 285 90571
1327440 316068 285 6558
1327441 316069 285 6558
1327442 316070 285 90571
1327443 316071 285 6558
1327445 316073 285 90571
1327446 316074 285 90567
1327447 316075 285 6558
1327448 316076 285 6558
1327453 108220 285 6558
1327459 316085 285 6558
1327461 316087 285 6558
1327463 316089 285 90572
1327464 316090 285 6558
1327468 316094 285 6558
1327474 316100 285 6558
1327475 316101 285 6558
1327476 316102 285 6558
1327477 316103 285 6558
1327478 316104 285 6558
1327479 316105 285 6558
1327480 316106 285 6558
1327483 316109 285 6558
1327485 316111 285 6558
1327486 316112 285 6558
1327487 316113 285 6558
1327488 316114 285 6558
1327490 316116 285 6558
1327491 316117 285 6558
1327499 316124 285 6558
1327505 316128 285 6558
1327516 316139 285 6558
1327517 316140 285 6558
1327518 316141 285 6558
1327519 316142 285 6558
1327520 316143 285 6558
1327522 316145 285 6558
1327526 316149 285 6558
1327528 316151 285 6558
1327529 316152 285 6558
1327530 316153 285 6558
1327532 316154 285 6558
1327534 316156 285 6558
1327535 316157 285 6558
1327545 316166 285 6558
1327548 316169 285 6558
1327549 316170 285 6558
1327550 316171 285 6558
1327552 316173 285 6558
1327554 316175 285 6558
1327555 316176 285 6558
1327556 316177 285 6558
1327562 316183 285 6558
1327565 316186 285 6558
1327568 316189 285 6558
1327584 316205 285 6558
1327585 316206 285 6558
1327588 58539 285 6558
1327589 58539 285 90564
1327591 316210 285 6558
1327594 316213 285 6558
1327597 316216 285 6558
1327599 316218 285 6558
1327615 316234 285 6558
1327616 316235 285 6558
1327617 316236 285 6558
1327630 316249 285 6558
1327634 316253 285 6558
1327635 316254 285 6558
1327636 316255 285 6558
1327648 316267 285 90571
1327650 316269 285 90571
1327656 316275 285 6558
1327660 316279 285 6558
1327661 316280 285 6558
1327662 316281 285 6558
1327675 128323 285 6558
1327681 316298 285 6558
1327682 316299 285 6558
1327683 316300 285 6558
1327685 80249 285 6558
1327687 316303 285 6558
1327689 316305 285 6558
1327690 316306 285 6558
1327691 316307 285 6558
1327694 181974 285 6558
1327698 316313 285 6558
1327721 316335 285 6558
1327722 316336 285 6558
1327734 316347 285 6558
1327736 316349 285 6558
1327750 316363 285 6558
1327751 316364 285 6558
1327754 316367 285 90571
1327765 170530 285 6558
1327768 316380 285 6558
1327769 316381 285 6558
1327770 316382 285 6558
1327771 316383 285 6558
1327773 316385 285 6558
1327778 316390 285 6558
1327779 316391 285 6558
1327780 316392 285 6558
1327787 157879 285 6558
1327788 316398 285 6558
1327801 18398 285 6558
1327802 259064 285 6558
1327812 316419 285 90571
1327813 316420 285 6558
