1346630 320181 287 1049
1346631 320181 287 138
1346632 320181 287 16294
1346633 320181 287 5120
1346634 320181 287 4292
1346635 320181 287 8286
1346636 320181 287 1704
1346637 320181 287 27482
1346638 320181 287 292
1346639 320181 287 80
1346692 170929 287 16294
1346693 170929 287 5120
1346694 170929 287 1049
1346695 170929 287 24824
1346696 170929 287 4369
1346697 170929 287 138
1346698 170929 287 3824
1346699 170929 287 292
1346700 170929 287 4335
1346701 170929 287 54312
1346702 170929 287 1565
1346703 170929 287 81641
1346704 170929 287 90798
1346705 170929 287 11821
1346706 170929 287 11
1346707 170929 287 90799
1346708 170929 287 90800
1346709 320187 287 1049
1346710 320187 287 1213
1346711 320187 287 3083
1346712 320187 287 50891
1346713 320187 287 3743
1346714 320187 287 17025
1346715 320188 287 8936
1346716 320188 287 41215
1346717 320188 287 90797
1346718 320188 287 295
1346719 320188 287 1565
1346720 320188 287 451
1346752 170978 287 638
1346753 170978 287 292
1346754 170978 287 1565
1346755 170978 287 37996
1346756 170978 287 51628
1346757 170978 287 90797
1346758 170978 287 36273
1346759 170978 287 20082
1346760 170978 287 90798
1346761 170978 287 90799
1346762 170978 287 97
1346764 320193 287 16294
1346765 320193 287 4292
1346766 320193 287 1049
1346767 320193 287 1213
1346768 320193 287 4201
1346769 320193 287 37996
1346770 320193 287 24824
1346771 320193 287 254
1346772 320193 287 5927
1346773 320193 287 953
1346774 320193 287 4369
1346775 320193 287 1704
1346776 320193 287 41215
1346777 320193 287 138
1346778 320193 287 27482
1346779 320193 287 5776
1346780 320193 287 225
1346781 320193 287 295
1346782 320193 287 523
1346783 320193 287 4251
1346784 320193 287 90798
1346785 320193 287 90799
1346786 320193 287 4
1346787 320193 287 6101
1346825 320196 287 1764
1346851 320199 287 16294
1346852 320199 287 4292
1346853 320199 287 941
1346854 320199 287 3083
1346855 320199 287 16627
1346856 320199 287 1704
1346857 320199 287 2486
1346858 320199 287 138
1346859 320199 287 1184
1346860 320199 287 3824
1346861 320199 287 3743
1346862 320199 287 295
1346863 320199 287 9219
1346864 320199 287 8719
1346865 320199 287 10951
1346866 320199 287 90800
1346867 320199 287 895
1346877 71984 287 295
1346878 71984 287 1565
1346879 71984 287 24824
1346880 71984 287 41215
1346892 320202 287 5120
1346893 320202 287 2356
1346894 320202 287 1896
1346895 320202 287 3246
1346896 320202 287 292
1346897 320202 287 20709
1346898 320202 287 15930
1346899 320202 287 343
1346900 320202 287 451
1346901 301359 287 16294
1346902 301359 287 90801
1346903 301359 287 941
1346904 301359 287 29533
1346905 301359 287 1184
1346906 301359 287 3246
1346907 301359 287 97
1346908 301359 287 64844
1346909 301359 287 20709
1346910 301359 287 15930
1346911 301359 287 42382
1346912 301359 287 39321
1346913 301359 287 65190
1346914 301359 287 451
1346928 320204 287 16294
1346929 320204 287 90801
1346930 320204 287 5120
1346931 320204 287 1049
1346932 320204 287 29533
1346933 320204 287 1058
1346934 320204 287 311
1346935 320204 287 64844
1346936 320204 287 8820
1346937 320204 287 1565
1346938 320204 287 81641
1346939 320204 287 4
1346940 320204 287 1726
1346941 320204 287 17025
1346942 320204 287 451
1346943 289681 287 51628
1346944 289681 287 4369
1346945 289681 287 138
1346946 289681 287 1779
1346947 289681 287 638
1346948 289681 287 1943
1346949 289681 287 4251
1346950 289681 287 4
1346951 320205 287 16294
1346952 320205 287 1049
1346953 320205 287 37996
1346954 320205 287 29533
1346955 320205 287 311
1346956 320205 287 4335
1346957 320205 287 1907
1346958 320205 287 81641
1346975 320207 287 1049
1346976 320207 287 125
1346977 320207 287 16294
1346978 320207 287 5120
1346979 320207 287 37996
1346980 320207 287 51628
1346981 320207 287 90796
1346982 320207 287 1704
1346983 320207 287 5831
1346984 320207 287 311
1346985 320207 287 97
1346986 320207 287 80
1346987 320207 287 36273
1346988 320207 287 1651
1346989 320207 287 4428
1346990 320207 287 1565
1346991 320207 287 4
1346992 320208 287 16294
1346993 320208 287 5120
1346994 320208 287 4292
1346995 320208 287 1049
1346996 320208 287 37996
1346997 320208 287 8286
1346998 320208 287 1704
1346999 320208 287 138
1347000 320208 287 27482
1347001 320208 287 5831
1347002 320208 287 311
1347003 320208 287 90798
1347004 320208 287 24182
1347005 320208 287 90799
1347006 320208 287 4053
1347007 303463 287 5120
1347008 303463 287 37996
1347009 303463 287 51628
1347010 303463 287 5831
1347011 303463 287 4335
1347012 303463 287 80
1347013 303463 287 90797
1347014 303463 287 4428
1347015 303463 287 334
1347016 303463 287 90798
1347017 303463 287 8286
1347018 11539 287 1049
1347019 11539 287 1213
1347020 11539 287 1704
1347021 11539 287 138
1347022 11539 287 311
1347023 11539 287 1907
1347024 11539 287 72
1347025 11539 287 869
1347026 11539 287 17025
1347027 11539 287 16294
1347028 11539 287 37996
1347029 11539 287 60261
1347030 11539 287 4335
1347031 11539 287 97
1347032 11539 287 64844
1347033 11539 287 81641
1347034 11539 287 90796
1347035 11539 287 19074
1347047 171323 287 16294
1347048 171323 287 5120
1347049 171323 287 37996
1347050 171323 287 29533
1347051 171323 287 1704
1347052 171323 287 138
1347053 171323 287 1058
1347054 171323 287 6
1347055 171323 287 5831
1347056 171323 287 311
1347057 171323 287 8820
1347058 171323 287 1907
1347059 171323 287 1565
1347060 171323 287 8473
1347061 171323 287 90798
1347062 171323 287 90799
1347063 171323 287 4
1347064 171323 287 1726
1347065 171323 287 17025
1347066 320210 287 5120
1347067 320210 287 1049
1347068 320210 287 51628
1347069 320210 287 29533
1347070 320210 287 4369
1347071 320210 287 1058
1347072 320210 287 138
1347073 320210 287 60261
1347074 320210 287 90803
1347075 320210 287 311
1347076 320210 287 4335
1347077 320210 287 97
1347078 320210 287 36273
1347079 320210 287 3743
1347080 320210 287 54312
1347081 320210 287 64844
1347082 320210 287 4428
1347083 320210 287 8820
1347084 320210 287 1565
1347085 320210 287 81641
1347086 320210 287 90799
1347087 320210 287 4
1347088 320210 287 17025
1347089 320210 287 451
1347104 320213 287 1213
1347105 320213 287 125
1347106 320213 287 97
1347107 320213 287 451
1347108 320214 287 1126
1347109 320214 287 16294
1347110 320214 287 5120
1347111 320214 287 37996
1347112 320214 287 90796
1347113 320214 287 41215
1347114 320214 287 4335
1347115 320214 287 64844
1347116 320214 287 1651
1347117 320214 287 1907
1347118 320214 287 1565
1347119 320214 287 4053
1347125 268657 287 1049
1347126 268657 287 311
1347127 268657 287 343
1347128 268657 287 1123
1347129 268657 287 8286
1347130 303523 287 16294
1347131 303523 287 90801
1347132 303523 287 1049
1347133 303523 287 1213
1347134 303523 287 37996
1347135 303523 287 1704
1347136 303523 287 64844
1347137 303523 287 311
1347138 303523 287 503
1347139 303523 287 8286
1347142 79399 287 1937
1347143 79399 287 292
1347144 79399 287 80
1347145 79399 287 72
1347146 320216 287 16294
1347147 320216 287 29533
1347152 320218 287 869
1347153 320218 287 4627
1347154 320218 287 4073
1347188 320222 287 90796
1347189 320222 287 311
1347190 320222 287 869
1347191 320222 287 503
1347192 320222 287 3743
1347193 320222 287 97
1347194 320222 287 41215
1347195 320222 287 4335
1347196 320222 287 1565
1347197 320222 287 24997
1347214 65787 287 5051
1347215 65787 287 138
1347216 65787 287 1049
1347231 320226 287 16294
1347232 320226 287 1049
1347233 320226 287 1213
1347234 320226 287 37996
1347235 320226 287 125
1347236 320226 287 8936
1347237 320226 287 8286
1347238 320226 287 1704
1347239 320226 287 138
1347240 320226 287 1896
1347241 320226 287 311
1347242 320226 287 292
1347243 320226 287 23857
1347244 320226 287 80
1347245 320226 287 13811
1347246 320226 287 225
1347247 320226 287 17176
1347248 320226 287 72
1347249 320227 287 5120
1347250 320227 287 1049
1347251 320227 287 51628
1347252 320227 287 1704
1347253 320227 287 138
1347254 320227 287 1058
1347255 320227 287 1184
1347256 320227 287 5831
1347257 320227 287 292
1347258 320227 287 4335
1347259 320227 287 13811
1347260 320228 287 1213
1347261 320228 287 17025
1347262 320228 287 451
1347263 320229 287 16294
1347264 320229 287 5120
1347265 320229 287 1049
1347266 320229 287 37996
1347267 320229 287 3083
1347268 320229 287 4369
1347269 320229 287 138
1347270 320229 287 1058
1347271 320229 287 311
1347272 320229 287 54312
1347273 320229 287 1565
1347274 320229 287 90799
1347275 320229 287 17025
1347276 320230 287 5120
1347277 320230 287 51628
1347278 320230 287 29533
1347279 320230 287 8936
1347280 320230 287 4621
1347281 320230 287 4369
1347282 320230 287 55117
1347283 320230 287 1058
1347284 320230 287 5831
1347285 320230 287 23857
1347286 320230 287 80
1347287 320230 287 1651
1347288 320230 287 295
1347289 320230 287 1565
1347290 320230 287 72
1347291 320230 287 90799
1347292 320230 287 343
1347293 320230 287 17025
1347294 320230 287 8286
1347295 320231 287 16294
1347296 320231 287 1049
1347297 320231 287 1213
1347298 320231 287 37996
1347299 320231 287 125
1347300 320231 287 1704
1347301 320231 287 138
1347302 320231 287 6052
1347303 320231 287 311
1347304 320231 287 292
1347305 320231 287 295
1347306 320231 287 1907
1347307 320231 287 29956
1347308 320231 287 334
1347309 320231 287 4251
1347310 320231 287 11
1347311 320231 287 90799
1347312 320232 287 1049
1347313 320232 287 138
1347314 320232 287 3835
1347315 320232 287 311
1347316 320232 287 1565
1347317 320232 287 503
1347318 320232 287 1126
1347319 320232 287 90796
1347320 320233 287 4169
1347321 320233 287 4369
1347322 320233 287 1704
1347323 320233 287 138
1347324 320233 287 4428
1347325 320233 287 11
1347346 320237 287 5120
1347347 320237 287 4292
1347348 320237 287 1049
1347349 320237 287 4201
1347350 320237 287 37996
1347351 320237 287 138
1347352 320237 287 13811
1347353 320237 287 334
1347354 320237 287 583
1347355 320237 287 24182
1347356 11923 287 4369
1347357 11923 287 1049
1347358 11923 287 1213
1347359 11923 287 125
1347360 11923 287 451
1347361 11923 287 343
1347362 320238 287 16294
1347363 320238 287 1049
1347364 320238 287 37996
1347365 320238 287 8936
1347366 320238 287 1704
1347367 320238 287 1058
1347368 320238 287 5776
1347369 320238 287 97
1347370 320238 287 23857
1347371 320238 287 13811
1347372 320238 287 1907
1347373 320238 287 29956
1347374 320238 287 1565
1347375 320238 287 90799
1347376 320238 287 4
1347377 320238 287 72
1347378 320238 287 451
1347379 320238 287 17025
1347380 320239 287 451
1347381 320239 287 87474
1347396 320240 287 1049
1347397 320240 287 451
1347403 320241 287 29
1347404 320241 287 29956
1347405 320242 287 1049
1347406 320242 287 97
1347407 320242 287 3743
1347408 320242 287 451
1347409 320242 287 1126
1347410 320243 287 5120
1347411 320243 287 4292
1347412 320243 287 1213
1347413 320243 287 29533
1347414 320243 287 13781
1347415 320243 287 451
1347465 320247 287 16294
1347466 320247 287 5120
1347467 320247 287 1049
1347468 320247 287 37996
1347469 320247 287 29533
1347470 320247 287 254
1347471 320247 287 5927
1347472 320247 287 138
1347473 320247 287 1058
1347474 320247 287 1184
1347475 320247 287 27482
1347476 320247 287 90803
1347477 320247 287 311
1347478 320247 287 225
1347479 320247 287 1565
1347480 320247 287 8473
1347481 320247 287 15930
1347482 320247 287 78479
1347483 320247 287 17025
1347484 320247 287 286
1347490 320249 287 1275
1347491 320249 287 4169
1347517 320251 287 29533
1347518 320251 287 1049
1347519 320251 287 17025
1347533 320253 287 29533
1347534 320253 287 254
1347535 320253 287 17025
1347536 320253 287 1058
1347537 320253 287 81641
1347538 320253 287 451
1347539 320254 287 16294
1347540 320254 287 1049
1347541 320254 287 5927
1347542 320254 287 1184
1347543 320254 287 29533
1347544 320254 287 17025
1347545 320255 287 5120
1347546 320255 287 1213
1347547 320255 287 29533
1347548 320255 287 4335
1347549 320255 287 1565
1347550 320255 287 81641
1347551 320256 287 5120
1347552 320256 287 1049
1347553 320256 287 37996
1347554 320256 287 51628
1347555 320256 287 29533
1347556 320256 287 125
1347557 320256 287 3083
1347558 320256 287 1704
1347559 320256 287 1058
1347560 320256 287 5831
1347561 320256 287 4335
1347562 320256 287 97
1347563 320256 287 36273
1347564 320256 287 13811
1347565 320256 287 1907
1347566 320256 287 1565
1347567 320256 287 81641
1347568 320256 287 90799
1347569 320256 287 17025
1347580 320259 287 37996
1347581 320259 287 81641
1347582 320259 287 29533
1347583 267278 287 5120
1347584 267278 287 4292
1347585 267278 287 254
1347586 267278 287 3083
1347587 267278 287 292
1347588 267278 287 4335
1347589 267278 287 97
1347590 267278 287 36273
1347591 267278 287 3743
1347592 267278 287 90797
1347593 267278 287 4428
1347594 267278 287 24997
1347595 267278 287 451
1347596 267278 287 869
1347627 320261 287 5120
1347628 320261 287 1049
1347629 320261 287 4369
1347630 320261 287 4335
1347631 320261 287 64844
1347632 320261 287 90798
1347633 320261 287 4
1347634 320261 287 343
1347645 320263 287 16294
1347646 320263 287 138
1347647 320263 287 90796
1347648 320263 287 1651
1347649 320263 287 90797
1347650 320263 287 4428
1347651 320263 287 8719
1347712 304020 287 5083
1347713 304020 287 125
1347714 304020 287 451
1347715 8745 287 1049
1347716 8745 287 1213
1347717 8745 287 4335
1347718 8745 287 97
1347719 8745 287 24997
1347720 8745 287 343
1347721 8745 287 16294
1347722 8745 287 37996
1347723 8745 287 64844
1347724 320269 287 16294
1347725 320269 287 51628
1347726 320269 287 941
1347727 174623 287 1049
1347728 174623 287 125
1347729 174623 287 1704
1347730 174623 287 8473
1347731 174623 287 17025
1347732 174623 287 51628
1347733 174623 287 4428
1347734 174623 287 90798
1347735 172998 287 1049
1347736 172998 287 1565
1347737 172998 287 1126
1347738 172998 287 451
1347739 172999 287 1049
1347740 172999 287 1565
1347741 172999 287 1126
1347742 172999 287 451
1347754 320271 287 1568
1347755 320271 287 8936
1347756 320271 287 41215
1347757 320271 287 2486
1347758 320271 287 4385
1347759 320271 287 295
1347760 320271 287 125
1347761 320271 287 451
1347774 320273 287 1049
1347775 320273 287 1213
1347776 320273 287 125
1347778 320275 287 503
1347779 320275 287 8473
1347780 320275 287 17176
1347781 320275 287 37996
1347782 320275 287 295
1347815 320279 287 29
1347816 320279 287 8577
1347817 320279 287 54129
1347833 320283 287 24824
1347846 320285 287 16294
1347847 320285 287 5120
1347848 320285 287 1049
1347849 320285 287 37996
1347850 320285 287 8286
1347851 320285 287 1058
1347852 320285 287 90803
1347853 320285 287 311
1347854 320285 287 4335
1347855 320285 287 97
1347856 320285 287 64844
1347857 320285 287 81641
1347858 320285 287 90799
1347859 320285 287 4
1347860 320285 287 17025
1347864 304207 287 2187
1347865 304207 287 37996
1347866 304207 287 51628
1347867 304207 287 5083
1347868 304207 287 1923
1347869 304207 287 4369
1347870 304207 287 1704
1347871 304207 287 138
1347872 304207 287 97
1347873 304207 287 54312
1347874 304207 287 64844
1347875 304207 287 1565
1347876 304207 287 425
1347877 304207 287 4053
1347878 304207 287 19039
1347879 304207 287 1126
1347880 304207 287 1726
1347881 304207 287 3802
1347882 304207 287 1123
1347907 316942 287 125
1347908 316942 287 1704
1347909 316942 287 138
1347910 316942 287 1049
1347911 189671 287 1049
1347912 189671 287 343
1347913 189671 287 451
1347936 320289 287 16294
1347937 320289 287 37996
1347938 320289 287 1704
1347939 320289 287 4621
1347940 320289 287 1058
1347941 320289 287 3246
1347942 320289 287 90803
1347943 320289 287 311
1347944 320289 287 4335
1347945 320289 287 97
1347946 320289 287 64844
1347947 320289 287 8820
1347948 320289 287 1565
1347949 320289 287 81641
1347950 320289 287 24997
1347951 320289 287 343
1347952 320289 287 451
1347953 320289 287 8719
1347954 320290 287 1049
1347955 320290 287 1058
1347956 320290 287 1937
1347957 320290 287 311
1347958 320290 287 4
1347959 320290 287 451
1347960 320290 287 1907
1347986 320293 287 29533
1347987 320293 287 97
1347988 320293 287 4428
1347989 320293 287 295
1347990 320293 287 4251
1347991 320293 287 81641
1347992 320294 287 1058
1347993 320294 287 24182
1347994 320294 287 1049
1347995 320294 287 138
1347996 320294 287 4428
1347997 320294 287 90805
1347998 320294 287 1565
1347999 320294 287 90798
1348000 320294 287 90799
1348001 320294 287 15930
1348002 320294 287 451
1348003 320294 287 8719
1348004 293046 287 65190
1348005 293046 287 2187
1348006 267285 287 1049
1348007 267285 287 37996
1348008 267285 287 4369
1348009 267285 287 1704
1348010 267285 287 138
1348011 267285 287 225
1348012 267285 287 1565
1348013 267285 287 90799
1348014 267285 287 10951
1348015 267285 287 17025
1348016 267285 287 8719
1348017 186065 287 5120
1348018 186065 287 4292
1348019 186065 287 37996
1348020 186065 287 254
1348021 186065 287 1704
1348022 186065 287 138
1348023 186065 287 1058
1348024 186065 287 4335
1348025 186065 287 292
1348026 186065 287 80
1348027 186065 287 90797
1348028 186065 287 4428
1348029 186065 287 295
1348030 186065 287 334
1348031 186065 287 90798
1348032 186065 287 72
1348033 186065 287 4
1348034 186065 287 1126
1348035 186065 287 343
1348051 320296 287 5120
1348052 320296 287 29533
1348053 320296 287 3083
1348054 320296 287 1058
1348055 320296 287 90803
1348056 320296 287 4335
1348057 320296 287 97
1348058 320296 287 3743
1348059 320296 287 1565
1348060 320296 287 81641
1348061 320296 287 24997
1348062 320296 287 8719
1348063 320297 287 37996
1348064 320297 287 24824
1348065 320297 287 254
1348066 320297 287 3083
1348067 320297 287 4369
1348068 320297 287 1704
1348069 320297 287 19582
1348070 320297 287 41215
1348071 320297 287 138
1348072 320297 287 359
1348073 320297 287 4428
1348074 320297 287 295
1348075 320297 287 4251
1348076 320297 287 1565
1348077 320297 287 90798
1348078 320297 287 50891
1348079 320297 287 8719
1348080 320298 287 294
1348081 320298 287 4053
1348082 320298 287 451
1348083 110614 287 2187
1348084 110614 287 4053
1348085 110614 287 1126
1348086 110614 287 451
1348087 320299 287 5120
1348088 320299 287 4292
1348089 320299 287 2187
1348090 320299 287 37996
1348091 320299 287 51628
1348092 320299 287 1923
1348093 320299 287 2971
1348094 320299 287 2356
1348095 320299 287 1704
1348096 320299 287 138
1348097 320299 287 1058
1348098 320299 287 27482
1348099 320299 287 60261
1348100 320299 287 311
1348101 320299 287 638
1348102 320299 287 4335
1348103 320299 287 97
1348104 320299 287 36273
1348105 320299 287 54312
1348106 320299 287 64844
1348107 320299 287 4428
1348108 320299 287 295
1348109 320299 287 334
1348110 320299 287 4251
1348111 320299 287 72
1348112 320299 287 4
1348113 320299 287 19039
1348114 320299 287 1126
1348134 320302 287 90801
1348135 320302 287 941
1348136 320302 287 37996
1348137 320302 287 1923
1348138 320302 287 97
1348139 320302 287 64844
1348140 320302 287 6
1348141 320302 287 869
1348142 320302 287 8719
1348147 267461 287 16294
1348148 267461 287 1184
1348149 267461 287 3824
1348175 173722 287 16294
1348176 173722 287 5120
1348177 173722 287 37996
1348178 173722 287 29533
1348179 173722 287 8286
1348180 173722 287 90803
1348181 173722 287 97
1348182 173722 287 3743
1348183 173722 287 295
1348184 173722 287 81641
1348185 173722 287 8473
1348186 173722 287 24997
1348187 173722 287 90799
1348188 173722 287 17025
1348199 320307 287 17025
1348200 320307 287 1565
1348201 177222 287 138
1348202 177222 287 3743
1348203 177222 287 286
1348204 177222 287 16294
1348205 177222 287 1213
1348206 177222 287 3083
1348207 177222 287 2486
1348208 177222 287 1184
1348209 177222 287 292
1348210 177222 287 97
1348211 177222 287 24997
1348212 177222 287 17025
1348213 320308 287 16294
1348214 320308 287 1049
1348215 320308 287 1213
1348216 320308 287 55117
1348217 320308 287 138
1348218 320309 287 1049
1348219 320309 287 138
1348220 320309 287 4428
1348221 320309 287 5083
1348222 320309 287 4621
1348223 320309 287 451
1348231 320311 287 311
1348232 320311 287 90796
1348233 320311 287 6101
1348238 169085 287 1213
1348239 169085 287 125
1348240 169085 287 138
1348241 169085 287 72
1348242 169085 287 4053
1348243 169085 287 1126
1348244 169085 287 16294
1348245 169085 287 2150
1348246 169085 287 1049
1348247 169085 287 1184
1348248 169085 287 3824
1348249 169085 287 60261
1348250 169085 287 1937
1348251 169085 287 64844
1348252 169085 287 4428
1348253 169085 287 1907
1348254 169085 287 29956
1348269 320314 287 3743
1348270 320314 287 1565
1348271 320314 287 24997
1348274 7452 287 16294
1348275 7452 287 90801
1348276 7452 287 5120
1348277 7452 287 1049
1348278 7452 287 4369
1348279 7452 287 1058
1348280 7452 287 311
1348281 7452 287 4335
1348282 7452 287 97
1348283 7452 287 36273
1348284 7452 287 64844
1348285 7452 287 4428
1348286 7452 287 81641
1348287 7452 287 90799
1348288 7452 287 1726
1348291 320316 287 16294
1348292 320316 287 5120
1348293 320316 287 1049
1348294 320316 287 37996
1348295 320316 287 29533
1348296 320316 287 4369
1348297 320316 287 1704
1348298 320316 287 1058
1348299 320316 287 311
1348300 320316 287 1932
1348301 320316 287 80
1348302 320316 287 1907
1348303 320316 287 81641
1348304 320316 287 90799
1348311 320318 287 5120
1348312 320318 287 37996
1348313 320318 287 29533
1348314 320318 287 953
1348315 320318 287 1058
1348316 320318 287 27482
1348317 320318 287 359
1348318 320318 287 90803
1348319 320318 287 311
1348320 320318 287 4335
1348321 320318 287 97
1348322 320318 287 64844
1348323 320318 287 1565
1348324 320318 287 81641
1348325 320318 287 90798
1348326 320318 287 90799
1348374 190019 287 4
1348375 190019 287 334
1348376 190019 287 125
1348377 190019 287 8878
1348378 190019 287 295
1348379 190019 287 4251
1348380 190019 287 7599
1348401 320324 287 16294
1348402 320324 287 37996
1348403 320324 287 125
1348404 320324 287 90796
1348405 320324 287 1704
1348406 320324 287 1058
1348407 320324 287 1651
1348408 320324 287 4428
1348409 320324 287 1907
1348410 320324 287 1565
1348411 320324 287 4
1348412 320325 287 16294
1348413 320325 287 4292
1348414 320325 287 941
1348415 320325 287 1184
1348416 320325 287 8719
1348417 320326 287 1049
1348418 320326 287 37996
1348419 320326 287 138
1348420 320326 287 1058
1348421 320326 287 4621
1348422 320326 287 4369
1348423 320326 287 90798
1348424 320326 287 17025
1348437 139904 287 1049
1348438 139904 287 2971
1348439 139904 287 4621
1348440 139904 287 138
1348441 139904 287 1932
1348442 139904 287 451
1348443 139904 287 81641
1348444 139904 287 90797
1348445 139904 287 51628
1348446 139904 287 4
1348449 320329 287 5120
1348450 320329 287 1213
1348451 320329 287 29533
1348452 320329 287 4369
1348453 320329 287 1896
1348454 320329 287 97
1348455 320329 287 4251
1348456 320329 287 17025
1348457 320329 287 8719
1348458 320330 287 5120
1348459 320330 287 4292
1348460 320330 287 1049
1348461 320330 287 37996
1348462 320330 287 3083
1348463 320330 287 1704
1348464 320330 287 138
1348465 320330 287 1058
1348466 320330 287 359
1348467 320330 287 3824
1348468 320330 287 311
1348469 320330 287 97
1348470 320330 287 3743
1348471 320330 287 64844
1348472 320330 287 1907
1348473 320330 287 29956
1348474 320330 287 4251
1348475 320330 287 15781
1348476 320330 287 24997
1348477 320330 287 72
1348478 320330 287 4
1348479 320330 287 139
1348480 320330 287 295
1348481 320330 287 1726
1348482 320330 287 47018
1348483 293082 287 4619
1348484 293082 287 97
1348485 293082 287 286
1348486 293082 287 1049
1348487 293082 287 311
1348488 293082 287 5831
1348489 320331 287 138
1348490 320331 287 1937
1348491 320331 287 2150
1348492 320331 287 1049
1348493 320331 287 3083
1348494 320331 287 311
1348495 320331 287 286
1348496 320331 287 5453
1348506 320334 287 16294
1348507 320334 287 90801
1348508 320334 287 37996
1348509 320334 287 29533
1348510 320334 287 5831
1348511 320334 287 90803
1348512 320334 287 311
1348513 320334 287 64844
1348514 320334 287 4335
1348515 320334 287 90798
1348516 320334 287 1123
1348535 320337 287 16294
1348536 320337 287 5120
1348537 320337 287 4292
1348538 320337 287 1213
1348539 320337 287 8936
1348540 320337 287 953
1348541 320337 287 41215
1348542 320337 287 2486
1348543 320337 287 138
1348544 320337 287 1896
1348545 320337 287 1937
1348546 320337 287 292
1348547 320337 287 23857
1348548 320337 287 36273
1348549 320337 287 225
1348550 320337 287 1651
1348551 320337 287 1565
1348552 320337 287 72
1348553 320337 287 90799
1348554 320337 287 4053
1348555 320337 287 8719
1348586 320339 287 90806
1348587 320339 287 311
1348588 320339 287 29
1348589 320339 287 451
1348590 320339 287 90807
1348591 34722 287 4292
1348592 34722 287 295
1348593 34722 287 4
1348594 34722 287 451
1348606 194498 287 1213
1348607 194498 287 2187
1348608 194498 287 125
1348609 194498 287 1704
1348610 194498 287 311
1348611 194498 287 292
1348612 194498 287 97
1348613 194498 287 503
1348614 320340 287 90796
1348615 320340 287 2187
1348616 320340 287 1126
1348617 320340 287 1704
1348618 320340 287 4
1348629 320342 287 1896
1348630 320342 287 1123
1348645 15707 287 295
1348646 15707 287 1565
1348647 15707 287 4
1348648 15707 287 451
1348649 190245 287 503
1348665 256771 287 295
1348666 256771 287 451
1348695 320347 287 1049
1348696 320348 287 294
1348697 320348 287 583
1348698 320348 287 503
1348699 320348 287 451
1348700 320349 287 16294
1348701 320349 287 37996
1348702 320349 287 311
1348703 320349 287 80
1348704 320349 287 64844
1348705 320349 287 451
1348706 320350 287 1049
1348707 320350 287 37996
1348708 320350 287 29533
1348709 320350 287 311
1348710 320350 287 4335
1348711 320350 287 3743
1348712 320350 287 64844
1348713 320350 287 4
1348714 320350 287 97
1348747 320353 287 23857
1348748 320353 287 1049
1348752 320354 287 451
1348753 320355 287 5453
1348754 320356 287 37996
1348755 320356 287 51628
1348756 320356 287 29533
1348757 320356 287 90806
1348758 320356 287 125
1348759 320356 287 1704
1348760 320356 287 1058
1348761 320356 287 311
1348762 320356 287 1932
1348763 320356 287 64844
1348764 320356 287 1907
1348765 320356 287 4251
1348766 320356 287 54129
1348767 320356 287 1123
1348769 320358 287 451
1348772 320360 287 5120
1348773 320360 287 4292
1348774 320360 287 37996
1348775 320360 287 51628
1348776 320360 287 953
1348777 320360 287 1704
1348778 320360 287 64844
1348779 320360 287 1565
1348780 320360 287 90798
1348781 320360 287 15930
1348782 320360 287 1726
1348783 320360 287 451
1348784 320360 287 1123
1348826 320365 287 1213
1348827 320365 287 1184
1348828 320365 287 311
1348829 320365 287 72
1348830 320365 287 451
1348837 320367 287 5120
1348838 320367 287 1049
1348839 320367 287 37996
1348840 320367 287 51628
1348841 320367 287 90796
1348842 320367 287 4369
1348843 320367 287 1704
1348844 320367 287 41215
1348845 320367 287 4335
1348846 320367 287 97
1348847 320367 287 36273
1348848 320367 287 13811
1348849 320367 287 20082
1348850 320367 287 1651
1348851 320367 287 90797
1348852 320367 287 4428
1348853 320367 287 295
1348854 320367 287 523
1348855 320367 287 1565
1348856 320367 287 8473
1348857 320367 287 90798
1348858 320367 287 90799
1348859 320367 287 1568
1348860 320367 287 50891
1348904 320371 287 4292
1348905 320371 287 3083
1348906 320371 287 638
1348907 320371 287 292
1348908 320371 287 97
1348909 320371 287 3743
1348910 320371 287 311
1348911 320371 287 17025
1348912 320371 287 8286
1348932 169388 287 3835
1348933 169388 287 503
1348934 169388 287 451
1348954 320376 287 5120
1348955 320376 287 4292
1348956 320376 287 2971
1348957 320376 287 4369
1348958 320376 287 1058
1348959 320376 287 5831
1348960 320376 287 638
1348961 320376 287 292
1348962 320376 287 4335
1348963 320376 287 361
1348964 320376 287 97
1348965 320376 287 81641
1348966 320376 287 90799
1348967 320376 287 895
1348968 320376 287 39321
1348969 320376 287 17025
1349004 260667 287 125
1349005 260667 287 1704
1349006 260667 287 2486
1349007 260667 287 138
1349008 260667 287 5831
1349009 260667 287 5776
1349010 260667 287 4
1349011 260667 287 139
1349012 260667 287 1049
1349013 260667 287 941
1349089 320388 287 1049
1349090 320388 287 37996
1349091 320388 287 1932
1349092 178291 287 254
1349093 178291 287 953
1349094 178291 287 4369
1349095 178291 287 1704
1349096 178291 287 41215
1349097 178291 287 2486
1349098 178291 287 5831
1349099 178291 287 359
1349100 178291 287 292
1349101 178291 287 97
1349102 178291 287 225
1349103 178291 287 4428
1349104 178291 287 295
1349105 178291 287 334
1349106 178291 287 583
1349107 178291 287 4251
1349108 178291 287 90798
1349109 178291 287 50891
1349110 178291 287 58811
1349111 178291 287 343
1349112 178291 287 451
1349113 178291 287 1726
1349114 178291 287 3835
1349115 178291 287 1123
1349123 169446 287 1213
1349124 169446 287 138
1349125 169446 287 583
1349126 169446 287 451
1349127 320391 287 16294
1349128 320391 287 4201
1349129 320391 287 3083
1349130 320391 287 2486
1349131 320391 287 5831
1349132 320391 287 359
1349133 320391 287 3824
1349134 320391 287 292
1349135 320391 287 3743
1349136 320391 287 225
1349137 320391 287 8878
1349138 320391 287 295
1349139 320391 287 4251
1349140 320391 287 17176
1349141 320391 287 72
1349142 320391 287 4
1349143 320391 287 15930
1349144 200812 287 1049
1349145 200812 287 37996
1349146 200812 287 254
1349147 200812 287 8936
1349148 200812 287 138
1349149 200812 287 1058
1349150 200812 287 4369
1349151 200812 287 1704
1349152 200812 287 953
1349153 200812 287 23857
1349154 200812 287 1565
1349155 190713 287 5120
1349156 190713 287 4292
1349157 190713 287 4201
1349158 190713 287 37996
1349159 190713 287 125
1349160 190713 287 24824
1349161 190713 287 4621
1349162 190713 287 4369
1349163 190713 287 1704
1349164 190713 287 1779
1349165 190713 287 295
1349166 190713 287 334
1349167 190713 287 4251
1349168 190713 287 58811
1349200 206614 287 37996
1349201 206614 287 3083
1349202 206614 287 292
1349231 320398 287 16294
1349232 320398 287 1049
1349233 320398 287 138
1349234 320398 287 311
1349235 320398 287 1932
1349236 320398 287 294
1349237 320398 287 4073
1349238 320398 287 451
1349239 320399 287 5120
1349240 320399 287 3083
1349241 320399 287 4369
1349242 320399 287 1058
1349243 320399 287 4335
1349244 320399 287 97
1349245 320399 287 54312
1349246 320399 287 1565
1349247 320399 287 90799
1349248 320399 287 17025
1349255 320400 287 4053
1349256 320400 287 451
1349282 320401 287 90809
1349283 320401 287 451
1349297 268047 287 311
1349298 268047 287 4335
1349299 268047 287 5120
1349300 268047 287 4292
1349301 268047 287 97
1349302 268047 287 4428
1349303 268047 287 1907
1349304 268047 287 81641
1349305 268047 287 90799
1349306 268047 287 4
1349307 268047 287 869
1349312 320406 287 16294
1349313 320406 287 5120
1349314 320406 287 1049
1349315 320406 287 941
1349316 320406 287 37996
1349317 320406 287 51628
1349318 320406 287 254
1349319 320406 287 138
1349320 320406 287 41215
1349321 320406 287 1058
1349322 320406 287 638
1349323 320406 287 80
1349324 320406 287 13811
1349325 320406 287 64844
1349326 320406 287 295
1349327 320406 287 6
1349328 320406 287 4251
1349329 320406 287 90805
1349330 320406 287 1565
1349331 320406 287 81641
1349332 320406 287 90798
1349333 320406 287 90799
1349334 320406 287 90800
1349360 320410 287 294
1349361 320410 287 3835
1349362 320410 287 1907
1349363 320410 287 451
1349364 244660 287 869
1349365 244660 287 5120
1349366 244660 287 4292
1349367 244660 287 51628
1349368 244660 287 254
1349369 244660 287 638
1349370 244660 287 36273
1349371 244660 287 4428
1349372 244660 287 90805
1349373 244660 287 1565
1349374 244660 287 90798
1349375 244660 287 24182
1349376 244660 287 15930
1349380 2184 287 1213
1349381 2184 287 125
1349382 2184 287 138
1349383 2184 287 1937
1349384 2184 287 311
1349385 2184 287 638
1349386 2184 287 72
1349387 2184 287 4
1349388 2184 287 451
1349435 320416 287 1049
1349436 320416 287 1213
1349437 320416 287 311
1349438 320416 287 29
1349439 320416 287 343
1349440 320416 287 334
1349443 9674 287 4385
1349444 9674 287 7599
1349445 9674 287 295
1349446 9674 287 4251
1349447 9674 287 1565
1349448 9674 287 58811
1349449 9674 287 343
1349450 9674 287 451
1349451 320418 287 16294
1349452 320418 287 1049
1349453 320418 287 1923
1349454 320418 287 138
1349455 320418 287 1058
1349456 320418 287 4335
1349457 320418 287 1932
1349458 320418 287 413
1349459 320418 287 81641
1349460 320418 287 90799
1349465 320420 287 125
1349466 320420 287 1779
1349467 320420 287 638
1349497 320422 287 1049
1349498 320422 287 138
1349499 320422 287 523
1349500 320422 287 5120
1349501 320422 287 37996
1349502 320422 287 254
1349503 320422 287 1704
1349504 320422 287 1058
1349505 320422 287 1565
1349506 320422 287 90798
1349507 320422 287 90799
1349508 320422 287 15930
1349509 320422 287 451
1349510 320423 287 16294
1349511 320423 287 1049
1349512 320423 287 37996
1349513 320423 287 138
1349514 320423 287 1058
1349515 320423 287 97
1349516 320423 287 64844
1349517 320423 287 17025
1349518 194712 287 451
1349519 194712 287 583
1349520 194712 287 4251
1349521 194712 287 343
1349537 320426 287 29
1349538 320426 287 16294
1349539 320426 287 1213
1349540 320426 287 29533
1349541 320426 287 90806
1349542 320426 287 1704
1349543 320426 287 78479
1349544 320426 287 4169
1349545 320426 287 42382
1349550 268161 287 294
1349551 268161 287 16294
1349552 268161 287 1049
1349553 268161 287 37996
1349554 268161 287 1704
1349555 268161 287 138
1349556 268161 287 60261
1349557 268161 287 292
1349558 268161 287 4335
1349559 268161 287 97
1349560 268161 287 295
1349561 268161 287 81641
1349562 320428 287 90796
1349563 320428 287 4428
1349564 320428 287 334
1349565 320428 287 583
1349566 320428 287 90805
1349567 320428 287 1565
1349568 320428 287 8473
1349569 320428 287 4
1349570 320428 287 2568
1349571 320428 287 869
1349577 320430 287 1779
1349578 320430 287 638
1349579 320430 287 139
1349580 320430 287 451
1349581 320430 287 138
1349582 320430 287 27482
1349599 320432 287 1049
1349600 320432 287 125
1349601 320432 287 451
1349624 320435 287 1704
1349625 320435 287 1049
1349626 320435 287 37996
1349627 320435 287 29533
1349628 320435 287 17025
1349629 320435 287 90798
1349630 320435 287 4
1349631 320435 287 90803
1349632 320436 287 37996
1349633 320436 287 20882
1349634 320436 287 97
1349635 320436 287 20082
1349636 320436 287 451
1349637 320436 287 869
1349641 268193 287 8286
1349642 268193 287 4201
1349643 268193 287 125
1349644 268193 287 5831
1349645 268193 287 638
1349655 127304 287 3083
1349656 127304 287 2486
1349657 127304 287 3743
1349658 127304 287 29
1349659 127304 287 4
1349666 320440 287 1126
1349667 320440 287 869
1349668 320440 287 90799
1349669 320440 287 1779
1349670 320440 287 4335
1349671 320440 287 54312
1349672 320440 287 90805
1349673 305773 287 1049
1349674 305773 287 451
1349675 305773 287 4
1349676 305773 287 295
1349718 320445 287 16294
1349719 320445 287 2150
1349720 320445 287 1213
1349721 320445 287 2520
1349722 320445 287 953
1349723 320445 287 4369
1349724 320445 287 1704
1349725 320445 287 311
1349726 320445 287 451
1349727 320446 287 334
1349728 320446 287 451
1349742 320448 287 2486
1349743 320448 287 1937
1349744 320448 287 295
1349745 320448 287 4
1349746 320448 287 451
1349747 320448 287 286
1349748 320449 287 1049
1349749 320449 287 125
1349750 320449 287 451
1349759 320450 287 17025
1349760 320450 287 5120
1349761 320450 287 16294
1349762 320450 287 1049
1349763 320450 287 90806
1349764 320450 287 1704
1349765 320450 287 138
1349766 320450 287 1058
1349767 320450 287 97
1349768 320450 287 80
1349769 320450 287 13811
1349770 320450 287 64844
1349771 320450 287 295
1349772 320450 287 54129
1349773 320450 287 29
1349774 318769 287 16294
1349775 318769 287 90806
1349776 318769 287 1704
1349777 318769 287 311
1349778 318769 287 64844
1349779 318769 287 1907
1349780 318769 287 29956
1349781 318769 287 54129
1349782 318769 287 90799
1349783 318769 287 15930
1349784 318769 287 343
1349806 320455 287 125
1349807 320455 287 5831
1349808 320455 287 451
1349814 269317 287 1049
1349815 269317 287 1704
1349816 269317 287 16294
1349817 269317 287 4201
1349818 269317 287 37996
1349819 269317 287 125
1349820 269317 287 254
1349821 269317 287 4621
1349822 269317 287 19582
1349823 269317 287 138
1349824 269317 287 1058
1349825 269317 287 1184
1349826 269317 287 27482
1349827 269317 287 225
1349828 269317 287 20961
1349829 269317 287 17176
1349830 269317 287 286
1349831 320456 287 29
1349832 320456 287 1546
1349833 125632 287 138
1349834 125632 287 97
1349835 125632 287 343
1349836 125632 287 17025
1349837 125632 287 8936
1349838 125632 287 23857
1349839 306074 287 8286
1349844 293360 287 1049
1349845 293360 287 97
1349846 293360 287 16294
1349847 293360 287 5120
1349848 293360 287 37996
1349849 293360 287 254
1349850 293360 287 138
1349851 293360 287 1058
1349852 293360 287 225
1349853 293360 287 17025
1349854 293360 287 46257
1349855 320458 287 5120
1349856 320458 287 4292
1349857 320458 287 4369
1349858 320458 287 138
1349859 320458 287 1058
1349860 320458 287 4335
1349861 320458 287 97
1349862 320458 287 54312
1349863 320458 287 51628
1349864 320458 287 90798
1349865 320458 287 90799
1349866 320458 287 10951
1349867 186477 287 29
1349868 186477 287 451
1349869 186477 287 20456
1349871 320460 287 90798
1349872 320460 287 1565
1349873 320460 287 125
1349874 320460 287 523
1349878 320462 287 125
1349879 320462 287 4
1349880 320462 287 8936
1349881 320462 287 4369
1349882 320462 287 1704
1349883 320462 287 292
1349884 320462 287 23857
1349885 320462 287 80
1349886 320462 287 17176
1349887 320462 287 72
1349888 320462 287 451
1349899 12735 287 5120
1349900 12735 287 4201
1349901 12735 287 51628
1349902 12735 287 8936
1349903 12735 287 4369
1349904 12735 287 1704
1349905 12735 287 80
1349906 12735 287 1565
1349907 12735 287 24
1349908 12735 287 72
1349909 12735 287 90799
1349910 12735 287 4
1349911 12735 287 451
1349912 320465 287 16294
1349913 320465 287 1213
1349914 320465 287 292
1349915 320465 287 638
1349916 320465 287 334
1349917 320465 287 4251
1349918 320465 287 90799
1349930 320466 287 16294
1349931 320466 287 90801
1349932 320466 287 37996
1349933 320466 287 1704
1349934 320466 287 19582
1349935 320466 287 41215
1349936 320466 287 97
1349937 320466 287 80
1349938 320466 287 64844
1349939 320466 287 29
1349940 320466 287 72
1349941 320466 287 1123
1349951 27799 287 72
1349952 27799 287 1123
1349971 320469 287 1049
1349972 320469 287 1213
1349973 320469 287 451
1349974 320469 287 869
1349975 320469 287 8577
1349976 291669 287 125
1349977 291669 287 451
1349992 16465 287 1213
1349993 16465 287 294
1349994 16465 287 254
1349995 16465 287 4
1349996 16465 287 451
1349997 16465 287 8719
1350007 320473 287 5120
1350008 320473 287 37996
1350009 320473 287 1704
1350010 320473 287 311
1350011 320474 287 5120
1350012 320474 287 4292
1350013 320474 287 51628
1350014 320474 287 4369
1350015 320474 287 41215
1350016 320474 287 361
1350017 320474 287 36273
1350018 320474 287 4428
1350019 320474 287 295
1350020 320474 287 334
1350021 320474 287 90805
1350022 320474 287 24997
1350023 320474 287 72
1350024 320474 287 90799
1350025 320474 287 4
1350026 320474 287 1726
1350027 320474 287 1123
1350028 320475 287 1049
1350029 320475 287 343
1350030 320475 287 1123
1350031 319035 287 16294
1350032 319035 287 90801
1350033 319035 287 5120
1350034 319035 287 941
1350035 319035 287 5927
1350036 319035 287 55117
1350037 319035 287 138
1350038 319035 287 1184
1350039 319035 287 4877
1350040 319035 287 3824
1350041 319035 287 1937
1350042 319035 287 80
1350043 319035 287 3743
1350044 319035 287 295
1350045 319035 287 9219
1350046 319035 287 15781
1350047 319035 287 17176
1350048 319035 287 72
1350049 319035 287 343
1350050 319035 287 39321
1350051 319035 287 451
1350052 319035 287 286
1350072 320478 287 1049
1350073 320478 287 24182
1350074 320478 287 5120
1350075 320478 287 4292
1350076 320478 287 29533
1350077 320478 287 4369
1350078 320478 287 138
1350079 320478 287 1058
1350080 320478 287 638
1350081 320478 287 1565
1350082 320478 287 90798
1350083 320478 287 451
1350084 85637 287 1213
1350085 85637 287 334
1350086 85637 287 451
1350123 186534 287 1049
1350124 186534 287 125
1350125 186534 287 451
1350126 268447 287 37996
1350127 268447 287 5083
1350128 268447 287 1704
1350129 268447 287 4335
1350130 268447 287 3743
1350131 268447 287 80
1350132 268447 287 4428
1350133 268447 287 295
1350134 268447 287 50891
1350135 268447 287 1126
1350136 268447 287 343
1350137 268447 287 17025
1350138 311544 287 80
1350139 311544 287 11
1350140 311544 287 6101
1350167 186553 287 1049
1350168 186553 287 1126
1350169 186553 287 343
1350170 186553 287 583
1350171 186553 287 16294
1350172 186553 287 23857
1350173 186553 287 29956
1350174 186553 287 50891
1350175 120586 287 1565
1350176 120586 287 311
1350177 120586 287 20082
1350178 120586 287 17025
1350179 120586 287 451
1350191 186565 287 4369
1350192 186565 287 4
1350193 186565 287 451
1350240 320489 287 16294
1350241 320489 287 5120
1350242 320489 287 4292
1350243 320489 287 5083
1350244 320489 287 90796
1350245 320489 287 4621
1350246 320489 287 1704
1350247 320489 287 138
1350248 320489 287 1896
1350249 320489 287 4335
1350250 320489 287 97
1350251 320489 287 4428
1350252 320489 287 90798
1350253 320489 287 90799
1350254 320489 287 15930
1350255 320489 287 17025
1350318 320494 287 4385
1350319 320494 287 451
1350330 320496 287 4292
1350331 320496 287 24824
1350332 320496 287 254
1350333 320496 287 2486
1350334 320496 287 7599
1350335 320496 287 8878
1350336 320496 287 295
1350337 320496 287 334
1350338 320496 287 4251
1350339 320496 287 1565
1350340 320496 287 4
1350341 320496 287 58811
1350342 314015 287 5120
1350343 314015 287 4292
1350344 314015 287 51628
1350345 314015 287 24824
1350346 314015 287 4369
1350347 314015 287 138
1350348 314015 287 1058
1350349 314015 287 1896
1350350 314015 287 3824
1350351 314015 287 60261
1350352 314015 287 4428
1350353 314015 287 4251
1350354 314015 287 11
1350355 314015 287 4053
1350356 314015 287 1126
1350357 320497 287 5120
1350358 320497 287 51628
1350359 320497 287 1923
1350360 320497 287 2356
1350361 320497 287 4428
1350362 320497 287 20709
1350363 320497 287 6
1350364 320497 287 4251
1350365 320497 287 90798
1350366 320497 287 72
1350367 320497 287 2437
1350368 320498 287 16294
1350369 320498 287 5120
1350370 320498 287 97
1350371 320498 287 17025
1350372 320498 287 72
1350373 320499 287 4292
1350374 320499 287 51628
1350375 320499 287 254
1350376 320499 287 638
1350377 320499 287 292
1350378 320499 287 36273
1350379 320499 287 4428
1350380 320499 287 90805
1350381 320499 287 1565
1350382 320499 287 90798
1350383 320499 287 24182
1350384 320499 287 24997
1350385 320499 287 15930
1350386 320499 287 451
1350403 204918 287 5120
1350404 204918 287 37996
1350405 204918 287 51628
1350406 204918 287 29533
1350407 204918 287 138
1350408 204918 287 1058
1350409 204918 287 5831
1350410 204918 287 97
1350411 204918 287 13811
1350412 204918 287 1565
1350413 204918 287 90799
1350414 204918 287 451
1350415 320503 287 1565
1350416 320503 287 869
1350417 320503 287 16294
1350418 320503 287 1049
1350419 320503 287 4369
1350420 320503 287 1704
1350421 320503 287 20082
1350422 320503 287 81641
1350423 320503 287 90798
1350451 202083 287 359
1350452 202083 287 79719
1350453 202083 287 4169
1350469 195013 287 4167
1350470 195013 287 4292
1350486 186751 287 16294
1350487 186751 287 1049
1350488 186751 287 51628
1350489 186751 287 3083
1350490 186751 287 8286
1350491 186751 287 138
1350492 186751 287 5831
1350493 186751 287 292
1350494 186751 287 97
1350495 186751 287 80
1350496 186751 287 3743
1350497 186751 287 295
1350498 186751 287 1565
1350499 186751 287 4
1350500 186751 287 39321
1350501 268967 287 1049
1350502 268967 287 1058
1350503 268967 287 1932
1350504 268967 287 64844
1350505 268967 287 90798
1350506 268967 287 8286
1350507 186752 287 1049
1350508 186752 287 292
1350509 186752 287 80
1350510 186752 287 51628
1350511 186752 287 138
1350512 186752 287 1058
1350513 186752 287 13811
1350514 186752 287 5831
1350515 320513 287 1049
1350516 320513 287 37996
1350517 320513 287 8286
1350518 320513 287 1896
1350519 320513 287 1907
1350526 320516 287 4369
1350527 320516 287 292
1350528 320516 287 23857
1350529 320516 287 80
1350530 320516 287 295
1350531 320516 287 8286
1350532 202145 287 5120
1350533 202145 287 4292
1350534 202145 287 51628
1350535 202145 287 4369
1350536 202145 287 1704
1350537 202145 287 2486
1350538 202145 287 292
1350539 202145 287 295
1350540 202145 287 1565
1350541 202145 287 90799
1350542 202145 287 15930
1350543 320517 287 5120
1350544 320517 287 4292
1350545 320517 287 2486
1350546 320517 287 1896
1350547 320517 287 80
1350548 320517 287 1726
1350549 320517 287 3857
1350561 308352 287 4251
1350562 308352 287 1565
1350563 308352 287 50891
1350564 308352 287 359
1350577 320521 287 16294
1350578 320521 287 90801
1350579 320521 287 5120
1350580 320521 287 1049
1350581 320521 287 37996
1350582 320521 287 2971
1350583 320521 287 1704
1350584 320521 287 138
1350585 320521 287 1367
1350586 320521 287 3246
1350587 320521 287 97
1350588 320521 287 64844
1350589 320521 287 20709
1350590 320521 287 6
1350591 320521 287 1565
1350592 320521 287 90799
1350593 320521 287 15930
1350594 320521 287 869
1350612 125737 287 24
1350613 125737 287 15930
1350614 125737 287 1126
1350615 125737 287 451
1350616 186784 287 16294
1350617 186784 287 5120
1350618 186784 287 5083
1350619 186784 287 138
1350620 186784 287 1058
1350621 186784 287 5831
1350622 186784 287 13811
1350623 186784 287 225
1350624 186784 287 4428
1350625 186784 287 51628
1350626 186784 287 24182
1350627 186784 287 90799
1350628 186784 287 4073
1350629 186784 287 17025
1350660 319480 287 16294
1350661 319480 287 1049
1350662 319480 287 254
1350663 319480 287 1704
1350664 319480 287 138
1350665 319480 287 1058
1350666 319480 287 311
1350667 319480 287 23857
1350668 319480 287 80
1350669 319480 287 13811
1350670 319480 287 24182
1350671 319480 287 90799
1350672 319480 287 8719
1350722 320531 287 29533
1350723 320531 287 37996
1350724 320531 287 311
1350725 148265 287 1213
1350726 148265 287 3083
1350727 148265 287 2486
1350728 148265 287 311
1350729 148265 287 3743
1350730 148265 287 72
1350731 320532 287 1049
1350732 320532 287 1126
1350733 320532 287 17025
1350734 320532 287 451
1350794 268787 287 3824
1350795 268787 287 90804
1350796 268787 287 50518
1350812 320541 287 1704
1350813 320541 287 311
1350814 320541 287 4
1350815 320541 287 5453
1350816 320541 287 6573
1350817 320542 287 4385
1350818 320542 287 24824
1350819 320542 287 254
1350820 320542 287 8936
1350821 320542 287 58811
1350822 320543 287 294
1350823 320543 287 451
1350839 320545 287 1049
1350840 320545 287 1565
1350841 320545 287 1704
1350842 320545 287 4335
1350843 320545 287 90797
1350844 320545 287 81641
1350845 320545 287 90798
1350846 320546 287 1704
1350847 320546 287 1565
1350848 320546 287 451
1350849 320546 287 5120
1350850 320546 287 37996
1350851 320546 287 29533
1350858 320548 287 37996
1350859 320548 287 3083
1350860 320548 287 4369
1350861 320548 287 1704
1350862 320548 287 1058
1350863 320548 287 4335
1350864 320548 287 97
1350865 320548 287 80
1350866 320548 287 3743
1350867 320548 287 4428
1350868 320548 287 1907
1350869 320548 287 583
1350870 320548 287 90798
1350871 320548 287 4
1350872 320548 287 17025
1350895 320552 287 1213
1350896 320552 287 1565
1350897 320552 287 1126
1350898 320552 287 4201
1350899 320552 287 5120
1350900 320552 287 51628
1350901 320552 287 4
1350902 320552 287 90801
1350931 153293 287 294
1350932 153293 287 3835
1350933 153293 287 503
1350934 153293 287 4053
1350935 153293 287 451
1350936 302789 287 17025
1350937 302789 287 1049
1350938 179624 287 295
1350939 179624 287 24824
1350940 179624 287 1565
1350941 179624 287 41215
1350942 320556 287 1275
1350943 320556 287 451
1350944 320556 287 29533
1350960 202516 287 5120
1350961 202516 287 4201
1350962 202516 287 1704
1350963 202516 287 1058
1350964 202516 287 5831
1350965 202516 287 3743
1350966 202516 287 642
1350967 202516 287 295
1350968 202516 287 334
1350969 202516 287 1565
1350970 202516 287 72
1350971 202516 287 343
1350972 202516 287 451
1350973 202516 287 3857
1350974 320559 287 90804
1350975 320559 287 1049
1350976 320559 287 11
1350977 320559 287 4292
1350978 320559 287 50518
1350979 320559 287 3824
1350980 320559 287 2016
1350981 319700 287 1049
1350982 319700 287 138
1350983 319700 287 27482
1350984 319700 287 78479
1351002 292594 287 90801
1351003 292594 287 4292
1351004 292594 287 51628
1351005 292594 287 1896
1351006 292594 287 23857
1351007 292594 287 80
1351008 292594 287 334
1351009 292594 287 4251
1351010 292594 287 1565
1351011 292594 287 72
1351012 292594 287 343
1351013 292594 287 39321
1351059 320562 287 1213
1351060 320562 287 80
1351061 320563 287 16294
1351062 320563 287 2150
1351063 320563 287 1049
1351064 320563 287 19582
1351065 320563 287 3463
1351066 320563 287 1367
1351067 320563 287 5831
1351068 320563 287 3824
1351069 320563 287 60261
1351070 320563 287 90797
1351071 320563 287 29956
1351072 320563 287 20416
1351073 320564 287 24824
1351074 320564 287 295
1351084 62127 287 2816
1351085 62127 287 8719
1351086 62127 287 451
1351087 320565 287 16294
1351088 320565 287 1049
1351089 320565 287 37996
1351090 320565 287 90796
1351091 320565 287 311
1351092 320565 287 4335
1351093 320565 287 1126
1351094 320565 287 29956
1351095 320565 287 869
1351096 320566 287 16294
1351097 320566 287 90801
1351098 320566 287 1049
1351099 320566 287 941
1351100 320566 287 37996
1351101 320566 287 138
1351102 320566 287 1058
1351103 320566 287 1184
1351104 320566 287 1937
1351105 320566 287 311
1351106 320566 287 1907
1351107 320566 287 4
1351108 320566 287 869
1351112 320569 287 125
1351113 320569 287 1704
1351114 320569 287 583
1351115 320569 287 8473
1351116 320569 287 4
1351117 320569 287 503
1351118 320569 287 451
1351128 320571 287 29533
1351129 320571 287 1049
1351130 320571 287 17025
1351131 320571 287 90803
1351132 320571 287 81641
1351133 179921 287 1213
1351134 179921 287 1704
1351135 179921 287 138
1351136 179921 287 8473
1351137 179921 287 4053
1351138 179921 287 343
1351139 179921 287 451
1351180 320577 287 90812
1351183 320579 287 16294
1351184 320579 287 5120
1351185 320579 287 1049
1351186 320579 287 1213
1351187 320579 287 37996
1351188 320579 287 29533
1351189 320579 287 3083
1351190 320579 287 1704
1351191 320579 287 41215
1351192 320579 287 1058
1351193 320579 287 311
1351194 320579 287 4335
1351195 320579 287 97
1351196 320579 287 64844
1351197 320579 287 4251
1351198 320579 287 81641
1351199 320579 287 90799
1351200 320579 287 4
1351201 320579 287 17025
1351202 320579 287 451
1351208 267081 287 295
1351209 267081 287 58811
1351210 267081 287 451
1351211 320581 287 1213
1351212 320582 287 5120
1351213 320582 287 17025
1351214 320582 287 90799
1351215 320582 287 5453
1351216 320583 287 1049
1351217 320583 287 4201
1351218 320583 287 37996
1351219 320583 287 24824
1351220 320583 287 8936
1351221 320583 287 1704
1351222 320583 287 1058
1351223 320583 287 1896
1351224 320583 287 1932
1351225 320583 287 23857
1351226 320583 287 80
1351227 320583 287 225
1351228 320583 287 90798
1351229 320583 287 72
1351230 320583 287 8719
1351258 320586 287 29
1351259 320586 287 1123
1351260 320586 287 16294
1351261 320586 287 4201
1351262 320586 287 37996
1351263 320586 287 90806
1351264 320586 287 8936
1351265 320586 287 1704
1351266 320586 287 55117
1351267 320586 287 311
1351268 320586 287 1932
1351269 320586 287 23857
1351270 320586 287 80
1351271 320586 287 1546
1351272 320586 287 1907
1351273 320586 287 29956
1351274 320586 287 54129
1351275 320586 287 4
1351276 320586 287 50891
1351277 320586 287 8577
1351278 320586 287 343
1351300 320589 287 1565
1351301 320589 287 50891
1351311 320591 287 58811
1351312 320591 287 295
1351313 320591 287 1565
1351319 320592 287 16294
1351320 320592 287 4292
1351321 320592 287 1049
1351322 320592 287 1213
1351323 320592 287 37996
1351324 320592 287 51628
1351325 320592 287 138
1351326 320592 287 1058
1351327 320592 287 1565
1351328 320592 287 17025
1351329 320592 287 4335
1351330 320593 287 55117
1351331 320593 287 343
1351332 320593 287 1565
1351333 320593 287 295
1351334 320593 287 4369
1351335 320594 287 1058
1351336 320594 287 311
1351337 320594 287 139
1351338 320594 287 451
1351343 320597 287 1049
1351344 320597 287 1932
1351345 320597 287 1896
1351346 320597 287 8719
1351370 320599 287 1049
1351371 320599 287 1126
1351372 320599 287 16294
1351373 320599 287 1213
1351374 320599 287 2187
1351375 320599 287 1923
1351376 320599 287 19582
1351377 320599 287 138
1351378 320599 287 3824
1351379 320599 287 20961
1351380 320599 287 642
1351381 320599 287 4053
1351382 320600 287 50518
1351383 320016 287 16294
1351384 320016 287 2150
1351385 320016 287 4292
1351386 320016 287 1049
1351387 320016 287 1704
1351388 320016 287 60261
1351389 320016 287 292
1351390 320016 287 4428
1351391 320016 287 334
1351392 320016 287 1764
1351393 320016 287 4053
1351397 320602 287 451
1351398 320602 287 4
1351399 320602 287 343
1351400 320602 287 1923
1351401 320603 287 90813
1351402 320603 287 16294
1351403 320603 287 37996
1351404 320603 287 90796
1351405 320603 287 8286
1351406 320603 287 4369
1351407 320603 287 1704
1351408 320603 287 3835
1351409 320603 287 97
1351410 320603 287 80
1351411 320603 287 64844
1351412 320603 287 4428
1351413 320603 287 295
1351414 320603 287 1907
1351415 320603 287 1565
1351416 320603 287 90798
1351417 320603 287 24182
1351418 320603 287 90799
1351419 320603 287 4053
1351420 320604 287 3835
1351421 320604 287 6101
1351422 320604 287 451
1351423 320604 287 5120
1351424 320604 287 37996
1351425 320604 287 51628
1351426 320604 287 90796
1351427 320604 287 4369
1351428 320604 287 1704
1351429 320604 287 97
1351430 320604 287 29956
1351431 320604 287 90805
1351432 320604 287 1565
1351433 320604 287 90798
1351434 320604 287 3802
1351447 320605 287 5120
1351448 320605 287 138
1351449 320605 287 1058
1351450 320605 287 27482
1351451 320605 287 60261
1351452 320605 287 90803
1351453 320605 287 311
1351454 320605 287 54312
1351455 320605 287 64844
1351456 320605 287 90797
1351457 320605 287 81641
1351458 320605 287 19039
1351489 188580 287 1049
1351490 188580 287 138
1351491 188580 287 4
1351492 188580 287 503
1351493 188580 287 451
1351494 188580 287 1943
1351519 320610 287 1704
1351520 320610 287 37996
1351521 320610 287 29533
1351522 320610 287 80
1351523 320610 287 23857
1351524 320610 287 295
1351525 320610 287 90798
1351529 205985 287 97
1351530 205985 287 16294
1351531 205985 287 37996
1351532 205985 287 2971
1351533 205985 287 17025
1351534 205985 287 1907
1351535 320612 287 16294
1351536 320612 287 5120
1351537 320612 287 2150
1351538 320612 287 4292
1351539 320612 287 51628
1351540 320612 287 3083
1351541 320612 287 90796
1351542 320612 287 953
1351543 320612 287 1704
1351544 320612 287 1896
1351545 320612 287 638
1351546 320612 287 4335
1351547 320612 287 97
1351548 320612 287 64844
1351549 320612 287 90797
1351550 320612 287 4428
1351551 320612 287 1907
1351552 320612 287 4251
1351553 320612 287 90805
1351554 320612 287 90798
1351555 320612 287 1726
1351556 320612 287 12245
1351557 320612 287 90812
1351558 319289 287 17025
1351559 319289 287 941
1351560 319289 287 3743
1351561 319289 287 4292
1351562 319289 287 3083
1351563 319289 287 2486
1351564 319289 287 1184
1351565 319289 287 97
1351566 319289 287 20709
1351567 319289 287 5831
1351568 320613 287 451
1351569 320614 287 5120
1351570 320614 287 1049
1351571 320614 287 51628
1351572 320614 287 4369
1351573 320614 287 1704
1351574 320614 287 138
1351575 320614 287 1058
1351576 320614 287 334
1351577 320614 287 1565
1351578 320614 287 81641
1351579 320614 287 90798
1351580 320614 287 24182
1351581 320614 287 72
1351582 320614 287 90799
1351583 320614 287 343
1351584 320615 287 29
1351585 320615 287 311
1351586 320615 287 451
1351590 320616 287 90797
1351592 320618 287 1213
1351593 320618 287 138
1351594 320618 287 311
1351642 320626 287 4292
1351643 320626 287 8878
1351644 320626 287 1779
1351645 320626 287 1275
1351677 89463 287 292
1351678 89463 287 503
1351679 89463 287 4053
1351680 89463 287 869
1351681 89463 287 451
1351682 320630 287 29
1351683 320630 287 16294
1351684 320630 287 8577
1351685 320630 287 451
1351686 320630 287 780
1351687 320631 287 1049
1351688 320631 287 37996
1351689 320631 287 3824
1351690 320631 287 311
1351691 320631 287 1932
1351692 320631 287 24997
1351693 320631 287 451
1351694 320632 287 451
1351695 320632 287 1704
1351696 320632 287 311
1351697 320632 287 1123
1351699 320633 287 1049
1351700 320633 287 1123
1351701 320633 287 90798
1351702 320634 287 3835
1351703 320634 287 4053
1351704 320634 287 451
1351705 320635 287 16294
1351706 320635 287 5120
1351707 320635 287 1049
1351708 320635 287 37996
1351709 320635 287 51628
1351710 320635 287 29533
1351711 320635 287 138
1351712 320635 287 1058
1351713 320635 287 5831
1351714 320635 287 1896
1351715 320635 287 311
1351716 320635 287 4428
1351717 320635 287 4251
1351718 320635 287 1565
1351719 320635 287 90799
1351720 320635 287 15930
1351721 320635 287 78479
1351722 320635 287 1726
1351724 320636 287 5120
1351725 320636 287 51628
1351726 320636 287 1923
1351727 320636 287 4335
1351728 320636 287 97
1351729 320636 287 20709
1351730 188637 287 254
1351731 188637 287 8936
1351732 188637 287 1565
1351733 188637 287 451
1351761 320639 287 4201
1351762 320639 287 254
1351763 320639 287 311
1351764 320639 287 80
1351765 320639 287 225
1351766 320639 287 295
1351767 320639 287 334
1351768 320639 287 1565
1351769 320639 287 343
1351770 320639 287 451
1351771 320639 287 37996
1351772 320639 287 8936
1351773 320639 287 1704
1351774 320639 287 292
1351775 320639 287 1907
1351776 320639 287 29956
1351777 320639 287 583
1351778 320639 287 4251
1351779 320639 287 90798
1351780 320639 287 81641
1351781 320639 287 24182
1351782 320639 287 90799
1351783 320639 287 58811
1351784 320639 287 78479
1351785 320639 287 13811
1351786 320640 287 451
1351787 320641 287 4201
1351788 320641 287 51628
1351789 320641 287 254
1351790 320641 287 4369
1351791 320641 287 1704
1351792 320641 287 292
1351793 320641 287 225
1351794 320641 287 8878
1351795 320641 287 295
1351796 320641 287 451
1351797 320642 287 1704
1351801 320644 287 5120
1351802 320644 287 4292
1351803 320644 287 8286
1351804 320644 287 4369
1351805 320644 287 19582
1351806 320644 287 55117
1351807 320644 287 138
1351808 320644 287 5831
1351809 320644 287 292
1351810 320644 287 4335
1351811 320644 287 80
1351812 320644 287 4428
1351813 320644 287 295
1351814 320644 287 90805
1351815 320644 287 1565
1351816 320644 287 72
1351817 320644 287 90799
1351818 320644 287 1126
1351819 320644 287 343
1351820 320644 287 17025
1351852 320649 287 869
1351853 320650 287 37996
1351854 320650 287 294
1351855 320650 287 1704
1351856 320650 287 295
1351857 320650 287 4
1351858 320650 287 1565
1351859 320650 287 425
1351860 320650 287 343
1351861 320650 287 451
1351862 56364 287 1213
1351863 56364 287 3083
1351864 56364 287 2486
1351865 56364 287 1184
1351866 56364 287 138
1351867 56364 287 3824
1351868 56364 287 292
1351869 56364 287 72
1351870 56364 287 4
1351871 56364 287 451
1351872 320651 287 1213
1351873 320651 287 29533
1351874 187077 287 1049
1351875 187077 287 27482
1351876 187077 287 4
1351893 320653 287 1764
1351894 320654 287 1764
1351895 304760 287 1049
1351896 304760 287 451
1351897 304760 287 17025
1351909 320655 287 254
1351910 320655 287 1565
1351911 320655 287 4
1351912 320655 287 451
1351916 320657 287 523
1351917 320657 287 20882
1351918 320657 287 5120
1351919 320657 287 64844
1351920 320657 287 90798
1351921 320658 287 16294
1351922 320658 287 125
1351923 320658 287 1704
1351924 320658 287 29
1351925 320658 287 583
1351926 320658 287 1565
1351927 320658 287 8473
1351928 320658 287 451
1351929 320659 287 5120
1351930 320659 287 51628
1351931 320659 287 4369
1351932 320659 287 1704
1351933 320659 287 80
1351934 320659 287 13811
1351935 320659 287 4428
1351936 320659 287 334
1351937 320659 287 90805
1351938 320659 287 1565
1351939 320659 287 90798
1351940 320659 287 24182
1351941 320659 287 90799
1351942 320660 287 1049
1351943 320660 287 17025
1351944 320660 287 29533
1351945 320660 287 4335
1351946 320660 287 5120
1351947 320660 287 138
1351948 320660 287 1058
1351949 320660 287 97
1351954 320662 287 5120
1351955 320662 287 1049
1351956 320662 287 1704
1351957 320662 287 138
1351958 320662 287 1058
1351959 320662 287 23857
1351960 320662 287 13811
1351961 320662 287 295
1351962 320662 287 1565
1351963 320662 287 90799
1351964 320662 287 451
1351965 320663 287 5120
1351966 320663 287 37996
1351967 320663 287 29533
1351968 320663 287 41215
1351969 320663 287 90803
1351970 320663 287 4335
1351971 320663 287 97
1351972 320663 287 54312
1351973 320663 287 64844
1351974 320663 287 1565
1351975 320663 287 81641
1351976 320663 287 72
1351977 320663 287 90799
1351978 320663 287 4
1351979 320663 287 1726
1351980 320663 287 451
1351981 320664 287 311
1351982 320664 287 638
1351983 320664 287 29
1351984 320664 287 20443
1351985 320665 287 29
1351986 320665 287 42382
1351987 320665 287 54129
1351988 320665 287 29956
1351989 320666 287 2150
1351990 320666 287 1213
1351991 320666 287 8719
1351992 320666 287 375
1351993 320667 287 50891
1351994 320667 287 17025
1351995 320667 287 1049
1351996 320667 287 451
1352018 320669 287 16294
1352019 320669 287 941
1352020 320669 287 1184
1352021 320669 287 3824
1352022 320669 287 97
1352023 320669 287 54312
1352024 320669 287 64844
1352025 320669 287 20709
1352026 320669 287 11821
1352027 320669 287 17176
1352028 320669 287 90800
1352029 320669 287 39321
1352030 320669 287 8719
1352051 320672 287 1049
1352052 320672 287 138
1352053 320672 287 1704
1352054 320672 287 1565
1352055 320672 287 1213
1352056 320672 287 292
1352057 320672 287 503
1352058 320672 287 1123
1352059 320672 287 2971
1352060 320672 287 16294
1352061 320672 287 90801
1352062 320672 287 4292
1352063 320672 287 4201
1352064 320672 287 37996
1352065 320672 287 51628
1352066 320672 287 1058
1352067 320672 287 27482
1352068 320672 287 311
1352069 320672 287 638
1352070 320672 287 4335
1352071 320672 287 36273
1352072 320672 287 13811
1352073 320672 287 64844
1352074 320672 287 4428
1352075 320672 287 295
1352076 320672 287 1907
1352077 320672 287 29956
1352078 320672 287 334
1352079 320672 287 90798
1352080 320672 287 72
1352081 320672 287 15930
1352082 320672 287 343
1352083 320672 287 39321
1352084 320673 287 8936
1352085 320673 287 2486
1352086 320673 287 138
1352087 320673 287 23857
1352088 320673 287 295
1352089 320673 287 39321
1352090 320673 287 343
1352091 320674 287 1049
1352092 320674 287 17025
1352093 320674 287 4053
1352094 320674 287 451
1352095 320675 287 4201
1352096 320675 287 37996
1352097 320675 287 29533
1352098 320675 287 125
1352099 320675 287 1704
1352100 320675 287 3463
1352101 320675 287 1896
1352102 320675 287 311
1352103 320675 287 23857
1352104 320675 287 295
1352105 320675 287 90810
1352106 320675 287 72
1352107 320675 287 90799
1352108 320675 287 4
1352109 320676 287 1049
1352110 320676 287 125
1352111 320676 287 1704
1352112 320676 287 138
1352113 320676 287 5831
1352114 320676 287 451
1352115 320677 287 90804
1352116 320677 287 50518
1352117 269307 287 5083
1352118 269307 287 125
1352119 269307 287 1704
1352120 269307 287 1565
1352121 269307 287 5120
1352122 269307 287 4292
1352123 269307 287 4428
1352124 269307 287 4251
1352125 269307 287 90799
1352126 269307 287 17025
1352134 320679 287 4169
1352135 320679 287 451
1352136 320679 287 5120
1352137 320679 287 254
1352138 320679 287 1058
1352146 320681 287 1049
1352147 320681 287 138
1352148 320681 287 125
1352149 320681 287 5831
1352150 320681 287 451
1352171 320684 287 1704
1352172 320684 287 3835
1352173 320684 287 4053
1352174 320684 287 451
1352179 320686 287 1213
1352180 320686 287 1184
1352181 320686 287 8719
1352182 320687 287 8936
1352183 320687 287 23857
1352184 320687 287 90805
1352185 320687 287 343
1352190 320690 287 41215
1352191 320690 287 295
1352192 320690 287 1565
1352193 320690 287 4
1352194 320690 287 1568
1352195 320690 287 16294
1352196 320690 287 50891
1352197 320690 287 343
1352198 320690 287 451
1352199 320691 287 451
1352203 320693 287 5120
1352204 320693 287 1049
1352205 320693 287 4369
1352206 320693 287 1704
1352207 320693 287 2486
1352208 320693 287 138
1352209 320693 287 1058
1352210 320693 287 638
1352211 320693 287 4335
1352212 320693 287 97
1352213 320693 287 13811
1352214 320693 287 8820
1352215 320693 287 90805
1352216 320693 287 1565
1352217 320693 287 15781
1352218 320693 287 24182
1352219 320693 287 72
1352220 320693 287 90799
1352221 320693 287 4
1352222 320693 287 1568
1352223 320693 287 17025
1352224 320693 287 8286
1352227 320695 287 4292
1352228 320695 287 125
1352229 320695 287 24824
1352230 320695 287 8936
1352231 320695 287 2486
1352232 320695 287 7599
1352233 320695 287 8878
1352234 320695 287 295
1352235 320695 287 4
1352236 320695 287 451
1352283 320702 287 29
1352284 320702 287 47018
1352285 320702 287 8577
1352286 320703 287 5120
1352287 320703 287 1049
1352288 320703 287 37996
1352289 320703 287 3083
1352290 320703 287 138
1352291 320703 287 1058
1352292 320703 287 4335
1352293 320703 287 97
1352294 320703 287 64844
1352295 320703 287 81641
1352296 320703 287 90799
1352297 320703 287 451
1352304 320706 287 1049
1352305 320706 287 37996
1352306 320706 287 8936
1352307 320706 287 1704
1352308 320706 287 5831
1352309 320706 287 1896
1352310 320706 287 23857
1352311 320706 287 80
1352312 320706 287 24182
1352313 320706 287 72
1352314 320706 287 90799
1352315 320706 287 2016
1352316 320706 287 343
1352317 320706 287 17025
1352334 320708 287 16294
1352335 320708 287 5120
1352336 320708 287 4292
1352337 320708 287 1049
1352338 320708 287 1213
1352339 320708 287 29533
1352340 320708 287 5083
1352341 320708 287 1704
1352342 320708 287 138
1352343 320708 287 1058
1352344 320708 287 5831
1352345 320708 287 13811
1352346 320708 287 334
1352347 320708 287 4251
1352348 320708 287 1565
1352349 320708 287 78479
1352350 320708 287 17025
1352351 320709 287 5120
1352352 320709 287 1049
1352353 320709 287 29533
1352354 320709 287 125
1352355 320709 287 3083
1352356 320709 287 8286
1352357 320709 287 1704
1352358 320709 287 5831
1352359 320709 287 1896
1352360 320709 287 292
1352361 320709 287 334
1352362 320709 287 1565
1352363 320709 287 4
1352364 320709 287 17025
1352366 320711 287 3083
1352367 320711 287 3743
1352368 320711 287 65190
1352397 320715 287 8936
1352398 320715 287 4369
1352399 320715 287 1704
1352400 320715 287 359
1352401 320715 287 311
1352402 320715 287 1651
1352403 320715 287 1565
1352404 320715 287 90799
1352405 320715 287 4
1352406 320715 287 1568
1352407 320715 287 50891
1352408 320715 287 58811
1352409 320716 287 5120
1352410 320716 287 4201
1352411 320716 287 5083
1352412 320716 287 4369
1352413 320716 287 638
1352414 320716 287 36273
1352415 320716 287 4428
1352416 320716 287 90805
1352417 320716 287 15781
1352418 320716 287 90799
1352419 320716 287 4
1352420 320716 287 343
1352440 320719 287 1123
1352441 320719 287 5120
1352442 320719 287 37996
1352443 320719 287 51628
1352444 320719 287 3083
1352445 320719 287 41215
1352446 320719 287 311
1352447 320719 287 97
1352448 320719 287 13781
1352449 320719 287 90810
1352450 320719 287 583
1352451 320719 287 4251
1352452 320719 287 90798
1352453 320719 287 24997
1352454 320719 287 1568
1352455 320719 287 869
1352477 320722 287 16294
1352478 320722 287 5120
1352479 320722 287 1049
1352480 320722 287 941
1352481 320722 287 51628
1352482 320722 287 1923
1352483 320722 287 1704
1352484 320722 287 138
1352485 320722 287 5831
1352486 320722 287 64844
1352487 320722 287 4251
1352488 320722 287 90799
1352489 320722 287 343
1352490 320722 287 286
1352491 320722 287 50518
1352492 320722 287 2437
1352493 269620 287 3824
1352494 269620 287 50518
1352513 320724 287 90796
1352514 320724 287 311
1352515 320724 287 39321
1352516 320724 287 3743
1352523 320726 287 311
1352524 320726 287 1943
1352525 320726 287 503
1352526 320727 287 1565
1352527 320727 287 5120
1352528 320727 287 4201
1352529 320727 287 953
1352530 320727 287 8286
1352531 320727 287 1704
1352532 320727 287 5831
1352533 320727 287 1896
1352534 320727 287 80
1352535 320727 287 4251
1352536 320727 287 90799
1352550 320730 287 37996
1352551 320730 287 51628
1352552 320730 287 41215
1352553 320730 287 311
1352554 320730 287 13811
1352555 320730 287 4428
1352556 320730 287 295
1352557 320730 287 29956
1352558 320730 287 1565
1352559 320730 287 90798
1352560 320730 287 1568
1352561 320730 287 343
1352562 320730 287 451
1352575 320732 287 4335
1352576 320732 287 4
1352577 320733 287 138
1352578 320733 287 4251
1352579 320733 287 5120
1352580 320733 287 4292
1352581 320733 287 638
1352582 320733 287 80
1352583 320733 287 13811
1352584 320733 287 11821
1352585 320733 287 1907
1352586 320733 287 4
1352587 320733 287 90815
1352588 320734 287 4201
1352589 320734 287 294
1352590 320734 287 6052
1352591 320734 287 1896
1352592 320734 287 292
1352593 320734 287 64844
1352594 320734 287 4
1352595 320734 287 451
1352596 320735 287 451
1352597 320736 287 1049
1352598 320736 287 138
1352599 320736 287 507
1352600 320736 287 5453
1352601 267452 287 2816
1352602 267452 287 1896
1352603 320737 287 5120
1352604 320737 287 51628
1352605 320737 287 37996
1352606 320737 287 1704
1352607 320737 287 19582
1352608 320737 287 4
1352609 320737 287 17025
1352610 320738 287 6101
1352611 320738 287 24824
1352612 320738 287 72
1352650 320746 287 869
1352651 320746 287 17025
1352652 7910 287 80
1352653 7910 287 3743
1352654 7910 287 3083
1352655 7910 287 4369
1352656 7910 287 138
1352657 7910 287 1184
1352658 7910 287 292
1352659 7910 287 24997
1352660 7910 287 4
1352661 7910 287 1126
1352662 7910 287 451
1352663 320747 287 869
1352664 320747 287 72
1352665 320747 287 292
1352666 320747 287 451
1352667 320747 287 2971
1352668 320748 287 16294
1352669 320748 287 5120
1352670 320748 287 29533
1352671 320748 287 90796
1352672 320748 287 1565
1352673 320748 287 72
1352674 320748 287 90799
1352675 320748 287 4
1352676 320748 287 1726
1352677 320748 287 39321
1352678 320749 287 869
1352679 320749 287 1704
1352680 320749 287 311
1352681 320749 287 1049
1352682 127989 287 5120
1352683 127989 287 4292
1352684 127989 287 51628
1352685 127989 287 24824
1352686 127989 287 254
1352687 127989 287 2971
1352688 127989 287 4369
1352689 127989 287 1704
1352690 127989 287 41215
1352691 127989 287 138
1352692 127989 287 292
1352693 127989 287 80
1352694 127989 287 36273
1352695 127989 287 13811
1352696 127989 287 642
1352697 127989 287 295
1352698 127989 287 4251
1352699 127989 287 90805
1352700 127989 287 17176
1352701 127989 287 72
1352702 127989 287 4
1352703 127989 287 343
1352704 127989 287 39321
1352705 127989 287 451
1352706 127989 287 8719
1352711 320751 287 1049
1352712 320751 287 138
1352713 320751 287 1932
1352714 320751 287 16294
1352715 320751 287 4369
1352716 320751 287 1704
1352717 320751 287 19582
1352718 320751 287 27482
1352719 320751 287 3824
1352720 320751 287 311
1352721 320751 287 29956
1352722 320751 287 10951
1352728 320755 287 8878
1352729 320755 287 451
1352752 320757 287 5120
1352753 320757 287 4292
1352754 320757 287 1049
1352755 320757 287 37996
1352756 320757 287 51628
1352757 320757 287 4621
1352758 320757 287 138
1352759 320757 287 334
1352760 320757 287 1565
1352761 320757 287 451
1352821 320766 287 8577
1352822 320766 287 54129
1352823 320766 287 29
