57269 17838 29 108
57274 17841 29 2404
57275 17841 29 2902
57276 17841 29 46
57281 190 29 108
57282 190 29 109
57283 190 29 1117
57284 190 29 138
57285 17843 29 815
57286 17843 29 479
57291 17845 29 5705
57292 17845 29 4676
57297 17847 29 287
57298 17847 29 72
57299 17847 29 138
57300 17847 29 5705
57301 17847 29 64
57306 17850 29 138
57307 17850 29 5702
57308 17850 29 46
57329 17856 29 108
57330 17856 29 5713
57331 17856 29 20
57356 17865 29 45
57357 17865 29 138
57358 17865 29 46
57359 17865 29 2150
57364 17868 29 108
57365 17868 29 5716
57366 17868 29 20
57367 17869 29 5705
57368 17869 29 287
57369 17869 29 44
57371 17871 29 108
57372 244 29 108
57382 13039 29 5708
57383 13039 29 3499
57384 17874 29 1703
57385 17874 29 3
57386 17874 29 2613
57387 17874 29 342
57388 17875 29 5717
57389 17875 29 5718
57390 17875 29 5719
57391 17876 29 5705
57408 5565 29 46
57409 5565 29 285
57424 17887 29 5391
57425 17887 29 815
57426 17887 29 3499
57427 17887 29 5712
57428 17887 29 287
57429 17887 29 5705
57431 50 29 7
57432 50 29 117
57433 50 29 5710
57434 50 29 518
57441 17891 29 307
57442 17891 29 1653
57443 17891 29 128
57444 17891 29 125
57445 306 29 183
57446 306 29 287
57447 306 29 46
57448 306 29 815
57450 17893 29 138
57451 17893 29 2404
57452 17893 29 5702
57453 17893 29 285
57454 17893 29 46
57458 17895 29 256
57459 17895 29 815
57460 17895 29 3499
57461 17895 29 5710
57462 17895 29 5709
57463 17895 29 117
57464 17895 29 518
57465 17895 29 274
57466 17896 29 815
57467 17896 29 5711
57483 17901 29 5722
57484 17901 29 815
57485 17901 29 183
57486 17901 29 5705
57487 17901 29 287
57488 17901 29 125
57489 17902 29 815
57490 17902 29 125
57491 17902 29 3499
57492 17902 29 46
57493 17902 29 5710
57506 17907 29 108
57507 17907 29 5713
57508 17907 29 20
57513 2425 29 1057
57514 2425 29 4456
57515 2425 29 125
57530 17917 29 125
57531 17917 29 138
57532 17917 29 815
57533 17917 29 183
57535 17919 29 108
57536 17919 29 5716
57537 17919 29 20
57538 17920 29 318
57539 17920 29 278
57540 17920 29 225
57541 17921 29 815
57542 17921 29 287
57543 17921 29 5705
57547 17923 29 108
57548 17923 29 5713
57549 17923 29 20
57551 17925 29 221
57562 17929 29 4676
57563 17929 29 5725
57564 17929 29 5709
57565 17929 29 256
57566 212 29 138
57567 212 29 5702
57568 212 29 5726
57569 212 29 1115
57570 1900 29 815
57591 17936 29 5708
57592 17936 29 3499
57593 17937 29 5708
57594 17937 29 3499
57602 17367 29 46
57603 17367 29 72
57604 158 29 285
57605 158 29 90
57606 158 29 2902
57607 158 29 45
57608 158 29 129
57609 158 29 2404
57610 158 29 72
57611 158 29 529
57612 17941 29 307
57613 17941 29 5708
57614 17942 29 5722
57615 17942 29 815
57616 17942 29 285
57617 17942 29 5728
57618 17942 29 5729
