1441032 183686 298 941
1441033 339998 298 15080
1441039 340002 298 1795
1441049 340006 298 1656
1441050 340006 298 37015
1441056 289640 298 386
1441057 289640 298 93422
1441058 106367 298 869
1441060 340012 298 2613
1441061 340012 298 15412
1441062 340012 298 93423
1441063 11441 298 1191
1441064 11441 298 2216
1441065 340013 298 780
1441066 340013 298 386
1441067 340013 298 311
1441068 340014 298 93422
1441070 340016 298 2525
1441071 340016 298 1124
1441072 340016 298 1656
1441075 340019 298 386
1441077 340021 298 798
1441078 340022 298 93424
1441080 340024 298 16750
1441083 340026 298 80
1441089 340030 298 5842
1441090 340030 298 1795
1441091 340030 298 225
1441093 340032 298 29
1441094 340033 298 93425
1441095 340034 298 334
1441096 340034 298 93426
1441097 253508 298 2216
1441098 253508 298 2969
1441099 340035 298 1565
1441100 340035 298 1124
1441101 340035 298 15316
1441102 340036 298 386
1441104 340038 298 386
1441105 340039 298 15080
1441106 340039 298 20622
1441111 340041 298 359
1441112 340042 298 441
1441113 340042 298 20798
1441114 340043 298 4044
1441115 340044 298 503
1441116 340044 298 2525
1441117 340045 298 1191
1441118 340045 298 503
1441119 340047 298 5153
1441120 340047 298 1947
1441121 340047 298 4729
1441122 340047 298 380
1441123 340048 298 503
1441124 340048 298 16750
1441125 340048 298 93425
1441128 340050 298 44430
1441131 340051 298 1723
1441135 340054 298 20798
1441139 98704 298 5083
1441140 340057 298 1656
1441141 340057 298 4729
1441142 340057 298 5083
1441143 340058 298 5083
1441144 340059 298 24267
1441147 340061 298 29
1441148 340061 298 93421
1441149 340062 298 21324
1441150 340062 298 441
1441151 340062 298 93423
1441155 340063 298 1565
1441156 340063 298 3790
1441160 340065 298 15
1441161 340065 298 21324
1441164 108574 298 359
1441168 340068 298 20207
1441169 340068 298 21
1441176 340072 298 380
1441177 340073 298 4729
1441178 340073 298 4707
1441180 340075 298 5831
1441181 340076 298 5083
1441184 340079 298 1191
1441187 340081 298 1656
1441190 340084 298 5842
1441191 340084 298 24887
1441193 340086 298 1795
1441194 340087 298 4729
1441197 340089 298 80
1441199 163171 298 941
1441203 340093 298 359
1441204 340093 298 798
1441207 340095 298 4044
1441208 340095 298 5083
1441209 340096 298 5083
1441210 340096 298 4044
1441211 340097 298 3451
1441212 340098 298 4044
1441216 340101 298 4044
1441219 340104 298 4044
1441220 340104 298 20207
1441221 340105 298 4044
1441223 340107 298 798
1441225 340109 298 5083
1441228 340111 298 503
1441229 340111 298 93428
1441230 340112 298 2016
1441232 340114 298 15080
1441233 340114 298 29
1441237 340116 298 93429
1441238 340116 298 503
1441241 340119 298 47104
1441242 340119 298 380
1441243 340120 298 93429
1441244 340120 298 4044
1441245 66463 298 15
1441246 340121 298 4729
1441247 163199 298 44418
1441248 142666 298 4044
1441249 142666 298 40
1441250 142666 298 1565
1441251 340122 298 1656
1441252 340123 298 2525
1441257 340127 298 24267
1441261 340130 298 1795
1441262 340130 298 5831
1441263 340131 298 5083
1441264 340132 298 1957
1441265 320302 298 20798
1441266 320302 298 941
1441271 340135 298 503
1441272 340135 298 93426
1441276 340137 298 4044
1441286 340143 298 664
1441287 161088 298 18305
1441288 340145 298 93424
1441289 340145 298 2543
1441294 340149 298 93423
1441295 340150 298 93422
1441300 7482 298 941
1441301 7482 298 93425
1441302 340154 298 1723
1441303 340154 298 1191
1441305 340155 298 798
1441306 340156 298 503
1441307 340156 298 798
1441308 340157 298 81334
1441309 340158 298 18305
1441310 340159 298 1795
1441311 340160 298 93425
1441312 340160 298 16750
1441315 340162 298 311
1441316 340163 298 2525
1441317 340164 298 1795
1441318 281624 298 1643
1441319 340165 298 1561
1441320 340166 298 1947
1441321 340166 298 1561
1441322 340166 298 93430
1441323 340167 298 1561
1441324 340168 298 93431
1441325 340169 298 941
1441326 340169 298 1565
1441327 340170 298 20798
1441328 340171 298 307
1441329 340171 298 33788
1441331 13533 298 80
1441336 9409 298 503
1441337 9409 298 307
1441340 340175 298 93425
1441341 340175 298 327
1441342 340176 298 1675
1441343 340176 298 15080
1441344 340176 298 4044
1441345 340177 298 4044
1441346 340177 298 1675
1441348 340179 298 24267
1441352 340181 298 15
1441353 13725 298 318
1441354 13725 298 29
1441360 340185 298 5842
1441361 340185 298 1795
1441362 340185 298 24712
1441363 340186 298 24712
1441364 340186 298 10102
1441365 340186 298 1795
1441366 340187 298 5831
1441367 340187 298 1795
1441371 340189 298 359
1441372 340189 298 503
1441376 340193 298 24712
1441377 340193 298 5842
1441378 340193 298 311
1441379 340194 298 24712
1441382 340196 298 2525
1441385 340198 298 503
1441386 340198 298 16750
1441387 340198 298 1565
1441388 340199 298 29
1441389 340199 298 15
1441390 340199 298 20207
1441404 340208 298 1191
1441412 340213 298 386
1441414 159180 298 285
1441415 159180 298 5083
1441416 340214 298 2520
1441417 340214 298 15
1441420 340217 298 1191
1441423 340219 298 1723
1441425 340220 298 15080
1441426 340221 298 1191
1441427 340221 298 386
1441428 340222 298 334
1441429 340223 298 334
1441430 340224 298 941
1441431 340225 298 380
1441441 340229 298 4044
1441442 340230 298 24712
1441447 340233 298 1656
1441454 340238 298 93421
1441455 340239 298 386
1441456 340240 298 1795
1441457 340241 298 386
1441458 340242 298 380
1441459 340244 298 4707
1441460 340245 298 93429
1441461 340246 298 386
1441462 340246 298 780
1441463 340247 298 93421
1441464 340247 298 5831
1441468 340249 298 1795
1441469 340250 298 93421
1441471 340252 298 4998
1441472 340253 298 15
1441475 340256 298 44418
1441482 340260 298 941
1441483 340261 298 1124
1441484 340261 298 15316
1441485 340262 298 1947
1441486 340262 298 74941
1441491 340267 298 29
1441492 340268 298 1565
1441497 340271 298 20798
1441498 340271 298 1124
1441499 184094 298 1643
1441500 340272 298 4729
1441501 340273 298 5083
1441503 340275 298 441
1441504 127304 298 29
1441505 127304 298 40
1441523 340285 298 15695
1441524 248943 298 29
1441526 340287 298 2525
1441530 105323 298 327
1441531 148160 298 80
1441533 186082 298 20798
1441534 340290 298 93422
1441535 340291 298 798
1441536 340292 298 23896
1441538 340294 298 5831
1441543 340297 298 334
1441544 340297 298 93425
1441545 340298 298 386
1441546 340298 298 33788
1441547 340299 298 5842
1441548 340299 298 1947
1441549 340300 298 29
1441550 340300 298 15080
1441554 340303 298 4729
1441555 340303 298 1124
1441556 340303 298 1191
1441557 340304 298 386
1441558 340304 298 503
1441561 56365 298 941
1441564 340307 298 1565
1441565 340307 298 5831
1441566 64533 298 80
1441575 340313 298 1795
1441581 340315 298 4729
1441583 276017 298 15
1441584 340316 298 503
1441585 340316 298 48
1441592 340323 298 1723
1441595 142797 298 302
1441596 142797 298 1565
1441597 142797 298 1947
1441600 340326 298 386
1441601 340326 298 20798
1441602 340326 298 4
1441612 306511 298 386
1441614 340331 298 798
1441616 273550 298 2520
1441617 340333 298 29
1441618 340334 298 29
1441619 340334 298 334
1441625 340337 298 1643
1441626 340337 298 664
1441633 340340 298 93423
1441640 340344 298 1656
1441641 340344 298 24712
1441642 340345 298 5842
1441643 340345 298 4044
1441652 340351 298 503
1441653 340351 298 3451
1441654 340351 298 93426
1441655 340351 298 307
1441657 340353 298 1656
1441658 340353 298 386
1441659 340354 298 12753
1441660 340354 298 13811
1441662 340356 298 941
1441664 340358 298 2525
1441669 94913 298 798
1441670 327132 298 80
1441671 327132 298 386
1441674 340361 298 441
1441675 340361 298 386
1441676 340362 298 5831
1441677 340362 298 311
1441678 340363 298 380
1441679 340364 298 16750
1441682 340366 298 33788
1441683 340367 298 93424
1441684 340367 298 311
1441685 340368 298 386
1441686 340368 298 4998
1441687 340369 298 2216
1441688 340370 298 1962
1441689 340370 298 93424
1441691 340373 298 386
1441692 340373 298 33788
1441695 48051 298 80
1441697 340376 298 15080
1441698 340377 298 3451
1441699 340377 298 5153
1441700 340377 298 1191
1441706 340380 298 1191
1441710 340382 298 941
1441717 340387 298 5831
1441719 340389 298 386
1441720 9952 298 503
1441721 9952 298 1675
1441722 340390 298 1124
1441723 340390 298 5842
1441724 340390 298 386
1441725 340391 298 2525
1441726 340392 298 2525
1441728 340394 298 16750
1441729 340395 298 20798
1441730 340396 298 5831
1441731 340397 298 4729
1441733 340398 298 4
1441734 340398 298 225
1441735 340399 298 941
1441736 340399 298 5842
1441745 340405 298 24887
1441748 340408 298 15080
1441752 340411 298 1565
1441756 340415 298 93425
1441762 340419 298 15080
1441763 340420 298 2525
1441764 340421 298 869
1441765 340422 298 5831
1441766 340422 298 813
1441767 340422 298 1565
1441769 340424 298 2016
1441773 56148 298 1191
1441774 56148 298 503
1441775 340426 298 1565
1441776 340427 298 3451
1441777 340427 298 4044
1441778 340427 298 5842
1441789 955 298 386
1441790 955 298 2216
1441792 340437 298 3681
1441793 340438 298 5831
1441794 340438 298 5083
1441800 340444 298 1191
1441801 340444 298 441
1441802 340444 298 1124
1441803 340444 298 5842
1441808 340446 298 1191
1441813 340449 298 334
1441820 340454 298 15080
1441821 340454 298 29
1441822 340455 298 15695
1441823 121344 298 80
1441824 340456 298 5842
1441825 340456 298 48
1441828 340459 298 1565
1441829 340459 298 80
1441830 340460 298 93426
1441831 340461 298 311
1441834 340464 298 80
1441835 340465 298 5831
1441839 340468 298 1656
1441847 340470 298 4998
1441848 112446 298 1656
1441849 340471 298 1795
1441853 340473 298 1191
1441857 340476 298 386
1441860 340478 298 311
1441861 340478 298 15080
1441862 340478 298 74941
1441863 340479 298 5831
1441864 340480 298 4044
1441865 340481 298 15080
1441871 122958 298 80
1441873 340483 298 386
1441874 340483 298 93424
1441884 12829 298 798
1441885 12829 298 3681
1441888 340491 298 2525
1441889 340492 298 380
1441890 340493 298 2525
1441891 340494 298 386
1441892 340494 298 93427
1441893 340495 298 941
1441894 340496 298 93421
1441895 340496 298 46663
1441898 340498 298 386
1441899 340498 298 1191
1441900 340498 298 5153
1441903 340500 298 4044
1441904 340500 298 1191
1441905 340501 298 386
1441906 340501 298 1124
1441911 1915799 298 1947
1441915 294562 298 2543
1441916 294562 298 44430
1441917 294562 298 93421
1441918 163848 298 941
1441919 163848 298 441
1441920 89505 298 41167
1441921 1915801 298 93425
1441924 1915803 298 76719
1441926 551382 298 15080
1441927 551382 298 380
1441934 661618 298 1565
1441935 661618 298 798
1441936 1915807 298 386
1441937 1915807 298 503
1441938 1915807 298 2761
1441939 1915807 298 4
1441940 1915808 298 1124
1441941 1915808 298 15449
1441942 1915809 298 4729
1441944 1915811 298 441
1441945 1915812 298 2016
1441946 72030 298 80
1441953 1915816 298 4044
1441954 1915817 298 2216
1441955 1915818 298 15080
1441966 1207787 298 4044
1441967 1207787 298 1565
1441971 1915824 298 93421
1441972 1915825 298 4729
1441976 142962 298 1565
1441977 142962 298 813
1441982 1412922 298 2520
1441987 1915831 298 5842
1441988 1915831 298 311
1441989 440904 298 3681
1441990 440904 298 307
1441995 1915834 298 2525
1441996 1915835 298 311
1441997 1915835 298 93424
1441998 1915836 298 318
1441999 1915837 298 93425
1442001 1915840 298 941
1442002 1915840 298 5831
1442005 1915841 298 24712
1442006 1915842 298 93422
1442007 1915842 298 1962
1442008 1915843 298 334
1442014 1915845 298 2216
1442015 1915846 298 4
1442027 1915851 298 503
1442030 1915853 298 386
1442031 621267 298 2525
1442032 621267 298 327
1442033 1915854 298 80
1442034 1915855 298 1795
1442035 1915856 298 93421
1442036 1915857 298 25489
1442037 1915857 298 3145
1442040 1915859 298 1565
1442041 1915860 298 311
1442042 1915861 298 20798
1442044 1915862 298 24267
1442045 1915863 298 2216
1442046 1915864 298 386
1442047 1915865 298 1191
1442048 1915866 298 2525
1442049 1915867 298 2525
1442050 292683 298 1656
1442051 292683 298 93426
1442064 1915871 298 380
1442065 1915871 298 20622
1442068 1892966 298 941
1442069 289249 298 80
1442070 165 298 80
1442071 1915873 298 5083
1442072 7750 298 93428
1442074 174669 298 386
