1500410 350519 308 1313
1500411 350519 308 638
1500412 85535 308 44
1500413 85535 308 1132
1500414 85535 308 139
1500415 1916089 308 125
1500416 1916089 308 1896
1500417 1916089 308 941
1500422 350522 308 9780
1500423 350522 308 1560
1500427 350524 308 4040
1500428 350524 308 44
1500429 350524 308 5678
1500430 350524 308 1136
1500433 350525 308 65749
1500434 350525 308 11229
1500435 156836 308 1937
1500436 156836 308 44
1500440 350528 308 318
1500441 350528 308 44
1500442 350528 308 529
1500443 65414 308 1722
1500446 150583 308 12
1500447 150583 308 1172
1500448 150583 308 34557
1500452 350532 308 1128
1500453 350532 308 3151
1500454 350532 308 1560
1500456 350533 308 1125
1500457 350533 308 941
1500459 110418 308 90
1500460 110418 308 139
1500461 110418 308 1125
1500462 350535 308 98447
1500473 350539 308 1560
1500474 350539 308 4074
1500476 350541 308 29
1500477 350541 308 12
1500478 350542 308 34557
1500479 350542 308 1125
1500487 350545 308 1132
1500488 350545 308 100
1500489 350546 308 734
1500490 350546 308 2013
1500493 350547 308 9780
1500494 350548 308 1560
1500495 350548 308 1128
1500496 1916091 308 28
1500497 1916091 308 7215
1500498 1916091 308 638
1500501 350551 308 42271
1500502 350551 308 98449
1500513 350554 308 996
1500514 350554 308 41275
1500522 1916092 308 15563
1500523 1916092 308 90
1500527 27568 308 188
1500528 27568 308 4005
1500535 350563 308 846
1500536 350563 308 8781
1500537 350563 308 46791
1500538 2116 308 44
1500539 2116 308 318
1500542 171554 308 1125
1500543 171554 308 503
1500544 350565 308 104
1500545 350565 308 4040
1500546 350566 308 65749
1500547 350567 308 65749
1500551 350569 308 28
1500552 350569 308 2013
1500553 350569 308 98448
1500554 350570 308 996
1500555 350570 308 2803
1500563 192429 308 3893
1500564 192429 308 12
1500570 350576 308 100
1500571 350576 308 90
1500572 350576 308 4005
1500573 342611 308 638
1500574 342611 308 503
1500575 342611 308 285
1500589 350581 308 48382
1500590 350581 308 529
1500591 350581 308 3370
1500592 350582 308 3370
1500596 72196 308 996
1500597 33055 308 28
1500598 33055 308 4040
1500604 350586 308 503
1500605 350586 308 4510
1500610 350588 308 503
1500611 350588 308 12
1500615 32837 308 613
1500616 32837 308 4005
1500617 32837 308 5678
1500621 350593 308 8783
1500622 350593 308 4040
1500629 350596 308 26265
1500630 350596 308 38256
1500634 350599 308 1937
1500635 350599 308 1128
1500636 350599 308 285
1500637 350599 308 44
1500638 350599 308 6515
1500641 350600 308 98453
1500642 350600 308 359
1500643 350601 308 359
1500644 350601 308 98453
1500647 157560 308 1808
1500648 77546 308 285
1500649 350604 308 4005
1500650 350604 308 2013
1500654 350605 308 1560
1500658 350606 308 2013
1500659 350606 308 734
1500660 350607 308 846
1500661 350607 308 311
1500662 350607 308 638
1500666 350610 308 507
1500667 350610 308 734
1500668 350610 308 5678
1500679 112086 308 29
1500680 112086 308 127
1500681 84451 308 2990
1500682 84451 308 638
1500688 350615 308 139
1500689 350615 308 734
1500690 350615 308 2013
1500691 350615 308 1313
1500700 1160617 308 829
1500701 1160617 308 638
1500707 350624 308 44
1500708 350624 308 4005
1500709 350624 308 4040
1500710 350624 308 90
1500717 21867 308 734
1500718 21867 308 155
1500719 336158 308 19540
1500720 336158 308 1560
1500721 336158 308 3151
1500722 99037 308 29
1500723 99037 308 139
1500724 99037 308 996
1500725 99037 308 1732
1500726 104586 308 29
1500727 104586 308 503
1500728 104586 308 996
1500729 104586 308 1732
1500753 350633 308 1560
1500754 350633 308 3151
1500755 350633 308 359
1500756 350633 308 846
1500759 350634 308 29
1500760 350634 308 1560
1500761 350635 308 1560
1500762 350635 308 104
1500763 350635 308 507
1500764 350636 308 139
1500765 350636 308 1347
1500766 350637 308 34557
1500767 350638 308 3290
1500768 350638 308 104
1500769 350638 308 638
1500770 350638 308 846
1500771 350638 308 1313
1500772 350638 308 1560
1500775 350640 308 1128
1500776 350640 308 4040
1500783 290145 308 34557
1500787 110578 308 1937
1500788 110578 308 44
1500791 350647 308 11
1500792 350647 308 3762
1500793 350648 308 12
1500794 350648 308 46791
1500795 350648 308 3716
1500796 350649 308 2602
1500797 350649 308 6384
1500798 90600 308 1125
1500810 350656 308 996
1500811 350657 308 4040
1500812 350657 308 1808
1500813 350657 308 941
1500814 350658 308 13229
1500815 350658 308 44
1500816 350658 308 374
1500817 350658 308 1132
1500826 350662 308 307
1500827 350662 308 15563
1500828 350663 308 859
1500829 350663 308 1119
1500832 350665 308 618
1500833 350665 308 1172
1500840 350669 308 98450
1500841 350669 308 638
1500843 350671 308 4005
1500844 350671 308 28
1500848 330210 308 34557
1500849 330210 308 638
1500850 330210 308 734
1500851 350673 308 6755
1500852 350673 308 4005
1500857 145561 308 374
1500858 145561 308 139
1500859 145561 308 507
1500860 145561 308 1560
1500861 350675 308 1231
1500862 350675 308 1560
1500863 350676 308 1178
1500864 350676 308 12371
1500870 350678 308 503
1500871 350678 308 4040
1500872 99827 308 941
1500873 99827 308 26939
1500874 99827 308 638
1500875 350679 308 3151
1500876 350679 308 1560
1500877 350679 308 29
1500878 119314 308 1125
1500879 119314 308 90
1500880 350680 308 1722
1500883 5013 308 1722
1500885 12691 308 638
1500886 12691 308 155
1500887 12691 308 44
1500894 350683 308 125
1500895 350683 308 523
1500899 72810 308 1560
1500900 72810 308 3151
1500901 72810 308 19540
1500902 350685 308 5217
1500903 350685 308 638
1500904 350686 308 3367
1500905 350686 308 307
1500906 350686 308 15563
1500907 350687 308 359
1500911 244 308 108
1500912 244 308 44
1500913 244 308 4005
1500914 244 308 4040
1500915 244 308 941
1500916 264980 308 108
1500917 264980 308 780
1500918 264980 308 168
1500919 264980 308 5217
1500920 350688 308 100
1500921 350688 308 4005
1500922 350688 308 2428
1500923 350688 308 4051
1500924 350688 308 734
1500925 350688 308 638
1500926 350689 308 1125
1500927 350690 308 3633
1500928 350690 308 98454
1500931 350692 308 3633
1500932 350692 308 3893
1500937 350695 308 3633
1500938 350695 308 6846
1500939 350695 308 3893
1500940 350696 308 3633
1500941 350696 308 155
1500942 350697 308 3633
1500943 350697 308 4040
1500944 350698 308 100
1500945 350698 308 734
1500946 350698 308 5678
1500947 350699 308 2139
1500948 350699 308 1804
1500949 350700 308 2139
1500950 84717 308 1560
1500951 84717 308 1172
1500952 84717 308 637
1500953 350702 308 104
1500972 1229 308 637
1500973 1229 308 1172
1500974 350710 308 4040
1500975 350710 308 30392
1500988 79175 308 4005
1500989 79175 308 12
1500990 79175 308 98448
1500991 350714 308 5947
1500992 350714 308 16
1500993 350714 308 529
1501009 350721 308 734
1501010 350721 308 139
1501021 350724 308 28
1501022 350724 308 27286
1501023 350724 308 12
1501041 350733 308 1125
1501042 350733 308 285
1501051 55093 308 125
1501052 55093 308 1125
1501053 55093 308 90
1501054 55093 308 34557
1501055 350736 308 34557
1501056 5279 308 4040
1501057 5279 308 39385
1501058 5279 308 2556
1501063 5289 308 12
1501064 5289 308 4040
1501065 8718 308 1560
1501066 8718 308 1125
1501067 350739 308 3151
1501068 350739 308 1560
1501069 350739 308 331
1501070 350740 308 46791
1501072 350742 308 1560
1501073 350742 308 873
1501074 350743 308 12
1501075 350743 308 46791
1501076 350744 308 1560
1501077 350744 308 1125
1501078 350744 308 529
1501086 106812 308 3151
1501087 106812 308 813
1501088 106812 308 1560
1501090 350749 308 65749
1501100 350755 308 1036
1501101 350755 308 4333
1501102 350755 308 5678
1501118 350764 308 2601
1501119 350764 308 29
1501120 350764 308 65749
1501129 190209 308 1126
1501130 350769 308 1560
1501131 350769 308 3151
1501135 350771 308 829
1501136 350771 308 104
1501137 151564 308 100
1501138 151564 308 4005
1501143 350774 308 26939
1501144 350774 308 4040
1501147 112476 308 3151
1501148 112476 308 1560
1501149 350776 308 12233
1501150 350776 308 1172
1501151 350776 308 90
1501152 350777 308 12233
1501153 350777 308 1123
1501158 327620 308 6515
1501165 350781 308 3762
1501166 350781 308 44
1501172 350785 308 359
1501184 350791 308 3151
1501185 350791 308 34557
1501186 350791 308 1560
1501195 1916109 308 2729
1501196 1916109 308 72
1501200 350795 308 28
1501201 350795 308 11
1501202 350795 308 734
1501203 350796 308 1125
1501204 350796 308 155
1501205 123728 308 503
1501206 123728 308 12
1501207 123728 308 34557
1501209 67081 308 4113
1501210 67081 308 807
1501211 104887 308 1178
1501212 104887 308 1560
1501213 104887 308 813
1501214 350798 308 65749
1501221 13667 308 1722
1501222 13667 308 4040
1501223 13667 308 638
1501231 159050 308 108
1501232 159050 308 168
1501233 350805 308 155
1501234 350805 308 44
1501235 350805 308 1937
1501245 350810 308 3151
1501246 350810 308 331
1501247 350810 308 1560
1501250 350812 308 1313
1501251 350812 308 34557
1501252 350813 308 4005
1501253 350813 308 4040
1501254 350813 308 90
1501256 1326 308 39385
1501257 1326 308 4040
1501258 1326 308 155
1501259 350815 308 1560
1501260 350815 308 3151
1501261 350815 308 11770
1501263 350817 308 28
1501264 350817 308 4005
1501265 350817 308 168
1501270 350819 308 3893
1501277 350824 308 1125
1501278 350824 308 638
1501279 350825 308 1125
1501280 350825 308 941
1501281 350826 308 4005
1501282 350826 308 4051
1501284 350828 308 98459
1501285 350828 308 503
1501286 350828 308 12
1501287 350829 308 98459
1501288 350829 308 503
1501289 350829 308 12
1501298 350833 308 4005
1501299 350833 308 12233
1501300 55252 308 34557
1501301 55252 308 1125
1501302 55252 308 869
1501303 55252 308 90
1501308 350835 308 638
1501309 350835 308 104
1501316 350838 308 637
1501317 350838 308 79
1501324 682 308 1331
1501325 682 308 90
1501330 55296 308 5217
1501331 55296 308 1560
1501332 55296 308 4333
1501333 55296 308 1313
1501334 79383 308 29
1501335 79383 308 996
1501336 79383 308 155
1501337 79383 308 1732
1501338 1916111 308 15563
1501339 1916111 308 1560
1501341 350844 308 613
1501342 350844 308 90
1501343 350844 308 4005
1501344 350845 308 15563
1501345 350845 308 638
1501346 350845 308 307
1501347 5999 308 3893
1501348 5999 308 155
1501349 5999 308 44
1501363 350850 308 29
1501364 350850 308 4040
1501366 350852 308 3716
1501367 350852 308 1560
1501368 350852 308 359
1501369 350853 308 523
1501370 350853 308 5947
1501375 350855 308 813
1501376 350855 308 98455
1501377 350856 308 873
1501378 350856 308 2428
1501379 32047 308 34557
1501380 32047 308 139
1501381 32047 308 1172
1501386 350859 308 12
1501387 350859 308 5678
1501388 350859 308 155
1501389 350859 308 6840
1501393 350863 308 28
1501399 350866 308 6712
1501400 350866 308 104
1501401 350866 308 5217
1501402 350867 308 44
1501403 350867 308 307
1501404 350867 308 155
1501414 350872 308 1560
1501415 350872 308 285
1501416 350873 308 638
1501417 350873 308 104
1501418 350873 308 374
1501419 350873 308 1178
1501420 350874 308 637
1501421 350874 308 1172
1501424 116434 308 637
1501425 116434 308 638
1501426 116434 308 1172
1501434 350879 308 4005
1501435 350879 308 3633
1501439 67459 308 425
1501447 334879 308 307
1501448 334879 308 90
1501456 350885 308 9780
1501457 350886 308 20391
1501460 73025 308 873
1501461 73025 308 1230
1501462 73025 308 155
1501463 350889 308 4005
1501464 350889 308 100
1501465 350889 308 2139
1501466 350889 308 734
1501469 14297 308 28
1501470 14297 308 98448
1501471 14297 308 2013
1501472 350890 308 27328
1501473 350890 308 4040
1501474 350890 308 28
1501479 350894 308 155
1501480 350894 308 5678
1501481 350894 308 2602
1501482 350894 308 1172
1501483 105055 308 618
1501484 105055 308 155
1501485 350895 308 1128
1501486 350895 308 638
1501487 69982 308 65749
1501491 21459 308 5947
1501492 21459 308 125
1501493 145603 308 638
1501494 145603 308 507
1501495 145603 308 3290
1501496 145603 308 139
1501497 145603 308 637
1501508 350899 308 374
1501509 350899 308 34557
1501510 350899 308 638
1501514 350902 308 155
1501522 350906 308 29
1501523 350906 308 26911
1501524 350906 308 90
1501525 350907 308 29
1501526 350907 308 734
1501527 350907 308 5678
1501528 350907 308 529
1501529 350908 308 65749
1501530 350908 308 2601
1501543 350914 308 34557
1501544 350914 308 12
1501545 350914 308 996
1501551 350917 308 4041
1501552 350918 308 29
1501553 350919 308 98454
1501554 350919 308 5678
1501555 350919 308 734
1501568 350925 308 42271
1501573 350928 308 1172
1501574 350928 308 367
1501575 350928 308 39385
1501576 8587 308 1932
1501577 8587 308 638
1501578 350929 308 5678
1501579 350929 308 507
1501580 350930 308 4005
1501581 350930 308 4051
1501582 350930 308 3153
1501583 350930 308 613
1501584 350931 308 29
1501585 350931 308 1560
1501586 124019 308 1722
1501587 105112 308 2647
1501588 105112 308 139
1501589 105112 308 81
1501594 350933 308 44
1501595 350933 308 5678
1501596 350933 308 1007
1501602 350937 308 4005
1501603 350937 308 12
1501607 6434 308 1560
1501608 6434 308 813
1501609 350939 308 34557
1501610 350940 308 104
1501611 350941 308 734
1501612 350941 308 638
1501613 350941 308 780
1501614 350941 308 5217
1501615 350942 308 829
1501616 350942 308 638
1501617 350942 308 883
1501621 67754 308 18297
1501622 67754 308 12
1501623 67754 308 638
1501628 350943 308 638
1501629 350943 308 996
1501630 350944 308 2139
1501631 350944 308 1153
1501632 350945 308 34557
1501633 350945 308 12371
1501634 350945 308 915
1501635 350946 308 1560
1501636 350946 308 3716
1501637 350947 308 12
1501638 350947 308 637
1501639 350947 308 1172
1501640 350948 308 48382
1501641 350948 308 638
1501642 350948 308 3370
1501645 1916115 308 638
1501646 1916115 308 1191
1501647 67761 308 1172
1501648 67761 308 12
1501649 350950 308 637
1501650 350950 308 996
1501651 350950 308 638
1501652 350950 308 1732
1501653 350951 308 2445
1501654 350951 308 1560
1501655 350952 308 2445
1501656 350952 308 1560
1501663 350954 308 1128
1501664 350954 308 44
1501665 350955 308 638
1501666 350955 308 637
1501667 350956 308 734
1501668 350956 308 5217
1501669 350956 308 638
1501670 350957 308 34557
1501671 350957 308 638
1501672 350957 308 1123
1501678 350959 308 1125
1501679 350959 308 90
1501682 350961 308 4040
1501683 350961 308 503
1501690 350964 308 2139
1501691 350964 308 638
1501692 350965 308 829
1501693 350965 308 638
1501702 350968 308 311
1501703 350968 308 1119
1501707 250725 308 75647
1501708 250725 308 5678
1501709 6485 308 941
1501710 6485 308 1937
1501711 6485 308 503
1501712 350970 308 44
1501713 350970 308 4005
1501714 350970 308 90
1501724 148126 308 1132
1501725 148126 308 8781
1501726 148126 308 4040
1501727 265419 308 1132
1501728 265419 308 8781
1501729 265419 308 4040
1501730 350975 308 1125
1501731 350975 308 139
1501746 350980 308 5678
1501747 350980 308 734
1501748 350980 308 1325
1501749 350981 308 5678
1501750 350981 308 98454
1501751 350981 308 1325
1501752 350982 308 11426
1501753 350982 308 5678
1501754 350982 308 98454
1501755 350983 308 11426
1501756 350983 308 5678
1501757 350983 308 734
1501763 350986 308 1347
1501764 350986 308 98463
1501768 350987 308 3762
1501771 350989 308 11426
1501772 350989 308 4005
1501773 350989 308 4040
1501774 350989 308 2428
1501775 350989 308 4051
1501776 350989 308 98464
1501777 350989 308 34557
1501781 58584 308 941
1501782 58584 308 1125
1501786 6776 308 1560
1501787 350993 308 65749
1501788 350993 308 90
1501798 350998 308 4005
1501799 350998 308 3893
1501800 350998 308 2013
1501801 350998 308 11095
1501804 75653 308 12
1501805 75653 308 294
1501806 75653 308 311
1501807 75653 308 4171
1501808 75653 308 425
1501818 351004 308 104
1501819 351004 308 1430
1501820 351004 308 638
1501821 45302 308 3893
1501822 45302 308 155
1501828 351007 308 865
1501829 351007 308 638
1501837 351012 308 8783
1501838 351012 308 39385
1501839 288930 308 4113
1501840 288930 308 12
1501841 288930 308 2990
1501844 351015 308 359
1501845 351015 308 1230
1501848 351017 308 3151
1501849 351017 308 104
1501850 351017 308 11770
1501862 351023 308 4005
1501863 351023 308 28
1501864 351023 308 4040
1501865 191311 308 28
1501866 191311 308 27286
1501867 191311 308 4040
1501868 351024 308 28
1501869 351024 308 4040
1501875 351027 308 4005
1501876 351027 308 12
1501877 351027 308 28
1501878 351027 308 19
1501879 351027 308 98448
1501880 351028 308 28
1501881 351028 308 4005
1501885 351029 308 28
1501886 351029 308 529
1501888 351031 308 6038
1501889 351031 308 4005
1501896 351033 308 829
1501898 351035 308 29
1501899 6891 308 12
1501900 6891 308 4040
1501901 6891 308 23462
1501905 351036 308 29
1501906 351036 308 4040
1501920 351043 308 98459
1501921 351043 308 29
1501923 351045 308 26265
1501932 1916119 308 3151
1501933 1916119 308 5678
1501934 1916119 308 104
1501935 351049 308 3151
1501936 351049 308 846
1501937 351049 308 5678
1501948 351054 308 996
1501949 351054 308 1063
1501956 351058 308 34557
1501957 351058 308 12371
1501958 351058 308 915
1501965 378758 308 4005
1501966 378758 308 28
1501967 378758 308 98448
1501979 351067 308 6840
1501991 62738 308 34557
1501992 62738 308 1937
1501993 62738 308 90
1501996 241071 308 104
1501997 241071 308 294
1502007 68239 308 1560
1502008 68239 308 5217
1502009 351077 308 507
1502010 351077 308 87393
1502011 351078 308 3893
1502012 351078 308 374
1502013 351078 308 5678
1502014 351078 308 529
1502019 351081 308 1560
1502020 351081 308 846
1502028 351084 308 104
1502029 351084 308 359
1502033 351086 308 2013
1502034 351086 308 104
1502039 351089 308 104
1502040 351089 308 90
1502041 351089 308 1430
1502048 351092 308 104
1502049 351092 308 155
1502051 87035 308 5678
1502052 87035 308 529
1502053 351094 308 359
1502054 351094 308 1230
1502055 351094 308 5947
1502060 75687 308 846
1502061 75687 308 1313
1502062 75687 308 638
1502063 75687 308 380
1502065 351099 308 11095
1502066 351100 308 1125
1502067 351100 308 4040
1502077 74117 308 2803
1502078 74117 308 638
1502079 105398 308 294
1502080 105398 308 638
1502081 105398 308 2803
1502086 351105 308 65749
1502087 351105 308 11229
1502090 351107 308 2601
1502091 351107 308 65749
1502092 351108 308 2601
1502093 351108 308 65749
1502096 351110 308 65749
1502097 351110 308 11229
1502098 351111 308 2601
1502099 351111 308 65749
1502100 351112 308 11229
1502101 351113 308 2601
1502102 351113 308 65749
1502103 79927 308 5678
1502104 79927 308 6840
1502105 351114 308 12371
1502108 351116 308 2803
1502109 351117 308 11
1502110 351117 308 100
1502113 105417 308 3722
1502114 105417 308 139
1502115 105417 308 81
1502123 37377 308 1560
1502124 322200 308 1722
1502125 322200 308 138
1502126 322200 308 638
1502127 322200 308 1560
1502128 351120 308 9780
1502129 351120 308 638
1502140 128949 308 2376
1502141 128949 308 12
1502142 351125 308 104
1502143 351125 308 638
1502144 351126 308 425
1502145 351127 308 311
1502149 68511 308 637
1502150 68511 308 1172
1502151 68511 308 638
1502158 1916124 308 307
1502159 351132 308 188
1502160 351132 308 11095
1502161 351132 308 4005
1502162 1916125 308 1560
1502163 1916125 308 15563
1502170 351134 308 98463
1502182 351139 308 87393
1502183 351139 308 1128
1502189 351142 308 307
1502212 351150 308 104
1502213 86751 308 29
1502214 86751 308 1229
1502215 86751 308 44
1502216 86751 308 127
1502227 351154 308 734
1502228 351154 308 3893
1502229 351154 308 5678
1502232 351157 308 168
1502233 351157 308 4005
1502239 351159 308 65749
1502240 351159 308 638
1502241 351160 308 1560
1502242 351160 308 1125
1502250 36735 308 734
1502251 36735 308 2303
1502252 36735 308 5678
1502258 351165 308 15563
1502259 351165 308 307
1502263 142819 308 1233
1502264 142819 308 4040
1502265 351168 308 5922
1502266 351169 308 359
1502267 351169 308 98453
1502277 351173 308 28
1502278 351173 308 11
1502279 351173 308 12
1502286 351177 308 637
1502287 351177 308 1172
1502291 5102 308 1126
1502295 351180 308 307
1502296 351180 308 15563
1502297 351181 308 859
1502298 351181 308 34528
1502299 351182 308 3367
1502300 351182 308 139
1502301 351182 308 2291
1502304 351184 308 865
1502305 351184 308 846
1502310 351185 308 941
1502311 351185 308 359
1502312 351185 308 6515
1502313 351185 308 5947
1502314 351186 308 3633
1502315 351186 308 12
1502316 1916129 308 1560
1502317 1916129 308 15563
1502338 45434 308 12
1502339 45434 308 8783
1502340 126508 308 869
1502341 126508 308 638
1502345 351192 308 28
1502346 351192 308 285
1502347 351192 308 12
1502348 351193 308 3633
1502349 351193 308 529
1502355 351196 308 23462
1502356 351196 308 294
1502363 351200 308 1125
1502364 351200 308 4040
1502365 351201 308 4005
1502366 351201 308 28
1502367 351202 308 4005
1502368 351202 308 28
1502369 351202 308 1132
1502373 35121 308 34557
1502374 35121 308 1325
1502375 351205 308 638
1502376 351205 308 374
1502377 351206 308 374
1502378 351206 308 104
1502379 351206 308 865
1502384 351209 308 638
1502385 351209 308 734
1502386 351209 308 104
1502391 351213 308 39385
1502392 351213 308 374
1502393 351213 308 155
1502396 351215 308 4005
1502397 351215 308 28
1502398 351215 308 4192
1502401 351216 308 1560
1502402 351216 308 359
1502403 37487 308 1560
1502404 37487 308 155
1502405 37487 308 5217
1502417 1916130 308 829
1502418 1916130 308 374
1502426 351222 308 359
1502427 351223 308 3290
1502428 351223 308 846
1502429 292241 308 3151
1502430 292241 308 4040
1502442 351228 308 34557
1502443 351228 308 98463
1502444 351229 308 12
1502445 351229 308 1125
1502446 351229 308 3151
1502447 351230 308 1335
1502448 351230 308 4005
1502449 351230 308 90
1502454 351233 308 1937
1502455 351233 308 1125
1502456 351233 308 139
1502465 4383 308 1126
1502472 351240 308 3151
1502473 351240 308 11770
1502474 142845 308 2161
1502475 142845 308 285
1502476 142845 308 44
1502489 50749 308 155
1502490 74786 308 637
1502491 74786 308 1560
1502496 351245 308 1732
1502497 351245 308 637
1502498 351245 308 996
1502499 351245 308 12
1502500 351245 308 34557
1502501 351246 308 1937
1502502 351246 308 1125
1502503 351246 308 139
1502504 351246 308 44
1502505 351247 308 829
1502506 351247 308 29
1502507 351247 308 638
1502515 193667 308 168
1502516 193667 308 5217
1502517 193667 308 108
1502518 193667 308 12
1502523 164871 308 941
1502524 164871 308 1128
1502525 164871 308 1125
1502526 351252 308 98448
1502527 351252 308 12
1502533 351255 308 638
1502534 351255 308 1125
1502559 351265 308 100
1502560 351265 308 104
1502561 116772 308 100
1502562 116772 308 4040
1502563 351266 308 100
1502564 351266 308 4040
1502565 351266 308 4005
1502566 351267 308 100
1502567 351267 308 1393
1502568 351267 308 4005
1502581 351273 308 29
1502582 36792 308 98448
1502583 36792 308 4040
1502588 13554 308 1325
1502589 13554 308 12
1502590 13554 308 5678
1502595 351275 308 34557
1502596 351275 308 1560
1502601 277784 308 1125
1502602 277784 308 5678
1502603 351278 308 4005
1502604 351278 308 8783
1502605 351278 308 168
1502606 107919 308 638
1502607 107919 308 1233
1502609 74949 308 1560
1502615 351281 308 4004
1502616 351281 308 5678
1502617 351281 308 1843
1502623 351284 308 734
1502624 351284 308 638
1502625 53776 308 4005
1502626 53776 308 4040
1502627 53776 308 2013
1502636 351289 308 98463
1502639 351290 308 28
1502640 351290 308 12
1502651 74995 308 1560
1502652 74995 308 3151
1502653 74995 308 1313
1502654 351294 308 12
1502655 351294 308 285
1502666 351300 308 1231
1502667 351300 308 1560
1502668 351300 308 638
1502674 351302 308 285
1502675 351302 308 4113
1502683 351307 308 44
1502684 351307 308 87393
1502685 351307 308 34557
1502688 351309 308 5761
1502689 351309 308 10856
1502692 351310 308 98454
1502693 351310 308 529
1502701 351313 308 813
1502702 351313 308 846
1502703 351314 308 813
1502704 351314 308 846
1502705 351314 308 638
1502708 351316 308 38256
1502709 351316 308 380
1502710 63026 308 941
1502711 63026 308 1128
1502712 63026 308 44
1502713 351317 308 29
1502714 351317 308 139
1502726 193314 308 12
1502727 193314 308 503
1502728 135584 308 34557
1502729 135584 308 523
1502730 135584 308 503
1502731 351325 308 734
1502732 351325 308 2013
1502736 351326 308 4040
1502737 351326 308 30392
1502738 351327 308 1560
1502739 351327 308 529
1502740 351327 308 46791
1502746 351330 308 46791
1502750 351333 308 3893
1502751 351333 308 1396
1502756 351336 308 780
1502757 351336 308 734
1502758 351336 308 5217
1502759 32501 308 374
1502760 32501 308 12
1502761 32501 308 3893
1502762 160031 308 2013
1502763 160031 308 4040
1502773 117768 308 9780
1502774 117768 308 359
1502775 351340 308 359
1502776 351340 308 9780
1502781 351342 308 1132
1502782 351342 308 4040
1502789 351345 308 4085
1502790 351345 308 4005
1502791 351345 308 4040
1502805 351352 308 359
1502808 351353 308 29
1502809 351353 308 1560
1502810 351353 308 4040
1502811 351353 308 638
1502812 351353 308 12
1502813 351353 308 98459
1502814 351354 308 29
1502815 351354 308 4040
1502816 351355 308 29
1502817 351355 308 12
1502818 351355 308 638
1502819 351356 308 15563
1502820 351356 308 813
1502821 351357 308 42271
1502834 351362 308 188
1502835 351362 308 44
1502838 24660 308 1937
1502839 24660 308 1125
1502840 24660 308 139
1502841 24660 308 44
1502842 1916135 308 15563
1502843 1916135 308 1560
1502844 351364 308 1560
1502845 351364 308 1932
1502846 351365 308 638
1502847 351365 308 1148
1502848 351366 308 1148
1502849 351367 308 1063
1502850 351367 308 503
1502853 351370 308 34557
1502854 351370 308 374
1502855 1829 308 523
1502856 1829 308 1162
1502857 1829 308 5947
1502871 351378 308 6755
1502872 351378 308 4005
1502873 351379 308 6755
1502874 351379 308 865
1502878 351381 308 6755
1502879 351381 308 72
1502880 351382 308 3893
1502881 351382 308 5678
1502882 1072430 308 3893
1502883 1072430 308 155
1502884 351383 308 3893
1502885 351383 308 5678
1502886 351384 308 4005
1502887 351384 308 100
1502888 351384 308 7215
1502889 351385 308 3893
1502890 351385 308 155
1502891 351386 308 3893
1502892 351386 308 5678
1502900 80167 308 1560
1502901 80167 308 285
1502904 351391 308 4005
1502905 351391 308 28
1502906 351391 308 285
1502907 351392 308 4192
1502908 351392 308 46791
1502909 351392 308 5678
1502910 351393 308 507
1502913 22351 308 3893
1502914 22351 308 44
1502915 22351 308 155
1502916 351394 308 2376
1502917 146965 308 39385
1502918 146965 308 4040
1502919 146965 308 139
1502920 351395 308 1560
1502921 351395 308 873
1502922 351396 308 503
1502923 351396 308 1128
1502938 351404 308 3633
1502939 351404 308 155
1502942 88559 308 34557
1502953 351411 308 996
1502954 329356 308 12
1502955 329356 308 637
1502956 329356 308 1172
1502959 351413 308 3893
1502960 351413 308 6846
1502961 351413 308 734
1502962 351413 308 638
1502963 351413 308 5678
1502965 351415 308 996
1502966 351415 308 12
1502967 351416 308 996
1502976 351419 308 1191
1502977 351419 308 34557
1502980 50972 308 44
1502981 50972 308 139
1502985 351423 308 507
1502986 351423 308 1119
1502987 351423 308 638
1502994 351425 308 65749
1502997 75413 308 34557
1503001 351428 308 25741
1503009 351432 308 1560
1503010 351432 308 638
1503018 351436 308 1722
1503019 107865 308 367
1503020 107865 308 12
1503021 107865 308 638
1503022 351437 308 4005
1503023 351437 308 168
1503024 351437 308 4040
1503025 27962 308 139
1503029 351439 308 188
1503030 351439 308 90
1503031 351439 308 4005
1503041 351444 308 139
1503042 351444 308 4005
1503043 351444 308 12
1503044 351445 308 1335
1503045 351445 308 4005
1503046 351445 308 13229
1503050 9182 308 4040
1503051 9182 308 1233
1503052 9182 308 638
1503053 351447 308 1162
1503054 351447 308 6515
1503056 351448 308 2139
1503057 351448 308 638
1503063 351450 308 34528
1503064 351450 308 859
1503065 37639 308 12
1503066 37639 308 1937
1503067 37639 308 44
1503068 89492 308 311
1503069 89492 308 1125
1503070 89492 308 941
1503073 351452 308 1119
1503074 351452 308 294
1503075 351452 308 4113
1503076 10666 308 34557
1503077 351453 308 98448
1503081 1902 308 4040
1503096 53971 308 859
1503097 53971 308 155
1503098 1916138 308 15563
1503099 1916138 308 72
1503100 1916138 308 529
1503101 351460 308 638
1503106 351462 308 65749
1503110 351463 308 44
1503111 351463 308 12
1503115 351465 308 98459
1503116 351465 308 1560
1503117 351466 308 4005
1503118 351466 308 100
1503119 351466 308 7215
1503120 351467 308 4005
1503121 351467 308 100
1503122 351467 308 7215
1503128 351471 308 4005
1503129 351471 308 100
1503130 351471 308 734
1503133 96755 308 12
1503134 96755 308 2376
1503135 96755 308 29487
1503136 351473 308 1063
1503137 27977 308 6840
1503138 27977 308 139
1503139 117207 308 104
1503140 117207 308 90
1503141 117207 308 4040
1503142 351474 308 42271
1503143 351474 308 98449
1503144 351475 308 29
1503145 351476 308 996
1503146 351477 308 28
1503147 351477 308 44
1503160 32641 308 734
1503161 32641 308 3893
1503162 32641 308 5678
1503173 351484 308 4005
1503174 351484 308 28
1503175 351484 308 168
1503194 60978 308 1313
1503195 60978 308 734
1503196 60978 308 98
1503197 60978 308 374
1503198 60978 308 155
1503199 351493 308 44
1503200 351493 308 318
1503201 351493 308 529
1503202 351494 308 4333
1503203 160324 308 5678
1503204 160324 308 155
1503205 160324 308 734
1503208 351496 308 3367
1503209 351496 308 307
1503210 351496 308 139
1503238 112515 308 4040
1503239 112515 308 90
1503240 112515 308 637
1503241 112515 308 294
1503250 351511 308 4005
1503251 351511 308 829
1503252 351512 308 155
1503259 351514 308 10856
1503260 351514 308 90
1503261 351515 308 4040
1503262 351515 308 29
1503263 351515 308 65749
1503271 351520 308 65749
1503275 32663 308 44
1503276 32663 308 6515
1503284 351526 308 104
1503296 351531 308 780
1503297 351531 308 285
1503298 351532 308 19512
1503299 351532 308 1313
1503300 31628 308 188
1503301 27482 308 104
1503302 27482 308 1843
1503303 27482 308 638
1503306 5140 308 12
1503307 5140 308 34557
1503312 22430 308 1128
1503313 22430 308 865
1503314 22430 308 104
1503315 195599 308 5678
1503316 195599 308 155
1503317 195599 308 734
1503320 125150 308 4040
1503321 125150 308 1191
1503322 125150 308 996
1503328 351537 308 1125
1503329 351537 308 5678
1503330 351537 308 529
1503332 351538 308 3633
1503333 351538 308 380
1503334 157910 308 12
1503335 157910 308 12233
1503336 157910 308 1172
1503337 351539 308 1125
1503338 351539 308 90
1503341 351541 308 4005
1503342 351541 308 3893
1503343 351541 308 11095
1503344 351541 308 4040
1503345 351541 308 2013
1503346 351542 308 104
1503347 351542 308 155
1503348 351542 308 90
1503350 351544 308 307
1503351 351545 308 11
1503352 351545 308 10461
1503353 351545 308 4061
1503354 351546 308 638
1503355 351546 308 6695
1503362 351550 308 1128
1503363 351551 308 507
1503364 351551 308 5678
1503367 94186 308 104
1503368 94186 308 1843
1503369 94186 308 34557
1503370 351553 308 294
1503371 351553 308 1560
1503383 332594 308 104
1503384 332594 308 734
1503385 332594 308 638
1503387 351557 308 507
1503388 351557 308 155
1503409 351566 308 941
1503410 351566 308 125
1503411 351566 308 28
1503412 351566 308 44
1503422 28021 308 44
1503423 28021 308 90
1503424 28021 308 4040
1503425 51173 308 44
1503426 51173 308 4005
1503430 113258 308 44
1503431 113258 308 4005
1503432 113258 308 4040
1503448 351575 308 2803
1503457 351578 308 3893
1503458 351578 308 374
1503459 351578 308 155
1503465 241863 308 29
1503466 241863 308 1119
1503467 241863 308 12
1503468 1916151 308 4019
1503469 1916151 308 865
1503477 351583 308 301
1503478 351583 308 155
1503481 7738 308 12
1503482 7738 308 39385
1503487 351586 308 34557
1503488 351586 308 12
1503489 351586 308 4092
1503490 38883 308 638
1503491 38883 308 637
1503492 351587 308 618
1503493 351587 308 155
1503503 351593 308 734
1503504 351593 308 155
1503505 351594 308 34557
1503506 351594 308 734
1503507 351594 308 4005
1503508 351595 308 3633
1503509 351595 308 734
1503510 351595 308 5687
1503517 114526 308 5678
1503518 114526 308 529
1503519 114526 308 5947
1503526 3165 308 829
1503527 3165 308 734
1503530 351600 308 734
1503531 351600 308 3893
1503532 351600 308 5678
1503535 12867 308 865
1503536 12867 308 2627
1503537 12867 308 1178
1503538 12867 308 734
1503539 12867 308 139
1503555 193648 308 3633
1503556 193648 308 155
1503557 193648 308 734
1503558 1916152 308 15563
1503559 1916152 308 1560
1503560 1916152 308 4040
1503561 351605 308 34557
1503562 351606 308 4005
1503563 351606 308 28
1503564 351606 308 155
1503565 351607 308 1125
1503566 351607 308 941
1503568 351609 308 6840
1503569 351609 308 90
1503570 351609 308 1123
1503571 351610 308 2990
1503572 351610 308 638
1503573 351611 308 846
1503574 351611 308 1313
1503577 279325 308 34557
1503578 279325 308 12
1503579 279325 308 139
1503586 12885 308 941
1503587 12885 308 4040
1503591 351618 308 3796
1503593 1916154 308 15563
1503594 1916154 308 1560
1503595 351620 308 915
1503596 351620 308 1313
1503598 351622 308 168
1503599 351622 308 188
1503600 351622 308 90
1503601 351622 308 4005
1503602 351623 308 168
1503603 351623 308 4040
1503604 351623 308 5989
1503605 351624 308 168
1503606 351624 308 4040
1503607 351624 308 5989
1503608 351640 308 829
1503609 351640 308 1454
1503610 135761 308 1128
1503611 135761 308 34557
1503612 351641 308 34557
1503613 351642 308 734
1503614 351642 308 44
1503615 351642 308 5678
1503616 50308 308 104
1503617 50308 308 90
1503618 50308 308 638
1503619 351643 308 34557
1503622 351645 308 1125
1503623 351645 308 529
1503632 351629 308 1560
1503633 351629 308 15563
1503634 351629 308 11901
1503635 351630 308 813
1503636 351630 308 380
1503637 351631 308 1063
1503639 351633 308 12
1503640 351633 308 87393
1503641 351633 308 1627
1503658 351652 308 4005
1503659 351652 308 28
1503660 351652 308 285
