1529121 354904 310 2725
1529122 354904 310 467
1529123 354904 310 1215
1529124 354904 310 4533
1529130 354907 310 188
1529133 251652 310 104
1529134 251652 310 1058
1529135 251652 310 98
1529136 251652 310 72
1529137 251652 310 57390
1529138 290305 310 138
1529139 354909 310 21
1529140 354910 310 80282
1529141 354910 310 98511
1529142 15289 310 2637
1529143 15289 310 254
1529144 338482 310 125
1529145 316864 310 2902
1529146 316864 310 31
1529147 4708 310 6
1529148 354911 310 7326
1529149 354911 310 4173
1529150 354911 310 798
1529151 354911 310 18712
1529152 104692 310 66461
1529153 104692 310 259
1529154 104692 310 5702
1529155 44944 310 254
1529156 95017 310 8609
1529157 339390 310 1133
1529158 339390 310 7643
1529159 339390 310 1890
1529161 354912 310 254
1529162 354912 310 2637
1529163 354912 310 451
1529164 47833 310 283
1529165 47833 310 11
1529166 13398 310 816
1529167 354913 310 2936
1529168 354913 310 467
1529169 354914 310 138
1529170 354914 310 25884
1529171 13636 310 11
1529172 265887 310 138
1529173 265887 310 961
1529174 354915 310 1138
1529175 354915 310 960
1529176 112815 310 287
1529177 112815 310 825
1529178 354916 310 138
1529183 349070 310 4177
1529198 47902 310 748
1529199 47902 310 7326
1529201 70060 310 80
1529203 354923 310 19040
1529204 354923 310 254
1529205 354923 310 2637
1529206 354924 310 72
1529207 354924 310 254
1529208 354924 310 467
1529209 47927 310 748
1529210 47927 310 7326
1529211 354925 310 80282
1529212 354925 310 1808
1529213 354926 310 80
1529219 354929 310 1138
1529220 354930 310 98513
1529221 184393 310 6780
1529222 354931 310 6
1529223 9575 310 21
1529224 9575 310 342
1529225 9575 310 57390
1529230 354934 310 4915
1529233 252619 310 254
1529234 252619 310 2637
1529236 179417 310 40712
1529242 354936 310 98
1529243 354936 310 6107
1529244 354936 310 10281
1529245 354937 310 29
1529248 354939 310 188
1529249 38655 310 1534
1529250 38655 310 6351
1529251 354940 310 467
1529252 354940 310 24244
1529253 354941 310 90185
1529254 354941 310 1062
1529255 354942 310 637
1529256 354942 310 467
1529257 354943 310 20500
1529258 354943 310 138
1529261 354945 310 1138
1529262 354945 310 11783
1529263 111453 310 6780
1529264 354946 310 6780
1529267 354948 310 4016
1529268 354948 310 82243
1529269 354949 310 2936
1529270 354949 310 1257
1529271 354949 310 51707
1529272 354949 310 254
1529278 24813 310 4595
1529279 354951 310 254
1529280 354951 310 2637
1529281 354952 310 4177
1529282 354953 310 2936
1529283 354954 310 359
1529284 354954 310 98514
1529291 354957 310 30419
1529292 354957 310 359
1529293 38808 310 5631
1529294 38808 310 5936
1529295 38808 310 108
1529296 38808 310 98516
1529297 354958 310 1133
1529298 354958 310 98
1529299 354958 310 11
1529300 28012 310 90
1529301 28012 310 4421
1529307 354959 310 2902
1529309 354961 310 98517
1529311 354963 310 6780
