1544154 358189 314 359
1544155 358189 314 221
1544156 358189 314 80660
1544157 358190 314 98687
1544158 358190 314 98688
1544159 358191 314 1565
1544160 358191 314 3509
1544161 358191 314 92953
1544162 358191 314 4901
1544163 358191 314 12
1544164 358191 314 523
1544165 358192 314 20716
1544166 358192 314 5951
1544167 358192 314 221
1544172 358194 314 361
1544173 358194 314 28492
1544174 358194 314 1704
1544175 358194 314 24969
1544176 358194 314 254
1544177 105986 314 221
1544178 105986 314 2150
1544179 105986 314 29
1544180 105986 314 6289
1544181 105986 314 301
1544186 358196 314 1565
1544187 358196 314 19577
1544188 358196 314 1627
1544189 358196 314 41647
1544190 358196 314 13304
1544191 358196 314 4791
1544203 358198 314 359
1544204 358198 314 41167
1544205 358198 314 29438
1544208 80455 314 816
1544209 80455 314 6
1544210 80455 314 941
1544233 358206 314 26418
1544234 358206 314 3463
1544235 358206 314 2520
1544236 358207 314 98691
1544237 358207 314 1233
1544238 358207 314 26383
1544239 358207 314 254
1544240 358207 314 1731
1544241 358207 314 98692
1544242 358208 314 361
1544243 358208 314 301
1544244 358208 314 1704
1544245 358208 314 6558
1544252 358211 314 941
1544253 358211 314 4003
1544254 358211 314 301
1544255 358211 314 6159
1544256 358211 314 1616
1544266 337668 314 941
1544267 337668 314 57390
1544268 337668 314 4003
1544269 337668 314 15721
1544270 337668 314 8932
1544274 95408 314 29951
1544275 95408 314 1616
1544276 95408 314 3524
1544277 95408 314 941
1544278 95408 314 361
1544279 95408 314 4003
1544280 95408 314 2939
1544300 358218 314 29
1544301 358218 314 4385
1544302 358218 314 126
1544303 358219 314 4551
1544304 358219 314 4791
1544305 358219 314 557
1544306 358219 314 1704
1544317 18507 314 941
1544318 18507 314 21572
1544319 18507 314 4003
1544320 358222 314 23838
1544321 358222 314 15358
1544322 358222 314 20099
1544323 358222 314 19577
1544324 358222 314 98695
1544325 358222 314 77824
1544326 11441 314 1191
1544327 11441 314 1722
1544328 114787 314 941
1544329 114787 314 2520
1544333 358223 314 941
1544334 358223 314 5800
1544335 358223 314 6
1544336 358223 314 1795
1544337 358224 314 125
1544338 358224 314 19313
1544339 358224 314 2525
1544340 358225 314 12
1544341 358225 314 39
1544342 358226 314 941
1544343 358226 314 6
1544344 358226 314 26768
1544349 358228 314 425
1544350 358228 314 941
1544351 358228 314 334
1544364 358231 314 4074
1544365 358231 314 2936
1544366 358231 314 583
1544389 358238 314 25016
1544390 358238 314 311
1544391 358238 314 5842
1544401 358241 314 1616
1544402 358241 314 2100
1544403 358241 314 1704
1544404 358241 314 2104
1544405 358241 314 3281
1544406 358241 314 444
1544407 358241 314 44770
1544408 358242 314 24420
1544409 358243 314 24420
1544410 358244 314 24420
1544413 72148 314 963
1544414 72148 314 38815
1544415 270680 314 359
1544416 270680 314 638
1544417 270680 314 973
1544418 270680 314 1106
1544419 270680 314 3357
1544420 126878 314 1762
1544421 126878 314 19181
1544422 126878 314 4435
1544423 126878 314 4003
1544424 72170 314 12093
1544425 72170 314 2889
1544426 72170 314 2355
1544427 72170 314 86122
1544428 72170 314 1802
1544429 72170 314 14097
1544430 72170 314 98700
1544431 98011 314 2150
1544432 98011 314 41167
1544433 98011 314 5850
1544448 358249 314 4003
1544449 358249 314 361
1544450 358249 314 23975
1544451 358249 314 4746
1544454 358251 314 941
1544455 358251 314 85020
1544456 358251 314 5210
1544457 358251 314 98701
1544458 358251 314 41569
1544459 358251 314 10269
1544460 358251 314 44783
1544461 358251 314 4946
1544474 358253 314 98702
1544475 358253 314 61931
1544476 358253 314 1907
1544477 358253 314 4385
1544478 358253 314 1842
1544495 358256 314 21
1544496 358256 314 2567
1544497 358256 314 4256
1544506 240547 314 71999
1544507 240547 314 29
1544516 358259 314 98703
1544517 358259 314 1143
1544518 358259 314 4003
1544519 358259 314 464
1544520 358259 314 3196
1544521 358259 314 72
1544522 358260 314 3091
1544523 358260 314 2294
1544524 358260 314 28539
1544525 358260 314 4992
1544532 358263 314 5813
1544533 358263 314 3182
1544534 358263 314 361
1544541 358266 314 2072
1544542 358266 314 21168
1544543 358266 314 16627
1544544 358267 314 1191
1544545 358267 314 996
1544546 358267 314 21412
1544547 358267 314 1591
1544548 358268 314 467
1544549 358268 314 80507
1544550 358268 314 24258
1544551 358268 314 1233
1544552 358268 314 17946
1544553 358269 314 503
1544554 358269 314 39
1544555 358269 314 15928
1544556 358270 314 2567
1544557 358270 314 1628
1544565 358273 314 11088
1544566 358273 314 59817
1544567 358273 314 1052
1544568 358273 314 98704
1544569 358273 314 1051
1544570 358273 314 49417
1544605 358280 314 361
1544606 358280 314 5813
1544607 358280 314 98695
1544608 358280 314 469
1544609 160891 314 941
1544610 160891 314 6686
1544611 160891 314 138
1544612 358281 314 3130
1544613 358281 314 67
1544614 358281 314 1704
1544615 358281 314 1565
1544616 358281 314 3790
1544617 358282 314 12
1544618 358282 314 29552
1544619 358282 314 4297
1544620 358282 314 98706
1544621 358282 314 1267
1544622 358282 314 98707
1544623 358282 314 1842
1544646 358286 314 1284
1544647 358286 314 4003
1544648 358286 314 1704
1544649 358286 314 941
1544660 358289 314 6208
1544661 358289 314 4240
1544662 358289 314 359
1544663 358290 314 4001
1544664 358290 314 98711
1544665 358290 314 1616
1544666 1916244 314 1560
1544667 1916244 314 19992
1544668 1916244 314 29
1544679 358292 314 982
1544680 358292 314 774
1544681 358292 314 25459
1544682 358292 314 9744
1544683 358292 314 359
1544684 358292 314 7380
1544685 358293 314 1828
1544686 358293 314 2965
1544687 358293 314 1565
1544688 358294 314 4
1544689 358294 314 1616
1544690 358294 314 98712
1544691 358294 314 98713
1544692 337461 314 941
1544693 337461 314 24452
1544694 337461 314 8051
1544714 358298 314 915
1544715 358298 314 18087
1544716 358298 314 8572
1544717 358298 314 5476
1544722 358300 314 2920
1544723 358300 314 5277
1544724 358300 314 2797
1544725 358300 314 98714
1544726 358300 314 98715
1544731 337502 314 1143
1544732 337502 314 941
1544733 337502 314 5984
1544734 337502 314 138
1544735 337502 314 40599
1544736 337502 314 5934
1544745 358303 314 20787
1544746 358303 314 11177
1544747 358303 314 20571
1544748 358303 314 20336
1544749 358303 314 98717
1544750 358303 314 10269
1544751 358304 314 125
1544752 358304 314 557
1544753 358304 314 93422
1544754 9181 314 4240
1544755 9181 314 32457
1544756 9181 314 2061
1544777 358309 314 84085
1544778 358309 314 1704
1544779 358309 314 5815
1544780 358309 314 4297
1544781 358309 314 91449
1544782 358309 314 98720
1544783 358309 314 425
1544784 358310 314 1999
1544785 358310 314 12
1544786 358310 314 67
1544787 358310 314 225
1544788 23196 314 25641
1544789 23196 314 29
1544790 23196 314 1113
1544791 23196 314 9797
1544792 358311 314 1835
1544793 358311 314 2797
1544814 358316 314 25688
1544815 358316 314 2797
1544836 358322 314 941
1544837 358322 314 41727
1544838 358322 314 6
1544839 10729 314 992
1544840 10729 314 19312
1544841 10729 314 3509
1544842 10729 314 894
1544843 10729 314 15358
1544844 10729 314 2206
1544845 10729 314 8907
1544846 10729 314 20946
1544854 358325 314 361
1544855 358325 314 1704
1544856 358325 314 2186
1544857 358325 314 29
1544858 358325 314 50686
1544859 358325 314 4791
1544906 5013 314 1723
1544907 5013 314 1722
1544908 5013 314 952
1544909 358334 314 2797
1544910 358334 314 5358
1544911 358334 314 35272
1544912 358334 314 27182
1544913 358334 314 53386
1544914 358334 314 1913
1544915 358334 314 2437
1544919 358336 314 4160
1544920 358336 314 29
1544921 358336 314 19992
1544924 358338 314 98723
1544925 358338 314 1367
1544926 358338 314 98724
1544927 358338 314 98725
1544928 358338 314 98726
1544929 358338 314 26383
1544930 358338 314 1999
1544936 358341 314 81122
1544937 358341 314 69152
1544938 358341 314 2358
1544969 358345 314 8497
1544970 358345 314 941
1544971 358345 314 41240
1544972 358345 314 1304
1544977 358346 314 98727
1544978 358346 314 1842
1544979 358346 314 1704
1544980 358346 314 3790
1544981 358346 314 3130
1544982 358347 314 6354
1544983 358347 314 10119
1544984 358347 314 10275
1545001 358351 314 941
1545002 358351 314 98728
1545003 358351 314 98729
1545004 358352 314 98730
1545005 358352 314 98731
1545006 358353 314 98732
1545007 66786 314 38815
1545008 66786 314 11088
1545009 66786 314 731
1545010 66786 314 29
1545011 66786 314 17128
1545012 66786 314 16691
1545019 358354 314 941
1545020 358354 314 307
1545021 358354 314 4003
1545031 1916245 314 1560
1545032 1916245 314 29
1545033 1916245 314 19992
1545038 8733 314 1150
1545039 8733 314 8294
1545040 8733 314 311
1545041 8733 314 39157
1545042 8733 314 425
1545043 8733 314 451
1545049 358359 314 1722
1545050 358359 314 19881
1545051 358359 314 1723
1545052 358359 314 72
1545057 72994 314 359
1545058 72994 314 301
1545059 72994 314 982
1545060 358360 314 2520
1545061 358360 314 23819
1545062 358360 314 359
1545063 358360 314 1123
1545064 358360 314 953
1545075 358362 314 1723
1545076 358362 314 8705
1545077 358363 314 6291
1545078 358363 314 2797
1545079 358363 314 359
1545086 358364 314 15467
1545087 358364 314 29461
1545090 358365 314 98735
1545091 358365 314 24031
1545092 358365 314 361
1545093 358365 314 5813
1545094 358365 314 2520
1545095 358365 314 4607
1545096 358365 314 1327
1545133 170044 314 26423
1545134 170044 314 2940
1545135 170044 314 1125
1545136 170044 314 869
1545137 67000 314 1722
1545138 67000 314 1191
1545139 67000 314 1723
1545140 67000 314 72
1545158 73091 314 982
1545159 73091 314 392
1545160 73091 314 18708
1545161 73091 314 18087
1545162 358375 314 1143
1545163 358375 314 16627
1545164 358375 314 1829
1545165 358375 314 359
1545178 358377 314 361
1545179 358377 314 869
1545180 358377 314 98738
1545181 13547 314 359
1545182 13547 314 13904
1545183 13547 314 9744
1545184 13547 314 22073
1545185 13547 314 98739
1545186 13547 314 301
1545191 8846 314 1049
1545192 8846 314 8294
1545193 8846 314 4003
1545194 97993 314 359
1545195 97993 314 1123
1545196 97993 314 3779
1545197 97993 314 3467
1545216 358383 314 53206
1545217 358383 314 1123
1545218 358383 314 557
1545219 358383 314 4460
1545226 358384 314 98742
1545227 358384 314 56749
1545228 358384 314 98743
1545229 358384 314 1051
1545230 358384 314 12800
1545231 135204 314 5927
1545232 135204 314 221
1545233 327824 314 125
1545234 327824 314 1191
1545235 327824 314 53221
1545236 327824 314 21412
1545237 327824 314 816
1545238 327824 314 3196
1545239 358385 314 1052
1545240 358385 314 1051
1545241 358385 314 98744
1545242 13703 314 4003
1545243 13703 314 4001
1545244 13703 314 8877
1545245 13703 314 44789
1545246 20812 314 941
1545247 20812 314 79
1545248 20812 314 1897
1545249 20812 314 301
1545250 20812 314 29574
1545254 358387 314 2150
1545255 358387 314 1185
1545256 358387 314 1052
1545257 358387 314 5934
1545258 358387 314 4620
1545259 358387 314 33497
1545260 358387 314 361
1545261 358388 314 98745
1545262 358388 314 719
1545263 358388 314 23774
1545264 358388 314 2770
1545274 358391 314 361
1545275 358391 314 53702
1545276 358391 314 1297
1545277 358391 314 1034
1545278 358391 314 4213
1545279 358392 314 941
1545280 358392 314 6
1545281 358392 314 94864
1545282 358392 314 503
1545283 358392 314 45
1545284 358392 314 4003
1545291 73856 314 12
1545292 73856 314 996
1545293 73856 314 98747
1545294 73856 314 21116
1545295 73856 314 1802
1545306 358397 314 2456
1545307 358397 314 3177
1545308 358397 314 1616
1545325 358399 314 50449
1545326 358399 314 68618
1545327 358399 314 8800
1545328 358399 314 38815
1545329 183661 314 6291
1545330 183661 314 3275
1545331 183661 314 5541
1545332 183661 314 98750
1545333 183661 314 53956
1545334 183661 314 4159
1545335 183661 314 359
1545336 183661 314 982
1545337 358400 314 2797
1545338 358400 314 27577
1545339 358400 314 1787
1545340 358400 314 503
1545341 358400 314 5791
1545363 358404 314 53380
1545364 358404 314 98755
1545365 358404 314 23914
1545396 284295 314 44529
1545397 284295 314 29
1545398 284295 314 19992
1545399 358409 314 98761
1545400 358409 314 20787
1545401 358409 314 367
1545416 67467 314 12
1545417 67467 314 4791
1545418 67467 314 996
1545419 67467 314 1732
1545420 67467 314 98695
1545474 358422 314 125
1545475 358422 314 92
1545476 358422 314 1726
1545477 358422 314 98766
1545505 358428 314 361
1545506 358428 314 869
1545507 358428 314 17906
1545508 358428 314 1760
1545509 358428 314 98770
1545518 358431 314 21632
1545519 358431 314 2840
1545520 358431 314 1896
1545521 358431 314 996
1545522 358431 314 1795
1545523 358431 314 68361
1545524 358431 314 1996
1545572 161426 314 39462
1545573 161426 314 46873
1545574 161426 314 2061
1545575 358438 314 68301
1545576 358438 314 1233
1545577 358438 314 43731
1545578 358438 314 10837
1545579 358438 314 44829
1545580 358438 314 20946
1545581 358438 314 21335
1545582 358439 314 1191
1545583 358439 314 3130
1545584 358439 314 29651
1545585 358440 314 91218
1545586 358440 314 3681
1545587 358440 314 29977
1545588 358440 314 1191
1545589 358440 314 91676
1545590 358440 314 138
1545591 358440 314 4003
1545598 358442 314 361
1545599 358442 314 1262
1545600 358442 314 869
1545601 358442 314 1297
1545602 358443 314 361
1545603 358443 314 15656
1545604 358443 314 302
1545605 358443 314 41746
1545606 358444 314 1923
1545607 358444 314 21021
1545608 358444 314 54192
1545609 358444 314 98773
1545616 105121 314 2061
1545617 105121 314 731
1545618 105121 314 4213
1545619 105121 314 15854
1545620 169570 314 869
1545621 169570 314 46742
1545622 169570 314 10254
1545623 169570 314 4213
1545636 14564 314 81
1545637 14564 314 4649
1545638 14564 314 2061
1545639 14564 314 46841
1545640 14564 314 16241
1545641 1916246 314 1560
1545642 1916246 314 19992
1545643 1916246 314 29
1545644 358446 314 15584
1545645 358446 314 21993
1545646 358447 314 81
1545647 358447 314 4285
1545648 358448 314 361
1545649 358448 314 869
1545650 358448 314 98748
1545651 358448 314 98774
1545655 358450 314 17589
1545656 358450 314 9966
1545657 358450 314 869
1545686 358456 314 1675
1545687 358456 314 98776
1545688 358456 314 72597
1545689 358456 314 72
1545695 358459 314 1191
1545696 358459 314 1261
1545697 358459 314 2338
1545698 358459 314 98777
1545701 358461 314 2520
1545702 358461 314 20825
1545703 358461 314 425
1545704 323778 314 1701
1545705 323778 314 12
1545706 323778 314 342
1545707 323778 314 30475
1545708 323778 314 1563
1545709 323778 314 4369
1545710 323778 314 98778
1545713 358463 314 3240
1545714 358463 314 1745
1545715 358463 314 27458
1545716 358464 314 53478
1545717 358464 314 98779
1545718 358464 314 38815
1545726 358467 314 941
1545727 358467 314 311
1545728 358467 314 503
1545729 358467 314 16221
1545730 358467 314 4003
1545731 358467 314 1183
1545745 358470 314 98723
1545746 358470 314 1367
1545747 154092 314 3451
1545748 154092 314 4
1545775 358476 314 4102
1545776 358476 314 3358
1545777 358476 314 4722
1545778 358476 314 66649
1545793 358477 314 1616
1545794 358477 314 98781
1545795 358478 314 917
1545796 358478 314 38815
1545797 358478 314 912
1545798 358478 314 3463
1545799 358478 314 18795
1545800 358478 314 98782
1545803 358480 314 12
1545804 358480 314 17061
1545805 358480 314 425
1545806 358480 314 503
1545847 337763 314 28667
1545848 337763 314 1244
1545849 337763 314 5757
1545850 358488 314 334
1545851 358488 314 1861
1545852 358488 314 5476
1545853 358489 314 4003
1545854 358489 314 1701
1545857 294877 314 941
1545858 294877 314 21
1545859 294877 314 20642
1545860 248943 314 127
1545861 248943 314 29
1545862 248943 314 25641
1545881 358493 314 98788
1545882 358493 314 2968
1545883 358493 314 359
1545884 358493 314 982
1545885 358493 314 4102
1545892 14574 314 4256
1545893 14574 314 254
1545894 14574 314 10240
1545895 358495 314 4256
1545896 358495 314 254
1545897 358495 314 21
1545920 358502 314 29
1545921 358502 314 941
1545922 358502 314 38932
1545923 358502 314 15542
1545924 358502 314 4
1545925 358502 314 643
1545926 358502 314 2994
1545927 358503 314 941
1545928 358503 314 98790
1545929 358503 314 1704
1545930 358503 314 19337
1545931 358503 314 1772
1545932 358503 314 5761
1545951 358507 314 5791
1545952 358507 314 1723
1545953 358507 314 1191
1545954 358507 314 2376
1545970 358512 314 3091
1545971 358512 314 2294
1545972 358512 314 28539
1545973 358512 314 4992
1545974 358512 314 5751
1545991 358515 314 221
1545992 358515 314 32457
1546008 184294 314 29
1546009 184294 314 15449
1546010 184294 314 98792
1546011 184294 314 2815
1546031 358520 314 727
1546032 358520 314 1546
1546033 358520 314 29
1546037 358522 314 359
1546038 358522 314 24465
1546039 358522 314 2852
1546040 358523 314 4362
1546041 358523 314 2602
1546042 358523 314 3565
1546043 358523 314 3357
1546044 358523 314 618
1546045 358524 314 29
1546046 358524 314 1714
1546047 358524 314 38543
1546048 358525 314 2797
1546049 358525 314 5813
1546050 358525 314 5777
1546051 358525 314 1616
1546052 358525 314 2520
1546053 358525 314 2100
1546059 358526 314 4003
1546060 358526 314 25793
1546061 358526 314 1233
1546062 358526 314 98795
1546063 358526 314 98796
1546064 358526 314 361
1546065 358527 314 7404
1546066 358527 314 4003
1546067 358527 314 8986
1546068 358527 314 1795
1546069 358528 314 80
1546070 358528 314 81
1546071 358528 314 40
1546072 358529 314 29
1546073 358529 314 46369
1546074 358529 314 98797
1546075 358529 314 6289
1546076 358530 314 1284
1546077 358530 314 39
1546078 358530 314 16627
1546079 358530 314 38815
1546088 358533 314 2342
1546089 358533 314 1723
1546090 358533 314 68994
1546091 358534 314 6676
1546092 358534 314 1616
1546093 358534 314 98800
1546098 358536 314 941
1546099 358536 314 361
1546100 358536 314 3509
1546101 358536 314 1829
1546102 358536 314 1802
1546103 358536 314 66517
1546104 358536 314 2725
1546105 358536 314 3510
1546106 358536 314 2520
1546107 358536 314 98801
1546125 358540 314 361
1546126 358540 314 869
1546127 358540 314 1191
1546128 358540 314 4213
1546129 358540 314 6724
1546130 358541 314 2178
1546131 358541 314 941
1546132 358541 314 5521
1546133 358541 314 1705
1546134 358541 314 4996
1546135 358542 314 1191
1546136 358542 314 1209
1546137 358542 314 28539
1546138 358542 314 49231
1546154 337818 314 79052
1546155 337818 314 301
1546156 337818 314 69012
1546157 337818 314 98803
1546158 337818 314 334
1546159 337818 314 1037
1546169 358548 314 1616
1546170 358548 314 98804
1546171 358548 314 2242
1546172 358548 314 917
1546173 358548 314 38815
1546174 358549 314 2725
1546175 358549 314 18574
1546176 358549 314 22511
1546183 358550 314 359
1546184 358550 314 38815
1546185 358550 314 10269
1546186 358550 314 3867
1546207 358554 314 2816
1546208 358554 314 98807
1546211 358556 314 1922
1546212 358556 314 46353
1546213 358556 314 38815
1546214 358556 314 4533
1546215 358556 314 912
1546216 358556 314 3807
1546217 358556 314 996
1546218 358556 314 98808
1546223 89266 314 2476
1546224 89266 314 2359
1546225 89266 314 1577
1546232 358558 314 98695
1546236 358559 314 28539
1546237 358559 314 6833
1546238 358559 314 4
1546239 358559 314 1616
1546240 8026 314 3816
1546241 8026 314 895
1546262 199021 314 1429
1546263 199021 314 29
1546264 199021 314 1284
1546270 358565 314 5142
1546271 358565 314 6676
1546272 358565 314 369
1546273 358565 314 1743
1546274 358565 314 44789
1546275 358566 314 425
1546276 358566 314 25054
1546277 358566 314 20539
1546278 358566 314 1730
1546279 358567 314 98813
1546280 358567 314 2463
1546281 358567 314 98814
1546282 358567 314 16214
1546283 358567 314 882
1546284 358567 314 1802
1546302 358571 314 1947
1546303 358571 314 1704
1546304 358571 314 1233
1546305 358571 314 23975
1546306 358571 314 4746
1546307 358572 314 6269
1546308 358572 314 23975
1546314 95215 314 941
1546315 95215 314 21
1546316 95215 314 1625
1546317 95215 314 2045
1546318 95215 314 21335
1546319 95215 314 1359
1546325 161898 314 41167
1546326 161898 314 18351
1546327 161898 314 4552
1546328 161898 314 21116
1546329 161898 314 369
1546344 358577 314 29
1546345 358577 314 53478
1546346 358577 314 98817
1546347 358577 314 4385
1546348 358577 314 4096
1546349 358578 314 98818
1546350 358578 314 83920
1546351 358578 314 5757
1546352 358578 314 6226
1546353 358578 314 4385
1546354 358578 314 2186
1546355 358578 314 16241
1546356 127471 314 359
1546357 127471 314 13672
1546358 127471 314 98819
1546359 127471 314 29817
1546360 127471 314 126
1546361 127471 314 795
1546368 358580 314 98732
1546389 186604 314 20540
1546390 186604 314 8307
1546391 186604 314 4121
1546392 186604 314 4003
1546393 186604 314 1889
1546394 186604 314 66543
1546395 186604 314 3609
1546396 186604 314 1627
1546401 358586 314 1616
1546402 358586 314 4003
1546403 358586 314 97
1546408 358588 314 361
1546409 358588 314 61270
1546410 358588 314 4855
1546421 358592 314 503
1546422 358592 314 16750
1546423 358592 314 98823
1546429 358594 314 294
1546430 358594 314 2797
1546438 358598 314 1616
1546439 358598 314 4001
1546440 358598 314 60207
1546467 358605 314 1191
1546468 358605 314 41906
1546469 358605 314 816
1546470 358605 314 2023
1546471 358605 314 4270
1546477 358607 314 941
1546478 358607 314 4003
1546479 358607 314 361
1546480 358607 314 22864
1546481 358607 314 4550
1546486 327642 314 1999
1546487 327642 314 5189
1546488 327642 314 941
1546489 327642 314 311
1546490 327642 314 1907
1546494 358610 314 655
1546495 358610 314 941
1546496 358610 314 917
1546497 358610 314 1052
1546501 358611 314 795
1546502 358611 314 359
1546503 358611 314 982
1546504 358611 314 41167
1546510 48051 314 80
1546511 48051 314 72
1546512 48051 314 4
1546513 48051 314 1450
1546522 70569 314 3337
1546523 70569 314 3321
1546524 70569 314 1625
1546525 70569 314 16241
1546526 70569 314 4998
1546527 70569 314 98830
1546528 70569 314 21335
1546529 70569 314 15358
1546530 70569 314 2045
1546548 337912 314 20716
1546549 337912 314 2520
1546550 337912 314 1896
1546551 337912 314 98741
1546552 358618 314 25333
1546553 358618 314 331
1546554 358618 314 1284
1546555 358618 314 19992
1546556 358618 314 3151
1546557 358618 314 1560
1546563 26700 314 29
1546564 26700 314 69380
1546585 10562 314 5984
1546586 10562 314 5733
1546587 10562 314 1191
1546588 10562 314 2338
1546589 358623 314 21267
1546590 358623 314 98831
1546591 358623 314 2665
1546598 358625 314 941
1546599 358625 314 16643
1546600 358625 314 6
1546601 358625 314 1795
1546616 75751 314 915
1546617 75751 314 18087
1546618 75751 314 5476
1546619 75751 314 1388
1546635 358631 314 719
1546644 337946 314 307
1546645 337946 314 18985
1546646 337946 314 3083
1546647 337946 314 311
1546648 337946 314 77940
1546654 10696 314 1999
1546655 10696 314 16294
1546656 10696 314 941
1546657 10696 314 8294
1546658 10696 314 138
1546659 358634 314 2797
1546660 358634 314 98834
1546661 358634 314 774
1546662 358634 314 29
1546663 358634 314 361
1546664 358634 314 5927
1546665 124742 314 26590
1546666 124742 314 9946
1546667 124742 314 21399
1546668 124742 314 996
1546669 124742 314 98835
1546683 358637 314 1943
1546684 358637 314 5751
1546685 358637 314 1616
1546686 358637 314 8318
1546687 358637 314 98838
1546688 358637 314 28436
1546689 358637 314 20852
1546690 358637 314 21120
1546691 358637 314 38815
1546692 298937 314 3558
1546693 298937 314 1897
1546694 298937 314 6676
1546695 298937 314 1616
1546711 358643 314 1123
1546712 358643 314 4256
1546713 358643 314 21
1546714 358643 314 254
1546715 358643 314 68009
1546722 358645 314 3680
1546723 358645 314 6289
1546724 358645 314 50991
1546725 358645 314 29
1546726 358646 314 15
1546727 358646 314 41167
1546728 358646 314 719
1546729 358646 314 3196
1546751 185025 314 359
1546752 185025 314 2867
1546753 185025 314 79806
1546754 185025 314 20983
1546755 185025 314 8810
1546758 358650 314 2330
1546759 358650 314 98741
1546760 358650 314 38815
1546761 358651 314 125
1546762 358651 314 67
1546763 358651 314 5358
1546764 358651 314 8907
1546776 358654 314 3145
1546777 358654 314 882
1546778 358655 314 3524
1546820 358668 314 69212
1546821 358668 314 2525
1546822 358668 314 39002
1546823 358668 314 469
1546824 358669 314 719
1546825 358669 314 4001
1546826 358669 314 98847
1546832 358670 314 334
1546833 358670 314 4074
1546834 358670 314 311
1546835 358671 314 41167
1546836 358671 314 98786
1546837 358671 314 3196
1546838 358671 314 25803
1546847 358674 314 29
1546848 358674 314 1450
1546849 358674 314 941
1546850 358674 314 221
1546851 358674 314 11050
1546852 358674 314 1123
1546869 185581 314 39480
1546870 185581 314 996
1546871 185581 314 72
1546872 185581 314 1591
1546873 358679 314 1123
1546874 358679 314 719
1546879 358681 314 98761
1546880 358681 314 20787
1546881 358681 314 367
1546889 358685 314 361
1546890 358685 314 869
1546891 358685 314 98748
1546892 358685 314 98774
1546895 358686 314 361
1546896 358686 314 1704
1546897 358686 314 2592
1546898 358686 314 359
1546899 358686 314 1284
1546900 358686 314 26880
1546901 358686 314 39390
1546902 358686 314 895
1546906 358688 314 5751
1546907 358688 314 5754
1546908 358688 314 301
1546909 358688 314 22000
1546910 358688 314 1123
1546911 358689 314 4074
1546912 358689 314 361
1546913 358689 314 98853
1546914 358689 314 98854
1546915 358689 314 26556
1546920 1916248 314 1560
1546921 1916248 314 19992
1546922 1916248 314 29
1546930 358693 314 21412
1546931 358693 314 467
1546940 36831 314 1049
1546941 36831 314 941
1546942 36831 314 3565
1546943 36831 314 2061
1546949 358697 314 359
1546950 358697 314 221
1546951 358697 314 17906
1546956 358699 314 361
1546957 358699 314 29
1546958 358699 314 3156
1546959 358699 314 15989
1546960 358699 314 98748
1546967 358701 314 302
1546968 358701 314 221
1546969 358701 314 18287
1546970 358701 314 4978
1546971 1012120 314 2061
1546972 1012120 314 1560
1546973 1012120 314 6
1546974 358702 314 38488
1546975 358702 314 29
1546976 358702 314 982
1546983 358704 314 20716
1546984 358704 314 41167
1546985 358704 314 2520
1546986 278594 314 254
1546987 278594 314 917
1546988 278594 314 276
1547000 358707 314 342
1547001 358707 314 523
1547002 358707 314 3517
1547003 358707 314 2690
1547004 358707 314 2456
1547005 358707 314 4369
1547006 358707 314 1563
1547027 358711 314 359
1547028 358711 314 14029
1547029 358711 314 23805
1547030 358711 314 6208
1547031 358711 314 1769
1547050 80182 314 6
1547051 80182 314 952
1547054 358717 314 38815
1547055 358717 314 1331
1547056 358717 314 29
1547057 358718 314 12
1547058 358718 314 1552
1547059 358718 314 19180
1547060 358718 314 996
1547061 358718 314 3196
1547067 358721 314 973
1547068 358721 314 1943
1547069 358721 314 503
1547070 358721 314 3357
1547071 358721 314 98695
1547072 358722 314 33905
1547073 358722 314 1565
1547074 358722 314 66860
1547097 358727 314 1962
1547098 358727 314 4791
1547099 358727 314 19478
1547103 358729 314 6330
1547104 358729 314 83253
1547105 358729 314 21826
1547106 358729 314 24783
1547107 358729 314 94864
1547108 358730 314 361
1547109 358730 314 6330
1547110 358730 314 53702
1547140 358734 314 98866
1547141 358734 314 98786
1547142 358734 314 953
1547143 358734 314 2520
1547144 358734 314 98867
1547145 358735 314 953
1547146 358735 314 2520
1547147 358735 314 98868
1547148 358735 314 98866
1547149 358735 314 98867
1547153 358737 314 941
1547154 358737 314 294
1547155 358737 314 6261
1547156 358737 314 4003
1547157 358737 314 20642
1547158 358737 314 3807
1547159 358737 314 9984
1547160 358737 314 62006
1547161 212 314 3147
1547162 212 314 1999
1547167 358738 314 503
1547168 358738 314 98695
1547187 358743 314 941
1547188 358743 314 3750
1547189 358743 314 4003
1547190 358744 314 1842
1547191 358744 314 1239
1547192 358744 314 42302
1547193 358744 314 2797
1547234 358753 314 125
1547235 358753 314 2248
1547236 358753 314 44829
1547237 358753 314 19535
1547238 358753 314 1896
1547239 358754 314 13822
1547240 358754 314 67221
1547241 358754 314 93713
1547242 358754 314 10428
1547243 358754 314 54262
1547244 358754 314 4961
1547252 358756 314 21
1547253 358756 314 557
1547258 358757 314 2631
1547259 358757 314 4528
1547260 358757 314 523
1547261 358757 314 68939
1547262 358758 314 67
1547263 358758 314 1889
1547264 358758 314 1565
1547265 358758 314 98695
1547266 358758 314 1627
1547277 10721 314 1231
1547278 10721 314 2709
1547279 10721 314 15716
1547280 10721 314 19533
1547284 1916250 314 1560
1547285 1916250 314 18722
1547286 1916250 314 3253
1547287 1916250 314 3151
1547288 1916250 314 29
1547293 58536 314 982
1547294 58536 314 941
1547295 58536 314 285
1547296 358760 314 38815
1547297 358760 314 361
1547298 358760 314 1802
1547299 358760 314 26816
1547300 358760 314 61621
1547316 358763 314 1191
1547317 358763 314 1722
1547318 358763 314 38815
1547319 358763 314 41412
1547324 358765 314 1923
1547325 358765 314 2477
1547326 358765 314 21061
1547327 10678 314 3510
1547328 10678 314 13822
1547336 358767 314 912
1547337 358767 314 1907
1547338 358767 314 15977
1547339 358768 314 46889
1547340 358768 314 4028
1547341 358768 314 32422
1547342 358768 314 6108
1547343 358768 314 15799
1547344 358768 314 1183
1547345 358769 314 1050
1547346 358769 314 941
1547347 358769 314 46376
1547358 358772 314 8651
1547359 358772 314 2797
1547364 170641 314 1262
1547365 170641 314 2709
1547366 170641 314 4975
1547375 51 314 146
1547376 51 314 8969
1547394 358780 314 17080
1547395 358780 314 54080
1547396 358780 314 361
1547403 358782 314 1701
1547404 358782 314 4003
1547405 358782 314 1795
1547422 67265 314 15788
1547423 67265 314 1124
1547436 358790 314 31457
1547437 358790 314 16241
1547438 358790 314 21335
1547439 358790 314 2690
1547440 358790 314 1625
1547441 358790 314 127
1547452 358793 314 359
1547453 358793 314 1230
1547454 358793 314 98876
1547455 358793 314 126
1547456 358793 314 982
1547457 358794 314 941
1547458 358794 314 361
1547459 358794 314 22864
1547464 358796 314 719
1547465 358796 314 882
1547466 358796 314 8294
1547467 358796 314 2294
1547468 358796 314 5330
1547487 358800 314 4360
1547488 358800 314 1999
1547489 358800 314 44431
1547506 358804 314 359
1547507 358804 314 307
1547508 358804 314 72
1547509 358804 314 941
1547510 358804 314 3083
1547516 198212 314 359
1547517 198212 314 307
1547518 198212 314 1907
1547519 198212 314 6676
1547526 358808 314 2922
1547527 358808 314 2797
1547534 358811 314 2922
1547535 358811 314 2797
1547546 358814 314 361
1547547 358814 314 16241
1547548 358814 314 941
1547549 358814 314 1616
1547550 358814 314 15358
1547551 358814 314 18230
1547552 358814 314 26590
1547553 358814 314 18427
1547554 358814 314 5777
1547555 358814 314 4998
1547559 338240 314 941
1547560 338240 314 4003
1547561 338240 314 361
1547562 338240 314 22864
1547563 123080 314 941
1547564 123080 314 125
1547565 123080 314 98879
1547577 358818 314 25220
1547578 358818 314 53478
1547579 358818 314 16627
1547580 358818 314 98881
1547581 358818 314 38815
1547582 96903 314 4
1547583 96903 314 618
1547584 96903 314 25138
1547592 358821 314 2867
1547593 358821 314 8810
1547594 358821 314 6291
1547595 358821 314 84145
1547601 257770 314 9427
1547602 257770 314 639
1547609 358823 314 26823
1547610 358823 314 361
1547615 358824 314 638
1547616 358824 314 1123
1547624 358827 314 359
1547625 358827 314 14029
1547626 358827 314 23805
1547633 358829 314 40
1547634 358829 314 41028
1547635 358829 314 66517
1547636 358829 314 1820
1547646 358832 314 38815
1547647 358832 314 5836
1547648 358832 314 98886
1547649 358832 314 941
1547650 358833 314 941
1547651 358833 314 138
1547652 358833 314 719
1547653 358833 314 1052
1547654 358833 314 1183
1547655 358833 314 5777
1547656 358833 314 31
1547657 358834 314 29
1547658 358834 314 42302
1547659 358834 314 1842
1547660 358834 314 5842
1547661 358834 314 13048
1547662 358834 314 2797
1547663 12885 314 3147
1547664 12885 314 1999
1547665 358835 314 2922
1547666 358835 314 10892
1547667 358835 314 29
1547668 358835 314 4385
1547669 358835 314 1233
1547670 358835 314 4746
1547671 358835 314 1704
1547672 358835 314 3681
1547677 358837 314 359
1547678 358837 314 638
1547679 358837 314 11532
1547680 358837 314 90
1547681 358837 314 285
1547686 358840 314 1191
1547687 358840 314 1722
1547688 358840 314 952
1548279 350058 314 359
1548280 350058 314 3275
1548281 350058 314 6291
1548282 350058 314 23774
1548283 350058 314 917
1548284 350058 314 38815
1548285 350058 314 4860
1548426 358954 314 98788
1548427 358954 314 2816
1548428 358954 314 4102
1548429 358954 314 138
1548430 358954 314 285
1548452 358967 314 98962
1548453 358967 314 19947
1548454 358967 314 24267
1548455 358968 314 24267
1548456 358968 314 98963
1548457 358969 314 72038
1548458 358969 314 127
1548459 358969 314 29
1548460 358969 314 98964
1548461 358969 314 98965
1548472 358972 314 77479
1548473 358972 314 1795
1548474 358972 314 1565
1548475 358972 314 24907
