1548515 358982 315 98969
1548516 358982 315 4107
1548525 358985 315 912
1548526 358985 315 4053
1548546 358991 315 816
1548547 358991 315 2657
1548554 15085 315 9319
1548555 15085 315 1565
1548556 37771 315 46
1548557 37771 315 64
1548558 37771 315 825
1548562 358994 315 992
1548563 358994 315 77293
1548564 358994 315 10162
1548565 8930 315 46
1548566 8930 315 259
1548583 358999 315 1128
1548590 359002 315 1999
1548591 359002 315 2008
1548592 359002 315 1141
1548599 58965 315 1106
1548600 58965 315 108
1548601 58965 315 188
1548602 58965 315 44
1548603 58965 315 486
1548604 58965 315 189
1548607 8186 315 9319
1548608 8186 315 284
1548609 8186 315 8981
1548610 22562 315 44
1548611 22562 315 188
1548612 22562 315 1888
1548613 22562 315 486
1548622 65676 315 72
1548623 65676 315 294
1548624 65676 315 11
1548625 65676 315 52
1548629 359008 315 730
1548630 359008 315 486
1548631 359008 315 1795
1548632 359009 315 72
1548633 359009 315 20394
1548634 359009 315 2012
1548639 359011 315 98970
1548640 359011 315 894
1548641 359011 315 4442
1548642 359011 315 1795
1548643 359011 315 9319
1548655 355490 315 98971
1548665 88201 315 894
1548666 88201 315 139
1548667 88201 315 486
1548668 88201 315 46
1548680 262671 315 730
1548685 1639 315 486
1548686 1639 315 719
1548710 359027 315 719
1548711 359027 315 12800
1548712 359027 315 9319
1548713 18822 315 992
1548714 18822 315 1122
1548715 18822 315 1999
1548716 18822 315 1128
1548724 196267 315 90
1548725 196267 315 11
1548726 196267 315 98973
1548727 196267 315 4255
1548728 196268 315 730
1548729 196268 315 11
1548730 196268 315 76797
1548731 196268 315 4255
1548732 196268 315 486
1548733 359032 315 486
1548734 359032 315 1128
1548735 359033 315 221
1548736 359033 315 72
1548737 359034 315 168
1548738 359034 315 65739
1548754 359039 315 9319
1548755 359039 315 1937
1548756 359039 315 81
1548757 359039 315 12341
1548758 359039 315 11
1548766 36421 315 873
1548767 36421 315 503
1548768 359043 315 912
1548769 359043 315 5922
1548770 359044 315 44
1548771 359045 315 24704
1548772 359045 315 10161
1548783 359049 315 3394
1548784 359049 315 359
1548785 359049 315 188
1548786 359049 315 3
1548787 359050 315 50829
1548788 359050 315 98968
1548802 359053 315 9319
1548803 359053 315 28
1548804 359053 315 780
1548805 359053 315 11
1548806 359054 315 780
1548807 359054 315 28
1548808 359054 315 486
1548809 359054 315 168
1548812 4512 315 9319
1548813 4512 315 5670
1548819 54732 315 4028
1548820 54732 315 941
1548821 54732 315 90
1548822 54732 315 72
1548823 54732 315 294
1548830 359057 315 894
1548831 359057 315 1162
1548832 359057 315 1128
1548843 51683 315 9319
1548844 51683 315 108
1548845 51683 315 44
1548857 359067 315 3531
1548859 15433 315 9319
1548860 15433 315 301
1548861 15433 315 44
1548878 8490 315 730
1548879 8490 315 11
1548880 8490 315 4362
1548881 8490 315 9313
1548882 264855 315 10162
1548883 264855 315 1058
1548884 264855 315 75
1548903 359077 315 507
1548904 359077 315 1019
1548905 359077 315 912
1548906 359077 315 9319
1548909 359079 315 912
1548910 359079 315 2973
1548911 359079 315 1128
1548917 359082 315 3204
1548918 359082 315 1747
1548919 359082 315 730
1548920 359082 315 10162
1548921 359082 315 20394
1548922 359082 315 894
1548946 359089 315 10162
1548947 359089 315 825
1548948 359089 315 894
1548949 359089 315 730
1548950 359089 315 11
1548951 359089 315 9319
1548956 355817 315 10162
1548957 355817 315 700
1548958 355817 315 825
1548959 359091 315 486
1548960 359091 315 10162
1548961 359091 315 894
1548962 359091 315 11
1548963 359091 315 6953
1548966 359093 315 10162
1548967 359093 315 11
1548968 251866 315 9319
1548969 251866 315 10162
1548970 251866 315 4293
1548971 251866 315 11
1548976 359095 315 1169
1548977 359095 315 139
1548978 359095 315 1058
1548979 359095 315 9319
1548980 359096 315 2404
1548981 359096 315 13959
1548982 359096 315 11
1548983 66491 315 240
1548984 66491 315 44
1548985 66491 315 9313
1548986 189885 315 9319
1548987 189885 315 46
1548988 189885 315 259
1548989 12756 315 9319
1548990 12756 315 4036
1548991 12756 315 1795
1548996 112297 315 730
1548997 112297 315 4292
1548998 112297 315 9319
1548999 112297 315 1795
1549000 49833 315 2015
1549001 49833 315 969
1549002 49833 315 98
1549003 49833 315 3594
1549004 49833 315 1679
1549005 49833 315 2013
1549006 359097 315 1897
1549007 359097 315 730
1549008 359097 315 9319
1549009 135280 315 72
1549010 135280 315 1122
1549011 135280 315 486
1549014 12798 315 4140
1549015 12798 315 798
1549016 12798 315 11
1549017 12798 315 486
1549018 359099 315 6192
1549019 359099 315 44
1549033 359102 315 4293
1549034 359102 315 139
1549035 355906 315 992
1549036 355906 315 1058
1549037 355906 315 730
1549038 355906 315 11
1549039 359104 315 98985
1549040 359104 315 4293
1549041 359104 315 11
1549055 317193 315 9313
1549056 317193 315 6314
1549057 317193 315 65739
1549058 133827 315 4292
1549059 133827 315 108
1549060 133827 315 44
1549061 133827 315 730
1549067 359108 315 865
1549068 359108 315 24315
1549090 359118 315 992
1549091 359118 315 4442
1549092 271506 315 359
1549093 271506 315 9319
1549097 359121 315 1007
1549098 359121 315 486
1549099 359123 315 98986
1549100 359123 315 125
1549120 2147 315 44
1549121 2147 315 276
1549122 2147 315 1134
1549134 359136 315 46
1549135 359136 315 108
1549136 359136 315 1117
1549137 359136 315 72
1549138 359137 315 331
1549139 359137 315 104
1549140 359137 315 29
1549141 359137 315 139
1549142 359137 315 286
1549150 13264 315 100
1549151 13264 315 1738
1549152 9938 315 11
1549153 9938 315 941
1549154 9938 315 5848
1549155 9938 315 98988
1549156 151351 315 16402
1549157 151351 315 1923
1549158 151351 315 3363
1549159 151351 315 11
1549160 151351 315 1438
1549161 151351 315 9319
1549162 348884 315 2891
1549163 348884 315 11
1549164 348884 315 32430
1549165 348884 315 24315
1549166 348884 315 53883
1549167 348884 315 486
1549168 359140 315 9319
1549169 359140 315 72
1549170 359140 315 53883
1549171 359140 315 32430
1549177 359143 315 359
1549178 356024 315 486
1549179 356024 315 294
1549180 356024 315 4036
1549181 356024 315 19489
1549182 356024 315 81
1549183 299495 315 4662
1549184 299495 315 301
1549185 299495 315 254
1549186 299495 315 4943
1549191 359147 315 668
1549192 359147 315 3
1549193 359147 315 75
1549194 359147 315 188
1549195 359147 315 11
1549196 359147 315 527
1549197 359147 315 189
1549198 359148 315 9319
1549199 359148 315 1565
1549200 359148 315 1555
1549206 9719 315 1191
1549207 9719 315 1209
1549208 9719 315 55151
1549217 359154 315 486
1549218 359154 315 125
1549219 359154 315 98990
1549220 359154 315 44
1549232 359158 315 425
1549251 13660 315 9319
1549252 13660 315 1128
1549253 13660 315 4186
1549271 359168 315 507
1549272 359168 315 545
1549273 359168 315 126
1549276 359171 315 1133
1549277 359171 315 90
1549278 359171 315 11
1549281 359173 315 730
1549282 359173 315 4362
1549304 359180 315 941
1549305 359180 315 816
1549306 359180 315 1128
1549307 359180 315 486
1549308 359181 315 264
1549309 359181 315 331
1549310 359181 315 98993
1549311 359182 315 10162
1549312 359182 315 1747
1549314 359184 315 6912
1549315 359185 315 50829
1549322 359188 315 2404
1549323 359188 315 486
1549328 359191 315 894
1549329 359191 315 1128
1549341 13964 315 264
1549342 13964 315 17394
1549343 359196 315 825
1549344 359196 315 894
1549345 359196 315 4292
1549346 359196 315 9319
1549351 359199 315 4292
1549352 359199 315 4354
1549353 359199 315 3762
1549367 1375 315 104
1549368 1375 315 98969
1549369 1375 315 486
1549370 14187 315 1128
1549371 14187 315 72
1549372 14187 315 3487
1549373 14187 315 9313
1549383 359205 315 3394
1549384 359205 315 3
1549389 14300 315 221
1549390 14300 315 359
1549391 14300 315 1128
1549404 359208 315 730
1549405 359208 315 3153
1549406 359208 315 4362
1549407 178174 315 941
1549408 178174 315 2373
1549409 178174 315 1128
1549410 178174 315 1795
1549426 265337 315 4362
1549427 265337 315 894
1549428 265337 315 486
1549429 359217 315 816
1549430 359217 315 357
1549432 198128 315 730
1549433 198128 315 3153
1549434 198128 315 4362
1549443 146046 315 507
1549444 146046 315 1896
1549445 146046 315 2373
1549446 146046 315 1162
1549447 14536 315 44
1549448 14536 315 1058
1549449 14536 315 1106
1549450 14536 315 873
1549455 359223 315 1565
1549456 359223 315 1555
1549457 359223 315 342
1549458 359223 315 43501
1549459 359223 315 4272
1549471 338954 315 1565
1549472 338954 315 5393
1549481 359229 315 4362
1549482 359229 315 730
1549483 359229 315 9319
1549486 359231 315 4293
1549487 359231 315 359
1549488 359231 315 894
1549489 359231 315 9786
1549490 359231 315 486
1549491 359232 315 1565
1549492 359232 315 1128
1549493 359233 315 638
1549494 359233 315 894
1549495 359233 315 507
1549508 359238 315 11
1549509 359238 315 4293
1549510 359238 315 486
1549511 359238 315 264
1549521 359241 315 72
1549522 359241 315 3811
1549523 359241 315 8797
1549524 359241 315 486
1549528 359243 315 388
1549529 359243 315 43731
1549530 359243 315 825
1549538 359247 315 3394
1549539 359247 315 11
1549540 359247 315 10162
1549541 320845 315 3394
1549546 242773 315 98971
1549547 242773 315 98998
1549548 359249 315 3394
1549549 359249 315 11570
1549553 82888 315 425
1549557 133336 315 486
1549558 133336 315 139
1549559 133336 315 44
1549560 133336 315 1058
1549562 359254 315 816
1549563 359254 315 992
1549564 335378 315 188
1549565 335378 315 11
1549566 335378 315 527
1549576 241021 315 730
1549577 241021 315 4292
1549578 241021 315 486
1549589 359259 315 1128
1549590 359259 315 4230
1549591 359259 315 29
1549592 88233 315 3
1549593 88233 315 507
1549594 88233 315 221
1549595 88233 315 3098
1549610 359266 315 10162
1549611 359266 315 75
1549620 359270 315 9313
1549621 359270 315 1128
1549622 359270 315 719
1549641 192937 315 11
1549642 192937 315 44
1549643 192937 315 8768
1549644 192937 315 9319
1549649 10375 315 93033
1549650 10375 315 1128
1549651 10375 315 908
1549652 10375 315 104
1549653 10375 315 3159
1549663 359279 315 98968
1549664 359279 315 99002
1549665 359279 315 23909
1549666 359279 315 99003
1549667 359279 315 10162
1549668 359279 315 4362
1549669 359279 315 894
1549670 359279 315 730
1549671 359280 315 11
1549672 359280 315 98989
1549675 24098 315 1999
1549676 24098 315 2447
1549677 24098 315 3505
1549678 24098 315 486
1549686 359283 315 2012
1549687 359283 315 769
1549688 359283 315 11
1549689 359283 315 98
1549690 359283 315 1884
1549691 359283 315 72
1549692 359283 315 9319
1549693 359284 315 1626
1549694 359284 315 1565
1549695 359284 315 4528
1549708 26537 315 6027
1549709 26537 315 993
1549710 26537 315 719
1549711 26537 315 1897
1549712 68352 315 9319
1549713 68352 315 992
1549714 68352 315 894
1549715 68352 315 1034
1549730 359292 315 2404
1549731 359292 315 4293
1549732 359293 315 10162
1549733 359293 315 730
1549734 359293 315 10161
1549735 359293 315 90
1549736 359293 315 9319
1549737 16490 315 992
1549738 16490 315 991
1549739 359294 315 730
1549740 359295 315 730
1549741 359295 315 374
1549742 359296 315 5217
1549743 359296 315 638
1549744 359296 315 7308
1549745 359296 315 4293
1549747 359299 315 50829
1549748 359299 315 98968
1549749 359299 315 9319
1549752 21121 315 3743
1549785 359307 315 98971
1549786 359309 315 388
1549787 359309 315 29848
1549788 359309 315 8318
1549789 359310 315 941
1549790 359310 315 816
1549797 359313 315 992
1549798 359313 315 1128
1549799 359313 315 1795
1549800 359314 315 730
1549801 359314 315 4362
1549819 10647 315 7581
1549820 265846 315 4293
1549821 265846 315 99006
1549822 265846 315 139
1549825 359320 315 9319
1549826 359320 315 81
1549827 359320 315 4293
1549828 359320 315 10161
1549829 359320 315 11
1549830 88324 315 825
1549831 88324 315 9319
1549839 359323 315 99007
1549840 359323 315 29
1549841 359323 315 168
1549842 359324 315 50829
1549843 359324 315 98968
1549845 359326 315 486
1549846 359326 315 719
1549853 359329 315 1128
1549854 359329 315 1795
1549855 29499 315 9319
1549856 29499 315 155
1549857 29499 315 44
1549858 29499 315 8768
1549867 121634 315 1128
1549868 121634 315 1795
1549869 121634 315 486
1549923 359348 315 992
1549924 359348 315 2846
1549925 359348 315 7308
1549926 359348 315 8877
1549927 359349 315 50829
1549928 359349 315 98968
1549935 24380 315 2373
1549936 24380 315 846
1549937 24380 315 138
1549938 24380 315 486
1549940 359353 315 9319
1549941 359353 315 1157
1549942 359353 315 11
1549943 359353 315 139
1549945 331604 315 98971
1549953 2432 315 108
1549954 2432 315 5367
1549955 2432 315 1117
1549956 2432 315 26434
1549971 9874 315 9319
1549972 9874 315 6919
1549973 9874 315 873
1549974 9874 315 334
1549975 1916252 315 10296
1549976 1916252 315 44
1549984 44299 315 1897
1549985 44299 315 941
1549986 44299 315 9319
1549987 44299 315 2994
1549988 294930 315 1007
1549989 294930 315 11
1549990 294930 315 4587
1550028 324732 315 1133
1550029 324732 315 1747
1550030 324732 315 9319
1550043 359376 315 10162
1550044 359376 315 10161
1550045 359376 315 730
1550046 359376 315 1106
1550047 359376 315 11121
1550048 359376 315 99003
1550049 359377 315 99003
1550050 359377 315 264
1550051 359377 315 4293
1550052 359377 315 486
1550053 359378 315 90
1550054 359378 315 8309
1550055 359378 315 1747
1550056 359378 315 11
1550057 359378 315 2428
1550058 321615 315 1133
1550059 321615 315 77
1550060 321615 315 1138
1550061 321615 315 1229
1550062 321615 315 139
1550063 321615 315 25382
1550064 321615 315 486
1550069 359379 315 774
1550070 359379 315 846
1550071 359379 315 486
1550079 359382 315 98998
1550083 359384 315 32683
1550084 359384 315 98979
1550085 359384 315 4662
1550086 359385 315 873
1550087 359385 315 11
1550088 359385 315 1128
1550089 359385 315 7308
1550090 359385 315 9319
1550096 359387 315 11
1550097 359387 315 8309
1550098 359387 315 2428
1550103 359388 315 5906
1550104 359388 315 3
1550105 359388 315 44
1550106 359388 315 1747
1550107 359388 315 108
1550108 359388 315 188
1550112 359390 315 730
1550113 359390 315 139
1550114 359390 315 4362
1550118 359392 315 9313
1550119 359392 315 757
1550120 359392 315 11
1550121 359392 315 100
1550122 359392 315 72
1550123 32406 315 9319
1550124 32406 315 99014
1550125 32406 315 757
1550126 32406 315 11
1550127 32406 315 100
1550150 359398 315 99015
1550151 359398 315 77
1550152 359398 315 992
1550153 269191 315 10161
1550154 269191 315 10162
1550155 269191 315 11
1550163 359400 315 29
1550177 359405 315 99016
1550178 359405 315 139
1550179 359405 315 734
1550182 359408 315 1896
1550183 359408 315 507
1550184 359408 315 9319
1550185 359409 315 5716
1550186 359409 315 67325
1550187 359409 315 3612
1550188 359409 315 486
1550189 359409 315 11
1550190 359410 315 98969
1550191 359410 315 77
1550210 359417 315 10162
1550211 359417 315 894
1550212 359417 315 11
1550213 32499 315 4177
1550214 7286 315 392
1550215 7286 315 20137
1550219 359419 315 75
1550220 359419 315 10162
1550221 359419 315 894
1550222 359419 315 77
1550250 359427 315 719
1550251 359427 315 17711
1550252 359428 315 10162
1550253 359428 315 1106
1550254 359428 315 486
1550255 359428 315 10161
1550261 185658 315 9028
1550262 185658 315 4442
1550263 185658 315 638
1550264 185658 315 72
1550265 185658 315 4293
1550273 359433 315 98971
1550274 359434 315 4371
1550275 359435 315 4371
1550276 359437 315 10162
1550277 359437 315 75
1550278 359437 315 908
1550287 359439 315 4293
1550288 359439 315 9313
1550289 359439 315 4292
1550290 359440 315 719
1550291 359441 315 50829
1550292 359441 315 98968
1550293 359442 315 4293
1550294 359442 315 33595
1550295 359442 315 20298
1550296 105875 315 486
1550297 105875 315 301
1550298 105875 315 1396
1550299 105875 315 2376
1550304 334057 315 46
1550305 334057 315 188
1550306 334057 315 189
1550307 334057 315 9319
1550329 359450 315 719
1550350 359459 315 1897
1550351 359459 315 816
1550352 359459 315 14662
1550360 359462 315 4293
1550361 359462 315 3153
1550365 170364 315 1653
1550366 170364 315 1795
1550367 170364 315 50938
1550368 359464 315 4293
1550369 359464 315 369
1550370 359464 315 301
1550371 359465 315 9319
1550372 359465 315 294
1550373 359465 315 2373
1550374 359465 315 81
1550375 359465 315 11
1550380 79394 315 486
1550381 79394 315 992
1550382 79394 315 4293
1550383 79394 315 139
1550384 359468 315 50829
1550385 359468 315 98968
1550393 359472 315 50829
1550394 359472 315 98968
1550395 309539 315 11
1550396 309539 315 4490
1550397 309539 315 80
1550398 309539 315 486
1550401 359475 315 3265
1550402 359475 315 507
1550418 359478 315 992
1550419 359478 315 388
1550420 359478 315 6402
1550421 359478 315 24074
1550422 359479 315 4293
1550423 359479 315 825
1550424 359479 315 85273
1550425 359479 315 9319
1550437 359483 315 50829
1550438 359483 315 98968
1550442 359485 315 507
1550443 359485 315 29
1550444 359485 315 1128
1550445 359485 315 359
1550446 359485 315 6354
1550447 359485 315 331
1550448 359485 315 1162
1550449 359486 315 92666
1550450 359486 315 846
1550451 359486 315 98969
1550452 359486 315 486
1550458 359487 315 10162
1550459 359487 315 730
1550460 359487 315 11
1550461 359488 315 10162
1550462 359488 315 730
1550463 359488 315 11
1550464 357917 315 4292
1550465 357917 315 44
1550466 357917 315 392
1550467 357917 315 2376
1550468 357917 315 39
1550469 359489 315 5941
1550470 359489 315 1261
1550471 359489 315 20321
1550472 359489 315 2486
1550473 359489 315 286
1550474 359489 315 507
1550475 359489 315 1744
1550476 359490 315 5941
1550477 359490 315 39
1550478 359490 315 963
1550479 359490 315 138
1550480 359490 315 507
1550481 359490 315 486
1550482 359491 315 507
1550483 359491 315 425
1550484 359491 315 5941
1550486 359492 315 10281
1550491 359494 315 108
1550492 359494 315 44
1550493 359494 315 1117
1550498 359496 315 50829
1550499 359496 315 1128
1550511 359500 315 507
1550512 359500 315 90
1550513 359500 315 369
1550514 359500 315 638
1550515 359500 315 301
1550516 359500 315 81
1550520 359501 315 44
1550521 359501 315 700
1550522 96714 315 953
1550523 96714 315 359
1550524 96714 315 507
1550531 176172 315 1128
1550532 176172 315 1162
1550533 359503 315 9319
1550534 359503 315 1795
1550539 14311 315 486
1550540 14311 315 92666
1550541 14311 315 992
1550542 14311 315 2373
1550543 14311 315 3153
1550544 14311 315 4107
1550545 14311 315 98969
1550554 359507 315 108
1550555 359507 315 44
1550556 359507 315 527
1550557 359507 315 9319
1550565 359511 315 992
1550566 359511 315 58127
1550571 9455 315 9319
1550572 9455 315 992
1550576 359514 315 719
1550577 359514 315 12800
1550578 359515 315 359
1550579 359515 315 1431
1550580 113192 315 486
1550581 113192 315 3711
1550582 113192 315 11
1550583 113192 315 2013
1550584 10019 315 386
1550585 10019 315 81
1550586 1916253 315 894
1550587 1916253 315 730
1550588 1916253 315 4504
1550589 1916253 315 991
1550590 359517 315 2373
1550591 359517 315 98969
1550592 359517 315 1128
1550595 359519 315 730
1550596 359519 315 369
1550606 359523 315 894
1550607 359523 315 139
1550608 359523 315 16482
1550609 359523 315 486
1550617 358155 315 1133
1550618 358155 315 11
1550619 358155 315 357
1550620 358155 315 72
1550621 358155 315 486
1550622 309833 315 730
1550623 309833 315 4362
1550629 359527 315 719
1550630 359527 315 1564
1550631 359527 315 1744
1550632 359527 315 941
1550633 359527 315 486
1550636 24290 315 486
1550637 24290 315 523
1550638 359530 315 507
1550639 359530 315 5678
1550640 359530 315 894
1550641 359530 315 730
1550642 359530 315 40501
1550643 359530 315 486
1550644 359531 315 9313
1550645 359531 315 1923
1550646 359531 315 20497
1550647 359531 315 1124
1550648 359532 315 638
1550649 359532 315 20450
1550650 359532 315 734
1550651 359532 315 894
1550652 359532 315 12371
1550653 359532 315 104
1550654 359532 315 27313
1550655 359533 315 9319
1550656 359533 315 41360
1550657 359533 315 4488
1550673 193556 315 825
1550674 193556 315 64
1550686 359541 315 99030
1550687 359541 315 527
1550688 359541 315 1138
1550689 359541 315 9319
1550690 359541 315 1064
1550691 359541 315 44
1550692 359541 315 1058
1550693 359542 315 4165
1550694 359542 315 11
1550695 359542 315 139
1550696 359543 315 29848
1550700 42446 315 1937
1550701 42446 315 3505
1550702 42446 315 27578
1550703 42446 315 982
1550704 42446 315 1230
1550705 42446 315 44
1550706 42446 315 9319
1550707 359545 315 4371
1550708 359545 315 6192
1550709 359545 315 44
1550710 359545 315 1611
1550711 359545 315 1138
1550712 359545 315 486
1550717 198212 315 941
1550718 198212 315 2373
1550719 198212 315 1162
1550720 198212 315 1937
1550721 198212 315 486
1550722 359547 315 894
1550723 359547 315 4430
1550724 359547 315 507
1550725 359547 315 9319
1550741 359553 315 50829
1550742 359553 315 98968
1550750 359557 315 2816
1550765 278930 315 486
1550766 278930 315 72
1550767 278930 315 507
1550768 278930 315 912
1550769 278930 315 99033
1550770 278930 315 81088
1550771 278930 315 6181
1550772 278930 315 638
1550773 359564 315 730
1550774 359564 315 4362
1550775 359564 315 894
1550776 359564 315 731
1550795 359568 315 941
1550796 359568 315 1728
1550797 359568 315 1141
1550798 359568 315 9319
1550799 359568 315 1795
1550808 359572 315 3505
1550809 359572 315 65739
1550810 359572 315 1937
1550811 359572 315 486
1550817 359574 315 5922
1550818 359574 315 1128
1550819 359574 315 1162
1550820 359575 315 5922
1550821 359576 315 5927
1550822 359576 315 1128
1550823 359577 315 5927
1550824 359577 315 557
1550829 359578 315 44
1550830 359578 315 221
1550831 359578 315 168
1550901 27173 315 486
1550902 27173 315 1128
1550914 29899 315 221
1550915 29899 315 2816
1550916 29899 315 982
1550917 29899 315 1128
