83434 22545 32 221
83446 22557 32 108
83449 22560 32 210
83451 22562 32 668
83460 22568 32 108
83461 22568 32 46
83482 22590 32 108
83484 22591 32 46
83485 22591 32 108
83486 22592 32 108
83487 22593 32 508
83493 22597 32 564
83494 22598 32 564
83495 22599 32 564
83497 22601 32 564
83500 22604 32 668
83522 22623 32 108
83524 22016 32 46
83525 22016 32 6239
83528 22627 32 210
83532 22630 32 276
83533 22631 32 125
83535 16097 32 2331
83538 22635 32 6245
83539 22635 32 125
83540 22635 32 138
83541 22635 32 108
83542 22635 32 46
83557 22650 32 6238
83559 22654 32 289
83560 22654 32 138
83561 22654 32 46
83588 22680 32 210
83592 22686 32 564
83597 17917 32 125
83604 22695 32 108
83610 22701 32 10
83619 22712 32 221
83621 22354 32 221
83622 22716 32 108
83623 22716 32 46
83629 22722 32 46
83630 22722 32 2331
83632 22724 32 1106
83638 17505 32 108
83642 22732 32 564
83646 22736 32 6239
83647 22736 32 108
83655 22743 32 6245
83656 22745 32 668
83657 22745 32 108
83658 22745 32 46
83659 12885 32 289
83662 22748 32 46
