1600915 148820 322 871
1600916 148820 322 104
1600917 148820 322 846
1600918 367218 322 108
1600923 369149 322 100
1600924 369149 322 6664
1600925 8849 322 256
1600926 8849 322 44
1600927 8849 322 100670
1600928 8849 322 4055
1600933 79027 322 11
1600934 79027 322 72
1600935 79027 322 4177
1600944 369154 322 108
1600945 369154 322 527
1600958 369159 322 108
1600959 369159 322 527
1600960 369159 322 44
1600973 158500 322 11
1600974 158500 322 188
1600975 158500 322 30
1600976 158500 322 44
1600977 369160 322 1299
1600978 369161 322 3558
1600979 369161 322 188
1600980 369161 322 527
1600981 369162 322 774
1600982 369162 322 285
1600983 369162 322 342
1600994 369164 322 104
1600995 369164 322 3490
1600996 369164 322 748
1600997 369164 322 98
1601010 128556 322 2576
1601011 128556 322 6685
1601012 128556 322 20
1601013 128556 322 98
1601014 128556 322 104
1601015 182491 322 4157
1601016 182491 322 24355
1601017 182491 322 748
1601018 182491 322 42738
1601019 128561 322 108
1601020 128561 322 4446
1601021 148896 322 44
1601037 369172 322 552
1601038 369172 322 100671
1601039 369172 322 44
1601045 11531 322 108
1601046 11531 322 262
1601047 11531 322 70
1601048 11531 322 304
1601049 11531 322 44
1601050 11531 322 285
1601054 49606 322 70
1601055 49606 322 304
1601056 49606 322 44
1601057 12177 322 16
1601058 12177 322 285
1601059 12177 322 11
1601060 97498 322 2100
1601061 97498 322 285
1601062 97498 322 44
1601063 97498 322 828
1601067 369177 322 1819
1601068 369177 322 100
1601069 369178 322 798
1601070 369178 322 9654
1601071 369178 322 1335
1601072 369178 322 72025
1601073 369179 322 4055
1601074 369180 322 318
1601075 369180 322 1335
1601089 348559 322 11866
1601090 348559 322 100
1601091 348559 322 2376
1601092 369186 322 30
1601093 369186 322 100673
1601094 369186 322 6230
1601095 22917 322 108
1601096 22917 322 527
1601097 22917 322 4446
1601098 22917 322 20
1601111 369190 322 2100
1601112 369190 322 1335
1601113 369190 322 285
1601122 369193 322 2100
1601123 369193 322 6230
1601130 369196 322 4055
1601131 369196 322 2100
1601132 369196 322 1007
1601133 369197 322 16220
1601134 369197 322 3835
1601135 369197 322 29487
1601139 303024 322 425
1601140 65731 322 4108
1601141 240489 322 5687
1601142 240489 322 748
1601143 369200 322 2990
1601144 369200 322 2376
1601145 369201 322 2990
1601148 369204 322 3762
1601149 369204 322 4023
1601150 369205 322 24090
1601151 303646 322 21
1601159 158614 322 518
1601160 158614 322 552
1601161 158614 322 4151
1601162 158614 322 139
1601163 158614 322 44
1601167 369210 322 11
1601181 369214 322 24090
1601182 369214 322 11
1601183 369214 322 285
1601184 369215 322 28
1601185 369215 322 7069
1601186 369215 322 6038
1601206 369219 322 960
1601207 369220 322 527
1601208 369220 322 11
1601209 369220 322 100
1601210 369220 322 44
1601216 369223 322 30
1601217 369223 322 4802
1601218 369223 322 1132
1601219 369223 322 44
1601220 369223 322 11
1601221 369223 322 4496
1601222 369223 322 80127
1601246 369227 322 44
1601247 369227 322 4151
1601248 369227 322 552
1601249 369228 322 11095
1601250 369228 322 98
1601251 369228 322 285
1601255 274027 322 11
1601256 274027 322 1182
1601257 274027 322 285
1601258 274027 322 44
1601259 274027 322 828
1601260 274027 322 100673
1601261 274027 322 9974
1601262 267252 322 56
1601263 267252 322 1007
1601264 267252 322 285
1601265 267252 322 44
1601266 369230 322 21
1601267 369230 322 3835
1601268 369230 322 168
1601269 369231 322 552
1601270 369231 322 168
1601273 369233 322 285
1601274 198462 322 11
1601277 369234 322 104
1601278 369234 322 11706
1601279 369234 322 3296
1601280 369235 322 104
1601281 369235 322 748
1601282 369235 322 3296
1601283 369235 322 11706
1601288 369237 322 24355
1601289 369237 322 748
1601293 369239 322 425
1601294 369239 322 2942
1601295 369240 322 1369
1601296 369240 322 6230
1601297 369241 322 960
1601298 369241 322 4151
1601299 369241 322 552
1601300 369241 322 32795
1601301 369241 322 1007
1601302 369242 322 552
1601303 369242 322 4151
1601304 369242 322 1329
1601317 369248 322 285
1601318 369248 322 76
1601326 306694 322 125
1601327 306694 322 108
1601328 306694 322 1007
1601329 306694 322 44
1601330 306694 322 11
1601331 306694 322 6230
1601332 369253 322 552
1601333 66224 322 108
1601334 66224 322 262
1601335 66224 322 70
1601336 66224 322 304
1601337 66224 322 11
1601338 66224 322 170
1601347 369258 322 29
1601348 17856 322 108
1601349 17856 322 44
1601350 369259 322 276
1601351 369259 322 318
1601352 369259 322 168
1601353 369260 322 374
1601354 369260 322 5687
1601355 369260 322 11093
1601356 369260 322 748
1601363 369264 322 44
1601364 369264 322 11
1601369 369266 322 307
1601370 369266 322 44
1601371 369266 322 188
1601372 369266 322 3762
1601373 369267 322 392
1601374 369267 322 2376
1601375 369267 322 24355
1601376 369267 322 40414
1601377 369268 322 374
1601378 369268 322 2990
1601379 369268 322 392
1601380 369268 322 2376
1601381 369269 322 31715
1601387 369271 322 104
1601388 369272 322 11
1601389 369273 322 4055
1601390 369273 322 6230
1601391 192531 322 1132
1601392 192531 322 264
1601393 192531 322 20
1601394 192531 322 44
1601395 143386 322 264
1601396 143386 322 748
1601397 143386 322 40635
1601398 143386 322 6755
1601399 143386 322 285
1601400 369274 322 21
1601401 369274 322 1123
1601402 369274 322 22888
1601406 369276 322 11
1601407 369276 322 5099
1601411 345691 322 256
1601418 369281 322 29
1601430 135933 322 29385
1601431 369287 322 6230
1601435 200061 322 2936
1601436 200061 322 104
1601437 200061 322 44
1601441 186112 322 583
1601442 186112 322 11
1601463 12385 322 1367
1601464 12385 322 170
1601465 12385 322 304
1601479 104687 322 503
1601480 104687 322 583
1601481 104687 322 4036
1601482 104687 322 21
1601493 369299 322 4055
1601494 12795 322 318
1601495 12795 322 44
1601496 12798 322 1647
1601497 12798 322 11
1601498 12798 322 4140
1601499 12798 322 798
1601500 12798 322 72
1601501 34604 322 1136
1601502 52799 322 21
1601503 52799 322 11
1601504 52799 322 72
1601507 369301 322 1329
1601508 369301 322 4151
1601509 369301 322 552
1601510 369302 322 24355
1601511 369302 322 24774
1601512 369302 322 748
1601513 369303 322 4151
1601514 369303 322 100671
1601515 369304 322 552
1601516 369304 322 4151
1601517 369305 322 748
1601518 369305 322 285
1601519 369305 322 734
1601520 1405226 322 4108
1601521 1405226 322 24355
1601522 1405226 322 6846
1601523 1405226 322 748
1601524 369306 322 374
1601525 369306 322 24355
1601526 369306 322 748
1601527 369307 322 304
1601528 369307 322 70
1601529 369307 322 44
1601530 369308 322 44
1601531 369308 322 285
1601532 369308 322 318
1601533 369308 322 458
1601534 369308 322 100673
1601542 369311 322 11
1601543 369311 322 1133
1601544 79117 322 70
1601545 79117 322 304
1601546 79117 322 11
1601547 79117 322 72
1601548 369312 322 780
1601549 369312 322 1133
1601550 369312 322 11
1601556 369315 322 16220
1601557 369315 322 3835
1601558 369315 322 3196
1601559 52823 322 44
1601560 369316 322 7207
1601561 369316 322 1335
1601562 369316 322 1133
1601564 369318 322 1647
1601565 369318 322 4108
1601566 369318 322 188
1601567 369318 322 11
1601568 369318 322 374
1601569 369318 322 44
1601570 369319 322 108
1601571 369319 322 44
1601576 23328 322 108
1601577 23328 322 527
1601578 23328 322 44
1601580 54980 322 108
1601586 307181 322 108
1601587 307181 322 44
1601588 369321 322 44
1601589 369321 322 108
1601590 369321 322 527
1601598 369325 322 9654
1601599 369325 322 4140
1601600 369325 322 11
1601601 369325 322 1335
1601605 369327 322 304
1601606 369328 322 125
1601607 369328 322 44
1601608 369328 322 618
1601611 274515 322 3633
1601612 274515 322 4293
1601613 100213 322 100
1601614 100213 322 4151
1601615 100213 322 285
1601619 369331 322 11706
1601620 369331 322 3296
1601624 129835 322 552
1601625 129835 322 4151
1601626 129835 322 1329
1601627 129835 322 168
1601635 129847 322 29841
1601636 363318 322 29841
1601637 363318 322 44
1601638 363318 322 527
1601642 59123 322 100
1601643 59123 322 8247
1601644 59123 322 11
1601645 369334 322 4151
1601646 369334 322 1329
1601647 369334 322 552
1601648 1717868 322 552
1601649 1717868 322 44
1601650 1717868 322 168
1601651 190039 322 4151
1601652 190039 322 552
1601653 190039 322 518
1601658 369336 322 527
1601659 369336 322 552
1601660 369336 322 4151
1601661 369337 322 518
1601662 369337 322 256
1601663 369338 322 518
1601664 369338 322 552
1601665 369338 322 72
1601666 369338 322 4151
1601667 15756 322 518
1601668 15756 322 552
1601669 15756 322 4151
1601670 15756 322 44
1601674 369340 322 748
1601675 369340 322 104
1601676 369340 322 3490
1601677 369340 322 24365
1601678 369340 322 829
1601679 369341 322 6925
1601680 369341 322 374
1601681 369342 322 1136
1601682 369342 322 3490
1601683 369342 322 4371
1601684 369342 322 6192
1601697 151190 322 791
1601698 15654 322 16
1601699 15654 322 285
1601700 15654 322 44
1601701 15654 322 828
1601712 369349 322 44
1601713 369349 322 1133
1601714 369349 322 4203
1601715 369349 322 168
1601722 369352 322 1647
1601723 369352 322 4108
1601724 369352 322 264
1601725 369352 322 374
1601726 369352 322 748
1601727 369352 322 54233
1601728 369353 322 44
1601729 369353 322 276
1601735 369355 322 70
1601736 369355 322 11
1601737 369355 322 44
1601738 369355 322 170
1601739 369355 322 104
1601740 369355 322 262
1601752 240735 322 734
1601753 369361 322 6384
1601754 369361 322 7299
1601755 369361 322 11
1601756 369362 322 108
1601757 369362 322 188
1601758 369362 322 44
1601762 369363 322 392
1601763 369363 322 6670
1601764 369363 322 98
1601765 66839 322 1647
1601766 66839 322 2891
1601767 66839 322 264
1601768 66839 322 374
1601769 66839 322 748
1601770 66839 322 285
1601771 369364 322 2942
1601779 369367 322 518
1601780 369367 322 44
1601781 369367 322 125
1601788 369370 322 392
1601792 123670 322 108
1601793 123670 322 527
1601794 123670 322 188
1601795 123670 322 11
1601796 123670 322 285
1601797 123670 322 44
1601798 369372 322 1335
1601799 369372 322 76
1601800 369373 322 2576
1601801 369373 322 1335
1601802 369374 322 1335
1601803 369374 322 2576
1601804 369374 322 1388
1601812 66882 322 70
1601813 66882 322 304
1601814 369377 322 44
1601815 369377 322 2891
1601816 369377 322 2932
1601817 369378 322 276
1601818 369378 322 307
1601819 369378 322 100670
1601826 13402 322 748
1601827 369381 322 1123
1601828 369382 322 24355
1601829 369382 322 748
1601830 369382 322 285
1601831 369382 322 44
1601832 369382 322 24774
1601840 369385 322 374
1601841 369385 322 2990
1601842 369385 322 188
1601846 369387 322 304
1601848 197469 322 527
1601849 197469 322 100
1601850 197469 322 168
1601854 369390 322 11
1601855 369390 322 1182
1601856 369390 322 285
1601857 369390 322 44
1601858 369390 322 828
1601871 369393 322 16220
1601872 369393 322 29335
1601873 369393 322 29487
1601874 369393 322 425
1601875 369393 322 583
1601882 369397 322 26681
1601883 369397 322 1007
1601884 369397 322 44
1601885 369398 322 518
1601886 369398 322 285
1601887 369398 322 26681
1601895 284022 322 11
1601896 284022 322 1133
1601897 284022 322 44
1601903 369402 322 11
1601904 369402 322 1133
1601914 23550 322 6230
1601915 34762 322 1113
1601916 34762 322 44
1601917 110785 322 11095
1601918 110785 322 98
1601919 110785 322 285
1601920 369408 322 11095
1601921 369408 322 98
1601922 369408 322 285
1601923 158656 322 11095
1601924 158656 322 98
1601925 158656 322 285
1601926 369409 322 3199
1601930 369411 322 44
1601931 13695 322 44
1601932 369412 322 4108
1601933 369412 322 3490
1601934 369412 322 104
1601941 369415 322 7490
1601942 369415 322 734
1601943 369415 322 4371
1601945 369417 322 24355
1601946 369417 322 748
1601951 369419 322 125
1601952 369420 322 108
1601953 369420 322 44
1601961 859601 322 70
1601962 859601 322 304
1601963 28569 322 304
1601964 28569 322 70
1601965 28569 322 72
1601966 28569 322 139
1601968 13788 322 1367
1601969 13788 322 1335
1601970 13788 322 11
1601971 13788 322 44
1601972 369422 322 1367
1601973 369422 322 30
1601974 369422 322 188
1601975 369422 322 56
1601976 369422 322 816
1601977 369422 322 44
1601993 22623 322 44
1601994 22623 322 527
1601995 22623 322 108
1601999 369425 322 1369
1602000 369425 322 276
1602001 369425 322 307
1602002 369425 322 3762
1602003 369425 322 4023
1602007 369427 322 1369
1602008 369428 322 1369
1602009 369428 322 285
1602010 369428 322 44
1602029 1918068 322 16220
1602030 1918068 322 29335
1602031 1918068 322 100
1602032 1918068 322 29487
1602033 369434 322 100
1602034 369434 322 16220
1602035 369434 322 29487
1602036 369434 322 29335
1602046 369440 322 21
1602051 369443 322 21
1602052 369443 322 503
1602053 369444 322 21
1602054 369444 322 503
1602062 369446 322 392
1602063 369446 322 6670
1602067 369448 322 216
1602068 23351 322 108
1602069 23351 322 11
1602070 23351 322 527
1602071 23351 322 44
1602072 23351 322 618
1602073 369449 322 618
1602074 369449 322 44
1602075 369449 322 583
1602085 369453 322 100
1602086 369453 322 2429
1602087 369454 322 11
1602088 369454 322 100
1602092 14048 322 11
1602093 14048 322 100
1602094 14048 322 139
1602095 14048 322 285
1602103 369456 322 4023
1602104 369456 322 3762
1602105 369456 322 285
1602106 369456 322 44
1602109 16005 322 30
1602110 16005 322 3762
1602111 16005 322 4023
1602112 16005 322 458
1602113 16005 322 44
1602114 16005 322 72
1602115 16005 322 1007
1602116 16005 322 100673
1602117 365866 322 3762
1602118 369458 322 3762
1602119 369458 322 6230
1602120 307689 322 3762
1602121 307689 322 11
1602122 307689 322 76
1602123 190682 322 76
1602124 190682 322 552
1602125 190682 322 44
1602126 190682 322 527
1602127 190682 322 3762
1602128 369459 322 3762
1602129 369459 322 4023
1602130 369459 322 307
1602131 369459 322 458
1602132 369459 322 1007
1602133 369459 322 188
1602134 369459 322 527
1602138 369461 322 1367
1602139 369461 322 30
1602140 369462 322 374
1602141 369462 322 1335
1602142 369462 322 748
1602143 14096 322 304
1602144 14096 322 11
1602145 14096 322 1386
1602146 14096 322 20
1602150 36577 322 4177
1602152 36578 322 4177
1602153 36578 322 11
1602154 36578 322 285
1602155 36578 322 20
1602158 14134 322 4177
1602159 14134 322 11
1602163 369467 322 552
1602164 369467 322 44
1602165 369467 322 168
1602166 115722 322 108
1602167 115722 322 4446
1602168 115722 322 44
1602169 307717 322 1819
1602171 73433 322 1819
1602172 73433 322 276
1602173 73433 322 104
1602174 73433 322 392
1602175 73433 322 6670
1602176 73433 322 748
1602177 369469 322 392
1602178 369469 322 2990
1602179 369469 322 1819
1602180 369469 322 276
1602181 369470 322 1819
1602182 369470 322 72
1602183 369470 322 318
1602184 369471 322 1819
1602189 369472 322 11
1602190 369472 322 1807
1602191 369473 322 11
1602192 369473 322 734
1602193 369473 322 285
1602194 369473 322 139
1602198 369475 322 6230
1602199 369476 322 3762
1602200 369476 322 276
1602201 369476 322 188
1602202 369476 322 1335
1602203 369476 322 11
1602219 192773 322 276
1602220 192773 322 828
1602221 192773 322 4802
1602222 192773 322 76
1602226 29254 322 276
1602246 369481 322 276
1602247 369481 322 188
1602248 369481 322 307
1602249 369481 322 100670
1602250 369482 322 307
1602251 369482 322 276
1602252 369482 322 100673
1602257 298611 322 276
1602258 298611 322 4055
1602259 298611 322 318
1602260 298611 322 285
1602261 194353 322 276
1602262 194353 322 527
1602263 194353 322 188
1602264 194353 322 44
1602265 369484 322 276
1602266 369484 322 2680
1602267 369484 322 44
1602268 369485 322 3199
1602269 369485 322 276
1602270 369485 322 2680
1602271 369486 322 4055
1602272 369486 322 276
1602273 369486 322 307
1602276 369488 322 4108
1602277 369488 322 6925
1602278 369488 322 374
1602279 369489 322 374
1602280 369489 322 6925
1602281 369489 322 11253
1602282 369489 322 734
1602283 369489 322 285
1602284 14231 322 4023
1602285 14231 322 307
1602286 14231 322 518
1602287 14231 322 168
1602288 14231 322 139
1602292 369490 322 16220
1602293 369490 322 3835
1602294 369490 322 29487
1602301 369492 322 583
1602302 14316 322 108
1602303 14316 322 168
1602304 14316 322 44
1602305 14316 322 1007
1602306 14316 322 527
1602307 14316 322 11
1602308 14316 322 1182
1602309 14316 322 285
1602319 369496 322 276
1602320 369496 322 307
1602321 369496 322 3762
1602322 369496 322 44
1602323 369496 322 285
1602327 369497 322 44
1602328 369497 322 9974
1602344 67658 322 21
1602345 67658 322 188
1602346 67658 322 11
1602347 67658 322 44
1602348 369504 322 1176
1602349 369504 322 374
1602359 369508 322 1123
1602362 84673 322 6230
1602363 84673 322 125
1602376 369513 322 256
1602377 369513 322 125
1602378 369513 322 4055
1602379 369513 322 100670
1602380 369514 322 104
1602381 369514 322 285
1602382 369514 322 2680
1602383 86979 322 6
1602384 369515 322 44
1602385 369515 322 698
1602386 21698 322 8953
1602387 21698 322 1123
1602396 67772 322 125
1602397 67772 322 1647
1602398 67772 322 108
1602399 67772 322 70
1602400 67772 322 1367
1602401 67772 322 3762
1602402 67772 322 4023
1602403 67772 322 276
1602404 67772 322 527
1602405 67772 322 188
1602406 67772 322 304
1602407 67772 322 11
1602408 67772 322 76
1602409 67772 322 318
1602410 67772 322 285
1602411 67772 322 44
1602412 67772 322 828
1602413 67772 322 168
1602414 67772 322 307
1602415 67772 322 100670
1602424 369518 322 104
1602425 369518 322 264
1602426 369518 322 748
1602427 369518 322 734
1602428 369519 322 8305
1602429 369519 322 104
1602430 369519 322 748
1602431 240955 322 527
1602432 240955 322 44
1602433 240955 322 72
1602434 240955 322 4129
1602435 27744 322 108
1602436 369520 322 527
1602437 369520 322 780
1602438 369520 322 1007
1602439 369520 322 285
1602440 11959 322 527
1602441 11959 322 29841
1602442 11959 322 100
1602443 11959 322 139
1602444 11959 322 285
1602445 131245 322 4496
1602446 131245 322 668
1602447 131245 322 188
1602448 131245 322 1007
1602449 131245 322 374
1602450 131245 322 44
1602451 297889 322 44
1602452 297889 322 1132
1602453 369521 322 125
1602454 369521 322 4055
1602455 369521 322 552
1602456 369521 322 4151
1602457 369521 322 1369
1602458 369522 322 24355
1602459 369522 322 748
1602463 6593 322 734
1602464 6593 322 139
1602469 369526 322 7490
1602470 369526 322 552
1602471 276529 322 29
1602472 276529 322 552
1602473 276529 322 44
1602486 369532 322 1007
1602487 369532 322 11
1602488 369532 322 44
1602493 369535 322 44
1602494 369535 322 168
1602495 369536 322 4802
1602496 369536 322 100
1602497 369536 322 44
1602498 369537 322 960
1602499 369537 322 318
1602500 369537 322 4055
1602501 187330 322 108
1602502 187330 322 527
1602503 187330 322 188
1602504 187330 322 44
1602507 64615 322 108
1602508 64615 322 4446
1602509 64615 322 527
1602510 64615 322 44
1602511 369539 322 2100
1602512 369539 322 1007
1602513 369539 322 44
1602514 369540 322 276
1602515 369540 322 1007
1602516 369540 322 44
1602517 369540 322 100673
1602518 369541 322 9974
1602519 369541 322 12233
1602520 369541 322 43738
1602531 369547 322 798
1602532 369547 322 960
1602533 369547 322 11
1602534 369547 322 4140
1602535 369548 322 276
1602536 369548 322 44
1602537 369549 322 125
1602551 9291 322 21
1602552 9291 322 798
1602553 9291 322 72
1602561 369556 322 1136
1602562 369556 322 374
1602564 369558 322 1329
1602565 369558 322 552
1602566 369558 322 20
1602567 369559 322 392
1602568 369559 322 2376
1602569 369560 322 748
1602577 369564 322 16220
1602578 369564 322 3835
1602579 369564 322 29487
1602580 369565 322 3762
1602581 369565 322 307
1602582 369565 322 11
1602583 369565 322 828
1602584 369565 322 100673
1602585 369565 322 30
1602592 369568 322 21
1602593 369568 322 4014
1602602 369572 322 28
1602603 369572 322 4151
1602604 369572 322 139
1602605 42702 322 188
1602606 42702 322 11
1602607 42702 322 44
1602615 337758 322 188
1602616 337758 322 552
1602617 2404 322 188
1602618 2404 322 108
1602619 2404 322 44
1602620 273039 322 108
1602621 273039 322 527
1602622 273039 322 1132
1602623 273039 322 188
1602624 273039 322 1007
1602625 273039 322 11
1602626 273039 322 44
1602627 273039 322 168
1602628 273039 322 7207
1602632 369574 322 960
1602641 369577 322 2680
1602642 369577 322 28
1602643 369577 322 139
1602644 369577 322 104
1602657 369581 322 24355
1602676 369587 322 11
1602690 335454 322 188
1602691 335454 322 29841
1602692 335454 322 11
1602693 335454 322 285
1602694 335454 322 44
1602695 335454 322 527
1602696 369593 322 56
1602697 369593 322 188
1602698 369593 322 44
1602699 369593 322 828
1602700 369594 322 188
1602701 369594 322 56
1602702 369594 322 44
1602703 191370 322 188
1602704 191370 322 56
1602705 120274 322 125
1602706 120274 322 262
1602707 120274 322 70
1602711 369595 322 1605
1602731 356719 322 4276
1602737 369604 322 4108
1602742 369606 322 70
1602743 369606 322 1133
1602744 369606 322 618
1602745 369606 322 28
1602746 369606 322 100
1602747 369606 322 168
1602748 369606 322 170
1602751 105333 322 6230
1602760 369610 322 4055
1602761 369610 322 100670
1602766 369614 322 318
1602767 79907 322 21
1602771 168142 322 748
1602772 168142 322 139
1602773 168142 322 285
1602774 168142 322 98
1602775 9052 322 1369
1602776 241079 322 125
1602777 241079 322 1123
1602778 369616 322 3835
1602779 369616 322 16220
1602780 369616 322 29487
1602782 369618 322 3633
1602783 369618 322 4371
1602786 369621 322 748
1602787 369621 322 98
1602797 369624 322 4151
1602798 369624 322 168
1602799 369624 322 552
1602803 369627 322 24355
1602804 369627 322 748
1602808 275888 322 2680
1602809 275888 322 1335
1602810 275888 322 2770
1602819 369631 322 264
1602820 369631 322 3490
1602821 369631 322 104
1602822 369631 322 748
1602823 369632 322 100678
1602824 369633 322 100678
1602825 369634 322 4108
1602826 369634 322 11253
1602830 369636 322 1369
1602831 308340 322 4639
1602832 308340 322 552
1602833 308340 322 1369
1602834 308340 322 16
1602835 308340 322 1367
1602840 369638 322 16220
1602841 369638 322 3835
1602842 369638 322 29487
1602858 24140 322 108
1602859 24140 322 527
1602860 24140 322 188
1602861 24140 322 44
1602862 369645 322 70
1602863 369645 322 304
1602864 369645 322 44
1602871 369650 322 1369
1602872 369650 322 552
1602873 369650 322 276
1602874 369650 322 307
1602875 369651 322 3762
1602876 369651 322 4023
1602877 369651 322 168
1602878 369652 322 3762
1602879 369652 322 4023
1602880 369652 322 168
1602887 369654 322 96626
1602888 369654 322 374
1602889 369654 322 748
1602890 369655 322 6230
1602891 369656 322 98
1602892 369656 322 104
1602893 369656 322 846
1602899 369657 322 392
1602904 63329 322 829
1602905 63329 322 342
1602909 369659 322 92737
1602910 369660 322 42738
1602911 369661 322 29385
1602912 369661 322 1123
1602913 369661 322 583
1602917 87528 322 518
1602918 369663 322 304
1602919 369663 322 168
1602920 369663 322 170
1602921 24196 322 6230
1602922 369664 322 1136
1602923 369664 322 7400
1602924 369664 322 44
1602945 369670 322 1136
1602946 369670 322 7400
1602947 369671 322 9654
1602948 335963 322 1136
1602949 335963 322 168
1602950 335963 322 4203
1602954 263642 322 1136
1602955 263642 322 374
1602956 263642 322 44
1602957 241188 322 939
1602958 241188 322 11
1602959 241188 322 1133
1602960 241188 322 139
1602961 241188 322 20
1602962 369673 322 264
1602963 369673 322 11
1602964 369673 322 1133
1602965 369674 322 108
1602966 369674 322 11
1602967 369674 322 285
1602968 369674 322 4639
1602972 58309 322 1367
1602973 369676 322 4108
1602974 369676 322 6925
1602975 369676 322 11253
1602976 245423 322 4055
1602989 369678 322 4055
1602990 369679 322 4055
1602991 252505 322 72
1602992 252505 322 125
1602993 252505 322 4055
1602999 194944 322 304
1603000 194944 322 12233
1603001 194944 322 44
1603002 12877 322 262
1603003 12877 322 70
1603004 12877 322 304
1603005 24243 322 304
1603006 13776 322 262
1603007 13776 322 70
1603008 13776 322 304
1603009 13776 322 285
1603010 13776 322 44
1603011 361916 322 1383
1603012 361916 322 70
1603013 361916 322 44
1603017 14034 322 304
1603018 14034 322 552
1603020 369685 322 304
1603021 369686 322 70
1603022 369686 322 304
1603023 369686 322 139
1603025 369688 322 304
1603027 369690 322 318
1603028 369690 322 220
1603032 369692 322 4055
1603034 369694 322 4055
1603038 369696 322 276
1603039 369696 322 307
1603040 369696 322 3762
1603041 369696 322 4023
1603042 369696 322 4055
1603043 369696 322 100670
1603049 810018 322 125
1603050 810018 322 4055
1603051 810018 322 100
1603052 810018 322 44
1603053 810018 322 7207
1603054 810018 322 285
1603055 810018 322 6230
1603057 369699 322 81432
1603058 369699 322 1647
1603059 369700 322 216
1603060 369700 322 6230
1603063 369702 322 1136
1603064 369702 322 527
1603065 369702 322 7400
1603066 369702 322 4055
1603071 369704 322 1007
1603072 369704 322 44
1603073 3076 322 3762
1603074 3076 322 285
1603075 194956 322 11
1603076 194956 322 100
1603077 194956 322 44
1603082 369706 322 798
1603083 369706 322 960
1603084 369706 322 72
1603085 369707 322 798
1603086 369707 322 960
1603087 369708 322 960
1603088 369708 322 100
1603089 369708 322 798
1603090 369708 322 11
1603091 369709 322 960
1603092 369710 322 960
1603112 60764 322 125
1603113 60764 322 518
1603114 60764 322 6230
1603115 60764 322 285
1603116 60764 322 146
1603125 357065 322 4276
1603126 357065 322 1335
1603127 357065 322 374
1603128 357065 322 44
1603129 357065 322 1369
1603135 68772 322 44
1603136 357076 322 791
1603137 357076 322 11
1603138 369723 322 4055
1603139 68803 322 188
1603140 68803 322 44
1603141 16712 322 527
1603142 16712 322 108
1603143 16712 322 188
1603144 16712 322 4446
1603145 16712 322 44
1603147 369725 322 27486
1603148 369725 322 264
1603149 369725 322 748
1603150 369725 322 374
1603151 369725 322 294
1603155 369727 322 16220
1603156 369727 322 29487
1603157 369727 322 29335
1603158 94916 322 70
1603159 94916 322 188
1603160 94916 322 374
1603161 94916 322 304
1603164 336795 322 21
1603179 369733 322 29385
1603180 369734 322 3613
1603181 369734 322 168
1603182 369735 322 11
1603183 369735 322 1133
1603205 85798 322 4108
1603206 85798 322 11
1603207 85798 322 374
1603208 85798 322 139
1603209 85798 322 285
1603213 369740 322 24090
1603219 369743 322 16220
1603220 369743 322 29487
1603221 369743 322 3835
1603223 369745 322 125
1603224 369745 322 11253
1603225 369746 322 748
1603226 369747 322 1136
1603227 369747 322 374
1603228 369747 322 748
1603229 369747 322 285
1603230 369747 322 4640
1603231 369748 322 5099
1603232 369748 322 1007
1603233 369748 322 748
1603234 369748 322 44
1603235 369749 322 392
1603236 369749 322 6670
1603237 369750 322 1299
1603238 369750 322 392
1603239 369751 322 1136
1603240 369751 322 96626
1603241 369752 322 2891
1603242 369752 322 374
1603243 369752 322 748
1603244 56305 322 21
1603249 369754 322 3762
1603250 369754 322 4023
1603251 94062 322 21
1603252 94062 322 5099
1603253 369755 322 6664
1603254 369755 322 6340
1603258 369757 322 6664
1603259 369757 322 4011
1603260 369757 322 98
1603261 369757 322 264
1603262 369758 322 6664
1603263 369758 322 748
1603268 369760 322 24355
1603269 369761 322 4108
1603270 369761 322 6925
1603271 369761 322 5687
1603274 369763 322 5644
1603275 369763 322 4055
1603276 369764 322 4055
1603280 369766 322 1007
1603281 369766 322 11
1603282 369766 322 44
1603283 369767 322 24090
1603284 369768 322 264
1603285 369768 322 374
1603288 45453 322 4108
1603289 45453 322 188
1603297 369773 322 139
1603298 369773 322 748
1603299 369773 322 285
1603300 369773 322 98
1603301 369774 322 4639
1603302 369774 322 1335
1603303 336835 322 285
1603304 336835 322 11
1603305 336835 322 4518
1603308 127542 322 44
1603309 127542 322 374
1603310 127542 322 188
1603311 276498 322 188
1603312 276498 322 374
1603323 369779 322 780
1603324 369779 322 1007
1603327 369781 322 780
1603328 369781 322 1335
1603329 369781 322 10668
1603330 369782 322 1335
1603331 369782 322 11
1603332 424239 322 11
1603333 424239 322 1605
1603334 424239 322 4036
1603338 369783 322 1335
1603339 369783 322 2891
1603340 369783 322 748
1603341 369784 322 16220
1603342 369784 322 6925
1603343 369784 322 11253
1603344 369784 322 29487
1603345 369784 322 29335
1603356 369788 322 4108
1603357 369788 322 6925
1603358 369788 322 11253
1603361 369790 322 3060
1603362 369790 322 44
1603363 369790 322 374
1603364 369791 322 24355
1603371 369794 322 1369
1603372 369794 322 1007
1603373 369794 322 552
1603374 369794 322 139
1603381 55996 322 4055
1603382 55996 322 816
1603383 55996 322 139
1603384 55996 322 125
1603394 369797 322 29841
1603395 369797 322 1007
1603396 369798 322 44
1603397 369798 322 1007
1603398 369799 322 1007
1603399 369799 322 4639
1603400 369800 322 1136
1603401 369800 322 1007
1603402 369801 322 4802
1603403 369801 322 1007
1603409 346420 322 1007
1603410 346420 322 44
1603411 369802 322 285
1603412 369802 322 1299
1603413 48078 322 6007
1603414 48078 322 44
1603415 48078 322 168
1603416 369803 322 4055
1603417 185455 322 392
1603418 185455 322 44
1603419 185455 322 2376
1603420 185455 322 2990
1603421 35177 322 285
1603426 369806 322 4108
1603427 369806 322 2990
1603428 369806 322 6925
1603429 369806 322 392
1603430 369806 322 304
1603431 369806 322 11253
1603432 369806 322 374
1603433 369806 322 44
1603434 369806 322 285
1603435 369806 322 1386
1603442 369807 322 1605
1603443 369807 322 46663
1603444 369808 322 1605
1603445 369808 322 72
1603450 369810 322 2990
1603451 369810 322 6670
1603452 369810 322 11
1603453 369811 322 6670
1603454 369811 322 392
1603455 369812 322 6670
1603456 369812 322 976
1603460 369814 322 392
1603461 369814 322 6670
1603462 369815 322 6670
1603476 369820 322 8988
1603477 369820 322 8953
1603482 1918073 322 16220
1603483 1918073 322 29335
1603484 1918073 322 1647
1603485 1918073 322 791
1603486 1918073 322 3196
1603487 105689 322 21
1603488 105689 322 791
1603489 105689 322 11
1603490 105689 322 16220
1603491 105689 322 11994
1603492 105689 322 29335
1603498 241351 322 1136
1603499 241351 322 21
1603500 241351 322 1335
1603509 74824 322 1605
1603515 369827 322 108
1603516 369827 322 780
1603517 369827 322 44
1603518 369827 322 168
1603519 369827 322 4203
1603520 38570 322 21
1603521 38570 322 11
1603522 38570 322 139
1603523 288645 322 285
1603524 288645 322 828
1603525 288645 322 11
1603526 288645 322 30
1603527 288645 322 100673
1603528 32387 322 3711
1603529 32387 322 11
1603543 369830 322 4108
1603544 369830 322 100
1603545 369831 322 11
1603546 369831 322 100
1603547 369831 322 552
1603548 369831 322 4151
1603549 369831 322 168
1603552 349787 322 100
1603553 349787 322 11
1603554 349787 322 1647
1603555 349787 322 12233
1603568 366687 322 11
1603569 366687 322 100
1603570 366687 322 285
1603571 369836 322 11
1603572 369836 322 100
1603575 369838 322 100680
1603576 369839 322 100680
1603579 369842 322 1335
1603580 369842 322 552
1603593 13815 322 1369
1603594 13815 322 552
1603599 369845 322 44
1603600 369845 322 4151
1603601 369845 322 552
1603616 309135 322 100
1603617 309135 322 552
1603621 369848 322 168
1603622 369848 322 4203
1603639 369851 322 1335
1603640 369851 322 100
1603641 369851 322 552
1603642 369852 322 11550
1603643 369852 322 188
1603644 369852 322 56
1603648 369854 322 285
1603649 369854 322 44
1603656 369857 322 15412
1603661 193272 322 374
1603662 193272 322 1182
1603663 193272 322 1132
1603664 369860 322 44
1603665 369860 322 168
1603666 369860 322 4203
1603667 369860 322 1182
1603668 268932 322 21
1603669 268932 322 139
1603670 268932 322 1182
1603671 268932 322 828
1603672 369861 322 168
1603673 369862 322 44
1603674 369862 322 188
1603675 369862 322 527
1603681 369865 322 527
1603682 369865 322 188
1603683 369865 322 1335
1603684 369865 322 285
1603685 369865 322 44
1603686 263948 322 4055
1603691 193278 322 104
1603692 193278 322 4023
1603693 193278 322 960
1603701 369869 322 104
1603706 192240 322 960
1603707 192240 322 11
1603708 192240 322 1133
1603709 192240 322 44
1603710 369870 322 4151
1603711 369870 322 552
1603712 369870 322 44
1603713 369871 322 4108
1603714 369871 322 374
1603717 369873 322 518
1603718 369873 322 168
1603719 369873 322 552
1603722 369874 322 76
1603723 364021 322 108
1603724 364021 322 76
1603725 367122 322 76
1603728 369876 322 58107
1603729 369877 322 58107
1603730 142254 322 1133
1603731 142254 322 44
1603739 369878 322 4055
1603740 369878 322 7290
1603741 369878 322 98303
1603742 369878 322 20225
1603747 157533 322 527
1603748 157533 322 1132
1603749 157533 322 188
1603750 157533 322 1007
1603751 157533 322 11
1603752 157533 322 1182
1603753 157533 322 285
1603754 157533 322 44
1603755 157533 322 168
1603757 369881 322 1132
1603758 369881 322 4036
1603759 16982 322 3060
1603760 16982 322 1007
1603761 369882 322 3490
1603762 369882 322 104
1603763 369882 322 734
1603766 369884 322 392
1603767 369884 322 6670
1603770 369886 322 374
1603771 369886 322 2376
1603772 369887 322 748
1603773 369888 322 374
1603774 369888 322 748
1603775 369889 322 188
1603776 369889 322 11
1603777 369889 322 44
1603778 369889 322 168
1603788 369893 322 4108
1603791 240892 322 6685
1603792 369895 322 100
1603793 369895 322 748
1603794 369895 322 5687
1603795 369896 322 6230
1603800 369898 322 552
1603801 144968 322 276
1603802 144968 322 318
1603803 144968 322 220
1603804 144968 322 285
1603805 144968 322 44
1603806 369899 322 220
1603813 364063 322 70
1603817 369903 322 5687
1603818 369903 322 392
1603819 369903 322 6670
1603820 369904 322 374
1603821 369904 322 6846
1603822 369905 322 392
1603823 369905 322 5687
1603824 639069 322 1383
1603825 639069 322 76
1603826 639069 322 374
1603827 639069 322 168
1603828 639069 322 4802
1603829 639069 322 4108
1603830 369906 322 1383
1603831 369906 322 4108
1603832 369906 322 76
1603833 195404 322 4108
1603834 195404 322 2990
1603835 195404 322 4293
1603836 195404 322 392
1603837 195404 322 264
1603838 195404 322 374
1603839 195404 322 5687
1603840 195404 322 748
1603841 195404 322 285
1603842 195404 322 98
1603843 195404 322 44
1603845 369908 322 1136
1603846 369908 322 374
1603847 369909 322 960
1603848 369909 322 374
1603849 369910 322 104
1603850 369910 322 374
1603851 369910 322 748
1603852 369910 322 98
1603853 369911 322 374
1603854 369911 322 6681
1603863 29675 322 527
1603864 29675 322 44
1603869 346451 322 4151
1603875 95076 322 318
1603876 95076 322 220
1603877 95076 322 44
1603878 22327 322 108
1603879 22327 322 527
1603880 22327 322 44
1603884 369918 322 6192
1603885 369918 322 285
1603886 369919 322 1136
1603887 369919 322 3490
1603888 369919 322 6846
1603889 369919 322 44
1603890 369920 322 4023
1603891 369920 322 3762
1603892 369920 322 1369
1603893 369920 322 518
1603903 369924 322 29
1603907 329294 322 2936
1603908 329294 322 44
1603909 69040 322 44
1603912 369927 322 960
1603913 369927 322 1007
1603914 369927 322 285
1603915 369927 322 44
1603916 369927 322 100674
1603926 369929 322 108
1603927 369929 322 527
1603928 369929 322 44
1603929 369929 322 4446
1603930 369929 322 20
1603936 369933 322 518
1603937 369933 322 318
1603938 369933 322 44
1603939 369934 322 4055
1603940 369934 322 1354
1603941 369935 322 4055
1603952 369939 322 188
1603953 369939 322 304
1603954 369939 322 170
1603957 369941 322 3558
1603958 369941 322 108
1603959 369941 322 188
1603960 369941 322 527
1603961 369941 322 11
1603962 369941 322 44
1603968 369944 322 7734
1603969 369944 322 1007
1603984 3117 322 125
1603985 3117 322 16
1603986 3117 322 1367
1603987 3117 322 518
1603988 3117 322 4151
1603989 3117 322 44
1603990 369950 322 24355
1603991 369950 322 6749
1603992 369950 322 264
1603993 369951 322 24355
1603994 369951 322 6749
1603995 369951 322 264
1603996 369952 322 24355
1603997 369952 322 748
1603998 96581 322 24355
1603999 96581 322 748
1604000 96581 322 139
1604001 369953 322 24355
1604002 369953 322 24662
1604003 369953 322 748
1604004 369953 322 24666
1604005 369954 322 24355
1604006 369954 322 748
1604007 369955 322 24355
1604008 369955 322 374
1604028 1847 322 552
1604029 193374 322 552
1604030 193374 322 4151
1604031 369961 322 1329
1604032 369961 322 552
1604036 369963 322 748
1604037 369963 322 104
1604038 369964 322 100
1604039 369964 322 264
1604040 369964 322 748
1604041 369964 322 285
1604042 369965 322 960
1604043 369965 322 4140
1604044 369965 322 20
1604045 369966 322 7170
1604046 369966 322 4140
1604047 252898 322 11
1604048 252898 322 4140
1604049 252898 322 9654
1604050 252898 322 285
1604051 369967 322 11
1604052 369967 322 4140
1604053 369968 322 31715
1604054 369968 322 1335
1604055 369968 322 139
1604062 1918075 322 4108
1604063 1918075 322 374
1604064 1918075 322 6846
1604065 369972 322 374
1604066 369972 322 6846
1604067 369973 322 188
1604068 369973 322 1007
1604069 369973 322 44
1604070 369973 322 11
1604071 369974 322 19191
1604072 369974 322 392
1604073 156836 322 125
1604074 156836 322 161
1604083 134271 322 362
1604084 134271 322 276
1604085 134271 322 1819
1604086 134271 322 285
1604087 369978 322 798
1604088 369978 322 1007
1604089 369978 322 960
1604090 369978 322 4140
1604099 38706 322 1136
1604100 38706 322 7400
1604101 38706 322 44
1604102 369979 322 76
1604103 369979 322 1369
1604104 369979 322 285
1604110 369981 322 3633
1604111 369981 322 104
1604112 369981 322 4371
1604113 369981 322 6192
1604114 369981 322 98
1604118 369982 322 791
1604119 369982 322 11
1604120 369983 322 216
1604121 369983 322 76
1604122 369983 322 4802
1604123 369984 322 24355
1604124 369984 322 748
1604126 369986 322 24355
1604127 369986 322 748
1604128 369987 322 16220
1604129 369987 322 29487
1604130 369987 322 29335
1604131 369988 322 42738
1604132 369988 322 24355
1604133 369988 322 24662
1604134 134297 322 108
1604135 134297 322 527
1604136 134297 322 4446
1604137 134297 322 44
1604138 369989 322 1335
1604139 369989 322 11
1604140 369989 322 4140
1604141 369990 322 276
1604142 369990 322 100
1604143 369990 322 285
1604148 29751 322 1007
1604149 29751 322 11
1604150 29751 322 139
1604151 29751 322 285
1604152 29751 322 44
1604153 369991 322 798
1604154 369991 322 1335
1604155 369991 322 58107
1604156 369991 322 139
1604157 369991 322 285
1604169 369994 322 188
1604170 369994 322 285
1604171 369994 322 1133
1604172 369994 322 76
1604173 369994 322 44
1604178 346750 322 256
1604179 346750 322 285
1604180 346750 322 44
1604181 346750 322 828
1604188 17263 322 16
1604189 17263 322 44
1604190 17263 322 1367
1604191 369999 322 4055
1604192 369999 322 6007
1604193 370000 322 98
1604194 370000 322 748
1604195 370000 322 264
1604196 370000 322 285
1604201 370002 322 748
1604204 25736 322 6230
1604207 18239 322 1123
1604211 17307 322 518
1604212 17307 322 458
1604213 17307 322 828
1604214 17307 322 285
1604215 17307 322 44
1604216 17307 322 1182
1604217 17307 322 11
1604221 370009 322 44
1604222 370009 322 29841
1604223 370009 322 527
1604224 109600 322 100
1604235 86275 322 1176
1604236 86275 322 374
1604244 370013 322 28
1604245 370013 322 7069
1604246 370013 322 6038
1604253 370016 322 11
1604254 370016 322 139
1604255 370017 322 16220
1604256 370017 322 29335
1604257 370017 322 29487
1604261 131691 322 4802
1604262 131691 322 44
1604263 131691 322 30
1604264 131691 322 72
1604268 122958 322 4356
1604269 122958 322 285
1604270 122958 322 28
1604302 370029 322 70
1604303 370029 322 304
1604313 370033 322 108
1604314 370033 322 4446
1604315 370033 322 527
1604316 370033 322 44
1604320 370035 322 29
1604321 370035 322 127
1604327 195526 322 791
1604328 195526 322 11
1604329 195526 322 72
1604330 195526 322 21
1604334 367649 322 21
1604335 367649 322 12233
1604365 370049 322 392
1604366 370049 322 2376
1604373 37639 322 20
1604374 37639 322 44
1604375 37639 322 21
1604376 37639 322 527
1604377 37639 322 4446
1604390 370054 322 960
1604391 370054 322 798
1604421 337766 322 11
1604422 337766 322 4036
1604423 337766 322 1647
1604424 337766 322 8953
1604434 370068 322 1007
1604435 370068 322 44
1604436 370068 322 7207
1604444 370071 322 1335
1604469 323596 322 392
1604470 323596 322 2376
1604484 370084 322 4177
1604485 370084 322 21
1604486 370084 322 11
1604502 32624 322 1647
1604503 32624 322 374
1604504 32624 322 748
1604505 32624 322 264
1604509 370091 322 168
1604510 370092 322 35
1604536 346341 322 3633
1604537 346341 322 4371
1604543 370100 322 16220
1604544 370100 322 29335
1604545 370100 322 29487
1604546 370101 322 108
1604547 370101 322 44
1604548 370102 322 871
1604549 370102 322 104
1604563 370107 322 11
1604564 370107 322 139
1604565 370107 322 285
1604569 59716 322 798
1604570 59716 322 318
1604571 59716 322 139
1604572 59716 322 285
1604575 9857 322 583
1604576 9857 322 425
1604580 370113 322 11
1604581 16778 322 4802
1604582 16778 322 125
1604583 16778 322 518
1604584 16778 322 3196
1604585 16778 322 76
1604586 16778 322 256
1604587 16778 322 5507
1604588 16778 322 44
1604589 370114 322 24355
1604590 148417 322 1138
1604591 148417 322 1133
1604592 148417 322 1136
1604593 370115 322 16220
1604594 370115 322 29335
1604595 370115 322 3196
1604596 370115 322 1647
1604597 370115 322 748
1604598 370116 322 552
1604599 370117 322 40635
1604600 370117 322 748
1604604 370119 322 748
1604605 370119 322 2376
1604610 370121 322 125
1604611 370121 322 276
1604612 370121 322 318
1604613 370121 322 285
1604615 21757 322 188
1604616 21757 322 11
1604617 21757 322 44
1604623 370124 322 846
1604624 370124 322 374
1604625 370124 322 2161
1604626 370124 322 3556
1604627 80269 322 4108
1604628 80269 322 374
1604629 80269 322 44
1604633 370126 322 4055
1604634 370126 322 6007
1604635 370127 322 4055
1604636 370127 322 6007
1604659 370133 322 11
1604660 370133 322 168
1604661 370133 322 4203
1604662 370134 322 392
1604663 370134 322 6670
1604664 74033 322 104
1604665 74033 322 780
1604666 346917 322 11
1604667 346917 322 552
1604668 346917 322 4151
1604669 346917 322 33866
1604670 370135 322 16220
1604671 370135 322 3835
1604672 370135 322 29487
1604673 370136 322 304
1604674 193550 322 2990
1604675 193550 322 392
1604676 193550 322 960
1604677 193550 322 104
1604678 193550 322 6670
1604679 193550 322 72
1604680 193550 322 139
1604681 193550 322 748
1604682 193550 322 20
1604683 193550 322 98
1604684 370137 322 216
1604685 370137 322 6230
1604686 370137 322 11253
1604687 370137 322 6925
1604688 370138 322 4055
1604689 370138 322 4865
1604690 370139 322 4802
1604691 370139 322 552
1604692 370139 322 168
1604693 370140 322 11
1604694 370140 322 100
1604695 370140 322 6780
1604696 370140 322 170
1604702 370142 322 11
1604703 370142 322 552
1604704 370142 322 72
1604705 370142 322 4151
1604706 370142 322 44
1604710 370143 322 16220
1604711 370143 322 29487
1604712 370143 322 29335
1604713 370144 322 24662
1604714 370144 322 748
1604719 127846 322 2576
1604720 127846 322 11
1604721 127846 322 1133
1604729 370146 322 98
1604730 370146 322 24355
1604731 370146 322 42738
1604732 370146 322 748
1604739 370151 322 1136
1604740 370151 322 748
1604741 370151 322 44
1604742 370151 322 7400
1604746 48210 322 11
1604747 48210 322 100
1604748 48210 322 1132
1604749 48210 322 44
1604750 348177 322 21
1604751 348177 322 44
1604752 370153 322 104
1604753 370153 322 748
1604761 321971 322 374
1604764 370157 322 6230
1604765 370158 322 1819
1604766 370158 322 276
1604767 370158 322 318
1604768 35598 322 108
1604769 35598 322 527
1604770 35598 322 44
1604773 370160 322 4177
1604783 370164 322 7400
1604784 370164 322 4055
1604787 39901 322 188
1604788 39901 322 11
1604789 39901 322 668
1604790 39901 322 100673
1604791 39901 322 44
1604792 370166 322 518
1604793 370166 322 552
1604794 370166 322 44
1604795 370166 322 139
1604796 370166 322 285
1604798 370168 322 24355
1604799 370168 322 748
1604800 370168 322 24774
1604801 370169 322 374
1604802 370169 322 24355
1604803 195606 322 104
1604804 195606 322 1176
1604805 370170 322 1335
1604806 370170 322 24090
1604807 370170 322 100673
1604808 370171 322 216
1604809 370171 322 6230
1604814 370172 322 4203
1604817 370173 322 1182
1604818 370173 322 44
1604826 370176 322 1136
1604827 370176 322 1132
1604828 370176 322 44
1604829 370176 322 285
1604830 32683 322 11
1604831 32683 322 139
1604832 32683 322 734
1604833 32683 322 285
1604836 370178 322 16220
1604837 370178 322 29335
1604838 370178 322 3196
1604839 370179 322 871
1604840 370179 322 104
1604841 370180 322 552
1604842 370180 322 168
1604843 370181 322 552
1604844 370181 322 44
1604845 370181 322 168
1604846 370182 322 44
1604847 370182 322 527
1604852 370183 322 1007
1604853 370183 322 139
1604854 370183 322 11
1604855 370183 322 44
1604856 370184 322 21
1604857 370185 322 16220
1604858 370185 322 29335
1604859 370185 322 3196
1604860 370185 322 44
1604865 370186 322 4055
1604871 370189 322 3711
1604872 370189 322 56
1604873 370189 322 828
1604874 32700 322 139
1604875 32700 322 285
1604876 32700 322 44
1604877 32700 322 100
1604878 32700 322 11
1604879 32700 322 1132
1604880 25093 322 125
1604881 25093 322 6230
1604882 370190 322 6230
1604883 370191 322 44
1604884 370191 322 285
1604885 370191 322 1007
1604886 370192 322 11
1604887 370192 322 168
1604888 370192 322 44
1604889 370192 322 828
1604890 370193 322 16220
1604891 370193 322 29487
1604892 370193 322 29335
1604893 12199 322 392
1604894 12199 322 748
1604898 370195 322 76
1604899 370195 322 276
1604900 370195 322 44
1604901 370196 322 168
1604902 337281 322 8953
1604903 370197 322 21
1604904 370198 322 16220
1604905 370198 322 29487
1604906 370198 322 3835
1604916 370201 322 16220
1604917 370201 322 29335
1604918 370201 322 29487
1604923 370203 322 11253
1604934 195667 322 11
1604941 370209 322 392
1604942 370209 322 748
1604943 370209 322 2990
1604949 370212 322 72
1604950 370212 322 44
1604951 370212 322 618
1604952 96173 322 618
1604953 96173 322 1605
1604954 96173 322 44
1604955 370213 322 791
1604956 370213 322 11
1604957 370213 322 552
1604958 370213 322 4151
1604959 370213 322 285
1604960 370213 322 44
1604963 108652 322 72
1604964 108652 322 734
1604965 108652 322 748
1604966 256488 322 2100
1604967 256488 322 44
1604968 256488 322 168
1604976 370216 322 285
1604977 370216 322 6230
1604978 370217 322 1007
1604979 370217 322 6230
1604981 86585 322 6230
1604984 370219 322 44
1604985 370219 322 6230
1604987 370221 322 6230
1604988 25161 322 6230
1604989 370222 322 6230
1604990 370223 322 3762
1604991 370223 322 6230
1604992 370223 322 4023
1604993 370223 322 307
1604994 370223 322 100670
1604996 370224 322 4055
1604997 370224 322 6230
1604998 370225 322 3558
1604999 370225 322 44
1605000 370226 322 125
1605001 370226 322 2990
1605002 370226 322 1299
1605003 269757 322 798
1605004 269757 322 960
1605005 269757 322 72
1605006 269757 322 21
1605010 370228 322 76
1605011 370228 322 4023
1605012 370228 322 828
1605013 370228 322 3762
1605014 370228 322 307
1605015 370228 322 100670
1605016 370228 322 44
1605017 370228 322 168
1605018 370229 322 11
1605024 370233 322 1123
1605025 370234 322 304
1605028 370236 322 1123
1605042 52219 322 188
1605043 52219 322 44
1605044 52219 322 4401
1605049 370239 322 4108
1605050 370239 322 557
1605059 370242 322 2100
1605060 370242 322 168
1605061 370242 322 4203
1605062 363879 322 1369
1605063 370243 322 276
1605064 370243 322 168
1605065 370243 322 458
1605066 17744 322 16
1605067 17744 322 100
1605068 370244 322 1367
1605069 370244 322 828
1605070 370244 322 100
1605071 370244 322 100673
1605072 370245 322 552
1605073 370245 322 44
1605074 370245 322 4151
1605075 370246 322 4802
1605076 370246 322 168
1605077 309804 322 11
1605078 309804 322 100
1605079 309804 322 552
1605080 309804 322 168
1605081 370247 322 188
1605082 370247 322 11
1605083 370247 322 44
1605084 370247 322 168
1605085 370247 322 1132
1605086 370248 322 139
1605087 370248 322 285
1605088 370248 322 100682
1605095 140831 322 527
1605096 140831 322 1132
1605097 140831 322 188
1605098 140831 322 11
1605099 140831 322 1182
1605100 140831 322 285
1605101 140831 322 44
1605102 140831 322 168
1605105 370251 322 1367
1605106 370251 322 30
1605107 370251 322 11
1605108 370251 322 44
1605109 370251 322 828
1605110 370251 322 4203
1605113 370253 322 4203
1605121 25193 322 668
1605122 25193 322 458
1605123 25193 322 44
1605124 17758 322 458
1605125 17758 322 1007
1605126 17758 322 11
1605127 17758 322 44
1605128 1756 322 100
1605129 1756 322 20
1605130 50856 322 458
1605131 50856 322 1133
1605139 370256 322 188
1605140 370256 322 307
1605141 370256 322 458
1605142 370256 322 44
1605143 370256 322 100670
1605144 370257 322 30
1605145 370257 322 307
1605146 370257 322 11
1605147 370257 322 72
1605148 370257 322 44
1605149 370257 322 458
1605150 370257 322 100670
1605151 370258 322 318
1605152 370258 322 44
1605153 370259 322 44
1605154 370259 322 458
1605155 370259 322 100673
1605156 59808 322 188
1605157 59808 322 108
1605158 59808 322 4446
1605159 59808 322 44
1605160 59808 322 458
1605161 370260 322 98
1605189 370271 322 24355
1605190 370271 322 748
1605191 370271 322 42738
1605192 370272 322 4011
1605193 370272 322 42738
1605197 370274 322 24355
1605198 370274 322 748
