1605199 370275 323 912
1605200 370275 323 507
1605201 370275 323 774
1605202 370275 323 4003
1605203 370275 323 1886
1605214 270397 323 386
1605215 270397 323 8294
1605216 270397 323 719
1605217 270397 323 882
1605247 370286 323 941
1605248 370286 323 719
1605256 370289 323 21
1605285 160633 323 365
1605286 160633 323 80
1605287 160633 323 1450
1605289 370296 323 100685
1605290 370296 323 361
1605291 370296 323 941
1605292 370296 323 2922
1605293 370296 323 2920
1605316 80556 323 125
1605317 80556 323 6618
1605318 80556 323 41743
1605319 80556 323 20709
1605330 18415 323 386
1605331 18415 323 125
1605332 18415 323 5347
1605333 18415 323 4297
1605334 18415 323 3451
1605335 18415 323 225
1605340 370304 323 1119
1605341 370304 323 1284
1605342 370304 323 127
1605348 185892 323 81122
1605349 185892 323 1690
1605350 185892 323 8785
1605351 185892 323 563
1605352 185892 323 365
1605353 185892 323 80
1605354 185892 323 100687
1605355 185892 323 72
1605356 185892 323 285
1605357 185892 323 1450
1605358 185892 323 1123
1605359 358219 323 5083
1605360 358219 323 18708
1605361 337397 323 941
1605362 337397 323 2840
1605363 337397 323 1886
1605364 337397 323 311
1605372 358223 323 941
1605373 358223 323 5800
1605374 358223 323 6
1605380 370308 323 80
1605381 370308 323 29
1605382 370308 323 1123
1605399 370309 323 125
1605403 160726 323 98769
1605404 160726 323 4003
1605405 160726 323 9427
1605406 160726 323 1560
1605407 160726 323 2150
1605408 160726 323 1143
1605445 370314 323 16214
1605446 370315 323 941
1605447 370315 323 2152
1605448 370315 323 2690
1605449 370315 323 26665
1605450 370315 323 2691
1605451 370315 323 21335
1605452 72087 323 1191
1605453 72087 323 1723
1605454 72087 323 72
1605455 370317 323 10063
1605456 370317 323 29
1605464 370320 323 941
1605465 370320 323 361
1605466 370320 323 3509
1605467 370320 323 1829
1605468 370320 323 21
1605469 370321 323 941
1605470 370321 323 21
1605471 370321 323 361
1605472 370321 323 24972
1605473 370321 323 100683
1605474 370321 323 719
1605475 370322 323 941
1605476 370322 323 361
1605477 370322 323 3509
1605478 370322 323 1829
1605479 370322 323 21
1605480 370323 323 941
1605481 370323 323 719
1605496 370327 323 18400
1605497 370327 323 80
1605498 370327 323 72
1605499 370327 323 285
1605500 370327 323 1450
1605501 370327 323 1123
1605502 338174 323 941
1605503 338174 323 1886
1605504 338174 323 361
1605505 338174 323 72
1605520 370331 323 1923
1605521 370331 323 2072
1605522 370331 323 2248
1605523 370331 323 257
1605524 370331 323 17080
1605528 98008 323 1886
1605529 98008 323 1143
1605530 98008 323 2150
1605531 370333 323 386
1605532 370333 323 21053
1605533 370333 323 4528
1605534 370333 323 8294
1605535 370333 323 81122
1605536 370333 323 1616
1605541 370335 323 29
1605572 4293 323 21
1605573 4293 323 8294
1605574 4293 323 12145
1605575 4293 323 1745
1605576 4293 323 583
1605577 189427 323 941
1605578 189427 323 2702
1605579 189427 323 2520
1605580 189427 323 75311
1605581 189427 323 44829
1605582 189427 323 98769
1605583 189427 323 2968
1605584 189427 323 81122
1605586 370340 323 1616
1605587 370341 323 3510
1605588 370341 323 8986
1605589 370341 323 20083
1605590 370341 323 2968
1605591 370342 323 1764
1605592 370342 323 39
1605593 370342 323 311
1605594 370342 323 2424
1605595 370342 323 285
1605596 370342 323 100683
1605597 11993 323 941
1605598 11993 323 1886
1605599 11993 323 8986
1605633 370383 323 18708
1605634 370383 323 84085
1605635 370383 323 81122
1605636 370383 323 2770
1605637 370384 323 2725
1605638 370384 323 3510
1605650 370387 323 941
1605651 370387 323 1886
1605652 370387 323 6
1605653 370387 323 1821
1605659 370390 323 996
1605660 370390 323 1745
1605661 370390 323 3371
1605662 370390 323 1560
1605663 106606 323 1771
1605664 106606 323 1690
1605669 370392 323 941
1605670 370392 323 18708
1605671 370392 323 3510
1605672 370392 323 1625
1605673 370392 323 2725
1605674 370392 323 3463
1605675 370392 323 774
1605676 370392 323 5603
1605677 370392 323 17106
1605678 370392 323 2460
1605679 370392 323 3509
1605680 370392 323 361
1605681 370392 323 24972
1605682 370392 323 719
1605683 370392 323 26665
1605684 370392 323 2690
1605685 370392 323 46187
1605686 370392 323 2186
1605687 370392 323 2968
1605688 370392 323 21335
1605689 370392 323 3716
1605695 370393 323 359
1605696 370393 323 1284
1605697 370393 323 285
1605698 370394 323 2631
1605699 370395 323 4502
1605700 370395 323 10419
1605701 370395 323 16214
1605702 370395 323 1731
1605709 177126 323 2150
1605710 177126 323 941
1605711 177126 323 138
1605712 177126 323 365
1605713 177126 323 2404
1605714 177126 323 1183
1605715 177126 323 28
1605716 177126 323 225
1605717 177126 323 11
1605718 177126 323 2902
1605719 177126 323 44
1605720 177126 323 1450
1605722 370401 323 75311
1605723 370401 323 2631
1605724 370401 323 3463
1605725 370401 323 43554
1605726 370401 323 1565
1605727 370402 323 2631
1605740 370407 323 214
1605741 370407 323 35
1605746 9181 323 20716
1605747 9181 323 3510
1605748 9181 323 359
1605773 370413 323 10063
1605774 370413 323 311
1605775 370413 323 425
1605776 370414 323 941
1605777 370414 323 2631
1605778 370414 323 15266
1605779 370414 323 29
1605780 370414 323 813
1605781 370414 323 1119
1605790 10194 323 2592
1605791 10194 323 359
1605792 10194 323 1591
1605793 10194 323 503
1605794 10194 323 1284
1605816 370418 323 941
1605817 370418 323 1923
1605818 370418 323 311
1605819 370418 323 1183
1605820 370418 323 503
1605821 370418 323 1886
1605822 370419 323 941
1605823 370419 323 311
1605824 370419 323 361
1605825 370419 323 6
1605826 370419 323 1627
1605827 370420 323 882
1605828 370420 323 869
1605829 370420 323 1191
1605836 370421 323 11250
1605837 370421 323 1802
1605838 370421 323 3510
1605839 370421 323 1616
1605840 370421 323 4001
1605863 370426 323 941
1605864 370426 323 2520
1605865 370427 323 100686
1605866 370427 323 813
1605867 370427 323 331
1605892 370430 323 941
1605893 370430 323 29
1605894 370430 323 1690
1605895 337521 323 2187
1605896 337521 323 11048
1605897 337521 323 503
1605898 337521 323 1119
1605899 358325 323 361
1605900 358325 323 4528
1605901 358325 323 2186
1605902 358325 323 29
1605909 370432 323 941
1605910 370433 323 4620
1605911 370433 323 127
1605912 370433 323 29
1605917 69020 323 100686
1605918 69020 323 331
1605919 69020 323 1625
1605920 69020 323 523
1605921 69020 323 2378
1605922 69020 323 2152
1605923 69020 323 813
1605924 69020 323 503
1605925 69020 323 1126
1605926 69020 323 3811
1605927 69020 323 2691
1605928 69020 323 2690
1605929 69020 323 26665
1605930 69020 323 46506
1605931 69020 323 21335
1605932 370435 323 941
1605933 370435 323 311
1605934 370435 323 3722
1605935 370435 323 6
1605936 370435 323 1126
1605937 370435 323 3811
1605938 27623 323 16627
1605939 27623 323 6000
1605940 27623 323 138
1605941 27623 323 221
1605942 27623 323 6
1605943 27623 323 5848
1605944 27623 323 72
1605945 27623 323 285
1605960 370437 323 719
1605961 12771 323 365
1605962 12771 323 2656
1605963 12771 323 80
1605964 12771 323 1123
1605966 274083 323 2072
1605967 274083 323 941
1605968 274083 323 3510
1605969 274083 323 719
1605970 200105 323 125
1605971 200105 323 29
1605972 200105 323 1123
1605974 370440 323 1119
1605975 370440 323 1123
1605976 65760 323 941
1605977 65760 323 1923
1605978 65760 323 2342
1605979 65760 323 1886
1605980 65760 323 6
1606028 262925 323 138
1606037 129720 323 941
1606038 129720 323 1625
1606039 129720 323 138
1606040 129720 323 1560
1606041 129720 323 20397
1606067 370446 323 941
1606068 370446 323 1886
1606069 370446 323 311
1606070 370446 323 361
1606071 370446 323 100683
1606072 370446 323 6
1606073 41277 323 138
1606074 41277 323 638
1606075 41277 323 285
1606076 41277 323 44
1606077 41277 323 367
1606084 370448 323 2460
1606085 370448 323 311
1606086 370448 323 1565
1606087 370448 323 1745
1606097 247802 323 941
1606098 247802 323 138
1606099 247802 323 3463
1606100 247802 323 29
1606101 247802 323 1616
1606105 370450 323 941
1606106 370450 323 125
1606107 370450 323 638
1606108 370450 323 1745
1606109 370450 323 72
1606110 20100 323 941
1606111 20100 323 138
1606112 20100 323 4297
1606113 20100 323 6
1606114 67896 323 727
1606115 67896 323 1049
1606116 67896 323 941
1606117 67896 323 2187
1606118 67896 323 331
1606119 67896 323 16627
1606120 67896 323 125
1606121 67896 323 1134
1606122 67896 323 138
1606123 67896 323 9427
1606124 67896 323 40
1606125 67896 323 221
1606126 67896 323 1135
1606127 67896 323 1183
1606128 67896 323 7333
1606129 67896 323 301
1606130 67896 323 80
1606131 67896 323 873
1606132 67896 323 1565
1606133 67896 323 523
1606134 67896 323 11
1606135 67896 323 72
1606136 67896 323 503
1606137 67896 323 1119
1606138 67896 323 39
1606139 67896 323 285
1606140 67896 323 1731
1606141 67896 323 17394
1606142 67896 323 44
1606143 370451 323 941
1606144 370451 323 214
1606160 370457 323 3510
1606161 370457 323 311
1606162 370457 323 361
1606163 370457 323 100687
1606164 370457 323 100683
1606165 370457 323 2525
1606166 370457 323 2968
1606167 370458 323 1450
1606184 370468 323 16
1606185 370468 323 17176
1606188 370470 323 16
1606189 370470 323 17176
1606190 370471 323 16
1606191 370471 323 17176
1606196 370474 323 16
1606197 370474 323 17176
1606203 370477 323 1771
1606208 370479 323 1771
1606209 370479 323 361
1606210 370479 323 100683
1606215 370482 323 17080
1606216 370482 323 2690
1606217 370482 323 26665
1606218 370482 323 4024
1606219 370482 323 46851
1606220 370482 323 996
1606221 370482 323 1591
1606222 370482 323 2761
1606223 370482 323 53405
1606224 370482 323 46528
1606225 370482 323 21335
1606226 370482 323 16750
1606231 358351 323 941
1606232 358351 323 138
1606233 358351 323 1886
1606234 358351 323 311
1606235 358351 323 3509
1606236 358351 323 100684
1606237 358351 323 425
1606238 358351 323 2186
1606252 370484 323 941
1606253 370484 323 4528
1606254 370484 323 2725
1606255 370484 323 3510
1606256 370484 323 719
1606287 11817 323 16710
1606288 11817 323 46631
1606289 11817 323 44865
1606290 11817 323 8986
1606291 11817 323 1731
1606292 11817 323 47238
1606301 247907 323 2156
1606302 247907 323 2920
1606303 247907 323 28061
1606304 370488 323 17080
1606315 370492 323 3463
1606316 370492 323 425
1606321 370494 323 359
1606324 370495 323 1123
1606337 370497 323 3510
1606338 370497 323 311
1606339 370497 323 1591
1606340 370497 323 503
1606341 370497 323 46528
1606342 370497 323 11250
1606343 370499 323 507
1606344 370499 323 2460
1606345 370499 323 3716
1606346 370499 323 311
1606358 14460 323 941
1606359 14460 323 3510
1606360 14460 323 1886
1606361 14460 323 1591
1606362 14460 323 72
1606363 14460 323 503
1606365 370503 323 386
1606366 370503 323 21
1606367 370503 323 4528
1606368 370503 323 86112
1606369 370503 323 2725
1606370 370503 323 12145
1606371 370503 323 3463
1606372 370503 323 503
1606373 370503 323 2186
1606374 370503 323 1123
1606387 370508 323 774
1606388 370508 323 719
1606389 370508 323 882
1606403 370512 323 5603
1606404 370512 323 100690
1606405 370513 323 5603
1606406 370513 323 100690
1606460 67000 323 1191
1606461 67000 323 1723
1606462 67000 323 72
1606463 370523 323 81122
1606464 370523 323 1616
1606465 370523 323 3311
1606466 10183 323 4003
1606467 10183 323 503
1606468 10183 323 44
1606469 10183 323 72
1606470 10183 323 6
1606471 10183 323 1124
1606472 10183 323 138
1606473 10183 323 941
1606474 10183 323 2444
1606490 370526 323 18708
1606491 370526 323 3463
1606492 370526 323 3509
1606493 370526 323 16750
1606494 370526 323 125
1606495 370527 323 125
1606496 370527 323 1191
1606497 370527 323 1723
1606498 358375 323 16627
1606499 358375 323 359
1606500 358375 323 1143
1606501 358375 323 100685
1606502 358375 323 441
1606519 370530 323 20716
1606520 370530 323 1821
1606521 370530 323 55902
1606522 370530 323 9966
1606523 370530 323 125
1606524 370530 323 46187
1606525 370530 323 4737
1606538 370531 323 49562
1606539 370531 323 285
1606540 370532 323 3509
1606549 8851 323 359
1606550 8851 323 28
1606551 8851 323 413
1606552 8851 323 2150
1606559 260693 323 46631
1606560 260693 323 1866
1606561 260693 323 1191
1606562 260693 323 1886
1606563 260693 323 3275
1606564 127134 323 5603
1606565 127134 323 2656
1606566 127134 323 285
1606567 370538 323 3510
1606568 370538 323 2761
1606569 370538 323 3509
1606570 370538 323 1591
1606571 370538 323 1732
1606572 370539 323 2725
1606573 370539 323 81122
1606574 370539 323 1616
1606588 276890 323 1999
1606589 276890 323 70
1606590 276890 323 301
1606591 276890 323 44
1606598 370543 323 4001
1606599 370543 323 17954
1606600 370543 323 3509
1606601 370543 323 1591
1606602 370543 323 20099
1606603 370543 323 1124
1606604 370543 323 1616
1606605 370543 323 20083
1606606 370543 323 503
1606607 370543 323 21335
1606613 89071 323 138
1606614 89071 323 1886
1606615 89071 323 6
1606616 89071 323 1939
1606617 147321 323 1367
1606618 147321 323 6
1606619 147321 323 285
1606620 147321 323 307
1606622 294831 323 941
1606623 294831 323 4003
1606624 294831 323 2444
1606625 294831 323 6
1606626 370547 323 4003
1606627 370547 323 503
1606628 370547 323 941
1606631 370550 323 941
1606632 370550 323 361
1606633 370550 323 214
1606650 370556 323 2150
1606651 370556 323 941
1606652 370556 323 873
1606653 370556 323 507
1606656 370558 323 331
1606657 370558 323 301
1606658 370558 323 127
1606659 370558 323 29
1606660 370558 323 1119
1606661 370558 323 5286
1606662 370558 323 285
1606663 370559 323 359
1606668 370562 323 941
1606669 370562 323 2456
1606670 370562 323 26665
1606671 370562 323 1616
1606672 370562 323 16214
1606673 370562 323 1731
1606683 370564 323 1450
1606684 370564 323 359
1606694 11431 323 941
1606695 11431 323 28
1606696 11431 323 1284
1606710 67320 323 21
1606711 67320 323 40
1606712 67320 323 365
1606713 67320 323 221
1606714 67320 323 359
1606715 67320 323 1745
1606716 67320 323 301
1606717 67320 323 3722
1606718 67320 323 2589
1606719 67320 323 44
1606720 67320 323 1450
1606734 370572 323 2631
1606735 370572 323 2199
1606736 370573 323 1191
1606737 370574 323 11
1606738 370574 323 1119
1606769 370578 323 18400
1606770 370578 323 1143
1606771 370578 323 2150
1606772 125530 323 1049
1606773 125530 323 941
1606774 125530 323 125
1606775 125530 323 21
1606776 125530 323 8294
1606777 125530 323 138
1606778 125530 323 311
1606779 125530 323 29
1606780 125530 323 2902
1606784 183711 323 2631
1606785 183711 323 311
1606786 183711 323 1627
1606789 197855 323 276
1606790 197855 323 1321
1606791 197855 323 307
1606792 197855 323 72
1606793 197855 323 2278
1606797 55380 323 941
1606798 55380 323 125
1606799 55380 323 100686
1606800 55380 323 361
1606801 55380 323 5776
1606802 55380 323 6
1606808 370582 323 331
1606809 370582 323 5777
1606810 370582 323 361
1606811 370582 323 20709
1606812 370582 323 719
1606813 370582 323 127
1606814 370582 323 29
1606815 370583 323 941
1606816 370583 323 21
1606817 370583 323 873
1606818 370583 323 503
1606819 370583 323 1123
1606827 370586 323 21
1606828 370586 323 311
1606829 370586 323 2378
1606830 370586 323 72
1606831 370586 323 1123
1606832 14169 323 125
1606833 14169 323 221
1606834 14169 323 359
1606835 14169 323 28
1606836 14169 323 2589
1606837 370587 323 3510
1606838 370587 323 1591
1606839 370587 323 503
1606840 370587 323 1732
1606841 370588 323 1722
1606842 370588 323 1191
1606843 370588 323 2285
1606844 370588 323 2725
1606846 370590 323 1367
1606847 370590 323 307
1606864 370594 323 24972
1606865 370594 323 425
1606866 370594 323 4154
1606867 370594 323 10780
1606868 370594 323 2631
1606869 370594 323 20099
1606878 370596 323 2922
1606885 370598 323 359
1606887 370600 323 941
1606888 370600 323 29
1606889 370600 323 138
1606917 358422 323 18708
1606918 358422 323 125
1606919 358422 323 4024
1606920 358422 323 100684
1606921 358422 323 19577
1606922 358422 323 16732
1606923 370601 323 996
1606924 370601 323 125
1606925 370601 323 1591
1606926 370601 323 523
1606927 370601 323 57536
1606928 370601 323 100686
1606936 275302 323 2072
1606937 275302 323 1886
1606938 275302 323 3509
1606939 275302 323 2248
1606942 370605 323 10419
1606943 370605 323 1191
1606944 370605 323 503
1606945 370605 323 1119
1606946 370606 323 21
1606947 370606 323 20099
1606948 370606 323 40048
1606953 370608 323 2631
1606954 370608 323 1625
1606955 370608 323 2691
1606956 370609 323 127
1606957 370609 323 285
1606958 370609 323 1284
1606959 370609 323 1119
1606960 370610 323 127
1606961 370610 323 29
1606962 370610 323 1119
1606963 370610 323 1284
1606973 370612 323 2631
1606974 370612 323 1191
1606975 370612 323 869
1606976 370612 323 4154
1606977 370612 323 10780
1606983 370617 323 941
1606984 370617 323 2404
1606985 370617 323 311
1606986 370617 323 29
1606987 370617 323 2902
1606988 370618 323 1999
1606989 370618 323 4502
1606990 370618 323 10419
1606991 370618 323 1751
1606992 370618 323 311
1606993 370618 323 3147
1607011 14425 323 719
1607012 14425 323 16214
1607013 14425 323 1701
1607014 14425 323 5286
1607019 358438 323 44829
1607020 358438 323 44865
1607021 358438 323 2920
1607034 370625 323 29
1607035 370626 323 2378
1607036 370626 323 1625
1607037 370626 323 98823
1607038 370626 323 21335
1607039 370626 323 40048
1607040 370626 323 2690
1607041 370626 323 311
1607042 370626 323 41863
1607043 370626 323 4218
1607044 370626 323 2186
1607045 370626 323 3046
1607046 370626 323 1730
1607055 105121 323 386
1607056 105121 323 331
1607057 105121 323 1560
1607058 105121 323 1321
1607059 105121 323 127
1607060 105121 323 29
1607061 105121 323 72
1607062 105121 323 1119
1607066 370629 323 214
1607067 370629 323 638
1607068 370629 323 1560
1607069 370629 323 35
1607070 370629 323 72
1607089 115894 323 2592
1607090 115894 323 10063
1607091 115894 323 138
1607092 115894 323 1560
1607093 115894 323 638
1607094 115894 323 214
1607095 115894 323 35
1607101 370633 323 638
1607102 370633 323 6
1607103 370634 323 941
1607104 370634 323 3063
1607105 370634 323 8986
1607106 370634 323 6
1607107 370634 323 503
1607108 370634 323 1119
1607109 370634 323 21335
1607110 370635 323 331
1607111 370635 323 1560
1607112 370635 323 125
1607113 370635 323 29
1607114 370635 323 72
1607115 370635 323 507
1607124 370637 323 3311
1607125 370637 323 20083
1607126 370637 323 503
1607127 370637 323 21335
1607141 370639 323 79820
1607142 323778 323 1701
1607143 323778 323 29
1607144 323778 323 15839
1607149 370642 323 941
1607150 370642 323 386
1607151 370642 323 138
1607152 370642 323 1745
1607153 370642 323 1125
1607154 370642 323 6
1607155 370642 323 72
1607156 53325 323 138
1607157 53325 323 1886
1607158 53325 323 4003
1607159 53325 323 5848
1607160 53325 323 72
1607161 53325 323 797
1607162 53325 323 285
1607163 53325 323 44
1607177 370647 323 941
1607178 370647 323 2725
1607179 370647 323 3510
1607180 370647 323 361
1607181 370647 323 100683
1607182 370647 323 719
1607183 370647 323 100684
1607197 75970 323 138
1607198 75970 323 638
1607199 75970 323 1183
1607200 75970 323 361
1607201 75970 323 2156
1607202 75970 323 214
1607203 75970 323 72
1607204 75970 323 869
1607205 75970 323 285
1607267 370661 323 6330
1607268 370661 323 8986
1607269 370661 323 18708
1607270 370661 323 44865
1607271 370661 323 44829
1607286 370664 323 70
1607287 370664 323 285
1607288 73806 323 386
1607289 73806 323 17186
1607290 73806 323 16710
1607291 73806 323 8986
1607292 73806 323 25092
1607293 73806 323 3275
1607294 73806 323 44829
1607295 370665 323 734
1607296 370665 323 11166
1607297 370665 323 638
1607298 370665 323 72
1607299 370665 323 1647
1607300 370666 323 1560
1607301 370666 323 2920
1607307 370669 323 1591
1607308 370669 323 3510
1607309 370669 323 2761
1607315 370671 323 1565
1607316 370671 323 386
1607317 370671 323 3311
1607318 370671 323 301
1607319 370671 323 2690
1607320 370672 323 2725
1607321 370672 323 3510
1607333 370676 323 3509
1607334 370676 323 361
1607335 370676 323 1191
1607375 370680 323 941
1607376 370680 323 1183
1607377 370680 323 2355
1607378 370680 323 44865
1607379 370680 323 425
1607380 370681 323 941
1607381 370681 323 1886
1607382 370681 323 361
1607383 370682 323 1726
1607384 370682 323 311
1607385 370682 323 21608
1607393 370685 323 225
1607394 370685 323 719
1607410 337768 323 311
1607411 337768 323 100683
1607412 337768 323 100684
1607414 370690 323 3463
1607415 82622 323 2072
1607416 82622 323 69472
1607417 82622 323 3439
1607418 82622 323 125
1607419 82622 323 5733
1607420 323952 323 941
1607421 323952 323 21572
1607422 323952 323 100697
1607423 370691 323 127
1607424 370691 323 331
1607425 370691 323 1119
1607426 370691 323 1284
1607427 370692 323 941
1607428 370692 323 4003
1607429 370692 323 1886
1607430 370692 323 311
1607431 370692 323 16750
1607432 370692 323 3509
1607433 370693 323 361
1607434 370693 323 100683
1607435 370693 323 719
1607436 370694 323 1771
1607457 370702 323 53727
1607466 358503 323 941
1607467 358503 323 4528
1607474 370706 323 125
1607475 370706 323 359
1607495 370710 323 2424
1607496 370710 323 17106
1607497 370710 323 3509
1607498 370710 323 100683
1607499 370710 323 2884
1607566 370718 323 44829
1607567 370718 323 44865
1607575 40273 323 221
1607576 40273 323 873
1607577 40273 323 9789
1607599 16425 323 125
1607600 16425 323 301
1607601 16425 323 41189
1607602 16425 323 46631
1607603 16425 323 2725
1607604 16425 323 81122
1607605 16425 323 4024
1607606 16425 323 3510
1607607 16425 323 2840
1607608 16425 323 2761
1607609 16425 323 18708
1607610 16425 323 84085
1607611 16425 323 10419
1607612 16425 323 4502
1607613 16425 323 1552
1607614 16425 323 53405
1607615 16425 323 2656
1607616 16425 323 28414
1607617 16425 323 1866
1607618 16425 323 1321
1607619 16425 323 13175
1607620 16425 323 43554
1607621 16425 323 5777
1607622 16425 323 47238
1607623 16425 323 44865
1607624 16425 323 225
1607625 16425 323 16158
1607626 16425 323 8986
1607627 16425 323 25092
1607628 16425 323 86015
1607629 16425 323 46187
1607630 16425 323 16214
1607631 16425 323 5757
1607632 16425 323 44829
1607633 16425 323 2186
1607634 16425 323 2968
1607635 16425 323 1628
1607636 16425 323 39
1607637 16425 323 1119
1607638 16425 323 46528
1607639 16425 323 66517
1607640 16425 323 20946
1607641 16425 323 100688
1607649 87035 323 1119
1607650 87035 323 285
1607651 370723 323 2520
1607652 370723 323 941
1607653 370723 323 3509
1607654 370723 323 18708
1607655 370723 323 3510
1607656 370723 323 2968
1607657 370723 323 361
1607658 370723 323 3524
1607659 370723 323 11250
1607660 370723 323 21335
1607661 370723 323 100685
1607662 370723 323 4024
1607663 370723 323 17106
1607664 370723 323 17954
1607665 370723 323 17080
1607666 370723 323 2884
1607667 370723 323 81122
1607668 370723 323 1616
1607669 370723 323 1802
1607670 370724 323 941
1607671 370724 323 2592
1607672 370724 323 563
1607673 370724 323 40
1607674 370724 323 365
1607675 370724 323 1886
1607676 370724 323 72
1607677 370724 323 1450
1607678 370724 323 1123
1607734 194852 323 1191
1607735 194852 323 2463
1607736 194852 323 869
1607737 194852 323 125
1607738 370732 323 361
1607739 370732 323 100683
1607740 370732 323 2520
1607741 370732 323 941
1607742 370732 323 719
1607743 370732 323 1690
1607753 273277 323 311
1607754 273277 323 719
1607755 273277 323 29
1607756 273277 323 72
1607757 273277 323 1690
1607758 273277 323 2150
1607766 370736 323 1923
1607767 370736 323 1124
1607768 370736 323 1239
1607769 370736 323 1628
1607771 370737 323 1616
1607772 370737 323 523
1607773 370737 323 125
1607774 370737 323 1802
1607775 370737 323 100686
1607788 358536 323 941
1607789 358536 323 361
1607790 358536 323 3509
1607791 358536 323 1829
1607792 358536 323 21
1607793 358536 323 1802
1607794 358536 323 18427
1607795 358536 323 4075
1607796 358536 323 66517
1607797 358536 323 46528
1607798 358536 323 2725
1607799 358536 323 3510
1607800 358536 323 2968
1607801 358536 323 2520
1607810 370742 323 2920
1607811 370742 323 3509
1607812 370742 323 425
1607813 89492 323 941
1607814 89492 323 6000
1607815 89492 323 1886
1607816 89492 323 311
1607817 89492 323 6
1607818 89492 323 1821
1607819 370743 323 125
1607820 370743 323 10063
1607821 370744 323 69472
1607822 370744 323 3510
1607823 370744 323 2072
1607824 370744 323 2248
1607825 370744 323 67925
1607837 250898 323 21
1607838 250898 323 3835
1607839 250898 323 1764
1607840 250898 323 21608
1607841 250898 323 2186
1607842 250898 323 1726
1607843 250898 323 39
1607844 280755 323 214
1607846 370748 323 75311
1607847 370748 323 2631
1607848 370748 323 2725
1607849 370748 323 3463
1607850 370748 323 523
1607881 370752 323 941
1607882 370752 323 2520
1607883 370752 323 1886
1607906 370756 323 941
1607907 370756 323 311
1607908 370756 323 5499
1607909 370756 323 6
1607910 370756 323 1119
1607911 370756 323 1191
1607912 370756 323 15215
1607913 370756 323 3130
1607914 370757 323 2585
1607915 370757 323 359
1607916 370757 323 72
1607917 370757 323 1284
1607921 370759 323 359
1607937 370762 323 44865
1607938 370762 323 8986
1607965 370766 323 138
1607966 370766 323 941
1607967 370766 323 2592
1607968 370766 323 2424
1607969 370766 323 31
1607970 370766 323 1565
1607971 370766 323 100683
1607972 370766 323 3439
1607977 370767 323 2150
1607978 370767 323 719
1607979 370767 323 361
1607980 370767 323 523
1607981 370767 323 72
1607982 370767 323 882
1607983 370768 323 941
1607984 370768 323 719
1607985 370768 323 361
1607986 9050 323 1647
1607987 9050 323 1321
1607988 9050 323 1745
1607989 9050 323 301
1607990 9050 323 127
1607991 9050 323 29
1607992 9050 323 72
1607993 9050 323 7273
1607994 9050 323 1119
1607995 9050 323 285
1607996 9050 323 44
1608002 370770 323 1751
1608003 2209 323 1771
1608004 2209 323 301
1608005 2209 323 719
1608006 2209 323 44
1608007 370771 323 1771
1608008 370771 323 912
1608024 370775 323 138
1608025 370775 323 214
1608026 370775 323 1560
1608027 370775 323 35
1608035 268496 323 2592
1608036 268496 323 21
1608037 263652 323 70
1608039 370778 323 2072
1608040 370778 323 2152
1608041 370778 323 21608
1608042 370778 323 10063
1608043 370778 323 503
1608053 370781 323 1771
1608054 370781 323 1690
1608057 370783 323 1560
1608058 370783 323 774
1608059 370783 323 285
1608068 184600 323 331
1608069 184600 323 125
1608070 184600 323 1560
1608071 184600 323 311
1608072 184600 323 4297
1608073 184600 323 29
1608074 184600 323 523
1608075 184600 323 503
1608076 184600 323 1119
1608077 184600 323 39
1608078 184600 323 1284
1608079 184600 323 1123
1608115 16699 323 125
1608116 16699 323 523
1608117 16699 323 72
1608118 16699 323 285
1608119 16699 323 44
1608120 16699 323 1123
1608121 16699 323 1239
1608122 370793 323 1321
1608123 370793 323 301
1608124 370793 323 523
1608125 370793 323 3275
1608126 370793 323 1565
1608127 370793 323 912
1608128 370793 323 507
1608129 370793 323 44
1608144 370797 323 359
1608145 370797 323 6968
1608165 370800 323 44865
1608183 370802 323 941
1608184 370802 323 4003
1608185 370802 323 2342
1608186 370802 323 2072
1608187 370802 323 1886
1608188 370803 323 941
1608189 370803 323 1886
1608190 370803 323 311
1608191 370803 323 1565
1608208 370806 323 386
1608209 358607 323 941
1608210 358607 323 2761
1608211 358607 323 1886
1608212 358607 323 361
1608213 358607 323 1591
1608214 358607 323 26665
1608215 358607 323 4550
1608216 370807 323 18708
1608217 370807 323 81122
1608218 370807 323 2770
1608221 262285 323 1771
1608230 370810 323 18400
1608231 370810 323 8785
1608232 370810 323 1450
1608234 370812 323 2631
1608235 370812 323 719
1608236 370812 323 882
1608237 48051 323 563
1608238 48051 323 365
1608239 48051 323 2358
1608240 48051 323 311
1608241 48051 323 80
1608242 48051 323 72
1608243 48051 323 285
1608244 48051 323 1450
1608245 48051 323 1123
1608246 370813 323 100688
1608247 370813 323 425
1608248 370813 323 2968
1608249 370813 323 98769
1608250 370813 323 120
1608251 370813 323 44
1608252 370814 323 6330
1608253 337907 323 941
1608254 337907 323 9427
1608255 337907 323 214
1608256 337907 323 35
1608257 337907 323 72
1608259 370816 323 214
1608260 370817 323 214
1608264 370819 323 214
1608267 370822 323 214
1608268 370822 323 873
1608269 1918082 323 214
1608270 370823 323 214
1608276 370824 323 2922
1608277 370824 323 2920
1608278 370825 323 2922
1608305 370832 323 1284
1608306 370833 323 941
1608307 370833 323 214
1608309 370834 323 4846
1608336 370838 323 1771
1608337 370838 323 1690
1608338 28447 323 1999
1608339 28447 323 4502
1608340 28447 323 138
1608341 28447 323 1745
1608342 28447 323 225
1608343 28447 323 72
1608344 28447 323 2186
1608345 28447 323 1123
1608346 370839 323 941
1608347 370839 323 86112
1608348 370839 323 6
1608349 370839 323 2186
1608367 370843 323 24022
1608368 370843 323 138
1608369 370843 323 44921
1608370 370843 323 1123
1608372 370845 323 1722
1608373 370845 323 1191
1608374 370845 323 1723
1608379 370847 323 359
1608380 370847 323 285
1608381 370847 323 7412
1608383 370849 323 1923
1608384 370849 323 2444
1608385 370849 323 2725
1608386 370849 323 1560
1608387 370849 323 3463
1608388 370849 323 1191
1608389 370849 323 413
1608390 370849 323 1723
1608391 370849 323 503
1608392 370849 323 1119
1608393 370850 323 2631
1608394 370850 323 2456
1608395 370850 323 40
1608396 370850 323 311
1608397 370850 323 719
1608398 370850 323 2884
1608399 370850 323 583
1608400 370850 323 1690
1608401 94980 323 276
1608402 94980 323 301
1608403 94980 323 72
1608404 94980 323 1119
1608405 94980 323 285
1608406 94980 323 44
1608411 337934 323 941
1608412 337934 323 2444
1608413 337934 323 26144
1608414 337934 323 6
1608415 337934 323 413
1608416 337934 323 503
1608427 24424 323 6
1608428 370853 323 413
1608438 370856 323 873
1608439 370856 323 2589
1608440 370856 323 1284
1608441 370857 323 359
1608442 370857 323 6968
1608443 370858 323 2072
1608444 370858 323 1886
1608445 370858 323 1124
1608446 370858 323 6
1608448 370860 323 1690
1608449 370860 323 72
1608450 10696 323 18708
1608451 10696 323 1999
1608452 10696 323 941
1608453 10696 323 8294
1608454 10696 323 138
1608455 10696 323 1886
1608456 10696 323 6
1608464 370861 323 18708
1608465 370861 323 84085
1608466 370861 323 21053
1608467 370861 323 4528
1608468 370861 323 8294
1608469 370861 323 81122
1608470 370861 323 1616
1608471 370861 323 16214
1608491 370864 323 941
1608492 370864 323 20593
1608493 370864 323 4003
1608494 370864 323 1886
1608510 70697 323 125
1608511 70697 323 138
1608512 70697 323 40
1608513 70697 323 365
1608514 70697 323 1745
1608515 70697 323 3451
1608516 70697 323 80
1608517 70697 323 523
1608518 70697 323 813
1608519 70697 323 285
1608520 70697 323 1690
1608521 70697 323 2902
1608522 70697 323 1450
1608523 70697 323 367
1608524 70697 323 1123
1608535 170128 323 359
1608536 170128 323 873
1608537 170128 323 100698
1608538 170128 323 8986
1608539 170128 323 1284
1608540 370869 323 125
1608541 370869 323 75311
1608542 370869 323 2725
1608543 370869 323 3463
1608544 370869 323 523
1608545 370870 323 719
1608546 370870 323 1560
1608561 370875 323 583
1608562 370875 323 2443
1608563 370875 323 2520
1608564 255179 323 2520
1608568 370877 323 29
1608569 370877 323 507
1608570 370877 323 18427
1608571 370877 323 2725
1608572 285560 323 20083
1608573 285560 323 44
1608574 285560 323 813
1608575 285560 323 3811
1608576 285560 323 311
1608577 285560 323 29
1608578 285560 323 331
1608579 285560 323 20099
1608580 285560 323 127
1608585 370878 323 361
1608586 370878 323 100683
1608587 370878 323 719
1608588 370878 323 29
1608597 370879 323 2520
1608598 370879 323 21
1608599 370879 323 1123
1608604 337967 323 941
1608605 337967 323 125
1608606 337967 323 138
1608607 337967 323 719
1608608 337967 323 31
1608609 337967 323 4003
1608610 370881 323 563
1608611 370881 323 57425
1608612 370881 323 80
1608613 370881 323 425
1608618 358655 323 3524
1608629 370884 323 1191
1608630 370884 323 1722
1608631 370885 323 3509
1608632 370885 323 100687
1608633 370885 323 20099
1608634 370885 323 20083
1608635 370885 323 503
1608636 370885 323 21335
1608637 370886 323 941
1608638 370886 323 1560
1608639 370886 323 5776
1608640 370886 323 2460
1608671 370892 323 3509
1608672 370892 323 21335
1608673 370892 323 1625
1608674 370892 323 16750
1608675 370893 323 331
1608676 370893 323 1119
1608677 370893 323 127
1608714 70803 323 386
1608715 70803 323 125
1608716 70803 323 638
1608717 70803 323 1745
1608718 70803 323 72
1608719 70803 323 2186
1608720 70803 323 1123
1608726 370900 323 331
1608727 370900 323 507
1608728 370900 323 941
1608729 370900 323 4003
1608730 370900 323 54387
1608737 370901 323 941
1608738 370901 323 2355
1608739 370901 323 5052
1608740 370901 323 425
1608754 338008 323 941
1608755 338008 323 125
1608756 338008 323 361
1608757 338008 323 2520
1608758 338008 323 100686
1608774 370908 323 386
1608775 370908 323 12145
1608776 370908 323 583
1608777 370908 323 311
1608787 370909 323 1191
1608788 370909 323 1723
1608789 370909 323 44
1608796 370911 323 125
1608797 370911 323 2770
1608798 370911 323 6
1608799 370911 323 39
1608800 370911 323 285
1608801 370911 323 44
1608815 370914 323 8986
1608816 370915 323 1771
1608817 370915 323 3063
1608818 370915 323 1690
1608819 370916 323 40
1608820 370916 323 221
1608821 370916 323 47238
1608822 370916 323 44865
1608823 370916 323 8986
1608824 370916 323 16750
1608825 370916 323 2968
1608826 370916 323 3311
1608827 370916 323 285
1608841 370920 323 941
1608842 370920 323 2725
1608843 370920 323 3510
1608844 370920 323 1886
1608845 370920 323 3509
1608846 370920 323 46506
1608879 370923 323 24785
1608880 370924 323 359
1608881 277440 323 16214
1608882 277440 323 1627
1608883 277440 323 81122
1608884 277440 323 66517
1608885 277440 323 18708
1608886 277440 323 1802
1608887 277440 323 1616
1608888 277440 323 2186
1608889 277440 323 1808
1608890 277440 323 1625
1608891 277440 323 3509
1608894 358689 323 3509
1608895 358689 323 361
1608896 358689 323 719
1608897 358689 323 3609
1608902 370928 323 331
1608903 370928 323 39
1608904 370928 323 1284
1608920 370930 323 1560
1608921 370930 323 1119
1608922 370930 323 331
1608923 370930 323 120
1608934 370935 323 941
1608935 370935 323 361
1608957 370938 323 1771
1608958 370938 323 85148
1608964 370940 323 1701
1608965 370940 323 1690
1608966 370941 323 2072
1608967 370941 323 19180
1608968 370941 323 41781
1608969 370942 323 18708
1608970 370942 323 941
1608971 370942 323 361
1608972 370942 323 719
1608973 370943 323 941
1608974 370943 323 873
1608975 370943 323 4003
1608976 370943 323 1886
1608977 370943 323 503
1608978 370944 323 214
1608984 370947 323 359
1608985 370947 323 285
1608994 32537 323 331
1608995 32537 323 719
1608996 32537 323 29
1608997 32537 323 285
1608998 32537 323 507
1608999 32537 323 44
1609000 32537 323 774
1609030 370953 323 214
1609033 152404 323 70
1609034 152404 323 285
1609035 370955 323 996
1609036 370955 323 1591
1609037 370955 323 2690
1609038 370955 323 3157
1609039 370955 323 100692
1609040 370955 323 2840
1609041 370955 323 21335
1609042 370955 323 11250
1609043 370955 323 46528
1609044 370955 323 3463
1609045 370955 323 1731
1609046 370956 323 1552
1609047 370956 323 26665
1609048 370956 323 503
1609049 370956 323 2765
1609057 370959 323 331
1609058 370959 323 127
1609059 370959 323 285
1609060 370960 323 2592
1609061 370960 323 40
1609062 370960 323 873
1609063 370960 323 1690
1609064 370960 323 2150
1609070 370961 323 4433
1609071 370961 323 22511
1609072 370962 323 4433
1609073 370962 323 22511
1609097 370966 323 18708
1609098 370966 323 21053
1609099 370966 323 81122
1609100 370966 323 1616
1609154 370968 323 331
1609155 370968 323 127
1609156 370968 323 29
1609157 370968 323 813
1609158 370969 323 1690
1609159 370969 323 2463
1609160 370970 323 941
1609161 370970 323 4003
1609162 370970 323 1886
1609163 370970 323 2968
1609164 370970 323 3510
1609165 370970 323 1125
1609172 370972 323 29
1609173 370972 323 127
1609182 370974 323 3510
1609183 370974 323 2761
1609184 370974 323 1591
1609185 370974 323 503
1609186 370974 323 2690
1609189 370976 323 2424
1609190 370976 323 3509
1609191 370976 323 100683
1609192 370976 323 100684
1609193 370976 323 425
1609201 370978 323 16214
1609208 370981 323 1923
1609209 370981 323 3439
1609210 370981 323 2592
1609211 370981 323 2761
1609212 370981 323 53405
1609213 370981 323 2656
1609214 370981 323 17954
1609215 370981 323 3509
1609216 370981 323 1591
1609217 370981 323 2274
1609218 370981 323 44829
1609219 370981 323 46851
1609220 370981 323 21335
1609233 370983 323 941
1609234 370983 323 311
1609235 370983 323 5757
1609240 370984 323 29
1609275 338121 323 941
1609276 338121 323 2520
1609277 338121 323 311
1609281 370990 323 2424
1609282 370990 323 3509
1609283 370990 323 100683
1609284 370990 323 100684
1609285 370990 323 425
1609286 370991 323 41743
1609287 370992 323 2920
1609288 370992 323 719
1609289 338132 323 941
1609290 338132 323 138
1609291 338132 323 1183
1609292 338132 323 80
1609293 370993 323 3463
1609294 370993 323 311
1609295 370994 323 18708
1609296 370994 323 81122
1609320 281174 323 941
1609321 281174 323 125
1609322 281174 323 9427
1609323 281174 323 1560
1609324 281174 323 214
1609325 281174 323 35
1609326 370997 323 214
1609327 370997 323 29
1609328 370997 323 941
1609329 370997 323 1560
1609330 370998 323 941
1609331 370998 323 2631
1609332 370998 323 1886
1609333 370998 323 1124
1609334 370998 323 6
1609335 370999 323 359
1609339 371002 323 21053
1609340 371002 323 6025
1609341 371002 323 44865
1609342 371002 323 8986
1609343 371003 323 18708
1609344 371003 323 4528
1609345 371003 323 3509
1609346 371003 323 1829
1609347 371003 323 44829
1609348 371003 323 75311
1609349 371003 323 3510
1609350 371003 323 2968
1609351 371003 323 98769
1609352 371003 323 1802
1609353 371003 323 81122
1609354 371003 323 2690
1609355 371003 323 17954
1609356 371003 323 2840
1609357 371004 323 3509
1609358 371004 323 941
1609359 371004 323 361
1609360 371004 323 3510
1609361 371004 323 2968
1609362 371004 323 18708
1609363 371004 323 100685
1609364 371004 323 20576
1609365 371004 323 4075
1609368 371006 323 2920
1609369 371006 323 125
1609370 371006 323 43554
1609371 371006 323 81122
1609385 371009 323 1191
1609386 371009 323 4154
1609387 371009 323 10780
1609388 371009 323 2631
1609389 371009 323 361
1609390 371010 323 26056
1609391 7672 323 20083
1609392 7672 323 1123
1609396 371012 323 507
1609397 371012 323 20716
1609398 371013 323 18708
1609399 371013 323 523
1609400 371013 323 1565
1609401 371013 323 16214
1609402 104212 323 813
1609403 104212 323 127
1609404 104212 323 29
1609405 104212 323 311
1609406 104212 323 941
1609407 104212 323 331
1609408 104212 323 1123
1609409 104212 323 21
1609412 118282 323 2761
1609413 118282 323 53405
1609414 118282 323 20083
1609415 118282 323 1591
1609416 118282 323 100688
1609417 118282 323 257
1609418 118282 323 17080
1609419 118282 323 2690
1609420 118282 323 1552
1609433 157885 323 2725
1609434 157885 323 3463
1609435 157885 323 523
1609436 371016 323 81122
1609437 371016 323 3463
1609438 371016 323 523
1609439 371017 323 359
1609440 371017 323 311
1609443 371019 323 41189
1609444 371019 323 29
1609445 371019 323 5757
1609457 371024 323 2631
1609458 371024 323 1627
1609459 371025 323 18708
1609460 371025 323 84085
1609461 371025 323 11048
1609462 371025 323 1625
1609463 371025 323 81122
1609464 371025 323 40
1609465 371025 323 4737
1609466 371025 323 28414
1609467 371025 323 47238
1609468 371025 323 26665
1609469 371025 323 3811
1609477 371027 323 1191
1609478 371027 323 3509
1609479 371027 323 361
1609480 371028 323 1191
1609481 371028 323 4154
1609482 371028 323 10780
1609483 371028 323 2631
1609498 358765 323 3510
1609499 358765 323 1591
1609500 358765 323 503
1609501 358765 323 46528
1609502 358765 323 11250
1609507 28550 323 386
1609508 28550 323 125
1609509 28550 323 1701
1609510 28550 323 4528
1609511 28550 323 6
1609512 28550 323 15839
1609531 371035 323 386
1609532 371035 323 125
1609533 371035 323 1560
1609534 371035 323 21
1609535 371035 323 225
1609536 371035 323 3722
1609537 371035 323 72
1609538 371035 323 3811
1609539 371035 323 285
1609543 322082 323 21
1609544 322082 323 2592
1609554 371039 323 1886
1609555 371039 323 44865
1609556 371039 323 8986
1609568 338178 323 66517
1609569 338178 323 941
1609570 338178 323 4003
1609571 338178 323 1886
1609572 338178 323 6
1609573 338178 323 1616
1609574 338178 323 21335
1609595 371044 323 18708
1609596 371044 323 2631
1609597 371044 323 46631
1609598 371044 323 2186
1609599 371044 323 5757
1609600 371044 323 41189
1609601 371044 323 4528
1609610 371046 323 18708
1609611 371046 323 17186
1609612 371046 323 16710
1609613 371046 323 21053
1609614 371046 323 2920
1609615 371046 323 1886
1609616 371046 323 44865
1609617 371046 323 8986
1609618 371046 323 44829
1609619 371046 323 2968
1609623 338188 323 20716
1609624 338188 323 941
1609625 338188 323 1886
1609626 338188 323 1143
1609628 338192 323 40
1609629 338192 323 44829
1609630 2893 323 869
1609643 371052 323 941
1609644 371052 323 719
1609645 371052 323 17394
1609646 371053 323 386
1609647 371053 323 21
1609648 371053 323 138
1609649 371053 323 1745
1609650 371053 323 4154
1609651 371053 323 225
1609652 371053 323 1808
1609653 371053 323 72
1609654 371053 323 1123
1609655 78347 323 941
1609656 78347 323 331
1609657 78347 323 125
1609658 78347 323 70
1609659 78347 323 311
1609660 78347 323 301
1609661 78347 323 127
1609662 78347 323 523
1609663 78347 323 882
1609664 78347 323 285
1609665 78347 323 1731
1609679 111489 323 21
1609680 111489 323 365
1609681 111489 323 3835
1609682 111489 323 311
1609683 111489 323 1726
1609684 111489 323 44
1609685 111489 323 1123
1609746 371065 323 4001
1609747 371065 323 17954
1609748 371065 323 3509
1609749 371065 323 1591
1609750 371065 323 20099
1609751 371065 323 1124
1609752 371065 323 1616
1609753 371065 323 20083
1609754 371065 323 503
1609755 371065 323 21335
1609768 371068 323 3510
1609769 371068 323 225
1609770 371068 323 1731
1609771 371068 323 16214
1609772 371068 323 2968
1609773 371068 323 100688
1609774 371068 323 81122
1609775 371068 323 18708
1609776 371068 323 84085
1609777 371068 323 4502
1609778 371068 323 10419
1609779 371068 323 2920
1609780 371068 323 46631
1609781 371068 323 1625
1609782 371068 323 100695
1609783 371068 323 2840
1609784 371068 323 2761
1609785 371068 323 53405
1609786 371068 323 2656
1609787 371068 323 28414
1609788 371068 323 13175
1609789 371068 323 43554
1609790 371068 323 1745
1609791 371068 323 3147
1609792 371068 323 44865
1609793 371068 323 16158
1609794 371068 323 100698
1609795 371068 323 11
1609796 371068 323 1730
1609797 371068 323 2922
1609798 371068 323 21608
1609799 371068 323 2186
1609800 371068 323 20946
1609801 371068 323 1627
1609802 371068 323 11250
1609803 371068 323 3311
1609804 371068 323 4001
1609812 371071 323 941
1609813 371071 323 1886
1609814 371071 323 311
1609815 371071 323 361
1609816 371071 323 5757
1609817 371071 323 1284
1609847 371077 323 2072
1609848 371077 323 5733
1609849 371077 323 6
1609850 371077 323 125
1609851 358794 323 941
1609852 358794 323 1886
1609853 358794 323 361
1609854 371078 323 331
1609855 371078 323 1771
1609856 371078 323 1119
1609857 371078 323 1690
1609858 371078 323 507
1609863 113222 323 331
1609864 113222 323 127
1609865 113222 323 29
1609866 113222 323 285
1609873 282396 323 3130
1609874 282396 323 386
1609875 282396 323 2920
1609876 282396 323 1239
1609877 282396 323 2186
1609878 282396 323 1731
1609879 282396 323 81122
1609880 282396 323 26590
1609894 371087 323 1751
1609919 371092 323 2709
1609920 371092 323 1565
1609921 371092 323 18708
1609922 371092 323 3510
1609923 371092 323 3509
1609924 371092 323 2355
1609925 371092 323 16763
1609926 371092 323 100685
1609927 371092 323 17106
1609928 371092 323 84085
1609929 106147 323 4502
1609930 106147 323 1647
1609931 106147 323 301
1609932 106147 323 225
1609933 106147 323 72
1609934 106147 323 100697
1609935 106147 323 1119
1609936 106147 323 39
1609937 106147 323 44
1609960 371098 323 3463
1609961 371098 323 285
1609964 371100 323 79820
1609970 371102 323 4154
1609971 371102 323 10780
1609972 371102 323 2631
1609973 371102 323 4657
1609974 371102 323 1191
1609975 371103 323 1191
1609976 371103 323 4154
1609977 371103 323 10780
1609978 371103 323 2631
1609979 371103 323 4657
1609983 371105 323 2631
1609984 371105 323 72
1609985 371105 323 2729
1609986 371105 323 4154
1610037 203358 323 941
1610038 203358 323 138
1610039 203358 323 1731
1610040 203358 323 1939
1610045 338240 323 941
1610046 338240 323 1886
1610047 338240 323 361
1610048 153788 323 941
1610049 153788 323 125
1610050 153788 323 1647
1610051 153788 323 1322
1610052 153788 323 70
1610053 153788 323 523
1610054 153788 323 72
1610055 153788 323 503
1610056 153788 323 39
1610057 153788 323 1731
1610058 153788 323 44
1610059 153788 323 1119
1610060 153788 323 100686
1610069 364277 323 6000
1610070 364277 323 138
1610071 364277 323 6
1610072 364277 323 72
1610073 364277 323 11
1610074 364277 323 39
1610075 364277 323 285
1610078 371115 323 4154
1610079 371115 323 10780
1610080 371115 323 80997
1610085 145666 323 2631
1610086 371117 323 941
1610087 371117 323 1560
1610088 371117 323 20397
1610090 371118 323 44829
1610091 371118 323 16214
1610092 371118 323 44865
1610093 371118 323 20946
1610094 371118 323 100688
1610095 371118 323 2968
1610096 371118 323 18427
1610102 371119 323 3509
1610103 371119 323 1591
1610104 371119 323 46851
1610105 371119 323 53405
1610106 371120 323 2424
1610107 371120 323 3509
1610108 371120 323 100683
1610109 371120 323 100684
1610110 371120 323 425
1610113 371122 323 2072
1610114 371122 323 13822
1610115 371122 323 125
1610116 371122 323 1886
1610117 371122 323 2248
1610118 371122 323 44
1610119 371122 323 3510
1610120 371123 323 125
1610121 371124 323 1191
1610128 371126 323 941
1610129 371126 323 1284
1610130 371126 323 4003
1610131 371126 323 873
1610139 371128 323 941
1610140 371128 323 21
1610141 371128 323 3463
1610142 371128 323 3509
1610143 371128 323 20099
1610144 371128 323 1123
1610145 371129 323 19330
1610146 371129 323 1123
1610147 371130 323 6354
1610148 371130 323 774
1610149 371130 323 359
1610150 108148 323 100703
1610151 108148 323 40901
1610152 108148 323 100697
1610153 108148 323 941
1610154 108148 323 24128
1610155 108148 323 21572
1610156 371131 323 100686
1610157 371132 323 80
1610158 371132 323 2589
1610159 371132 323 503
1610166 371136 323 941
1610167 371136 323 311
1610168 371136 323 6
1610169 371136 323 1627
1610183 338281 323 941
1610184 338281 323 2187
1610185 338281 323 1886
1610186 338281 323 3509
1610187 338281 323 20099
1610188 338281 323 8986
1610189 338281 323 46506
1610190 338281 323 6
1610191 338281 323 2589
1610192 338281 323 20083
1610193 338281 323 503
1610194 338281 323 1126
1610195 338281 323 3311
1610196 338281 323 21335
1610197 371140 323 2072
1610198 371140 323 1923
1610199 371140 323 125
1610200 371140 323 1124
1610201 371140 323 523
1610202 371140 323 72
1610211 371143 323 18708
1610212 371143 323 84085
1610213 371143 323 41189
1610214 371143 323 2725
1610215 371143 323 81122
1610216 371143 323 3510
1610217 371143 323 44865
1610218 371143 323 16158
1610219 371143 323 86015
1610220 371143 323 16214
1610221 371143 323 44829
1610222 371143 323 2968
1610223 371143 323 100688
1610283 371148 323 214
1610288 371150 323 20716
1610289 371150 323 17472
1610290 371150 323 1701
1610291 371150 323 3275
1610308 371154 323 941
1610309 371154 323 3510
1610310 371154 323 361
1610311 371154 323 100683
1610312 371154 323 719
1610313 371155 323 361
1610314 371155 323 719
1610319 32784 323 1771
1610320 32784 323 301
1610321 32784 323 1119
1610322 32784 323 285
