1629328 3767 328 254
1629329 3767 328 225
1629330 3767 328 1115
1629333 374538 328 9736
1629337 132147 328 108
1629338 132147 328 188
1629339 132147 328 1738
1629340 128561 328 108
1629341 22557 328 1738
1629342 288700 328 2556
1629343 84800 328 639
1629345 189107 328 31442
1629346 374542 328 17389
1629347 374543 328 4177
1629348 374544 328 6155
1629349 374545 328 4162
1629350 374546 328 60740
1629352 25273 328 4421
1629353 72046 328 2012
1629354 374548 328 1123
1629358 374552 328 4082
1629359 374553 328 4082
1629360 374554 328 4082
1629361 65646 328 24798
1629362 65646 328 1738
1629363 65646 328 1897
1629366 374557 328 4174
1629367 374558 328 643
1629368 333165 328 4082
1629369 374559 328 4297
1629370 374559 328 26528
1629371 374559 328 638
1629374 374562 328 101598
1629376 374563 328 5808
1629377 374564 328 5808
1629380 374567 328 101599
1629381 374567 328 139
1629383 374569 328 27169
1629384 374569 328 100
1629385 265501 328 4174
1629386 374570 328 4174
1629387 374571 328 4174
1629388 374572 328 188
1629390 374574 328 805
1629395 23123 328 108
1629396 23123 328 188
1629397 23123 328 1738
1629398 374579 328 101601
1629399 374580 328 4181
1629400 374581 328 5354
1629401 374581 328 225
1629402 374581 328 254
1629408 374584 328 101602
1629415 374587 328 2428
1629416 374588 328 27243
1629417 374589 328 643
1629418 118443 328 5987
1629419 374590 328 1115
1629420 374591 328 4174
1629421 374592 328 4174
1629422 66400 328 4378
1629423 374593 328 4174
1629424 374594 328 71550
1629425 374595 328 71550
1629426 11326 328 1172
1629427 11326 328 11429
1629428 11326 328 635
1629429 11326 328 254
1629430 374596 328 100
1629431 374596 328 16029
1629432 374596 328 8691
1629433 374596 328 101603
1629438 374597 328 101605
1629439 59072 328 1897
1629440 374598 328 101606
1629441 374598 328 17997
1629442 374598 328 16029
1629445 374600 328 254
1629446 374600 328 1115
1629447 304512 328 1123
1629449 132637 328 1172
1629450 132637 328 8820
1629451 132637 328 1058
1629452 132637 328 1115
1629453 132638 328 254
1629454 132638 328 1115
1629455 132638 328 338
1629456 132638 328 225
1629457 132640 328 338
1629458 336252 328 254
1629459 336252 328 1115
1629460 336252 328 225
1629461 110692 328 138
1629462 110692 328 1058
1629463 110692 328 287
1629464 110692 328 254
1629465 110692 328 1115
1629466 374601 328 787
1629467 374602 328 787
1629468 374602 328 225
1629469 374602 328 545
1629470 174263 328 254
1629471 174263 328 639
1629472 174263 328 1359
1629473 174263 328 287
1629474 174263 328 1115
1629475 374603 328 254
1629476 374603 328 225
1629477 374603 328 545
1629478 132671 328 254
1629479 132671 328 1115
1629480 132671 328 225
1629482 41277 328 108
1629483 41277 328 3666
1629486 374605 328 4721
1629487 374606 328 38715
1629488 374606 328 101607
1629490 1918559 328 643
1629491 1918559 328 139
1629494 13057 328 307
1629496 374610 328 17997
1629499 374612 328 27169
1629500 374612 328 100
1629501 374613 328 4181
1629504 374616 328 95709
1629505 374617 328 101012
1629508 197300 328 4162
1629509 42681 328 4162
1629510 374618 328 4162
1629516 374621 328 101609
1629518 374623 328 2556
1629519 374624 328 11429
1629520 374624 328 254
1629521 374624 328 1172
1629522 374624 328 635
1629523 374625 328 101609
1629524 374626 328 4421
1629526 374627 328 101596
1629531 374629 328 643
1629532 374630 328 101599
1629533 374630 328 139
1629534 374631 328 338
1629538 374634 328 4174
1629539 374635 328 787
1629542 132941 328 1738
1629544 374638 328 101596
1629546 374640 328 101595
1629549 374641 328 4174
1629550 374642 328 27243
1629552 374644 328 4181
1629553 374644 328 8543
1629554 167065 328 16371
1629555 374645 328 4174
1629556 374645 328 17913
1629557 374646 328 254
1629558 374646 328 1115
1629559 374646 328 225
1629560 374647 328 338
1629561 27702 328 21
1629563 374649 328 101599
1629565 374651 328 27243
1629566 110834 328 27243
1629574 374657 328 101610
1629575 374657 328 643
1629576 180742 328 100
1629577 374658 328 3362
1629578 374658 328 101613
1629579 374659 328 3362
1629580 374659 328 101613
1629581 374660 328 101614
1629582 374661 328 4177
1629583 153996 328 101615
1629585 95926 328 4168
1629590 374663 328 643
1629591 374663 328 139
1629592 32077 328 101616
1629593 374664 328 4174
1629594 374665 328 4174
1629595 374666 328 100
1629596 374666 328 2556
1629598 374667 328 545
1629599 374667 328 11
1629601 287138 328 2556
1629608 32096 328 27243
1629612 374674 328 2115
1629613 374675 328 101604
1629614 94691 328 338
1629616 374676 328 5354
1629617 374677 328 5987
1629622 268489 328 100
1629623 374679 328 101610
1629624 374679 328 643
1629630 32117 328 1115
1629631 84651 328 101608
1629632 152679 328 1738
1629633 152679 328 108
1629634 152679 328 527
1629635 152679 328 369
1629636 152679 328 3666
1629637 63278 328 4421
1629638 1343803 328 4421
1629640 374682 328 4174
1629641 374683 328 139
1629642 374683 328 1058
1629643 374683 328 254
1629644 374683 328 1115
1629645 374684 328 101598
1629646 374685 328 101598
1629657 374692 328 307
1629658 374693 328 100
1629659 374693 328 29684
1629661 374695 328 4174
1629662 50378 328 1738
1629663 50378 328 188
1629664 50378 328 285
1629665 39576 328 188
1629669 374699 328 6780
1629672 137135 328 11
1629673 137135 328 11429
1629674 192899 328 254
1629675 192899 328 8820
1629676 192899 328 639
1629680 374701 328 4162
1629681 374702 328 101595
1629682 374703 328 101619
1629683 374703 328 101620
1629684 374704 328 254
1629685 374704 328 1115
1629686 374704 328 1172
1629688 374706 328 101604
1629690 374708 328 20604
1629691 131871 328 27243
1629693 374710 328 5808
1629694 32209 328 939
1629695 374711 328 5808
1629696 374712 328 254
1629697 374712 328 225
1629698 374712 328 338
1629704 374716 328 101599
1629705 374716 328 139
1629709 374718 328 17997
1629711 374720 328 1058
1629712 374721 328 27243
1629717 374723 328 101619
1629718 374724 328 101619
1629725 374725 328 17997
1629727 374727 328 100
1629728 374727 328 29684
1629729 374728 328 254
1629730 374728 328 1172
1629731 374728 328 1115
1629732 374728 328 11429
1629733 374729 328 2476
1629735 374731 328 16029
1629736 374732 328 338
1629741 45948 328 4329
1629742 374736 328 4082
1629743 374737 328 4082
1629744 374738 328 338
1629745 374739 328 101612
1629746 339201 328 4177
1629751 374743 328 101609
1629756 374746 328 4162
1629757 374747 328 908
1629758 374747 328 17997
1629759 374748 328 25910
1629760 374749 328 4023
1629763 374750 328 4181
1629764 374750 328 8543
1629768 374751 328 4378
1629769 374752 328 4297
1629770 374752 328 26528
1629771 374752 328 638
1629773 374754 328 17997
1629774 16735 328 254
1629775 374755 328 101597
1629776 374755 328 101622
1629778 250199 328 27243
1629779 374757 328 254
1629780 374757 328 1359
1629781 374757 328 11429
1629782 374758 328 100
1629783 195436 328 100
1629784 195436 328 8543
1629785 374759 328 2556
1629788 298757 328 287
1629790 374763 328 639
1629794 374766 328 13781
1629798 374768 328 4174
1629799 374769 328 8461
1629803 66736 328 101608
1629804 66736 328 100
1629805 374771 328 5987
1629806 148265 328 307
1629807 148265 328 24798
1629808 374772 328 4162
1629809 374772 328 4082
1629810 74745 328 5987
1629811 374773 328 1897
1629812 57343 328 101611
1629813 374774 328 2640
1629814 374775 328 4168
1629815 374776 328 4174
1629816 374777 328 338
1629818 302540 328 4297
1629819 302540 328 26528
1629820 302540 328 638
1629822 374780 328 4421
1629823 374781 328 338
1629824 374781 328 138
1629825 374782 328 338
1629831 366965 328 4177
1629832 374785 328 101605
1629833 374786 328 11
1629834 374786 328 1115
1629835 374786 328 11429
1629836 374787 328 101622
1629837 36784 328 11
1629838 36784 328 8461
1629839 634180 328 17997
1629840 374788 328 17997
1629841 374789 328 8461
1629844 374792 328 100
1629845 374792 328 16029
1629846 374792 328 8691
1629847 374792 328 101603
1629850 374794 328 100
1629851 374795 328 100
1629852 374795 328 16029
1629853 374795 328 8691
1629854 374795 328 101603
1629855 321639 328 100
1629858 374796 328 100
1629876 374801 328 100
1629881 374802 328 100
1629882 374802 328 2556
1629883 374803 328 31442
1629884 374804 328 25118
1629885 374804 328 16029
1629886 122763 328 17997
1629887 16942 328 108
1629888 16942 328 188
1629889 16942 328 1738
1629890 374805 328 17997
1629901 374811 328 1878
1629902 195358 328 101605
1629904 374813 328 31442
1629905 374814 328 1122
1629909 374817 328 101620
1629910 61192 328 4177
1629912 86107 328 287
1629913 86107 328 1738
1629916 374821 328 4174
1629917 374822 328 4174
1629918 374823 328 100
1629919 374823 328 101624
1629921 374825 328 100
1629922 374825 328 16029
1629923 374825 328 8691
1629924 374825 328 101603
1629925 374826 328 338
1629926 374827 328 108
1629927 374827 328 1738
1629929 374829 328 100
1629930 374829 328 16029
1629931 374829 328 8691
1629933 374831 328 6155
1629950 374840 328 4051
1629952 374842 328 101625
1629953 374842 328 72
1629954 48068 328 100
1629955 48068 328 101608
1629957 374844 328 643
1629958 374844 328 139
1629962 374848 328 254
1629963 374848 328 1115
1629964 374849 328 100
1629965 374850 328 4181
1629966 374851 328 643
1629967 374852 328 4174
1629968 374853 328 80
1629969 374854 328 101619
1629970 374854 328 101620
1629976 374856 328 805
1629977 374857 328 8461
1629978 374857 328 11
1629982 374858 328 1172
1629983 374858 328 254
1629984 374858 328 1115
1629986 374859 328 254
1629987 32590 328 939
1629991 374862 328 29684
1629992 193491 328 16029
1629993 374863 328 11
1630000 10884 328 4721
1630001 17493 328 1738
1630002 17493 328 254
1630003 374868 328 643
1630004 374869 328 16029
1630005 374870 328 4271
1630006 374871 328 4421
1630007 374872 328 101616
1630008 374873 328 139
1630009 374873 328 1738
1630010 374873 328 100
1630011 374873 328 8543
1630012 48210 328 1738
1630013 48210 328 100
1630014 48210 328 545
1630015 48210 328 11
1630020 374877 328 4082
1630023 374878 328 17997
1630024 374879 328 787
1630027 374881 328 21
1630028 364964 328 6780
1630030 374882 328 2476
1630031 192731 328 286
1630032 374883 328 5354
1630033 374884 328 27243
1630034 374885 328 259
1630035 374885 328 1738
1630036 374885 328 285
1630037 65063 328 287
1630038 65063 328 1738
1630041 374888 328 338
1630044 374891 328 20604
1630046 374893 328 100
1630047 374893 328 29684
1630050 32706 328 11
1630051 32706 328 101622
1630052 354963 328 6780
1630053 374894 328 734
1630054 374894 328 369
1630056 374896 328 17997
1630057 374898 328 101595
1630059 374900 328 4181
1630061 241917 328 1738
1630062 241917 328 108
1630063 241917 328 474
1630064 59808 328 1738
1630065 59808 328 108
1630066 59808 328 474
1630068 374903 328 101617
1630069 374904 328 5354
1630072 32765 328 4177
1630074 374907 328 2476
