1630076 374909 329 16615
1630077 374909 329 503
1630078 374909 329 39
1630079 106322 329 254
1630080 360195 329 1704
1630081 360195 329 16615
1630082 360195 329 39
1630083 374910 329 44
1630086 374911 329 15249
1630087 374911 329 2709
1630088 374911 329 4154
1630089 374911 329 1565
1630090 374912 329 28
1630091 374912 329 359
1630092 374912 329 11
1630093 374912 329 474
1630094 374913 329 4923
1630095 374913 329 162
1630096 65584 329 1775
1630097 65584 329 11
1630098 65584 329 44
1630099 374914 329 4923
1630100 374914 329 301
1630101 374914 329 24785
1630102 4049 329 748
1630103 4049 329 1679
1630104 4049 329 11
1630105 374915 329 8527
1630106 374915 329 5028
1630107 374915 329 18422
1630113 374917 329 4595
1630114 374917 329 4127
1630115 374917 329 42167
1630116 374917 329 748
1630117 374917 329 11
1630118 374918 329 27165
1630119 374918 329 748
1630120 374918 329 104
1630121 374918 329 734
1630122 374918 329 254
1630123 374919 329 1728
1630124 374919 329 374
1630125 374919 329 15199
1630133 374922 329 162
1630138 374924 329 748
1630139 374924 329 104
1630140 374924 329 269
1630141 374924 329 264
1630142 84437 329 748
1630143 84437 329 139
1630147 374926 329 11
1630148 374926 329 474
1630149 374926 329 873
1630150 374926 329 499
1630151 374927 329 11
1630152 374927 329 2498
1630153 374927 329 9625
1630154 374928 329 104
1630155 374928 329 748
1630156 374928 329 1021
1630157 374928 329 8717
1630180 355679 329 748
1630181 374934 329 1704
1630182 374934 329 1862
1630183 8036 329 108
1630184 8036 329 5903
1630185 8036 329 285
1630186 374935 329 4923
1630187 374935 329 4154
1630188 374935 329 72
1630189 374936 329 27165
1630191 374937 329 748
1630192 374938 329 100
1630193 374938 329 264
1630194 374938 329 11
1630195 374939 329 4923
1630196 374939 329 5028
1630197 374940 329 8527
1630198 374940 329 1303
1630199 374940 329 18422
1630200 374940 329 5028
1630201 374941 329 2498
1630202 374941 329 8717
1630203 374941 329 474
1630204 374941 329 11
1630205 374941 329 264
1630206 31872 329 748
1630207 322918 329 1335
1630208 322918 329 11
1630209 322918 329 44
1630210 322918 329 75
1630216 374943 329 499
1630217 374943 329 5909
1630218 374943 329 503
1630219 374943 329 873
1630220 95624 329 748
1630221 95624 329 104
1630222 95624 329 285
1630223 374944 329 748
1630224 374944 329 104
1630225 374944 329 28
1630226 374944 329 6712
1630227 374945 329 28
1630228 374945 329 11
1630233 59042 329 28
1630234 59042 329 285
1630235 59042 329 11
1630236 59042 329 101626
1630239 374948 329 8717
1630240 374948 329 1335
1630241 374948 329 362
1630242 374948 329 139
1630243 374949 329 748
1630244 374949 329 104
1630245 374949 329 374
1630246 374950 329 301
1630253 374952 329 1775
1630254 374952 329 44
1630262 374955 329 474
1630263 374955 329 8461
1630264 374955 329 16311
1630265 374955 329 47055
1630266 374955 329 2486
1630267 374955 329 877
1630268 374956 329 139
1630269 374956 329 503
1630270 374956 329 291
1630271 374956 329 474
1630272 374956 329 11
1630275 304496 329 254
1630276 304496 329 5516
1630277 304496 329 3451
1630278 374958 329 1703
1630279 374958 329 104
1630280 374958 329 139
1630281 250454 329 1947
1630282 250454 329 39
1630283 374959 329 2486
1630284 374959 329 39
1630287 41287 329 108
1630292 374961 329 1237
1630293 374961 329 4154
1630294 374961 329 29
1630332 374968 329 748
1630333 374968 329 846
1630334 374968 329 877
1630335 374968 329 72
1630336 374969 329 748
1630338 66839 329 162
1630343 202921 329 507
1630344 202921 329 4066
1630345 334123 329 104
1630346 334123 329 748
1630353 374973 329 139
1630354 374973 329 748
1630356 374974 329 359
1630357 374974 329 11
1630358 13402 329 748
1630365 374977 329 474
1630366 374977 329 374
1630367 374977 329 104
1630368 280839 329 1703
1630369 280839 329 846
1630370 280839 329 39
1630373 374979 329 748
1630374 374980 329 503
1630375 374980 329 17394
1630376 374980 329 908
1630377 374980 329 285
1630378 374980 329 499
1630382 374982 329 4154
1630383 374982 329 1215
1630384 374982 329 15455
1630385 250573 329 11
1630386 250573 329 44
1630387 374983 329 846
1630388 374983 329 39
1630393 374985 329 104
1630394 374985 329 11
1630395 374985 329 474
1630396 374985 329 1739
1630397 374985 329 8461
1630402 374987 329 474
1630403 374987 329 2498
1630404 374987 329 795
1630405 374987 329 873
1630406 13695 329 1703
1630407 13695 329 139
1630408 13695 329 44
1630409 374988 329 1703
1630410 374988 329 359
1630411 374988 329 11
1630412 374988 329 474
1630416 374990 329 748
1630417 374990 329 104
1630421 374992 329 4154
1630422 374992 329 4027
1630423 374992 329 24785
1630424 374992 329 285
1630431 374993 329 28
1630432 374993 329 474
1630433 374993 329 5217
1630450 374998 329 11
1630451 374998 329 474
1630452 374998 329 8461
1630453 374999 329 104
1630454 374999 329 269
1630455 374999 329 748
1630456 374999 329 1154
1630457 280882 329 1703
1630458 375000 329 474
1630459 375000 329 101626
1630460 375000 329 8461
1630461 375000 329 17394
1630462 375000 329 11
1630463 375001 329 29
1630464 375001 329 139
1630465 23724 329 44
1630466 23724 329 285
1630467 1918562 329 28
1630468 1918562 329 8292
1630469 1918562 329 3506
1630470 1918562 329 35822
1630471 375002 329 28
1630472 375002 329 8292
1630473 375002 329 474
1630474 115731 329 635
1630475 115731 329 139
1630476 375003 329 474
1630477 375003 329 101626
1630478 375003 329 11
1630479 375004 329 846
1630480 375004 329 104
1630481 375004 329 915
1630482 375004 329 1057
1630483 375004 329 6908
1630487 67467 329 1732
1630488 67467 329 996
1630489 67467 329 635
1630490 67467 329 1862
1630491 375006 329 254
1630492 375007 329 321
1630493 375007 329 276
1630494 375007 329 1739
1630495 39484 329 895
1630496 39484 329 44942
1630502 6254 329 1947
1630503 6254 329 2709
1630504 375010 329 8717
1630505 375010 329 499
1630506 375010 329 503
1630507 375010 329 873
1630508 375011 329 139
1630509 375011 329 873
1630510 375011 329 8717
1630511 375011 329 101627
1630512 375012 329 28
1630513 375012 329 11
1630514 375012 329 474
1630515 375012 329 8292
1630516 375013 329 28
1630517 375013 329 795
1630518 375013 329 474
1630519 375013 329 27812
1630524 131110 329 28
1630525 131110 329 11
1630526 131110 329 44
1630527 375014 329 941
1630528 375014 329 1128
1630529 375014 329 39
1630530 254336 329 11
1630531 254336 329 29705
1630532 254336 329 42167
1630533 18239 329 1123
1630536 375015 329 748
1630537 375015 329 374
1630541 375017 329 2486
1630542 375017 329 503
1630543 14564 329 635
1630551 6573 329 139
1630552 6573 329 3437
1630553 6573 329 285
1630554 6573 329 6
1630555 6573 329 104
1630565 75654 329 748
1630566 548829 329 100
1630567 548829 329 359
1630568 548829 329 11
1630569 548829 329 4356
1630573 375023 329 6690
1630574 375023 329 104
1630575 375023 329 264
1630576 375024 329 748
1630577 375024 329 104
1630578 375024 329 264
1630579 375024 329 29705
1630580 375024 329 2362
1630588 127304 329 29
1630589 131581 329 28
1630590 131581 329 11
1630591 131581 329 474
1630592 131581 329 5217
1630595 1692 329 28
1630596 1692 329 11
1630597 375028 329 28
1630598 375028 329 11
1630599 375029 329 11
1630603 375030 329 104
1630604 375030 329 264
1630605 375030 329 748
1630606 375031 329 28
1630607 375031 329 11
1630614 6881 329 3558
1630617 375033 329 2642
1630618 375033 329 28
1630619 375033 329 873
1630620 375034 329 28
1630621 375034 329 11
1630622 375034 329 474
1630623 375034 329 359
1630624 375035 329 104
1630625 375035 329 11
1630626 375035 329 285
1630627 375035 329 5909
1630628 10961 329 11
1630638 152746 329 28
1630639 152746 329 748
1630650 375040 329 748
1630652 273689 329 941
1630653 273689 329 254
1630654 273689 329 264
1630655 375041 329 104
1630656 375041 329 748
1630657 375041 329 846
1630658 375042 329 374
1630659 375042 329 139
1630660 375042 329 285
1630663 375044 329 1775
1630664 375045 329 28
1630665 375045 329 474
1630666 375045 329 503
1630667 375045 329 139
1630678 375049 329 474
1630679 375049 329 11
1630680 375049 329 8461
1630681 375050 329 101626
1630682 375050 329 11
1630683 375050 329 474
1630684 375050 329 8461
1630696 331194 329 104
1630697 331194 329 2486
1630698 375055 329 104
1630699 375055 329 748
1630700 375056 329 748
1630710 375060 329 104
1630711 375060 329 6690
1630712 144387 329 29
1630717 375062 329 869
1630718 375063 329 28
1630719 375063 329 11
1630725 375064 329 8717
1630726 375064 329 1679
1630727 375064 329 11
1630728 375065 329 5028
1630732 375066 329 28
1630733 375066 329 474
1630734 375066 329 16311
1630735 375066 329 873
1630736 375066 329 499
1630737 302268 329 359
1630738 302268 329 188
1630740 375068 329 474
1630741 375068 329 8461
1630742 375068 329 873
1630743 375069 329 474
1630744 375069 329 2498
1630745 375069 329 873
1630747 191779 329 11
1630748 191779 329 44
1630758 375070 329 1430
1630759 375070 329 104
1630760 375070 329 6690
1630761 375071 329 5028
1630762 375071 329 846
1630763 375072 329 139
1630764 375072 329 44
1630768 191986 329 28
1630769 191986 329 8292
1630770 191986 329 474
1630771 191986 329 11
1630772 191986 329 599
1630775 294915 329 162
1630776 294915 329 2486
1630781 375075 329 1739
1630782 375075 329 264
1630783 375075 329 104
1630784 375075 329 139
1630789 375077 329 748
1630790 375077 329 264
1630791 375078 329 2486
1630792 375078 329 1565
1630793 375079 329 5028
1630794 375079 329 4154
1630795 375080 329 162
1630796 375080 329 72
1630797 375081 329 28
1630798 375081 329 11
1630799 375081 329 44
1630800 375081 329 474
1630806 254931 329 2486
1630807 254931 329 503
1630808 254931 329 39
1630811 369733 329 895
1630812 369733 329 44942
1630813 9018 329 44
1630814 375084 329 29
1630815 375084 329 11414
1630816 74601 329 162
1630817 74601 329 72
1630818 16376 329 748
1630819 375085 329 254
1630820 375085 329 4154
1630821 375085 329 4923
1630822 375085 329 139
1630827 375088 329 503
1630828 375088 329 499
1630829 375088 329 8717
1630830 192293 329 3893
1630831 192293 329 11
1630832 192293 329 39
1630845 375092 329 104
1630846 375092 329 748
1630847 375092 329 139
1630848 375093 329 1335
1630849 375093 329 11
1630850 375093 329 44
1630851 375093 329 75
1630852 375094 329 8717
1630853 375094 329 27165
1630854 375094 329 285
1630855 375095 329 374
1630856 375095 329 104
1630857 375095 329 748
1630862 9858 329 1704
1630863 375098 329 1335
1630864 375098 329 474
1630865 375098 329 2990
1630866 375098 329 44
1630871 346402 329 1775
1630872 346402 329 44
1630876 375100 329 4154
1630877 375100 329 1237
1630878 375100 329 5028
1630879 375100 329 29
1630899 1734 329 16311
1630900 1734 329 28
1630901 1734 329 474
1630902 1734 329 139
1630903 1734 329 2486
1630904 1734 329 503
1630909 375106 329 941
1630910 375106 329 1335
1630911 375106 329 11
1630915 106810 329 2376
1630916 106810 329 748
1630917 106810 329 44
1630932 12913 329 11
1630933 12913 329 503
1630934 12913 329 474
1630937 375111 329 104
1630938 375111 329 748
1630939 375111 329 6690
1630941 375112 329 11
1630942 375112 329 285
1630943 375112 329 1807
1630944 375112 329 8717
1630948 375113 329 5028
1630949 375113 329 139
1630950 375113 329 474
1630951 375113 329 15048
1630952 375114 329 72
1630953 357512 329 11
1630954 357512 329 44
1630955 357512 329 285
1630959 375116 329 27165
1630960 375117 329 748
1630961 375117 329 139
1630963 375118 329 4066
1630964 375118 329 2486
1630965 375118 329 1821
1630966 375119 329 474
1630967 375119 329 2498
1630968 375119 329 101628
1630969 375119 329 11
1630973 375121 329 5909
1630974 375121 329 11
1630975 375121 329 734
1630988 351557 329 1703
1630989 351557 329 221
1630990 351557 329 4069
1630991 351557 329 285
1630993 72060 329 869
1630997 267081 329 1704
1630998 267081 329 301
1630999 375127 329 28
1631000 375127 329 11
1631001 375127 329 474
1631004 375128 329 254
1631005 375128 329 5028
1631006 9019 329 276
1631007 9019 329 39
1631008 9019 329 1704
1631009 9019 329 2709
1631010 9019 329 254
1631011 53871 329 188
1631012 53871 329 11
1631013 375129 329 1303
1631014 375129 329 5028
1631016 375130 329 139
1631017 375130 329 8717
1631018 375130 329 27165
1631031 375134 329 11
1631032 375134 329 474
1631036 375136 329 16615
1631037 375136 329 503
1631041 193389 329 2486
1631042 193389 329 503
1631060 146979 329 748
1631061 146979 329 139
1631062 146979 329 285
1631063 375142 329 104
1631064 375142 329 748
1631065 375142 329 285
1631066 375142 329 5909
1631067 375142 329 29705
1631068 38730 329 599
1631069 38730 329 1113
1631070 38730 329 941
1631071 38730 329 8292
1631072 375143 329 11
1631073 375143 329 28
1631074 375143 329 2428
1631075 375143 329 4051
1631076 375144 329 139
1631077 375144 329 748
1631078 32575 329 1704
1631079 32575 329 11
1631083 193431 329 5028
1631084 193431 329 1611
1631085 193431 329 6922
1631086 193431 329 748
1631090 375146 329 1703
1631091 375146 329 1335
1631092 375146 329 11
1631093 375147 329 359
1631094 375148 329 1128
1631095 375148 329 11
1631096 36872 329 11
1631097 36872 329 42167
1631098 36872 329 29705
1631102 375150 329 2498
1631103 375150 329 5909
1631104 375150 329 11
1631112 160255 329 11
1631113 160255 329 39
1631119 375155 329 1775
1631120 375155 329 1128
1631121 375155 329 3893
1631125 375156 329 2486
1631126 375156 329 4154
1631127 375156 329 4923
1631128 375156 329 1565
1631129 346835 329 1529
1631130 346835 329 11
1631131 346835 329 44
1631133 375157 329 1191
1631134 375157 329 4174
1631135 375157 329 20380
1631138 375159 329 104
1631139 375159 329 748
1631140 375159 329 264
1631141 375160 329 503
1631142 375160 329 873
1631143 296162 329 2486
1631144 296162 329 1565
1631145 375161 329 39
1631146 375161 329 6323
1631147 375161 329 5028
1631148 375161 329 503
1631149 375162 329 359
1631150 375162 329 139
1631158 193540 329 2498
1631159 193540 329 474
1631160 193540 329 8717
1631161 193516 329 11
1631162 193516 329 44
1631163 375166 329 162
1631164 375166 329 4154
1631165 375166 329 4027
1631166 375166 329 72
1631167 375167 329 2486
1631175 375170 329 1611
1631176 375170 329 5028
1631179 375171 329 15455
1631180 375171 329 4027
1631181 375172 329 4154
1631182 375172 329 869
1631183 375172 329 4923
1631184 375173 329 2498
1631185 375173 329 101626
1631186 375173 329 474
1631187 375173 329 32436
1631188 375173 329 168
1631195 346888 329 28
1631196 346888 329 11
1631197 375176 329 28
1631198 375176 329 474
1631208 192731 329 104
1631209 192731 329 139
1631210 192731 329 17394
1631211 192731 329 503
1631212 182153 329 4051
1631213 182153 329 28
1631214 182153 329 2486
1631215 182153 329 474
1631216 182153 329 11
1631217 182153 329 503
1631222 375179 329 11
1631223 375179 329 44
1631226 143590 329 104
1631227 143590 329 11
1631233 375183 329 503
1631234 375183 329 873
1631235 32706 329 11
1631236 32706 329 873
1631237 32706 329 4791
1631238 32708 329 254
1631239 32708 329 1704
1631240 32708 329 39
1631247 25142 329 734
1631248 25142 329 104
1631249 25142 329 8292
1631250 25142 329 285
1631251 375186 329 276
1631252 375186 329 254
1631257 375188 329 2486
1631260 36114 329 1775
1631261 36114 329 139
1631262 375190 329 30469
1631263 375190 329 29
1631266 45760 329 1335
1631267 45760 329 11
1631268 375191 329 104
1631269 375191 329 748
1631270 375191 329 16311
1631277 11209 329 5347
1631278 11209 329 168
1631295 375198 329 162
1631296 375199 329 254
1631297 375199 329 1191
1631302 375202 329 101626
1631303 375202 329 474
1631304 375202 329 11
1631305 375202 329 28
1631306 375202 329 8292
