1631323 375208 330 2056
1631324 375208 330 3906
1631329 264547 330 12156
1631330 264547 330 287
1631331 264547 330 274
1631332 264547 330 730
1631341 27528 330 44
1631342 27528 330 72
1631343 27528 330 1019
1631345 148684 330 1136
1631346 148684 330 374
1631347 148684 330 638
1631349 375211 330 29571
1631358 375212 330 3
1631359 375212 330 557
1631360 375212 330 44
1631361 375212 330 52391
1631362 15093 330 44
1631363 15093 330 138
1631364 15093 330 356
1631365 15093 330 825
1631366 15093 330 287
1631368 108378 330 557
1631369 108378 330 64948
1631370 264581 330 100
1631371 264581 330 11
1631372 264581 330 90
1631379 375215 330 3760
1631380 264584 330 712
1631381 264584 330 78630
1631382 132168 330 44
1631383 132168 330 1058
1631384 132168 330 138
1631385 132168 330 2587
1631386 132168 330 8820
1631387 132168 330 72
1631395 84800 330 1560
1631396 84800 330 637
1631397 84800 330 78631
1631398 84800 330 1299
1631399 375216 330 1828
1631400 375216 330 40
1631401 375216 330 78630
1631407 306588 330 4
1631408 306588 330 4406
1631414 375218 330 10162
1631415 375218 330 1058
1631416 375218 330 285
1631417 375218 330 730
1631418 264613 330 4192
1631419 264613 330 139
1631420 264613 330 618
1631421 241701 330 101630
1631422 241701 330 859
1631423 241701 330 1779
1631424 241701 330 730
1631429 95441 330 276
1631430 95441 330 545
1631445 251652 330 8818
1631446 251652 330 369
1631447 251652 330 730
1631451 375222 330 39
1631452 375223 330 557
1631453 375224 330 53888
1631457 375226 330 557
1631458 375226 330 29
1631459 375227 330 21
1631460 114887 330 992
1631461 114887 330 5827
1631462 114887 330 5217
1631463 114887 330 39511
1631464 114887 330 285
1631465 114887 330 730
1631474 375229 330 2056
1631475 375229 330 1628
1631478 16259 330 4502
1631479 16259 330 138
1631480 16259 330 4276
1631482 270702 330 78794
1631483 270703 330 3760
1631484 270703 330 557
1631485 8724 330 8818
1631486 8724 330 730
1631497 375233 330 1303
1631498 375233 330 4869
1631499 375233 330 138
1631500 375233 330 1745
1631514 375236 330 992
1631527 375238 330 331
1631528 375238 330 29
1631529 375238 330 992
1631530 375238 330 139
1631531 375238 330 730
1631532 149416 330 100
1631533 149416 330 44
1631534 149416 330 33044
1631535 149416 330 885
1631536 149416 330 1058
1631538 63117 330 29
1631539 63117 330 139
1631540 63117 330 730
1631541 375240 330 583
1631542 9171 330 78794
1631546 375241 330 3760
1631549 375242 330 730
1631550 250299 330 1764
1631551 250299 330 39
1631552 23028 330 108
1631553 23028 330 189
1631554 23028 330 188
1631555 23028 330 1058
1631557 9644 330 78641
1631558 9644 330 825
1631559 9644 330 274
1631560 9644 330 138
1631561 9644 330 328
1631562 9644 330 859
1631563 9644 330 8048
1631564 9644 330 992
1631586 375249 330 992
1631587 375249 330 34977
1631588 375249 330 388
1631589 375250 330 29571
1631590 375251 330 992
1631591 375251 330 3906
1631592 350507 330 992
1631593 350507 330 894
1631594 350507 330 730
1631595 350507 330 139
1631596 350507 330 292
1631597 350507 330 639
1631601 375253 330 78794
1631602 375254 330 2334
1631603 264763 330 78667
1631604 375255 330 29
1631605 375256 330 29571
1631606 375256 330 1889
1631607 347134 330 29571
1631608 375257 330 367
1631609 375257 330 3906
1631610 375258 330 78794
1631611 196488 330 58716
1631612 196488 330 20442
1631613 196488 330 101630
1631614 196488 330 730
1631625 126920 330 100
1631626 126920 330 527
1631627 126920 330 44
1631628 126920 330 78648
1631630 196558 330 992
1631631 196558 330 139
1631632 196558 330 274
1631633 196558 330 78652
1631634 196558 330 328
1631635 196558 330 825
1631636 196558 330 58353
1631637 196558 330 101632
1631638 196558 330 730
1631647 264779 330 1150
1631648 264779 330 80
1631649 264779 330 712
1631650 264779 330 1057
1631651 264779 330 915
1631652 264779 330 390
1631654 375262 330 3216
1631655 375262 330 21
1631668 150018 330 1118
1631669 150018 330 139
1631670 150018 330 285
1631671 150018 330 189
1631672 150018 330 108
1631673 150018 330 188
1631674 150018 330 44
1631689 375266 330 6355
1631690 375266 330 2056
1631691 375266 330 503
1631708 375268 330 78794
1631709 375269 330 22207
1631710 375269 330 3200
1631711 30250 330 108
1631712 30250 330 1058
1631713 30250 330 44
1631714 30250 330 188
1631718 199844 330 2579
1631719 199844 330 4682
1631725 324601 330 557
1631726 324601 330 29
1631740 375275 330 1722
1631741 375275 330 40472
1631742 375275 330 67920
1631744 61104 330 21
1631745 61104 330 1116
1631746 61104 330 44
1631747 61104 330 1056
1631757 12396 330 1678
1631758 12396 330 138
1631759 12396 330 274
1631760 12396 330 825
1631761 12396 330 4028
1631762 12396 330 4422
1631763 12396 330 507
1631764 375277 330 29571
1631765 375277 330 39
1631769 143386 330 15065
1631770 143386 330 264
1631771 143386 330 139
1631772 143386 330 285
1631773 375279 330 992
1631774 375279 330 1722
1631782 375281 330 2631
1631783 375281 330 29571
1631793 375284 330 21
1631794 375284 330 557
1631795 375284 330 39
1631805 264888 330 100
1631806 264888 330 638
1631807 375287 330 4192
1631808 375287 330 139
1631809 375287 330 2680
1631810 375287 330 384
1631811 36459 330 1058
1631812 36459 330 638
1631813 36459 330 369
1631814 36459 330 100
1631815 36459 330 78630
1631816 264892 330 287
1631817 264892 330 78667
1631821 264894 330 100
1631822 264894 330 31646
1631823 264894 330 527
1631825 23222 330 3906
1631826 23222 330 4276
1631827 23222 330 4502
1631828 23222 330 138
1631829 23222 330 545
1631830 375289 330 813
1631831 375289 330 225
1631832 375289 330 523
1631833 375289 330 3906
1631834 202256 330 29
1631835 202256 330 4528
1631848 196911 330 10162
1631849 196911 330 638
1631850 196911 330 72
1631851 196911 330 1496
1631852 196911 330 1058
1631853 196911 330 11
1631854 196911 330 992
1631855 196911 330 730
1631856 177250 330 992
1631857 177250 330 894
1631858 177250 330 730
1631859 177250 330 10162
1631860 177250 330 20411
1631861 177250 330 11
1631862 177250 330 1058
1631864 79627 330 10162
1631865 79627 330 992
1631866 79627 330 730
1631883 280796 330 1231
1631884 280796 330 367
1631885 375295 330 1231
1631886 375295 330 882
1631892 264939 330 78667
1631894 23264 330 1116
1631895 23264 330 259
1631896 23264 330 138
1631897 23264 330 285
1631898 375296 330 992
1631899 375296 330 859
1631900 375296 330 1884
1631901 375296 330 545
1631902 264943 330 21
1631903 264943 330 1643
1631912 84675 330 1804
1631913 84675 330 4292
1631914 84675 330 4212
1631915 84675 330 326
1631916 264949 330 668
1631917 264949 330 44
1631918 264949 330 287
1631919 264949 330 388
1631920 264949 330 221
1631921 264949 330 825
1631922 264949 330 274
1631923 264949 330 101632
1631924 375297 330 104
1631925 375297 330 285
1631926 375297 330 4067
1631927 375297 330 545
1631928 375297 330 8639
1631929 264951 330 287
1631930 264951 330 825
1631931 264951 330 138
1631932 264951 330 356
1631933 264951 330 72
1631934 264951 330 78671
1631935 375298 330 2579
1631936 375298 330 1191
1631937 375298 330 882
1631946 375301 330 3760
1631962 192601 330 108
1631963 192601 330 44
1631964 192601 330 138
1631968 307181 330 108
1631969 307181 330 44
1631970 307181 330 78667
1631975 103790 330 29571
1631976 103790 330 2056
1631978 264985 330 978
1631979 264985 330 4444
1631980 264985 330 4501
1631981 264985 330 825
1631983 264990 330 359
1631986 375310 330 54868
1631987 375310 330 4502
1631988 375310 330 3147
1631989 375310 330 22429
1631990 375311 330 1335
1631991 375311 330 992
1631992 375311 330 894
1631993 375311 330 730
1631994 375311 330 4255
1631995 375312 330 44
1631996 375312 330 4406
1631997 375313 330 5687
1631998 375313 330 101637
1631999 375313 330 730
1632005 146734 330 1136
1632006 146734 330 7287
1632007 146734 330 3490
1632008 146734 330 104
1632009 146734 330 72
1632010 375315 330 29571
1632011 375315 330 2056
1632012 375316 330 2056
1632013 265016 330 386
1632014 265016 330 138
1632015 265016 330 825
1632016 265016 330 1173
1632017 375317 330 29
1632018 375318 330 557
1632019 375318 330 1052
1632020 151189 330 1565
1632021 151189 330 557
1632028 15655 330 712
1632029 15655 330 16
1632033 20181 330 16
1632034 20181 330 3558
1632035 20181 330 155
1632045 375320 330 138
1632046 375320 330 1745
1632047 375320 330 44
1632048 375320 330 108
1632049 265032 330 4450
1632050 265032 330 287
1632051 265032 330 44
1632067 375321 330 53888
1632072 10715 330 29
1632073 10715 330 39
1632074 265042 330 3200
1632075 265042 330 638
1632076 265042 330 1058
1632077 375322 330 895
1632078 375322 330 8818
1632079 375322 330 637
1632080 375322 330 1299
1632081 375322 330 639
1632082 375322 330 98
1632083 375322 330 139
1632092 12992 330 359
1632093 12992 330 557
1632094 12992 330 139
1632095 12992 330 78777
1632096 12992 330 730
1632110 265062 330 100
1632111 265062 330 44
1632112 265062 330 75
1632113 375325 330 1918
1632115 265074 330 712
1632116 265074 330 78630
1632122 375328 330 2520
1632123 375328 330 3200
1632124 13306 330 1779
1632125 13306 330 730
1632126 197352 330 992
1632127 197352 330 4
1632128 197352 330 44
1632129 254140 330 108
1632130 254140 330 1779
1632131 254140 330 4056
1632132 254140 330 188
1632133 254140 330 638
1632134 375329 330 108
1632135 375329 330 44
1632136 375329 330 1779
1632137 375329 330 188
1632138 375329 330 4056
1632158 20409 330 276
1632159 20409 330 936
1632169 368787 330 668
1632170 368787 330 188
1632171 368787 330 44
1632172 368787 330 388
1632191 340860 330 5603
1632192 340860 330 557
1632193 375343 330 44
1632195 375344 330 19319
1632196 375344 330 33133
1632197 375344 330 78777
1632198 59176 330 188
1632199 59176 330 369
1632200 59176 330 1058
1632208 23496 330 44
1632209 23496 330 285
1632210 23496 330 2472
1632217 205924 330 992
1632218 205924 330 342
1632219 205924 330 10275
1632227 375350 330 992
1632231 18412 330 108
1632232 18412 330 44
1632233 18412 330 138
1632234 1306 330 44
1632235 1306 330 138
1632236 1306 330 4254
1632237 1306 330 29576
1632238 1306 330 2964
1632239 265144 330 50196
1632240 265144 330 72425
1632241 375352 330 2964
1632242 375352 330 12427
1632243 375352 330 523
1632253 112787 330 362
1632254 112787 330 4639
1632255 112787 330 730
1632256 195864 330 1000
1632257 195864 330 44
1632265 7626 330 39
1632286 48555 330 961
1632287 48555 330 734
1632288 48555 330 894
1632289 48555 330 730
1632290 48555 330 104
1632293 2382 330 961
1632294 2382 330 4332
1632295 2382 330 76
1632296 157255 330 216
1632297 157255 330 305
1632298 157255 330 76
1632300 375358 330 3200
1632301 265189 330 992
1632302 265189 330 730
1632303 265189 330 894
1632304 265189 330 139
1632305 265189 330 54298
1632306 26700 330 29
1632307 265193 330 139
1632308 265193 330 54298
1632309 265193 330 730
1632319 375360 330 1804
1632320 375360 330 43747
1632321 375360 330 318
1632322 375360 330 104
1632323 375360 330 70
1632324 375360 330 262
1632325 265201 330 70
1632326 265201 330 825
1632332 183544 330 865
1632333 183544 330 78691
1632334 183544 330 730
1632335 183544 330 4292
1632338 73247 330 557
1632339 73247 330 816
1632340 375363 330 1769
1632341 375363 330 816
1632342 183570 330 992
1632343 183570 330 894
1632344 183570 330 139
1632345 183570 330 5101
1632346 183570 330 1367
1632347 183570 330 3122
1632352 375364 330 29571
1632353 375364 330 6318
1632354 368947 330 503
1632357 265220 330 3760
1632358 265220 330 1560
1632359 265220 330 1723
1632367 297537 330 730
1632368 375365 330 2056
1632369 375365 330 101639
1632370 375365 330 1628
1632376 375366 330 1565
1632377 375366 330 523
1632378 375366 330 5480
1632379 375366 330 557
1632380 375367 330 1058
1632381 67273 330 78696
1632382 67273 330 100
1632383 67273 330 10162
1632384 67273 330 730
1632385 67273 330 4406
1632386 94594 330 225
1632391 368988 330 1137
1632392 368988 330 6384
1632393 200718 330 719
1632394 200718 330 825
1632395 200718 330 138
1632396 885 330 44
1632397 885 330 138
1632398 885 330 5367
1632399 885 330 825
1632401 375370 330 992
1632402 375370 330 70
1632403 375370 330 44
1632410 265247 330 44
1632411 265247 330 7839
1632412 265247 330 138
1632413 265247 330 287
1632414 265247 330 825
1632415 265247 330 274
1632416 265247 330 101632
1632418 265249 330 3200
1632419 265249 330 618
1632420 265249 330 1058
1632421 85059 330 992
1632422 85059 330 730
1632423 85059 330 139
1632424 85059 330 1359
1632425 85059 330 8820
1632426 85059 330 20398
1632427 85059 330 28
1632436 272394 330 992
1632437 272394 330 894
1632438 272394 330 730
1632439 272394 330 1957
1632440 272394 330 507
1632441 272394 330 139
1632442 114313 330 1804
1632443 114313 330 6902
1632444 114313 330 1393
1632445 114313 330 700
1632446 114313 330 1528
1632447 114313 330 139
1632461 67399 330 3906
1632462 265268 330 29
1632463 265268 330 78667
1632509 21279 330 276
1632510 21279 330 978
1632511 21279 330 70
1632512 21279 330 262
1632518 197948 330 276
1632519 197948 330 307
1632520 197948 330 992
1632521 197948 330 894
1632522 197948 330 730
1632523 197948 330 139
1632524 197948 330 3122
1632525 197948 330 40325
1632526 272515 330 276
1632527 272515 330 3290
1632528 272515 330 139
1632546 375387 330 98
1632547 375387 330 1136
1632548 375387 330 374
1632549 185196 330 1239
1632550 197982 330 4952
1632551 197982 330 2056
1632552 197982 330 25542
1632553 197982 330 44
1632554 197982 330 4
1632555 197982 330 318
1632558 375389 330 3367
1632559 375389 330 3743
1632560 375389 330 982
1632561 375389 330 155
1632571 265300 330 274
1632572 265300 330 4
1632573 265300 330 825
1632576 14301 330 992
1632581 67545 330 44
1632582 67545 330 1299
1632583 67545 330 1007
1632584 67545 330 15065
1632585 67545 330 960
1632586 67545 330 639
1632587 375391 330 1299
1632588 375391 330 276
1632589 375391 330 1819
1632590 375391 330 70
1632591 375391 330 3122
1632592 375391 330 262
1632597 244760 330 78794
1632598 375393 330 2056
1632599 375393 330 311
1632600 375393 330 86223
1632608 265312 330 138
1632609 265312 330 4107
1632610 265312 330 311
1632611 265312 330 825
1632618 375395 330 9654
1632619 375395 330 885
1632620 375395 330 285
1632621 375395 330 1058
1632622 375395 330 730
1632623 265315 330 100
1632624 265315 330 78696
1632625 265315 330 78703
1632626 265315 330 730
1632627 265316 330 100
1632628 265316 330 1058
1632629 265316 330 78630
1632630 375396 330 70
1632631 375396 330 369
1632632 375396 330 1779
1632633 375397 330 24794
1632634 375397 330 5805
1632635 375397 330 44
1632636 375397 330 1779
1632637 375397 330 3558
1632638 375397 330 188
1632639 375397 330 1118
1632640 375397 330 70
1632644 275307 330 992
1632645 275307 330 139
1632646 275307 330 44
1632647 275307 330 466
1632648 275307 330 730
1632649 10422 330 4737
1632650 10422 330 712
1632651 10422 330 80
1632659 275341 330 3200
1632663 375401 330 2056
1632664 375401 330 1616
1632665 375401 330 44
1632666 375402 330 1058
1632667 375402 330 44
1632672 265351 330 2404
1632673 265351 330 138
1632674 265351 330 2902
1632691 9174 330 1722
1632692 9174 330 67920
1632693 33021 330 5687
1632694 33021 330 104
1632695 33021 330 829
1632696 33021 330 369
1632697 265372 330 287
1632698 265372 330 44
1632702 21713 330 996
1632703 21713 330 2642
1632706 257346 330 992
1632707 291200 330 8527
1632708 291200 330 992
1632709 291200 330 29
1632710 323743 330 168
1632711 323743 330 638
1632712 375409 330 829
1632713 375409 330 915
1632714 375409 330 3396
1632721 257351 330 1058
1632722 257351 330 44
1632723 375411 330 78794
1632724 375412 330 16
1632755 375419 330 992
1632756 375419 330 27897
1632757 375419 330 638
1632762 375421 330 557
1632763 375421 330 425
1632764 375421 330 730
1632765 126808 330 108
1632766 29303 330 388
1632767 29303 330 4056
1632768 29303 330 108
1632769 29303 330 44
1632770 29303 330 1436
1632771 29303 330 1056
1632772 29303 330 588
1632773 29303 330 1118
1632774 178331 330 367
1632775 178331 330 3906
1632786 85318 330 1804
1632787 85318 330 6902
1632788 85318 330 7299
1632789 85318 330 139
1632790 85318 330 639
1632791 375424 330 1052
1632800 17895 330 274
1632801 17895 330 356
1632802 17895 330 523
1632803 15398 330 1072
1632804 275526 330 29571
1632805 275526 330 1889
1632813 375426 330 127
1632814 375426 330 72
1632823 191227 330 78794
1632830 375430 330 992
1632831 375430 330 1122
1632832 375430 330 557
1632833 375430 330 816
1632836 375432 330 992
1632847 146105 330 992
1632848 146105 330 4230
1632849 146105 330 29
1632850 146105 330 139
1632851 265552 330 992
1632852 265552 330 4230
1632853 265552 330 139
1632854 265552 330 825
1632855 265552 330 2556
1632856 265552 330 730
1632862 61806 330 78794
1632869 375438 330 2520
1632870 375438 330 425
1632871 375438 330 78794
1632874 265560 330 894
1632875 265560 330 825
1632876 265560 330 4895
1632877 265560 330 138
1632878 265560 330 730
1632879 18750 330 557
1632880 265567 330 825
1632881 265567 330 4392
1632882 265567 330 11
1632883 265567 330 138
1632885 257573 330 992
1632888 265573 330 388
1632889 265573 330 139
1632890 265573 330 2642
1632891 265573 330 138
1632892 265573 330 274
1632893 265573 330 825
1632894 265573 330 101632
1632895 198452 330 1560
1632896 198452 330 638
1632897 198452 330 1764
1632898 198452 330 1284
1632899 198452 330 20579
1632900 198452 330 1643
1632901 375441 330 70
1632902 375441 330 557
1632905 375443 330 225
1632906 375443 330 4444
1632907 375443 330 1118
1632908 375443 330 44
1632909 288280 330 4230
1632910 288280 330 730
1632914 375446 330 139
1632915 375446 330 59059
1632916 375446 330 1780
1632917 375446 330 369
1632918 375446 330 730
1632922 16366 330 287
1632923 16366 330 44
1632924 331124 330 188
1632929 265624 330 388
1632930 265624 330 734
1632931 265624 330 139
1632932 265624 330 2642
1632933 265624 330 825
1632934 256663 330 29571
1632935 256663 330 2056
1632952 375452 330 557
1632953 375453 330 29
1632954 375453 330 441
1632955 375453 330 1670
1632956 375453 330 4356
1632963 375455 330 29571
1632964 375455 330 1889
1632965 257301 330 1233
1632966 257301 330 78630
1632973 265652 330 5808
1632974 265652 330 712
1632975 265652 330 523
1632976 265653 330 276
1632977 265653 330 712
1632978 265653 330 4
1632979 265654 330 712
1632980 265654 330 2613
1632981 265654 330 55361
1632982 375458 330 388
1632983 375458 330 139
1632984 375458 330 78049
1632985 375458 330 2424
1632986 375459 330 15787
1632987 375459 330 21
1632988 375459 330 78630
1632989 265655 330 276
1632990 265655 330 318
1632991 265655 330 712
1632992 265655 330 4
1632993 265660 330 992
1632994 265660 330 730
1632995 265660 330 139
1632996 265660 330 78649
1632997 265660 330 369
1632998 265660 330 638
1633011 191540 330 712
1633030 265711 330 44
1633031 265711 330 138
1633032 265711 330 825
1633033 265711 330 287
1633034 265711 330 8048
1633035 265711 330 101632
1633037 16464 330 44
1633038 16464 330 138
1633039 16464 330 5367
1633040 16464 330 287
1633041 16464 330 274
1633042 16464 330 825
1633043 16464 330 101632
1633050 375463 330 730
1633051 375463 330 865
1633052 375463 330 369
1633061 375465 330 24607
1633062 375465 330 1430
1633063 375465 330 1316
1633064 375465 330 730
1633067 375466 330 70
1633068 375466 330 1058
1633069 375466 330 545
1633073 375469 330 992
1633074 375470 330 992
1633076 375472 330 101630
1633077 375472 330 1780
1633078 375472 330 5827
1633079 375472 330 730
1633080 375473 330 992
1633081 375473 330 730
1633082 375474 330 4255
1633083 375474 330 276
1633084 375474 330 1779
1633085 375474 330 730
1633086 375475 330 992
1633087 375476 330 730
1633088 375477 330 992
1633089 375477 330 8818
1633090 375477 330 1780
1633091 375477 330 730
1633105 375482 330 992
1633106 375482 330 894
1633107 375482 330 730
1633108 375482 330 29225
1633113 144387 330 29
1633114 144387 330 127
1633115 127401 330 992
1633116 127401 330 2990
1633117 127401 330 3122
1633118 127401 330 53359
1633119 127401 330 730
1633141 375486 330 5909
1633142 375486 330 285
1633143 375486 330 1058
1633144 375486 330 730
1633154 79970 330 992
1633155 79970 330 1106
1633156 79970 330 10162
1633157 79970 330 3159
1633166 265783 330 138
1633167 265783 330 287
1633168 265783 330 274
1633169 265783 330 356
1633170 265783 330 825
1633177 375490 330 3200
1633178 273473 330 221
1633179 273473 330 3200
1633180 273473 330 13904
1633183 27824 330 4595
1633184 27824 330 4446
1633185 375492 330 4703
1633186 375492 330 4368
1633187 375492 330 2631
1633216 127433 330 8242
1633217 127433 330 638
1633218 127433 330 72
1633219 127433 330 369
1633220 127433 330 44
1633232 375502 330 507
1633233 375503 330 1136
1633234 375503 330 374
1633235 369674 330 44
1633236 369674 330 362
1633237 369674 330 108
1633238 369674 330 189
1633239 369674 330 4639
1633240 369674 330 1007
1633241 356996 330 139
1633242 356996 330 362
1633243 356996 330 7299
1633244 356996 330 6384
1633265 375506 330 1230
1633266 375506 330 359
1633267 375506 330 50720
1633268 375506 330 221
1633269 375506 330 982
1633270 375506 330 4978
1633271 375506 330 4552
1633277 194944 330 12233
1633278 194944 330 70
1633279 194944 330 78630
1633283 147501 330 29
1633284 147501 330 127
1633293 375513 330 557
1633294 257942 330 523
1633295 257942 330 331
1633296 257942 330 1751
1633297 257942 330 3367
1633298 257942 330 21999
1633309 375516 330 1804
1633310 375516 330 287
1633311 375516 330 274
1633312 375516 330 825
1633313 375516 330 1116
1633316 322505 330 188
1633317 322505 330 885
1633318 322505 330 668
1633319 322505 330 189
1633320 322505 330 882
1633323 375517 330 960
1633324 375517 330 90
1633325 375517 330 638
1633326 375518 330 960
1633327 375518 330 1780
1633333 375520 330 992
1633335 265885 330 1722
1633336 265885 330 4174
1633342 375522 330 3760
1633354 375525 330 276
1633383 258085 330 2964
1633384 258085 330 12427
1633385 258085 330 50196
1633386 258085 330 557
1633387 258085 330 221
1633388 375530 330 108
1633389 375530 330 189
1633390 375530 330 188
1633396 375532 330 78794
1633400 16713 330 44
1633401 16713 330 1007
1633402 16713 330 139
1633403 16713 330 78741
1633404 16713 330 865
1633407 265905 330 100
1633408 265905 330 78667
1633409 265905 330 139
1633411 375534 330 557
1633412 375534 330 39
1633421 375536 330 20461
1633422 375536 330 20383
1633423 375536 330 47671
1633435 375539 330 4
1633436 375539 330 44
1633437 375539 330 9368
1633438 375539 330 101651
1633439 375539 330 276
1633440 375539 330 568
1633441 375539 330 101652
1633459 375542 330 276
1633460 375542 330 4433
1633461 68902 330 276
1633462 68902 330 4
1633463 68902 330 4406
1633470 98779 330 1019
1633471 98779 330 318
1633472 265936 330 274
1633473 265936 330 1739
1633474 265936 330 287
1633475 265936 330 4
1633476 265936 330 101632
1633477 265937 330 287
1633478 265937 330 72
1633488 375546 330 168
1633489 375547 330 386
1633490 375547 330 11
1633491 375547 330 4431
1633492 375547 330 3781
1633493 265958 330 11
1633494 265958 330 1058
1633495 265958 330 100
1633496 265958 330 700
1633497 265958 330 5004
1633498 265958 330 712
1633499 375548 330 2584
1633500 375548 330 15065
1633501 375548 330 1603
1633502 258193 330 29
1633503 258193 330 557
1633504 265962 330 992
1633505 265962 330 894
1633506 265962 330 730
1633507 265962 330 139
1633508 265962 330 23814
1633509 265970 330 3794
1633510 265970 330 1723
1633511 265970 330 7019
1633512 265970 330 40472
1633513 265970 330 8062
1633514 265976 330 287
1633515 265976 330 274
1633516 265976 330 825
1633517 265987 330 1643
1633523 80036 330 992
1633524 80036 330 894
1633525 80036 330 730
1633526 80036 330 374
1633530 265994 330 992
1633531 265994 330 730
1633532 265994 330 139
1633533 265994 330 9974
1633534 265994 330 4366
1633535 375550 330 4192
1633536 375550 330 285
1633537 266008 330 44
1633538 266008 330 138
1633539 266008 330 5367
1633540 266008 330 825
1633560 266024 330 100
1633561 266024 330 1058
1633562 266024 330 78630
1633563 38534 330 992
1633564 38534 330 894
1633565 38534 330 730
1633566 38534 330 10189
1633567 38534 330 305
1633573 112365 330 992
1633574 112365 330 894
1633575 112365 330 139
1633576 112365 330 984
1633577 112365 330 285
1633578 112365 330 730
1633582 375559 330 101654
1633583 375559 330 4271
1633584 375559 330 4270
1633585 375559 330 1172
1633586 375559 330 343
1633587 375559 330 138
1633594 375561 330 44
1633595 375561 330 76
1633596 375561 330 4802
1633597 375561 330 4332
1633598 375561 330 27526
1633599 375561 330 374
1633600 375561 330 2427
1633601 375562 330 276
1633602 375562 330 523
1633603 375562 330 76
1633604 375563 330 3906
1633605 375563 330 44
1633618 375570 330 3216
1633619 375570 330 1793
1633620 375570 330 311
1633625 375572 330 12722
1633626 375572 330 44
1633627 375573 330 1058
1633628 375573 330 44
1633629 375574 330 101656
1633630 375574 330 101657
1633631 375574 330 54512
1633632 375574 330 101658
1633633 375574 330 101659
1633634 375574 330 216
1633635 375574 330 11842
1633636 375574 330 101660
1633637 375574 330 4406
1633643 375575 330 1007
1633644 375575 330 2486
1633650 375577 330 1007
1633651 375577 330 374
1633652 375577 330 11215
1633653 375577 330 11
1633658 116698 330 326
1633659 116698 330 618
1633660 375580 330 139
1633661 375580 330 11
1633662 375580 330 29
1633663 375580 330 98
1633664 375580 330 104
1633665 375580 330 734
1633666 375580 330 8818
1633676 14161 330 1937
1633677 14161 330 139
1633678 14161 330 104
1633679 14161 330 40190
1633680 14161 330 894
1633681 14161 330 730
1633682 14161 330 734
1633694 375586 330 101654
1633695 375586 330 499
1633696 375586 330 39096
1633697 375586 330 4271
1633698 375586 330 4270
1633699 375586 330 138
1633706 179457 330 100
1633707 179457 330 79
1633708 179457 330 2816
1633709 179457 330 139
1633712 375588 330 5631
1633713 375588 330 139
1633725 375589 330 108
1633726 375589 330 44
1633727 375589 330 138
1633728 375589 330 4446
1633729 375589 330 1056
1633730 375589 330 638
1633733 256951 330 138
1633734 256951 330 44
1633735 375591 330 1058
1633736 375592 330 2990
1633737 375592 330 7013
1633738 375592 330 139
1633739 375592 330 44
1633746 375594 330 108
1633754 21032 330 912
1633755 21032 330 2520
1633756 21032 330 557
1633757 375598 330 29
1633759 60863 330 2376
1633760 60863 330 4
1633761 60863 330 7784
1633762 266112 330 100
1633763 266112 330 8818
1633764 266112 330 285
1633765 375599 330 1058
1633766 32406 330 100
1633767 32406 330 1058
1633768 32406 330 78630
1633771 375600 330 4639
1633772 375600 330 1396
1633773 375600 330 139
1633774 375600 330 4044
1633775 375600 330 730
1633776 375601 330 992
1633777 375601 330 11
1633778 375601 330 1106
1633779 375601 330 10162
1633780 375601 330 3159
1633781 375601 330 10189
1633782 375601 330 730
1633783 164853 330 78794
1633785 12177 330 16
1633786 12177 330 369
1633797 375603 330 388
1633798 375603 330 101663
1633799 375603 330 4056
1633800 375603 330 108
1633801 375603 330 7199
1633802 299037 330 108
1633803 299037 330 527
1633808 257033 330 216
1633809 257033 330 76
1633810 257033 330 4332
1633811 257033 330 2427
1633813 16700 330 5289
1633814 16700 330 276
1633815 16700 330 44
1633821 375605 330 138
1633822 375605 330 11
1633823 375605 330 545
1633824 375605 330 139
1633825 375605 330 285
1633826 375605 330 1058
1633840 134006 330 76
1633841 134006 330 730
1633842 375610 330 168
1633843 375610 330 1120
1633844 375610 330 5413
1633845 375610 330 12365
1633846 375610 330 90
1633847 107937 330 276
1633848 107937 330 44
1633849 107937 330 1058
1633850 24557 330 895
1633851 24557 330 639
1633852 24557 330 44
1633853 24557 330 139
1633854 375611 330 5827
1633855 375611 330 1299
1633856 375611 330 8818
1633857 375611 330 730
1633877 375613 330 4
1633878 375614 330 168
1633879 375614 330 40621
1633883 24569 330 359
1633884 24569 330 276
1633885 24569 330 3743
1633886 375615 330 557
1633888 246031 330 359
1633890 375618 330 98
1633891 375618 330 139
1633892 187078 330 3281
1633893 187078 330 1565
1633894 187078 330 523
1633901 375619 330 44
1633902 375619 330 334
1633903 375620 330 992
1633904 375620 330 10114
1633905 375620 330 4462
1633906 375620 330 1751
1633911 375623 330 3613
1633912 375623 330 101630
1633913 375623 330 9654
1633914 375623 330 730
1633915 375624 330 992
1633918 375625 330 276
1633919 375625 330 1819
1633920 375625 330 2990
1633921 375625 330 285
1633922 375625 330 730
1633928 266256 330 1804
1633929 266256 330 825
1633930 266256 330 287
1633931 375626 330 101665
1633932 375626 330 29571
1633933 375626 330 1239
1633960 266277 330 294
1633961 266277 330 1643
1633962 266277 330 47424
1633963 127702 330 44
1633964 127702 330 978
1633965 127702 330 1739
1633966 127702 330 4292
1633977 956 330 117
1633978 956 330 255
1633979 956 330 338
1633981 375633 330 639
1633982 375633 330 1123
1633983 375633 330 27458
1633984 375634 330 730
1633985 375634 330 4255
1633986 375634 330 285
1633996 153417 330 1007
1633997 153417 330 168
1633998 153417 330 638
1634006 264039 330 44
1634007 266324 330 829
1634008 266324 330 825
1634009 266324 330 287
1634010 266324 330 4368
1634011 266324 330 2235
1634012 266324 330 78763
1634015 375639 330 992
1634016 375639 330 984
1634017 375639 330 139
1634018 375639 330 730
1634029 266330 330 3216
1634030 266330 330 18990
1634031 266330 330 78667
1634032 375640 330 19414
1634033 375641 330 3760
1634034 375641 330 67920
1634039 375643 330 78794
1634040 26917 330 3200
1634041 26917 330 17242
1634042 375644 330 4186
1634043 258712 330 29
1634044 258712 330 3071
1634045 375645 330 331
1634046 375645 330 29
1634047 375645 330 127
1634048 375645 330 3456
1634049 375645 330 139
1634050 375645 330 15065
1634051 160022 330 3662
1634052 160022 330 79
1634053 160022 330 139
1634054 160022 330 1007
1634065 375646 330 869
1634066 375646 330 67920
1634069 75279 330 557
1634078 309456 330 318
1634079 309456 330 15065
1634080 309456 330 982
1634081 309456 330 139
1634082 341545 330 81
1634083 341545 330 1058
1634084 341545 330 730
1634085 341545 330 14135
1634086 341545 330 3196
1634096 85265 330 104
1634097 85265 330 1804
1634098 85265 330 139
1634099 85265 330 2964
1634100 85265 330 1868
1634101 85265 330 4418
1634102 29730 330 374
1634103 29730 330 4140
1634104 375651 330 992
1634105 375651 330 4230
1634106 375651 330 960
1634107 375651 330 730
1634118 375653 330 5748
1634119 375653 330 10427
1634120 375653 330 10428
1634121 375654 330 8818
1634122 375654 330 1779
1634123 375654 330 730
1634127 32557 330 216
1634128 32557 330 2376
1634129 32557 330 139
1634130 32557 330 305
1634131 32557 330 285
1634132 32557 330 4406
1634137 35800 330 108
1634138 35800 330 44
1634139 35800 330 138
1634140 35800 330 530
1634141 266386 330 2902
1634142 266386 330 4446
1634143 266386 330 287
1634144 266386 330 3357
1634145 266386 330 4
1634148 266392 330 101666
1634149 266392 330 1191
1634150 266392 330 557
1634152 375658 330 29
1634153 375658 330 557
1634167 72398 330 1560
1634168 72398 330 637
1634169 72398 330 638
1634170 72398 330 869
1634184 375665 330 6318
1634185 375665 330 72425
1634190 338082 330 11
1634191 338082 330 72
1634204 24775 330 1007
1634205 24775 330 895
1634206 24775 330 44
1634207 24775 330 139
1634208 375667 330 25995
1634209 375667 330 93356
1634210 375667 330 23996
1634211 375668 330 8818
1634212 375668 330 2012
1634213 375668 330 638
1634214 375668 330 730
1634215 375669 330 1118
1634216 375669 330 70
1634217 375669 330 79
1634218 375669 330 865
1634219 375670 330 374
1634220 375670 330 1774
1634221 375670 330 29
1634222 375670 330 1917
1634223 375670 330 557
1634224 375670 330 523
1634225 266432 330 4140
1634226 17305 330 3906
1634227 17305 330 78667
1634238 109600 330 100
1634239 109600 330 11
1634240 109600 330 21
1634257 17414 330 992
1634258 259198 330 3906
1634259 259198 330 44
1634267 266515 330 50196
1634268 266515 330 12427
1634269 266515 330 1169
1634273 375675 330 44
1634274 375675 330 138
1634275 375675 330 4502
1634276 375675 330 557
1634292 375679 330 557
1634293 375679 330 29
1634295 89492 330 311
1634296 89492 330 1897
1634297 89492 330 1728
1634298 89492 330 816
1634299 89492 330 1821
1634300 89492 330 101669
1634301 10701 330 359
1634302 10701 330 13904
1634303 10701 330 311
1634304 10701 330 15727
1634305 266520 330 78777
1634306 266520 330 2902
1634307 266520 330 2404
1634308 266520 330 982
1634313 375682 330 992
1634314 375682 330 961
1634315 375682 330 982
1634316 375682 330 797
1634317 375682 330 730
1634318 375683 330 734
1634319 375683 330 982
1634320 375683 330 961
1634321 375683 330 730
1634322 375684 330 961
1634323 375684 330 8659
1634324 375685 330 78794
1634325 375686 330 78794
1634329 375688 330 29
1634341 266528 330 100
1634342 266528 330 334
1634343 266528 330 2584
1634344 258441 330 108
1634345 258441 330 188
1634346 258441 330 78667
1634351 205266 330 29
1634352 266529 330 101666
1634353 266529 330 557
1634354 375692 330 1828
1634355 375692 330 6355
1634356 375692 330 2056
1634357 375693 330 101650
1634360 375695 330 1052
1634361 375696 330 1233
1634362 375696 330 1239
1634363 375697 330 712
1634364 375697 330 78630
1634369 375700 330 557
1634370 375700 330 78466
1634371 375700 330 78794
1634382 375703 330 1058
1634384 375704 330 557
1634385 375704 330 1058
1634390 375705 330 557
1634391 375705 330 29
1634392 10673 330 311
1634393 10673 330 865
1634394 10673 330 139
1634395 10673 330 98
1634396 10673 330 11220
1634397 10673 330 44
1634398 375706 330 2056
1634399 375706 330 557
1634408 259150 330 307
1634409 259150 330 557
1634421 375711 330 78794
1634422 375711 330 3906
1634427 266539 330 100
1634428 266539 330 941
1634429 266539 330 77
1634430 375713 330 44
1634432 39964 330 961
1634433 39964 330 734
1634434 39964 330 894
1634435 39964 330 730
1634436 39964 330 104
1634437 375715 330 44
1634443 266543 330 50196
1634444 266543 330 12427
1634445 266543 330 4528
1634446 17460 330 4145
1634447 17460 330 369
1634448 17460 330 52391
1634449 266544 330 712
1634450 266544 330 78630
1634476 375719 330 4682
1634477 375719 330 5798
1634478 375719 330 1567
1634479 375719 330 557
1634480 257770 330 311
1634481 257770 330 4
1634490 375723 330 2056
1634514 21757 330 11
1634515 21757 330 188
1634516 21757 330 72
1634517 21757 330 101669
1634523 24917 330 1019
1634524 24917 330 12740
1634525 375730 330 1284
1634526 375730 330 5748
1634538 24921 330 108
1634539 24921 330 138
1634540 24921 330 188
1634544 113213 330 2404
1634545 113213 330 1058
1634546 266590 330 50196
1634547 266590 330 12427
1634548 266590 330 523
1634556 375735 330 992
1634557 375735 330 16
1634558 297531 330 1052
1634564 375736 330 4682
1634565 375736 330 4202
1634567 375737 330 44
1634568 375737 330 139
1634569 375737 330 11
1634570 375737 330 2656
1634571 375737 330 101632
1634573 375738 330 39
1634574 375738 330 1145
1634575 375738 330 276
1634579 375739 330 3216
1634580 375739 330 101671
1634581 375739 330 68829
1634582 375739 330 12427
1634596 157378 330 108
1634597 157378 330 44
1634601 375743 330 78794
1634602 375744 330 78794
1634606 8134 330 1231
1634607 8134 330 996
1634608 266643 330 138
1634609 266643 330 274
1634610 266643 330 328
1634611 266643 330 287
1634612 266643 330 101632
1634614 266644 330 138
1634615 266644 330 356
1634616 266644 330 825
1634617 266644 330 287
1634618 266644 330 72
1634624 253169 330 992
1634625 253169 330 10162
1634626 253169 330 100
1634627 253169 330 78696
1634628 253169 330 1058
1634629 253169 330 638
1634630 253169 330 730
1634640 375750 330 3216
1634641 375750 330 67920
1634642 266670 330 1769
1634643 266670 330 1191
1634644 266670 330 2592
1634645 11003 330 47424
1634646 11003 330 1769
1634647 11003 330 1723
1634648 375751 330 3760
1634649 375751 330 67920
1634656 9046 330 101673
1634657 9046 330 67920
1634658 9046 330 4767
1634659 266673 330 100
1634660 266673 330 4406
1634661 266673 330 139
1634662 375754 330 4360
1634663 375754 330 2584
1634664 375754 330 67599
1634667 375756 330 29302
1634668 375756 330 62496
1634674 266682 330 668
1634675 266682 330 528
1634676 266682 330 825
1634677 28748 330 2902
1634678 28748 330 2404
1634679 28748 330 982
1634702 25061 330 44
1634703 25061 330 557
1634704 375764 330 356
1634705 375764 330 72
1634711 375766 330 287
1634712 375766 330 44
1634713 375767 330 72425
1634715 375769 330 13822
1634716 375769 330 78794
1634720 375771 330 311
1634721 375771 330 3216
1634726 375774 330 304
1634727 375774 330 78794
1634728 375774 330 44
1634738 375777 330 44
1634739 195662 330 557
1634740 195662 330 367
1634741 375778 330 4952
1634742 375778 330 2056
1634743 375778 330 1828
1634744 375778 330 101675
1634745 375778 330 21752
1634746 375778 330 4909
1634747 375778 330 3147
1634748 266776 330 100
1634749 266776 330 79
1634750 266776 330 466
1634758 375781 330 1191
1634773 375786 330 21
1634774 375786 330 98
1634775 375786 330 8818
1634776 25129 330 527
1634777 25129 330 188
1634778 25129 330 6185
1634779 25129 330 1528
1634780 25129 330 1325
1634791 266793 330 4952
1634792 266793 330 2056
1634793 266793 330 469
1634794 266793 330 618
1634795 266793 330 1565
1634796 375789 330 1157
1634797 375789 330 2056
1634800 375790 330 29
1634801 375790 330 1358
1634802 375790 330 127
1634803 375791 330 388
1634804 251506 330 44
1634805 375792 330 29
1634806 375792 330 1918
1634811 11476 330 44
1634812 11476 330 3224
1634813 11476 330 29
1634814 11476 330 331
1634815 11476 330 825
1634816 375796 330 996
1634817 375796 330 1191
1634818 375796 330 20876
1634819 375796 330 15716
1634820 266812 330 712
1634821 35480 330 78791
1634822 35480 330 287
1634823 35480 330 4044
1634824 35480 330 101632
1634825 375797 330 3748
1634826 375797 330 4532
1634827 375797 330 8820
1634828 375797 330 4
1634829 375797 330 6318
1634830 375797 330 72425
1634834 375798 330 3200
1634838 112570 330 992
1634839 112570 330 894
1634840 112570 330 139
1634841 112570 330 730
1634842 112570 330 5056
1634843 112570 330 1528
1634844 128024 330 189
1634845 128024 330 825
1634846 359638 330 188
1634847 359638 330 668
1634848 359638 330 474
1634849 359638 330 11
1634850 359638 330 44
1634851 359638 330 1007
1634859 266826 330 47630
1634860 266826 330 287
1634861 133300 330 44
1634862 133300 330 138
1634863 133300 330 64
1634864 133300 330 356
1634872 375804 330 1137
1634873 375804 330 6384
1634874 160537 330 104
1634875 160537 330 139
1634876 160537 330 92
1634883 266870 330 829
1634884 266870 330 104
1634885 266870 330 101677
1634886 266877 330 100
1634887 266877 330 168
1634888 266877 330 638
1634889 266877 330 18446
1634894 375805 330 29571
1634895 375806 330 29571
1634896 375806 330 557
1634897 276178 330 78794
1634898 375807 330 557
1634911 266883 330 100
1634912 266883 330 139
1634913 266883 330 4333
1634914 266883 330 1135
1634915 266883 330 39096
1634916 266883 330 1339
1634919 25219 330 318
1634920 25219 330 79
1634921 25219 330 139
1634922 266909 330 78794
1634923 266909 330 78667
1634925 375811 330 1058
