1659342 382160 333 388
1659343 382160 333 102093
1659344 382160 333 4641
1659345 382160 333 11144
1659346 382160 333 102094
1659347 382160 333 4230
1659348 174371 333 21
1659349 174371 333 254
1659350 174371 333 2936
1659351 174371 333 3593
1659352 174371 333 311
1659353 174371 333 1714
1659354 174371 333 29
1659355 174371 333 523
1659356 174371 333 39
1659357 382162 333 97353
1659363 243175 333 1703
1659364 243175 333 40
1659365 243175 333 311
1659366 243175 333 334
1659367 243175 333 2647
1659368 243175 333 503
1659369 243175 333 39
1659370 382166 333 254
1659371 382166 333 4247
1659372 382166 333 4267
1659373 382166 333 2637
1659374 382166 333 8820
1659375 382167 333 2187
1659376 382167 333 1703
1659377 382167 333 1896
1659378 382167 333 503
1659379 382167 333 1126
1659380 382167 333 451
1659381 375476 333 894
1659382 375476 333 730
1659383 15093 333 138
1659384 15093 333 527
1659458 382169 333 65274
1659459 382169 333 254
1659460 382170 333 65274
1659475 242641 333 254
1659476 242641 333 138
1659477 242641 333 72
1659478 242641 333 643
1659479 242641 333 287
1659480 242641 333 44
1659481 242641 333 46
1659482 242641 333 1738
1659483 242641 333 4446
1659484 242641 333 1739
1659485 242641 333 1116
1659486 132163 333 46
1659489 382176 333 894
1659490 382176 333 730
1659501 104361 333 276
1659502 104361 333 318
1659513 382180 333 4462
1659514 382180 333 41244
1659520 97421 333 1126
1659521 97421 333 503
1659522 97421 333 1584
1659523 97421 333 30381
1659524 97421 333 1565
1659525 97421 333 311
1659526 97421 333 39
1659527 97421 333 37180
1659528 97421 333 2187
1659529 382182 333 65274
1659532 382183 333 102097
1659533 382183 333 100638
1659534 382183 333 392
1659535 382183 333 42662
1659536 382183 333 102098
1659537 382183 333 4816
1659538 97498 333 2100
1659539 97498 333 21
1659540 97498 333 44
1659541 97498 333 527
1659545 382185 333 1703
1659546 382185 333 1779
1659547 382185 333 638
1659548 382185 333 894
1659549 382185 333 703
1659550 382185 333 730
1659551 382185 333 369
1659552 382185 333 895
1659553 382185 333 451
1659554 382185 333 90
1659555 382186 333 5907
1659556 382186 333 1007
1659557 382186 333 285
1659558 382186 333 77
1659559 382186 333 44
1659560 382187 333 5907
1659561 382187 333 1999
1659562 382187 333 276
1659563 382188 333 19895
1659564 382188 333 225
1659565 382189 333 5286
1659566 382189 333 1896
1659567 382189 333 915
1659568 382190 333 774
1659569 382190 333 894
1659570 382190 333 507
1659573 382194 333 359
1659574 382194 333 894
1659575 382195 333 6
1659576 382195 333 2339
1659577 382195 333 55856
1659578 126878 333 11957
1659579 126878 333 4216
1659580 382196 333 1732
1659591 4213 333 72
1659594 382202 333 3130
1659595 382202 333 102101
1659596 382202 333 311
1659599 382204 333 1136
1659600 382204 333 1007
1659601 382204 333 960
1659602 382204 333 44
1659603 382204 333 139
1659604 382204 333 1335
1659605 382204 333 77
1659606 382205 333 1021
1659607 382205 333 894
1659612 382207 333 9836
1659613 382208 333 254
1659614 382209 333 1171
1659615 382209 333 125
1659616 382209 333 254
1659617 382209 333 138
1659618 382209 333 638
1659619 382209 333 11
1659620 382209 333 2637
1659621 382209 333 451
1659622 382209 333 44
1659623 382210 333 4213
1659624 382211 333 15712
1659625 382212 333 894
1659626 382213 333 254
1659627 382213 333 44187
1659628 11819 333 894
1659632 382217 333 3437
1659633 382217 333 139
1659635 12051 333 4261
1659636 382218 333 18572
1659637 382218 333 102102
1659638 382218 333 638
1659647 382222 333 813
1659649 382224 333 25729
1659654 382226 333 1703
1659655 382226 333 24789
1659656 382227 333 254
1659657 382228 333 1150
1659658 382228 333 425
1659660 382230 333 941
1659661 382230 333 21
1659662 382230 333 1896
1659663 382230 333 1183
1659664 382230 333 4356
1659683 977964 333 221
1659684 977964 333 359
1659685 977964 333 1128
1659686 977964 333 4551
1659687 433143 333 4323
1659688 433143 333 102103
1659689 433143 333 2637
1659690 433143 333 1172
1659691 433143 333 367
1659692 433143 333 254
1659693 433143 333 125
1659696 1918674 333 254
1659697 1918674 333 2657
1659698 267378 333 362
1659699 267378 333 2371
1659700 267378 333 639
1659701 267378 333 369
1659702 267378 333 895
1659703 267378 333 451
1659704 938561 333 638
1659705 938561 333 6
1659706 938561 333 90
1659707 97504 333 4261
1659708 1918675 333 102104
1659709 1918675 333 125
1659710 1918676 333 65274
1659711 1918676 333 254
1659712 1918676 333 77544
1659715 1918678 333 1764
1659716 1918678 333 254
1659717 1918678 333 1745
1659721 1918680 333 1715
1659722 1918680 333 21
1659723 1918680 333 882
1659724 1918680 333 5513
1659729 1918682 333 6358
1659730 1918682 333 3640
1659731 1918682 333 24064
1659732 1918682 333 102105
1659733 1918682 333 4213
1659734 1918683 333 29
1659735 1918683 333 40
1659736 1918683 333 254
1659740 87983 333 93798
1659741 87983 333 254
1659746 1918686 333 254
1659747 1918686 333 1745
1659748 1918687 333 507
1659749 1918687 333 331
1659750 1918687 333 6
1659751 1918687 333 254
1659752 1918687 333 1745
1659758 1918691 333 65274
1659759 1918691 333 254
1659763 1918693 333 65274
1659767 326588 333 7098
1659768 326588 333 668
1659769 326588 333 254
1659770 326588 333 2373
1659771 326588 333 1703
1659772 326588 333 1564
1659773 326588 333 5481
1659774 326588 333 301
1659775 326588 333 29317
1659776 326588 333 1744
1659777 326588 333 637
1659778 326588 333 2371
1659779 326588 333 392
1659780 326588 333 42662
1659781 326588 333 225
1659782 326588 333 1808
1659783 326588 333 2161
1659784 326588 333 374
1659785 326588 333 139
1659786 326588 333 2376
1659787 326588 333 895
1659788 326588 333 155
1659789 326588 333 285
1659790 326588 333 2902
1659791 326588 333 287
1659792 326588 333 1115
1659793 326588 333 44
1659794 326588 333 46
1659801 1918698 333 4261
1659802 1918698 333 102108
1659803 1918699 333 65274
1659804 1918699 333 254
1659805 1918699 333 225
1659806 1918700 333 1150
1659807 1918700 333 719
1659808 1918700 333 2556
1659809 1918700 333 882
1659810 1918700 333 2319
1659811 1918700 333 12093
1659812 1918701 333 4502
1659813 1918701 333 102109
1659815 986671 333 2591
1659816 986671 333 25933
1659817 986671 333 1923
1659818 986671 333 1591
1659819 986671 333 503
1659820 986671 333 996
1659821 986671 333 10896
1659822 986671 333 1150
1659823 1918703 333 774
1659824 1918703 333 90
1659825 1918703 333 638
1659826 1918703 333 3290
1659827 1918703 333 9535
1659829 183072 333 25190
1659830 183072 333 2936
1659831 1918705 333 894
1659832 1918705 333 709
1659833 1918706 333 102110
1659853 1251643 333 225
1659854 1251643 333 285
1659855 1251643 333 2376
1659856 1251643 333 1406
1659861 13835 333 1722
1659862 13835 333 563
1659863 13835 333 1191
1659864 1918711 333 1723
1659865 126183 333 1174
1659866 126183 333 1175
1659877 1407430 333 1128
1659878 1407430 333 8293
1659879 1452597 333 125
1659880 1452597 333 1775
1659881 1452597 333 15
1659882 1452597 333 220
1659883 1452597 333 216
1659884 1452597 333 118
1659885 1452597 333 102111
1659891 1918714 333 425
1659922 1918722 333 1775
1659923 1918722 333 104
1659924 1918722 333 342
1659925 1918722 333 1127
1659926 1918722 333 1679
1659927 1918722 333 1160
1659928 1918722 333 748
1659929 1918722 333 90
1659930 1918723 333 4055
1659931 1918723 333 118
1659932 1918723 333 1127
1659933 1918724 333 65274
1659934 1918724 333 254
1659935 1918724 333 4245
1659936 1918725 333 457
1659941 243962 333 108
1659942 243962 333 527
1659947 611468 333 40
1659948 611468 333 80
1659949 611468 333 1898
1659950 115297 333 1808
1659951 115297 333 2056
1659952 115297 333 23996
1659953 769397 333 1867
1659954 769397 333 4079
1659958 1783405 333 1169
1659959 1783405 333 6
1659960 514146 333 1049
1659962 1918730 333 65274
1659963 1918731 333 6
1659964 1918731 333 1141
1659965 1918731 333 3437
1659966 1918731 333 1560
1659968 1475140 333 2710
1659969 66839 333 2891
1659970 66839 333 285
1659971 66839 333 301
1659972 66839 333 264
1659973 66839 333 44
1659974 66839 333 11167
1659975 66839 333 865
1659976 1918732 333 638
1659977 1918732 333 734
1659978 1918732 333 4261
1659981 1918733 333 894
1659982 1918734 333 26544
1659983 1918734 333 359
1659991 369319 333 527
1659994 176674 333 33527
1659995 176674 333 21401
1659996 176674 333 4057
1660004 1918740 333 254
1660011 432419 333 503
1660012 432419 333 3214
1660013 432419 333 20635
1660014 1918742 333 93798
1660015 1918742 333 254
1660016 1918742 333 4267
1660017 1918742 333 77544
1660023 1918744 333 72
1660029 1918746 333 4261
1660030 1918746 333 102108
1660031 1918746 333 388
1660032 1918746 333 1060
1660033 1918747 333 1060
1660034 1918747 333 93339
1660035 1918747 333 4261
1660036 1918747 333 388
1660039 1918748 333 25669
1660040 1918748 333 4272
1660041 1918748 333 2176
1660042 1918749 333 17725
1660043 1918749 333 1703
1660044 1918749 333 1127
1660059 640342 333 254
1660060 640342 333 65274
1660061 640342 333 44
1660067 1918755 333 1052
1660068 1918755 333 2176
1660083 122360 333 915
1660084 122360 333 4342
1660085 122360 333 81875
1660086 122360 333 292
1660087 122360 333 72
1660088 122360 333 638
1660089 122360 333 5286
1660097 127155 333 2404
1660098 127155 333 139
1660099 127155 333 894
1660100 127155 333 730
1660101 127155 333 2902
1660102 127155 333 138
1660103 127155 333 5670
1660104 127155 333 100638
1660105 1918760 333 1191
1660106 1918760 333 16706
1660107 1918761 333 2275
1660108 1918761 333 102118
1660109 1918762 333 1453
1660110 1918763 333 1453
1660111 1918764 333 254
1660112 1918764 333 77544
1660113 1918764 333 4715
1660114 1918765 333 503
1660115 1918765 333 1643
1660116 1136061 333 21
1660117 1136061 333 311
1660118 1136061 333 2176
1660119 1136061 333 1565
1660120 1136061 333 72
1660121 1918766 333 1745
1660126 248267 333 1021
1660127 248267 333 125
1660128 248267 333 1775
1660129 248267 333 15
1660130 248267 333 2373
1660131 248267 333 1703
1660132 248267 333 2486
1660133 248267 333 138
1660134 248267 333 1058
1660135 248267 333 4039
1660136 248267 333 5603
1660137 248267 333 1838
1660138 248267 333 262
1660139 248267 333 2625
1660140 248267 333 70
1660141 248267 333 982
1660142 248267 333 1128
1660143 248267 333 1937
1660144 248267 333 638
1660145 248267 333 301
1660146 248267 333 529
1660147 248267 333 342
1660148 248267 333 29
1660149 248267 333 865
1660150 248267 333 2627
1660151 248267 333 816
1660152 248267 333 1126
1660153 248267 333 19356
1660154 248267 333 1739
1660155 248267 333 155
1660156 248267 333 285
1660157 248267 333 1612
1660158 248267 333 1115
1660159 248267 333 44
1660160 248267 333 4406
1660161 248267 333 828
1660162 248267 333 367
1660163 248267 333 8676
1660173 1918770 333 29962
1660174 1918770 333 2176
1660175 79776 333 24421
1660176 79776 333 19356
1660177 79776 333 104
1660178 79776 333 77
1660179 79776 333 1127
1660180 79776 333 1021
1660181 79776 333 4011
1660184 1918771 333 813
1660185 1918771 333 1041
1660186 1918771 333 44
1660190 1918774 333 26433
1660191 1918774 333 84722
1660199 1918776 333 1923
1660200 1918776 333 16694
1660201 1918776 333 503
1660206 1070338 333 992
1660207 1070338 333 1021
1660208 1070338 333 1779
1660209 1070338 333 638
1660210 1070338 333 894
1660211 1070338 333 6912
1660212 1070338 333 730
1660213 1070338 333 2556
1660214 1070338 333 139
1660215 1070338 333 748
1660216 1070338 333 285
1660217 1070338 333 451
1660227 1813391 333 16710
1660228 1813391 333 34821
1660229 1813391 333 18842
1660230 1813391 333 41173
1660231 1813391 333 33856
1660233 365866 333 1409
1660234 365866 333 44
1660235 365866 333 828
1660238 1918780 333 26544
1660239 1918780 333 359
1660240 23942 333 1819
1660241 23942 333 276
1660242 23942 333 392
1660243 126835 333 14060
1660244 126835 333 307
1660245 126835 333 276
1660246 126835 333 1653
1660247 126835 333 1779
1660248 126835 333 8820
1660249 126835 333 285
1660250 126835 333 1174
1660251 1918781 333 2176
1660252 14169 333 138
1660253 14169 333 359
1660254 14169 333 982
1660255 14169 333 301
1660256 1918782 333 2460
1660257 1918782 333 2705
1660272 517678 333 276
1660273 517678 333 5728
1660274 517678 333 220
1660275 517678 333 290
1660276 517678 333 72
1660277 517678 333 982
1660278 517678 333 44
1660281 1918786 333 4079
1660282 1918787 333 307
1660287 1918788 333 102109
1660288 1918789 333 1823
1660289 1918789 333 2461
1660290 1918789 333 26433
1660291 1918789 333 53120
1660292 1918790 333 225
1660293 1918790 333 254
1660302 382235 333 20099
1660303 382235 333 21
1660304 382236 333 1745
1660305 382236 333 15215
1660306 382236 333 2437
1660307 382237 333 2176
1660308 382238 333 2275
1660309 382238 333 102118
1660313 382240 333 41556
1660314 382240 333 1932
1660315 382240 333 9950
1660321 341025 333 138
1660322 341025 333 359
1660324 124002 333 1303
1660325 124002 333 138
1660326 124002 333 1932
1660327 124002 333 1779
1660328 124002 333 2061
1660329 124002 333 55404
1660330 124002 333 5481
1660331 124002 333 380
1660332 124002 333 1313
1660333 124002 333 1321
1660334 124002 333 1745
1660335 124002 333 637
1660336 124002 333 1714
1660337 124002 333 2371
1660338 124002 333 19841
1660339 124002 333 4715
1660340 124002 333 72
1660341 124002 333 369
1660342 382244 333 58898
1660350 382247 333 4715
1660351 382247 333 4943
1660352 263330 333 4943
1660353 263330 333 2114
1660354 263330 333 2486
1660355 263330 333 1303
1660356 263330 333 1808
1660357 263330 333 4715
1660358 263330 333 1160
1660359 263330 333 4713
1660360 263330 333 4532
1660361 263330 333 15788
1660369 21876 333 125
1660370 21876 333 254
1660371 21876 333 1808
1660372 21876 333 42254
1660373 21876 333 1703
1660374 21876 333 42398
1660375 21876 333 4433
1660376 21876 333 102121
1660378 125160 333 638
1660379 125160 333 77544
1660380 125160 333 9466
1660381 125160 333 48983
1660384 67711 333 2187
1660385 67711 333 1779
1660386 67711 333 638
1660387 382252 333 254
1660388 382252 333 44
1660389 382253 333 774
1660390 382253 333 638
1660412 382256 333 65274
1660413 382256 333 254
1660414 382256 333 1745
1660415 14582 333 1722
1660416 14582 333 80972
1660417 14582 333 17383
1660418 382257 333 8988
1660419 382257 333 102123
1660420 382257 333 3451
1660422 382258 333 1775
1660426 382259 333 2657
1660427 382259 333 1128
1660428 382259 333 638
1660429 382259 333 4729
1660436 124222 333 992
1660437 124222 333 894
1660438 124222 333 730
1660439 124222 333 20442
1660440 124222 333 5008
1660441 124222 333 5101
1660442 124222 333 6
1660443 124222 333 1141
1660447 67764 333 72
1660448 67764 333 637
1660449 67764 333 374
1660450 67764 333 1115
1660451 67764 333 869
1660452 67764 333 2276
1660453 67764 333 39
1660454 67764 333 2373
1660455 67764 333 1704
1660456 67764 333 2486
1660457 67764 333 4039
1660458 67764 333 2275
1660459 67764 333 2657
1660460 67764 333 1303
1660461 67764 333 638
1660462 67764 333 1744
1660463 67764 333 1239
1660464 67764 333 29369
1660465 67764 333 2161
1660466 67764 333 895
1660467 67764 333 451
1660468 67764 333 1430
1660469 67764 333 102124
1660481 382262 333 774
1660482 382262 333 638
1660483 382262 333 139
1660484 382262 333 2895
1660485 382262 333 342
1660486 382262 333 507
1660487 382262 333 1779
1660488 382263 333 254
1660489 382263 333 27827
1660490 382264 333 77544
1660491 382264 333 643
1660498 382267 333 216
1660499 382267 333 144
1660500 382267 333 1775
1660501 382268 333 1597
1660502 382268 333 41654
1660503 382268 333 19685
1660504 382269 333 1453
1660505 78715 333 254
1660506 78715 333 2592
1660507 78715 333 1703
1660508 78715 333 2486
1660509 78715 333 2936
1660510 78715 333 365
1660511 78715 333 2657
1660512 78715 333 359
1660513 78715 333 1162
1660514 78715 333 1779
1660515 78715 333 4713
1660516 78715 333 16767
1660517 78715 333 4356
1660518 78715 333 637
1660519 78715 333 529
1660520 78715 333 873
1660521 78715 333 4715
1660522 78715 333 72
1660523 78715 333 643
1660524 78715 333 1160
1660525 78715 333 369
1660526 78715 333 895
1660527 78715 333 285
1660528 78715 333 1793
1660529 78715 333 90
1660530 94694 333 992
1660531 94694 333 1560
1660532 94694 333 1819
1660533 94694 333 276
1660534 94694 333 1779
1660535 94694 333 638
1660536 94694 333 301
1660537 94694 333 1122
1660538 94694 333 637
1660539 94694 333 1714
1660540 94694 333 894
1660541 94694 333 392
1660542 94694 333 72
1660543 94694 333 39
1660544 94694 333 369
1660545 94694 333 895
1660546 94694 333 451
1660547 94694 333 90
1660548 94694 333 20
1660549 94694 333 1115
1660550 94694 333 44
1660551 382270 333 638
1660552 382270 333 6
1660553 14608 333 262
1660554 14608 333 70
1660574 381459 333 5830
1660575 381459 333 20878
1660583 382273 333 102125
1660605 244760 333 41195
1660610 382279 333 254
1660611 382280 333 65274
1660612 382281 333 102127
1660624 142762 333 1722
1660625 142762 333 1867
1660626 142762 333 1062
1660627 142762 333 1191
1660628 142762 333 996
1660629 142762 333 311
1660630 142762 333 1745
1660631 142762 333 1744
1660632 142762 333 894
1660633 142762 333 1591
1660634 142762 333 2338
1660635 142762 333 72
1660636 382285 333 254
1660637 382286 333 1751
1660638 382286 333 638
1660639 50378 333 8818
1660640 50378 333 188
1660641 50378 333 1679
1660642 50378 333 11
1660643 50378 333 44
1660644 50378 333 285
1660645 50378 333 1738
1660646 382287 333 33527
1660705 382290 333 311
1660706 382290 333 1565
1660708 382291 333 21226
1660709 382291 333 365
1660710 382291 333 1450
1660715 382293 333 54817
1660717 252009 333 2275
1660718 252009 333 2276
1660719 252009 333 72
1660720 252009 333 29369
1660721 252009 333 285
1660722 252009 333 869
1660723 252009 333 1115
1660750 382297 333 65274
1660751 382298 333 65274
1660762 382303 333 2176
1660763 382303 333 813
1660764 382304 333 700
1660765 382304 333 1779
1660766 382305 333 529
1660767 382305 333 332
1660768 382305 333 220
1660769 382305 333 87993
1660773 382306 333 254
1660774 382306 333 77544
1660775 382306 333 1178
1660776 127374 333 8818
1660777 127374 333 104
1660778 127374 333 894
1660779 127375 333 894
1660780 382307 333 4297
1660781 382307 333 10928
1660782 68304 333 102130
1660783 68304 333 276
1660784 68304 333 307
1660785 68304 333 4715
1660786 68304 333 1779
1660787 68304 333 16444
1660790 382309 333 254
1660791 31135 333 1141
1660792 31135 333 90
1660793 31135 333 6
1660794 31135 333 638
1660795 31135 333 1937
1660796 31135 333 20
1660797 31135 333 138
1660798 31135 333 1560
1660809 68352 333 894
1660810 382312 333 894
1660811 382312 333 29573
1660812 382312 333 26069
1660813 382313 333 894
1660814 382313 333 29573
1660815 7270 333 992
1660816 7270 333 2469
1660817 7270 333 2373
1660818 7270 333 1313
1660819 7270 333 846
1660820 7270 333 894
1660821 7270 333 703
1660822 7270 333 523
1660823 7270 333 3290
1660824 7270 333 19756
1660825 7270 333 72
1660826 7270 333 1119
1660827 7270 333 39
1660828 7270 333 285
1660829 7270 333 1115
1660830 7270 333 734
1660831 7270 333 367
1660832 7270 333 2730
1660833 7270 333 935
1660836 382315 333 894
1660837 382315 333 1779
1660838 382316 333 894
1660839 382316 333 102131
1660840 382316 333 374
1660841 354931 333 638
1660842 354931 333 992
1660843 354931 333 894
1660844 354931 333 5101
1660845 354931 333 730
1660846 382317 333 894
1660847 382317 333 992
1660848 382317 333 4230
1660849 382317 333 813
1660850 140454 333 332
1660851 140454 333 318
1660852 140454 333 469
1660853 382318 333 25729
1660857 382320 333 1058
1660858 382320 333 982
1660859 382320 333 104
1660860 382320 333 894
1660861 382320 333 960
1660862 382320 333 77
1660863 382320 333 730
1660864 382320 333 1007
1660865 382320 333 11
1660866 382320 333 1127
1660867 382320 333 139
1660868 382320 333 4140
1660869 382320 333 895
1660870 382320 333 2605
1660871 382320 333 44
1660872 382320 333 1738
1660873 382320 333 703
1660875 382322 333 19895
1660876 382322 333 225
1660887 161834 333 638
1660890 127433 333 2891
1660891 127433 333 2890
1660900 382330 333 1838
1660901 382330 333 44
1660902 382330 333 527
1660903 68569 333 44
1660904 68569 333 1160
1660905 68569 333 139
1660906 68569 333 643
1660907 68569 333 285
1660908 68569 333 138
1660909 68569 333 1007
1660910 382331 333 29
1660911 168582 333 1057
1660912 168582 333 915
1660913 168582 333 254
1660914 168582 333 3290
1660915 168582 333 3593
1660916 168582 333 2373
1660917 168582 333 1303
1660926 276204 333 53417
1660927 276204 333 15518
1660928 127454 333 16440
1660929 127454 333 1957
1660935 382336 333 77544
1660936 382337 333 2936
1660937 382337 333 2657
1660938 382338 333 254
1660939 382338 333 1745
1660940 75449 333 6208
1660941 75449 333 359
1660942 382339 333 102135
1660943 382339 333 991
1660944 382339 333 76
1660946 382341 333 2631
1660947 382341 333 2176
1660948 382341 333 78511
1660951 382344 333 254
1660952 382344 333 72
1660955 382346 333 4261
1660956 382346 333 58105
1660957 382347 333 4261
1660958 382347 333 58105
1660962 382349 333 102104
1660963 382349 333 54412
1660967 68772 333 1775
1660968 68772 333 529
1660969 68772 333 4582
1660981 382356 333 307
1660982 382356 333 2729
1660983 382357 333 1171
1660984 382357 333 1744
1660985 382358 333 13784
1660986 382358 333 73886
1660987 382359 333 65274
1660993 382361 333 21401
1660994 382361 333 1838
1660995 382361 333 49075
1660996 382362 333 138
1660997 74601 333 563
1660998 74601 333 72
1661005 382364 333 2114
1661006 382364 333 4532
1661007 382364 333 1704
1661008 382364 333 2486
1661009 382364 333 4272
1661010 382364 333 4713
1661011 382364 333 1744
1661012 382364 333 307
1661013 382364 333 523
1661014 382364 333 1239
1661015 382364 333 334
1661016 382364 333 8820
1661017 382364 333 1565
1661018 382364 333 643
1661019 382364 333 451
1661020 382364 333 1555
1661021 382365 333 100638
1661022 382365 333 1913
1661023 382365 333 102137
1661024 382365 333 102114
1661028 127537 333 37180
1661029 127537 333 638
1661030 59701 333 1106
1661031 59701 333 527
1661032 59701 333 46
1661033 59701 333 1738
1661034 59701 333 144
1661035 59701 333 1117
1661036 59701 333 108
1661037 59701 333 44
1661038 59701 333 138
1661039 382367 333 65274
1661040 382368 333 254
1661041 382368 333 77544
1661058 382371 333 2797
1661064 382373 333 311
1661065 382373 333 1565
1661066 382373 333 3713
1661067 382374 333 73164
1661078 382376 333 77544
1661079 382376 333 254
1661080 382376 333 65274
1661081 382377 333 254
1661082 382377 333 77544
1661083 382377 333 583
1661084 24336 333 1141
1661085 24336 333 638
1661086 382378 333 1171
1661087 382378 333 1560
1661088 382378 333 638
1661089 382378 333 1125
1661090 382378 333 6
1661091 382378 333 816
1661092 382378 333 369
1661093 382378 333 90
1661094 382379 333 125
1661095 382379 333 2592
1661096 382379 333 1703
1661097 382379 333 1560
1661098 382379 333 638
1661099 382379 333 1745
1661100 382379 333 4356
1661101 382379 333 1125
1661102 382379 333 6
1661103 382379 333 1141
1661104 382380 333 1141
1661105 24430 333 1134
1661106 24430 333 221
1661107 24430 333 1007
1661110 144772 333 216
1661111 144772 333 305
1661112 144772 333 1106
1661113 144772 333 1007
1661114 144772 333 11
1661115 144772 333 44
1661116 144772 333 30
1661119 107832 333 4406
1661120 107832 333 451
1661129 382385 333 332
1661143 382392 333 254
1661144 382392 333 77544
1661145 382393 333 1703
1661146 382393 333 76770
1661147 382393 333 15
1661161 74900 333 1162
1661162 74900 333 1745
1661163 74900 333 873
1661164 74900 333 139
1661165 74900 333 155
1661166 74900 333 44
1661176 127629 333 66828
1661177 127629 333 25729
1661178 163696 333 941
1661179 163696 333 536
1661180 163696 333 1703
1661181 163696 333 138
1661182 163696 333 311
1661183 163696 333 1745
1661184 163696 333 342
1661185 163696 333 1185
1661186 163696 333 64
1661187 163696 333 1125
1661188 163696 333 6
1661189 163696 333 816
1661190 163696 333 72
1661191 163696 333 39
1661192 163696 333 869
1661193 163696 333 41197
1661194 163696 333 1651
1661195 163696 333 22731
1661196 163696 333 1627
1661197 163696 333 102140
1661198 163696 333 26662
1661199 382399 333 1744
1661200 382399 333 638
1661203 382401 333 102141
1661204 382401 333 1049
1661208 382403 333 1820
1661217 275947 333 894
1661218 275947 333 3093
1661232 122807 333 1021
1661233 122807 333 8818
1661234 122807 333 4261
1661235 122807 333 894
1661236 122807 333 98
1661237 68249 333 1162
1661238 68249 333 1779
1661239 382411 333 2176
1661240 382411 333 5927
1661253 382412 333 1775
1661254 382412 333 254
1661255 382413 333 4245
1661256 382413 333 17439
1661258 382415 333 392
1661265 382418 333 4261
1661266 382419 333 220
1661267 382419 333 2890
1661268 382419 333 276
1661269 382419 333 5962
1661270 382419 333 44
1661271 382419 333 285
1661272 382420 333 254
1661273 382420 333 301
1661274 382421 333 65274
1661275 382421 333 2393
1661276 382421 333 254
1661282 382425 333 73406
1661283 382425 333 4677
1661284 382426 333 25669
1661285 382426 333 4272
1661286 382426 333 2176
1661290 382427 333 57056
1661294 382428 333 102146
1661295 382428 333 774
1661296 382428 333 3290
1661297 382428 333 9535
1661301 382432 333 65274
1661302 382433 333 65274
1661306 382435 333 254
1661307 382435 333 16926
1661308 382436 333 65274
1661309 382437 333 27332
1661310 382437 333 1704
1661311 382437 333 29
1661312 382437 333 127
1661313 382437 333 76845
1661314 382437 333 1119
1661315 382438 333 102147
1661316 382439 333 4202
1661317 382439 333 4247
1661318 382439 333 4267
1661319 382439 333 4722
1661320 382440 333 15
1661321 382440 333 2797
1661322 382440 333 4267
1661323 382440 333 4247
1661324 382440 333 1233
1661325 382440 333 1128
1661326 382440 333 4722
1661327 382440 333 367
1661328 382441 333 77544
1661351 188571 333 311
1661352 188571 333 102148
1661353 382446 333 65274
1661354 382446 333 254
1661355 382446 333 2637
1661356 382447 333 254
1661357 382447 333 72
1661363 382448 333 65274
1661364 382448 333 254
1661365 382448 333 95890
1661366 382449 333 254
1661367 382449 333 77544
1661368 382450 333 21
1661369 382450 333 638
1661370 382450 333 80
1661371 382450 333 2371
1661372 382450 333 72
1661373 382450 333 19473
1661374 382450 333 369
1661375 382450 333 451
1661376 382450 333 90
1661377 382450 333 1123
1661378 382450 333 3835
1661379 382450 333 8907
1661380 96651 333 1021
1661381 96651 333 730
1661382 96651 333 894
1661383 96651 333 139
1661384 96651 333 992
1661385 96651 333 709
1661386 96651 333 285
1661398 382453 333 4247
1661399 382453 333 2592
1661401 382455 333 102149
1661402 382455 333 2525
1661403 382455 333 882
1661406 108213 333 2936
1661407 382457 333 4663
1661408 382457 333 730
1661409 382457 333 1446
1661410 382457 333 51231
1661411 17311 333 894
1661412 32583 333 254
1661413 32583 333 5055
1661414 75835 333 1191
1661415 75835 333 996
1661416 75835 333 2338
1661417 75835 333 1722
1661418 75835 333 72
1661419 75835 333 1867
1661420 75835 333 1062
1661422 382458 333 311
1661423 24840 333 28
1661424 24840 333 3846
1661425 382459 333 254
1661426 382459 333 5055
1661427 382459 333 23996
1661428 382460 333 21
1661429 382460 333 2236
1661430 382460 333 2371
1661431 382460 333 2647
1661432 382460 333 1714
1661433 382460 333 72
1661434 382460 333 365
1661435 382461 333 1169
1661436 382461 333 254
1661437 382461 333 4247
1661438 382462 333 7002
1661439 382462 333 26433
1661440 382462 333 882
1661446 382465 333 26544
1661447 382465 333 359
1661457 382469 333 1867
1661458 382471 333 44917
1661459 382471 333 21427
1661460 382471 333 3176
1661463 382473 333 781
1661464 364771 333 359
1661465 382474 333 26544
1661466 382474 333 359
1661471 382478 333 254
1661472 382478 333 152
1661487 382481 333 719
1661488 382481 333 25795
1661489 382482 333 4261
1661490 382482 333 58105
1661491 382483 333 65274
1661492 382484 333 4715
1661493 382484 333 4943
1661494 246710 333 1191
1661495 246710 333 16706
1661496 382485 333 4945
1661497 382486 333 102096
1661531 382488 333 65274
1661532 382488 333 4502
1661533 382488 333 254
1661536 382490 333 6
1661537 382490 333 54628
1661538 382490 333 54412
1661539 382491 333 102152
1661559 382496 333 254
1661560 382496 333 72
1661561 382497 333 54817
1661562 382498 333 12782
1661563 382499 333 46539
1661573 108409 333 25729
1661579 382504 333 102114
1661580 382504 333 100638
1661581 382505 333 25669
1661582 382505 333 4272
1661583 382505 333 2176
1661584 382505 333 54412
1661588 382507 333 254
1661589 382507 333 77544
1661590 382507 333 1591
1661596 24909 333 2371
1661597 24909 333 828
1661598 382508 333 65274
1661599 24915 333 138
1661600 24915 333 287
1661601 24915 333 46
1661602 24915 333 44
1661603 24915 333 527
1661604 24915 333 1058
1661605 24915 333 108
1661607 382509 333 65274
1661614 382511 333 781
1661615 382511 333 43993
1661616 382512 333 894
1661617 382512 333 992
1661618 382512 333 29573
1661619 264327 333 992
1661620 264327 333 1021
1661621 264327 333 638
1661622 264327 333 1122
1661623 264327 333 474
1661624 264327 333 894
1661625 264327 333 703
1661626 264327 333 342
1661627 264327 333 127
1661628 264327 333 29
1661629 264327 333 24421
1661630 264327 333 865
1661631 264327 333 730
1661632 264327 333 1127
1661633 264327 333 139
1661634 264327 333 748
1661635 264327 333 451
1661636 264327 333 90
1661637 264327 333 20
1661638 264327 333 507
1661677 382517 333 6263
1661678 382517 333 2023
1661679 382517 333 2072
1661680 382517 333 46539
1661689 84265 333 638
1661690 84265 333 2161
1661691 84265 333 61912
1661692 84265 333 72
1661693 84265 333 374
1661694 84265 333 2690
1661695 84265 333 1625
1661696 39161 333 941
1661697 39161 333 2373
1661698 39161 333 1703
1661699 39161 333 138
1661700 39161 333 1058
1661701 39161 333 365
1661702 39161 333 221
1661703 39161 333 982
1661704 39161 333 1128
1661705 39161 333 1162
1661706 39161 333 290
1661707 39161 333 1937
1661708 39161 333 1745
1661709 39161 333 1183
1661710 39161 333 301
1661711 39161 333 1125
1661712 39161 333 816
1661713 39161 333 1141
1661714 39161 333 11
1661715 39161 333 72
1661716 39161 333 1127
1661717 39161 333 139
1661718 39161 333 1119
1661719 39161 333 39
1661720 39161 333 369
1661721 39161 333 155
1661722 39161 333 285
1661723 39161 333 451
1661724 39161 333 1612
1661725 39161 333 1115
1661726 39161 333 709
1661727 39161 333 44
1661728 39161 333 46
1661729 39161 333 1738
1661730 39161 333 828
1661737 45740 333 4069
1661738 45740 333 6487
1661739 45740 333 221
1661740 45740 333 2513
1661741 45740 333 5196
1661742 382520 333 102153
1661743 382521 333 1150
1661744 382521 333 425
1661745 382522 333 254
1661746 382522 333 4261
1661751 382526 333 102155
1661752 382526 333 2437
1661753 382526 333 15256
1661754 382526 333 2758
1661755 382526 333 102156
1661756 22460 333 1106
1661757 22460 333 1007
1661773 382531 333 3463
1661774 382531 333 2176
1661775 382532 333 95890
1661776 382532 333 254
1661783 32708 333 254
1661784 32708 333 102157
1661785 32708 333 77544
1661786 108607 333 7008
1661787 108607 333 873
1661788 108607 333 1793
1661789 71461 333 4261
1661800 72777 333 3203
1661801 72777 333 2646
1661802 72777 333 836
1661803 72777 333 536
1661806 382539 333 65274
1661807 382539 333 254
1661808 382539 333 95890
1661809 382540 333 65274
1661810 382540 333 254
1661811 382540 333 95890
1661812 382541 333 65274
1661813 382541 333 254
1661814 382541 333 95890
1661819 382543 333 1170
1661820 382543 333 1169
1661821 382543 333 254
1661822 382543 333 1745
1661823 382544 333 118
1661824 382544 333 216
1661825 382545 333 1136
1661826 382545 333 125
1661827 382545 333 1775
1661828 382545 333 15
1661829 382545 333 254
1661830 382545 333 1106
1661831 382545 333 2373
1661832 382545 333 1703
1661833 382545 333 798
1661834 382545 333 1058
1661835 382545 333 1313
1661836 382545 333 846
1661837 382545 333 638
1661838 382545 333 104
1661839 382545 333 1172
1661840 382545 333 960
1661841 382545 333 1007
1661842 382545 333 305
1661843 382545 333 11
1661844 382545 333 2061
1661845 382545 333 220
1661846 382545 333 1127
1661847 382545 333 139
1661848 382545 333 748
1661849 382545 333 1119
1661850 382545 333 369
1661851 382545 333 895
1661852 382545 333 451
1661853 382545 333 90
1661854 382545 333 1115
1661855 382545 333 44
1661856 382545 333 46
1661857 382545 333 1738
1661858 382545 333 216
1661859 382545 333 367
1661860 382545 333 8676
1661861 382546 333 65274
1661866 382548 333 12250
1661867 370228 333 307
1661872 382551 333 1282
1661873 42528 333 108
1661874 42528 333 138
1661875 42528 333 46
1661876 42528 333 1117
1661877 46788 333 668
1661878 46788 333 125
1661879 46788 333 1106
1661880 46788 333 108
1661881 46788 333 138
1661882 46788 333 982
1661883 46788 333 290
1661884 46788 333 527
1661885 46788 333 25729
1661886 46788 333 155
1661887 46788 333 285
1661888 46788 333 709
1661889 46788 333 2605
1661890 46788 333 44
1661891 46788 333 46
1661892 46788 333 1738
1661893 46788 333 1117
1661894 369496 333 30
1661895 369496 333 276
1661896 369496 333 307
1661897 369496 333 1653
1661898 369496 333 3743
1661901 382553 333 254
1661902 382553 333 44
1661903 382553 333 17439
1661904 382554 333 1896
1661905 382555 333 523
1661906 382555 333 76
1661907 382555 333 44
