103128 27526 38 3151
103129 27526 38 3141
103130 27526 38 72
103131 27526 38 40
103132 27526 38 503
103133 27526 38 20
103134 27526 38 6799
103142 27528 38 3182
103143 27528 38 1019
103144 27528 38 6801
103149 27529 38 1141
103150 27529 38 20
103151 27529 38 6
103152 27529 38 5928
103153 27530 38 285
103154 27530 38 639
103155 27530 38 637
103156 27530 38 635
103157 27530 38 1299
103163 22817 38 6259
103164 22817 38 507
103165 22817 38 5196
103166 22817 38 90
103167 22817 38 285
103176 27534 38 1832
103177 27534 38 6011
103178 27534 38 77
103179 27534 38 21
103180 27534 38 982
103181 27534 38 126
103182 27535 38 2150
103183 27535 38 507
103184 27535 38 1128
103185 27535 38 1896
103186 27535 38 917
103187 11299 38 129
103188 11299 38 285
103189 11299 38 110
103190 11299 38 188
103191 11299 38 1058
103192 11299 38 1738
103204 23129 38 1197
103205 23129 38 21
103206 23129 38 138
103207 23129 38 1049
103208 23129 38 6806
103209 23129 38 1703
103210 23129 38 1303
103211 27540 38 3
103212 27540 38 138
103213 27540 38 46
103214 27540 38 926
103219 27542 38 138
103220 27542 38 5918
103221 27542 38 108
103222 27542 38 369
103223 27543 38 4028
103224 27543 38 20
103225 27543 38 6808
103226 27543 38 1937
103227 27543 38 5549
103228 27543 38 90
103229 27543 38 941
103230 3857 38 635
103231 3857 38 637
103232 3857 38 639
103233 3857 38 1299
103234 3857 38 15
103247 27546 38 3703
103248 27546 38 138
103249 27546 38 6479
103250 27546 38 2298
103257 27547 38 6809
103258 27547 38 90
103259 27547 38 6810
103260 27547 38 20
103261 27547 38 5928
103262 27547 38 138
103263 27547 38 46
103273 27550 38 108
103274 27550 38 46
103275 27550 38 369
103276 27550 38 138
103277 27550 38 72
103278 27550 38 1117
103279 27551 38 138
103280 27551 38 46
103281 27551 38 187
103282 27551 38 1937
103283 27551 38 284
103284 27552 38 104
103285 27552 38 3594
103286 27552 38 72
103287 27552 38 1679
103288 27552 38 709
103302 27554 38 2404
103303 27554 38 138
103304 27554 38 2902
103305 3931 38 668
103306 3931 38 108
103307 3931 38 110
103308 3931 38 11
103309 3931 38 90
103310 3931 38 3
103311 27555 38 108
103312 27555 38 6812
103313 27555 38 46
103319 190 38 203
103320 190 38 108
103321 190 38 110
103322 22182 38 108
103323 22182 38 138
103324 22182 38 4446
103325 22182 38 44
103326 22182 38 4595
103342 27560 38 6816
103343 27560 38 77
103344 27560 38 6817
103345 27560 38 139
103346 27560 38 104
103347 1029 38 40
103348 1029 38 507
103349 1029 38 81
103350 1029 38 370
103351 1029 38 72
103352 1029 38 503
103353 1029 38 441
103354 1029 38 982
103355 27561 38 6818
103356 27561 38 144
103357 22960 38 108
103358 22960 38 182
103359 22960 38 46
103360 22960 38 6819
103361 22960 38 44
103362 22960 38 72
103363 27562 38 46
103364 27562 38 129
103365 27562 38 4446
103366 27562 38 90
103367 27562 38 109
103368 27563 38 14
103369 27563 38 72
103370 27563 38 769
103389 27568 38 668
103390 27568 38 90
103391 27568 38 11
103392 27568 38 20
103415 27574 38 108
103416 27574 38 138
103417 27574 38 4595
103418 27574 38 285
103419 27575 38 188
103420 27575 38 125
103421 27575 38 90
103422 27575 38 44
103423 27576 38 2156
103424 27576 38 638
103425 27576 38 6823
103426 27576 38 72
103427 27576 38 6824
103428 27576 38 90
103429 27576 38 6825
103446 453 38 503
103447 453 38 4
103448 453 38 1943
103449 453 38 2993
103450 453 38 72
103462 27583 38 873
103463 27583 38 6829
103464 27583 38 323
103465 27583 38 2993
103466 27583 38 139
103467 27584 38 365
103468 27584 38 2330
103469 27584 38 6830
103470 27584 38 1169
103471 27584 38 81
103477 211 38 138
103478 211 38 1937
103479 211 38 46
103480 211 38 5702
103481 211 38 90
103482 211 38 1267
103483 27586 38 108
103484 27586 38 46
103485 27586 38 138
103486 27586 38 285
103487 27586 38 926
103488 27586 38 369
103505 27590 38 1771
103506 27590 38 5687
103507 27590 38 638
103508 27590 38 6831
103509 27590 38 2627
103510 27590 38 1019
103511 27591 38 5687
103512 27591 38 1718
103513 27591 38 139
103514 27592 38 6832
103515 27592 38 6833
103516 27592 38 359
103517 27592 38 1034
103518 27592 38 6834
103519 27592 38 3148
103527 27594 38 108
103528 27594 38 46
103529 27594 38 961
103530 27594 38 120
103531 27594 38 90
103538 27596 38 108
103539 27596 38 1738
103540 27596 38 551
103560 27600 38 1007
103561 27600 38 75
103562 27600 38 11
103563 27600 38 668
103564 27600 38 1738
103575 27604 38 14
103576 27604 38 6840
103577 27604 38 90
103578 27604 38 545
103579 27604 38 638
103580 27605 38 2324
103587 27607 38 108
103588 27607 38 1436
103589 27607 38 72
103590 27607 38 44
103591 27607 38 6842
103592 27607 38 138
103593 27607 38 1370
103631 27615 38 2585
103632 27615 38 90
103633 27615 38 802
103634 27615 38 6849
103635 4833 38 5
103636 4833 38 982
103637 4833 38 21
103638 4833 38 781
103639 4833 38 126
103640 4833 38 11
103641 4833 38 780
103674 27623 38 259
103675 27623 38 138
103676 27623 38 6854
103677 27623 38 290
103678 27623 38 46
103679 27623 38 285
103694 465 38 182
103695 465 38 259
103696 465 38 285
103703 27627 38 873
103704 27629 38 259
103705 27629 38 138
103706 27629 38 285
103712 27632 38 503
103713 27632 38 72
103714 27632 38 2155
103715 27632 38 2230
103716 27632 38 6856
103742 27638 38 108
103743 27638 38 46
103744 27638 38 44
103745 27638 38 72
103746 27638 38 551
103747 27638 38 11
103748 239 38 1886
103749 239 38 108
103750 239 38 138
103751 239 38 110
103752 27639 38 108
103753 27639 38 46
103754 27639 38 90
103755 27639 38 1886
103756 27639 38 138
103757 27639 38 1897
103758 27639 38 369
103773 27642 38 108
103774 27642 38 46
103775 27642 38 6174
103776 27642 38 138
103777 27642 38 6864
103778 27642 38 926
103779 23336 38 46
103780 23336 38 108
103781 23336 38 4446
103782 23336 38 203
103783 27643 38 108
103784 27643 38 4446
103791 22590 38 129
103792 22590 38 46
103793 22590 38 4599
103794 22590 38 1886
103800 23348 38 129
103801 23348 38 46
103802 23348 38 1738
103810 27646 38 108
103811 27646 38 110
103812 27646 38 20
103813 27646 38 4446
103830 20015 38 2679
103831 20015 38 2682
103832 20015 38 276
103833 20015 38 285
103834 20015 38 1779
103842 27653 38 1321
103843 27653 38 1313
103844 27653 38 374
103845 23371 38 108
103846 23371 38 110
103847 23371 38 6872
103848 23371 38 1886
103849 23371 38 138
103850 27654 38 829
103851 27654 38 104
103852 27654 38 3490
103853 27654 38 638
103854 27654 38 369
103855 27655 38 829
103856 27655 38 2007
103857 27655 38 104
103858 27655 38 139
103860 27657 38 138
103866 27659 38 46
103867 27659 38 108
103868 27659 38 138
103869 27659 38 77
103870 27659 38 144
103871 27659 38 285
103872 27659 38 44
103893 27665 38 1138
103894 27665 38 10
103895 27665 38 1133
103896 27665 38 90
103897 27665 38 11
103925 21964 38 46
103926 21964 38 187
103927 21964 38 129
103928 21964 38 3567
103929 21964 38 6026
103935 27672 38 6879
103936 27673 38 108
103937 27673 38 474
103938 27673 38 72
103939 27673 38 551
103940 27673 38 530
103941 5427 38 188
103942 5427 38 108
103943 5427 38 46
103944 5427 38 3285
103945 5427 38 6016
103946 5427 38 11
103947 27674 38 20
103948 27674 38 1141
103949 27674 38 138
103950 27674 38 1937
103951 27674 38 1267
103952 27674 38 90
103953 27675 38 188
103954 27675 38 5631
103955 27675 38 700
103956 27675 38 2902
103957 27675 38 285
103958 27675 38 108
103959 27675 38 46
103960 27675 38 2081
103961 27676 38 1141
103962 27676 38 20
103963 27676 38 638
103964 27676 38 138
103965 27676 38 90
103966 27676 38 816
103967 27676 38 6
103973 27678 38 14
103974 27678 38 100
103975 27679 38 829
103976 27679 38 104
103977 27679 38 77
103978 27679 38 138
103979 27679 38 285
103980 27680 38 365
103981 27680 38 1707
103982 27680 38 81
103983 27680 38 80
104000 27685 38 6833
104001 27685 38 6832
104002 27685 38 6882
104008 27688 38 70
104009 27688 38 276
104010 27689 38 6796
104011 27689 38 11
104012 27689 38 1007
104048 27699 38 3151
104049 27699 38 644
104050 27699 38 90
104051 27699 38 11
104052 27699 38 20
104053 27699 38 1321
104060 2291 38 77
104061 2291 38 982
104062 2291 38 370
104063 2291 38 1230
104064 2291 38 40
104065 2291 38 81
104066 2291 38 974
104067 2291 38 4650
104068 27703 38 6892
104069 27703 38 366
104070 27703 38 596
104078 27705 38 2081
104079 27705 38 168
104087 25673 38 1125
104088 25673 38 2392
104089 25673 38 3
104090 25673 38 290
104093 27710 38 739
104094 27710 38 182
104095 27710 38 285
104096 27710 38 6000
104097 27710 38 46
104102 27291 38 829
104103 27291 38 742
104104 27291 38 139
104105 27291 38 6896
104106 27291 38 2007
104107 27291 38 126
104117 27714 38 6897
104118 27714 38 90
104119 27714 38 1937
104120 27714 38 1141
104121 27714 38 138
104122 27714 38 638
104136 27721 38 110
104137 27721 38 138
104138 27721 38 1138
104139 27721 38 11
104140 27721 38 5917
104141 27721 38 1133
104142 27722 38 1007
104143 27722 38 11
104144 27722 38 90
104145 27722 38 638
104148 27723 38 276
104149 27723 38 1147
104150 27723 38 285
104151 27723 38 5827
104156 27725 38 276
104157 27725 38 5962
104158 27725 38 318
104173 27730 38 182
104174 27730 38 46
104175 27730 38 4595
104176 27730 38 187
104177 27730 38 4446
104178 27730 38 108
104179 27730 38 6901
104186 27733 38 697
104187 27733 38 104
104188 27733 38 369
104189 27733 38 2372
104194 21528 38 557
104195 21528 38 441
104196 21528 38 1128
104197 27735 38 46
104198 27735 38 138
104199 27735 38 1267
104200 27735 38 108
104208 1399 38 1040
104209 1399 38 3
104210 1399 38 2908
104211 1399 38 5
104212 1399 38 780
104213 1399 38 21
104218 27738 38 6813
104219 27738 38 6754
104230 27742 38 6674
104231 27742 38 3556
104232 27742 38 6907
104233 27742 38 638
104234 27742 38 865
104242 27744 38 108
104243 27744 38 110
104244 27744 38 203
104245 27744 38 1117
104254 6592 38 53
104255 6592 38 70
104256 6592 38 1714
104257 6592 38 285
104258 27747 38 795
104259 27747 38 347
104260 27747 38 709
104261 27747 38 717
104279 23878 38 961
104280 23878 38 138
104281 23878 38 187
104282 23878 38 4895
104283 23878 38 3567
104284 23878 38 46
104285 23878 38 284
104292 26426 38 1183
104293 26426 38 20
104294 26426 38 926
104295 27753 38 384
104296 27753 38 285
104297 27753 38 635
104298 27753 38 3
104299 27754 38 125
104300 27754 38 557
104301 27754 38 1896
104302 27754 38 1134
104303 27754 38 1128
104307 27757 38 4599
104308 27757 38 108
104309 27757 38 138
104310 27757 38 4446
104311 27758 38 104
104312 27758 38 992
104313 27758 38 3490
104314 27758 38 6912
104323 27761 38 1299
104324 27761 38 635
104325 27761 38 2288
104326 23932 38 108
104327 23932 38 4446
104328 23932 38 46
104329 23932 38 551
104330 23932 38 203
104348 27767 38 228
104349 27767 38 2150
104350 27767 38 11
104351 27767 38 90
104352 27767 38 5918
104353 27767 38 668
104354 27767 38 474
104355 27768 38 75
104356 27768 38 668
104357 27768 38 6915
104358 27768 38 77
104359 23993 38 188
104360 23993 38 5939
104361 23993 38 1886
104362 23993 38 11
104363 23993 38 108
104364 23993 38 46
104366 27770 38 138
104367 27770 38 64
104368 27770 38 110
104369 27770 38 1937
104370 27770 38 2298
104371 27770 38 6916
104372 27770 38 285
104377 27772 38 362
104378 27772 38 3
104379 27772 38 668
104380 27772 38 635
104381 27772 38 4252
104385 27774 38 344
104386 27774 38 11
104387 27774 38 1106
104388 27774 38 879
104389 27774 38 3159
104390 27774 38 72
104391 27774 38 1058
104408 27776 38 14
104409 27776 38 6840
104410 27776 38 302
104411 27776 38 380
104415 27778 38 90
104416 27778 38 108
104417 27778 38 46
104418 27778 38 6058
104419 27778 38 138
104426 27781 38 100
104427 27781 38 507
104428 27781 38 11
104429 27781 38 81
104430 27781 38 441
104431 27782 38 1605
104432 27782 38 2648
104433 27782 38 1896
104434 27782 38 6919
104439 7106 38 635
104440 7106 38 637
104441 7106 38 5914
104442 7106 38 369
104443 7106 38 15
104444 7106 38 1299
104445 7106 38 6156
104446 16425 38 637
104447 16425 38 39
104448 16425 38 1779
104449 16425 38 635
104462 27787 38 1611
104463 27787 38 104
104464 27787 38 6922
104465 27787 38 1127
104466 27787 38 6754
104467 27787 38 6923
104479 27790 38 829
104480 27790 38 90
104481 27790 38 1373
104482 27790 38 769
104483 27790 38 638
104484 9470 38 129
104485 9470 38 4446
104486 9470 38 110
104487 9470 38 551
104488 27792 38 2911
104489 27792 38 2489
104490 27792 38 982
104491 27792 38 3200
104492 27792 38 693
104493 27792 38 802
104494 27792 38 104
104499 27795 38 697
104500 27795 38 2891
104501 27795 38 104
104502 27795 38 638
104503 27795 38 865
104512 27799 38 6111
104513 27799 38 46
104514 27799 38 6112
104515 27799 38 700
104516 27800 38 829
104517 27800 38 6718
104518 27800 38 104
104519 27800 38 638
104520 27800 38 6929
104523 27803 38 104
104524 27803 38 992
104525 27803 38 3490
104526 27803 38 6912
104534 27805 38 6833
104535 27805 38 6832
104536 27805 38 3148
104537 27805 38 318
104538 27805 38 798
104551 27809 38 1007
104552 27809 38 11
104553 27809 38 294
104554 27809 38 618
104555 27809 38 21
104556 27809 38 72
104561 24140 38 129
104562 24140 38 46
104563 24140 38 90
104564 24140 38 1117
104565 27811 38 1007
104566 27811 38 960
104567 27811 38 6934
104568 27811 38 730
104569 27811 38 677
104570 27811 38 347
104572 2754 38 80
104573 2754 38 40
104574 2754 38 757
104575 2754 38 982
104576 2754 38 81
104583 27814 38 894
104584 27814 38 139
104585 27814 38 730
104586 27814 38 264
104587 27814 38 1410
104588 27814 38 992
104589 27814 38 795
104590 27815 38 873
104591 27815 38 40
104592 27815 38 772
104593 27815 38 6937
104594 27816 38 6855
104595 27817 38 873
104596 27817 38 6938
104597 27817 38 1937
104598 27817 38 2993
104599 27817 38 294
104600 27818 38 873
104601 27818 38 6939
104602 27818 38 6940
104603 27818 38 6941
104604 27818 38 2993
104605 27818 38 72
104606 27818 38 21
104619 27821 38 3
104620 27821 38 668
104621 27821 38 6156
104622 27821 38 46
104623 27821 38 228
104624 27821 38 154
104625 27821 38 138
104626 27822 38 873
104627 27822 38 77
104628 27822 38 2993
104629 27822 38 503
104630 27822 38 323
104636 27824 38 138
104637 27824 38 4446
104638 27824 38 4595
104639 27824 38 108
104643 24200 38 108
104644 24200 38 46
104645 24200 38 291
104646 24200 38 6942
104647 24200 38 1116
104648 24200 38 44
104649 24200 38 138
104652 27827 38 1154
104653 27827 38 644
104654 27827 38 104
104655 27827 38 6943
104656 27827 38 6944
104657 27827 38 2373
104697 27835 38 4196
104698 27835 38 1720
104699 27835 38 285
104700 27836 38 1141
104701 27836 38 285
104702 27836 38 259
104703 27836 38 6945
104704 27836 38 4329
104708 27838 38 961
104709 27838 38 982
104710 27838 38 46
104711 27838 38 138
104712 27838 38 161
104713 27838 38 4895
104714 27838 38 6946
104718 27840 38 100
104719 27840 38 11
104720 27840 38 3239
104721 27840 38 139
104722 27840 38 734
104734 27843 38 873
104735 27843 38 1943
104736 27843 38 6949
104737 27843 38 72
104738 27843 38 285
104749 27846 38 384
104750 27846 38 3199
104751 27846 38 139
104752 27846 38 2324
104753 27846 38 104
104754 27846 38 4234
104755 27848 38 503
104756 27848 38 1943
104757 27848 38 507
104758 27848 38 1126
104759 27848 38 167
104779 27853 38 77
104780 27853 38 11
104781 27853 38 6951
104782 27853 38 168
104783 27853 38 6952
104784 27853 38 6953
104785 27853 38 4288
104786 27854 38 77
104787 27854 38 302
104788 27854 38 11
104789 27854 38 1322
104790 27854 38 285
104791 27855 38 323
104792 27855 38 294
104793 27855 38 21
104794 27855 38 2993
104795 27855 38 982
104796 27855 38 126
104797 27856 38 474
104798 27856 38 477
104799 27856 38 77
104800 27856 38 885
104801 27856 38 982
104816 27859 38 734
104817 27859 38 285
104818 27859 38 6955
104819 27859 38 2478
104820 27859 38 139
104821 27859 38 374
104822 27859 38 104
104823 27860 38 1771
104824 27860 38 638
104825 27860 38 3182
104826 27860 38 118
104834 27864 38 6956
104835 27864 38 20
104836 27864 38 1007
104837 27864 38 72
104849 27868 38 1943
104850 27868 38 416
104851 27868 38 503
104852 27868 38 343
104857 27870 38 6959
104858 27870 38 507
104859 27870 38 719
104860 27870 38 6
104864 27872 38 1007
104865 27872 38 11
104866 27872 38 90
104878 27875 38 90
104879 27875 38 6962
104880 27875 38 503
104881 27875 38 6850
104882 27875 38 6963
104883 27876 38 2150
104884 27876 38 221
104885 27876 38 1943
104886 27876 38 452
104895 27879 38 3613
104896 27879 38 139
104897 27879 38 305
104898 27879 38 894
104899 27879 38 730
104907 27881 38 318
104908 27881 38 1897
104909 27882 38 6967
104910 27883 38 5631
104911 27883 38 108
104912 27883 38 5645
104954 27893 38 1258
104955 27893 38 2160
104956 27893 38 2161
104957 27893 38 301
104958 27893 38 982
104977 16942 38 1117
104978 16942 38 203
104979 16942 38 108
104980 16942 38 1313
104986 27897 38 77
104987 27897 38 813
104988 27897 38 139
104989 27897 38 331
104990 27897 38 982
104991 27897 38 4144
105002 27900 38 668
105003 27900 38 75
105004 27902 38 829
105005 27902 38 742
105006 27902 38 638
105007 27902 38 20
105008 27902 38 369
105033 27911 38 1133
105034 27911 38 11
105035 27911 38 1156
105036 27911 38 5917
105037 27911 38 1693
105038 25550 38 1133
105039 25550 38 11
105040 25550 38 75
105057 27915 38 1133
105058 27915 38 1392
105059 27915 38 11
105060 27915 38 285
105061 27915 38 734
105062 27915 38 139
105066 27917 38 1720
105067 27917 38 1046
105068 27917 38 44
105069 27917 38 285
105070 27917 38 1247
105071 27917 38 6984
105073 27919 38 503
105074 27919 38 72
105075 27919 38 39
105076 27919 38 1267
105077 27920 38 503
105078 27920 38 1943
105079 27920 38 6985
105103 27927 38 3504
105104 27927 38 90
105105 27927 38 6259
105106 27927 38 507
105107 27927 38 1937
105108 27927 38 20
105109 27927 38 138
105113 27929 38 70
105114 27929 38 262
105115 27930 38 6987
105116 27930 38 1863
105117 27930 38 926
105118 27930 38 637
105119 27930 38 1299
105120 27930 38 529
105125 27932 38 29
105126 27932 38 3
105127 27932 38 2781
105131 27934 38 3
105132 27934 38 347
105133 27934 38 1745
105134 27934 38 254
105135 27934 38 1058
105136 27935 38 125
105137 27935 38 46
105138 27935 38 108
105139 27935 38 203
105162 527 38 340
105163 527 38 3
105164 527 38 4308
105165 527 38 339
105166 527 38 338
105167 527 38 2908
105168 527 38 285
105169 26914 38 5918
105170 26914 38 1267
105171 26914 38 1141
105172 26914 38 138
105173 26914 38 3
105174 26914 38 108
105179 27942 38 818
105180 27942 38 3
105181 27942 38 455
105182 27942 38 6995
105183 27942 38 79
105184 27943 38 503
105185 27943 38 6996
105186 27943 38 507
105187 27943 38 1703
105196 27947 38 3394
105197 27947 38 873
105198 27947 38 1058
105199 27947 38 6951
105200 27947 38 1122
105201 27948 38 5776
105202 27948 38 6374
105203 27948 38 1141
105204 27948 38 1886
105205 27948 38 20
105213 27950 38 129
105214 27950 38 125
105215 27950 38 46
105216 27950 38 203
105217 27950 38 1117
105218 24726 38 46
105219 24726 38 3
105220 24726 38 138
105221 24726 38 290
105222 24726 38 64
105223 24726 38 285
105224 25564 38 46
105225 25564 38 1117
105226 25564 38 108
105227 27952 38 138
105228 27952 38 46
105229 27952 38 1745
105234 27954 38 3153
105235 27954 38 75
105236 27954 38 3506
105237 27954 38 825
105238 27954 38 328
105239 27954 38 4145
105247 27956 38 1007
105248 27956 38 11
105249 27956 38 72
105250 27956 38 294
105251 27956 38 90
105252 27956 38 21
105253 27956 38 154
105263 27958 38 961
105264 27958 38 982
105265 27958 38 138
105266 27958 38 46
105267 27958 38 4895
105268 27958 38 1937
105269 27958 38 77
105275 27960 38 46
105276 27960 38 39
105277 27960 38 125
105278 27960 38 11
105283 27962 38 5362
105284 27962 38 77
105285 27962 38 139
105286 27962 38 104
105297 27965 38 110
105298 27965 38 108
105299 27965 38 7001
105300 27966 38 77
105301 27966 38 139
105302 27966 38 14
105303 27966 38 6840
105304 27966 38 285
105305 27966 38 3153
105321 27970 38 6986
105322 27970 38 503
105323 27970 38 7003
105334 27973 38 6291
105335 27973 38 7005
105336 27973 38 72
105337 27973 38 7006
105338 27973 38 7007
105352 27977 38 7009
105353 27977 38 6840
105354 27977 38 7010
105355 27977 38 2902
105356 27977 38 138
105357 27977 38 1123
105358 27979 38 370
105359 27979 38 332
105360 27979 38 318
105361 27979 38 926
105362 27979 38 4
105363 27979 38 77
105364 27979 38 7011
105365 27979 38 3160
105386 27983 38 2816
105387 27983 38 2585
105388 27984 38 1819
105389 27984 38 1386
105390 27984 38 7013
105391 27984 38 276
105411 27990 38 184
105412 27990 38 5905
105413 27990 38 1897
105421 27994 38 20
105422 27994 38 46
105423 27994 38 72
105424 27994 38 6809
105425 27994 38 6897
105432 27999 38 829
105433 27999 38 104
105434 27999 38 7016
105435 27999 38 638
105436 27999 38 1679
105437 27999 38 1678
105438 28000 38 697
105439 28000 38 742
105440 28000 38 5948
105441 28000 38 2230
105442 28000 38 347
105443 28001 38 884
105444 28001 38 709
105445 28001 38 2440
105446 28001 38 139
105447 28001 38 104
105448 28001 38 734
105458 28007 38 7019
105459 28007 38 1723
105460 28007 38 7020
105461 28007 38 6034
105462 28008 38 829
105463 28008 38 742
105464 28008 38 1430
105465 28008 38 2098
105466 28008 38 90
105467 28008 38 638
105468 28009 38 46
105469 28009 38 72
105470 28009 38 11
105471 28009 38 529
105472 28010 38 3
105473 28010 38 46
105474 28010 38 1058
105475 28010 38 769
105476 28010 38 1779
105477 28010 38 7021
105478 28010 38 4056
105479 28010 38 129
105480 28010 38 978
105486 28012 38 4421
105487 28012 38 1183
105488 28012 38 138
105489 28012 38 20
105490 28012 38 369
105491 28013 38 181
105492 28013 38 129
105493 28013 38 109
105494 2270 38 503
105495 2270 38 20
105496 2270 38 72
105497 2270 38 3
105498 2270 38 507
105499 2270 38 441
105500 2270 38 918
105501 28014 38 961
105502 28014 38 46
105503 28014 38 982
105504 28014 38 72
105536 28020 38 72
105537 28020 38 46
105538 28020 38 1058
105539 28020 38 1738
105540 28020 38 5978
105541 158 38 1886
105542 158 38 108
105543 158 38 203
105544 158 38 72
105545 158 38 46
105546 158 38 138
105547 158 38 1058
105548 28021 38 108
105549 28021 38 46
105550 28021 38 72
105551 28021 38 1738
105552 28021 38 138
105553 28021 38 466
105554 28022 38 1611
105555 28022 38 6754
105556 28022 38 7023
105557 28022 38 5918
105575 28026 38 90
105576 28026 38 46
105577 28026 38 108
105578 28026 38 285
105579 28026 38 6727
105598 28032 38 1133
105599 28032 38 11
105600 28032 38 90
105601 28032 38 769
105602 28032 38 6152
105603 22481 38 2404
105604 22481 38 2902
105605 22481 38 46
105606 22481 38 138
105622 28038 38 11
105623 28038 38 7026
105624 28038 38 4051
105625 28038 38 77
105643 28043 38 635
105644 28043 38 125
105645 28043 38 637
105646 28043 38 1727
105647 28043 38 3659
105648 28043 38 996
105649 28044 38 108
105650 28044 38 1886
105651 28044 38 4599
105652 28044 38 138
105653 28044 38 6011
