2305410 443548 392 128723
2305531 443565 392 220
2305533 443566 392 276
2305535 443566 392 220
2305556 443571 392 11493
2305559 157368 392 5907
2305665 348614 392 47505
2305730 443604 392 6077
2305732 443604 392 128779
2305734 443604 392 128780
2305735 443604 392 128734
2305737 443604 392 128781
2305740 443605 392 128746
2305758 443610 392 1740
2305759 443610 392 1049
2305847 443625 392 1740
2305848 443625 392 1838
2305868 443630 392 15601
2305956 443645 392 128796
2305964 30247 392 128746
2305966 30247 392 12425
2306005 443654 392 1775
2306074 443667 392 128806
2306080 284323 392 276
2306102 105689 392 40
2306120 443680 392 7017
2306122 443680 392 4241
2306124 443680 392 374
2306155 356638 392 188
2306170 281734 392 276
2306172 281734 392 8454
2306173 281734 392 7827
2306424 137658 392 128825
2306426 137658 392 128821
2306428 137658 392 128781
2306459 443731 392 457
2306461 443731 392 16
2306464 443732 392 8726
2306530 443748 392 9775
2306534 443750 392 128835
2306556 443756 392 40
2306558 443757 392 8084
2306560 443757 392 798
2306562 443758 392 19900
2306700 443770 392 6384
2306702 443770 392 15809
2306704 443770 392 128854
2306716 443775 392 391
2306717 443775 392 128817
2306749 443784 392 128796
2306751 443785 392 4241
2306755 443787 392 128857
2306852 443836 392 1819
2306856 443839 392 5932
2306873 432002 392 220
2306889 443852 392 5932
2306902 443859 392 276
2306903 443859 392 8454
2306904 443860 392 276
2306905 443860 392 8454
2306906 443861 392 8454
2306907 443861 392 276
2306915 443864 392 39428
2306972 443891 392 128885
2306976 16159 392 128723
2306977 443894 392 33850
2307010 443908 392 7977
2307011 443908 392 29793
2307097 443959 392 12425
2307144 443976 392 6077
2307147 443978 392 16051
2307157 443984 392 1775
2307167 443990 392 128835
2307174 443996 392 128916
2307175 61928 392 128806
2307187 444006 392 7301
2307297 74382 392 128763
2307300 366646 392 458
2307352 444061 392 1775
2307355 444063 392 128723
2307362 444065 392 30453
2307363 444065 392 6352
2307365 444067 392 18525
2307389 444074 392 128885
2307390 444075 392 284
2307416 444085 392 88885
2307417 444085 392 20152
2307424 444088 392 2441
2307425 444089 392 128835
2307432 444094 392 16069
2307433 444094 392 2810
2307443 444099 392 128885
2307596 444134 392 220
2307597 444135 392 220
2307600 444137 392 220
2307601 444138 392 210
2307602 444139 392 220
2307620 444145 392 11291
2307621 444146 392 2890
2307624 420334 392 6352
2307640 444157 392 128774
2307648 444162 392 128723
2307656 444165 392 129007
2307657 444165 392 50839
2307658 444165 392 8316
2307659 444165 392 4406
2307672 444169 392 276
2307673 444169 392 220
2307711 444179 392 128744
2307776 444204 392 128885
2307779 444207 392 39428
2307780 444208 392 129031
2307781 444209 392 39428
2307796 444213 392 16164
2307806 444219 392 6352
2307811 444221 392 123088
2307812 444221 392 8396
2307813 79370 392 1172
2307826 306532 392 1745
2307828 444230 392 220
2307829 134558 392 220
2307848 321954 392 1918
2307863 444243 392 128885
2307871 25022 392 5932
2307877 444252 392 129049
2307990 444276 392 458
2307993 444278 392 458
2308014 444286 392 97203
2308015 444286 392 794
2308016 444286 392 1060
2308017 444286 392 11
2308024 444290 392 984
2308050 444301 392 717
2308070 444305 392 7827
2308071 444305 392 734
2308072 444305 392 5197
2308120 444334 392 16164
