2337070 450817 396 130083
2337071 1935918 396 107600
2337078 450820 396 4290
2337083 450823 396 130082
2337086 450825 396 130084
2337087 450825 396 1237
2337088 450825 396 5199
2337089 450826 396 130091
2337091 48587 396 1819
2337092 48587 396 53
2337093 48587 396 15301
2337095 450829 396 130094
2337096 450829 396 130091
2337097 450830 396 130082
2337098 450830 396 130081
2337100 450831 396 130095
2337101 450831 396 130096
2337103 450833 396 130087
2337104 450834 396 130098
2337108 450838 396 130099
2337109 450838 396 130100
2337110 450839 396 1303
2337112 450841 396 1552
2337113 450842 396 130101
2337114 450842 396 130087
2337115 450843 396 130101
2337116 450843 396 130087
2337117 450844 396 130101
2337118 450845 396 130102
2337121 450846 396 130082
2337122 450846 396 130081
2337123 450847 396 130104
2337128 450852 396 82269
2337129 114939 396 15301
2337134 450856 396 130104
2337140 450858 396 130104
2337144 1935923 396 112576
2337146 450862 396 130109
2337148 450864 396 130082
2337149 450865 396 130082
2337150 450866 396 130082
2337151 450867 396 130110
2337152 450868 396 17721
2337153 450868 396 130111
2337156 450871 396 651
2337157 450871 396 5199
2337169 450877 396 130101
2337172 450879 396 130091
2337173 450879 396 130094
2337175 450881 396 130091
2337176 450881 396 130105
2337177 15909 396 1072
2337178 15909 396 16
2337179 15909 396 7
2337180 15909 396 130087
2337181 450882 396 130091
2337182 450882 396 130094
2337183 450882 396 130114
2337184 450883 396 130101
2337185 450883 396 130115
2337186 108894 396 130091
2337187 108894 396 130094
2337188 108894 396 130114
2337196 1935925 396 130116
2337197 1935925 396 130086
2337205 1935926 396 112576
2337207 450891 396 6726
2337215 450897 396 130091
2337216 450897 396 130094
2337217 450898 396 15301
2337218 450898 396 276
2337219 450898 396 362
2337220 450898 396 1786
2337221 450899 396 130104
2337233 450902 396 130082
2337239 450906 396 1237
2337240 450906 396 4857
2337241 37943 396 1072
2337242 37943 396 130087
2337244 450908 396 3789
2337245 450909 396 18287
2337246 450910 396 130086
2337249 1935931 396 27726
2337252 450913 396 7991
2337254 450914 396 130091
2337255 450914 396 5988
2337256 54858 396 15301
2337258 450916 396 130091
2337259 450916 396 130094
2337262 450919 396 130101
2337263 399307 396 130110
2337264 399307 396 1722
2337265 399307 396 1723
2337266 399307 396 19900
2337270 450921 396 130082
2337271 450921 396 130081
2337276 450925 396 130087
2337277 450926 396 1072
2337278 450926 396 15301
2337294 450935 396 130102
2337295 450935 396 130126
2337302 450941 396 130099
2337303 450941 396 130096
2337304 450942 396 1552
2337305 1935934 396 2086
2337307 450943 396 130104
2337308 450943 396 8527
2337309 450944 396 130104
2337310 450944 396 8527
2337311 450945 396 18287
2337312 450946 396 130108
2337313 450947 396 130104
2337317 450951 396 15301
2337322 450954 396 130099
2337323 450954 396 130100
2337324 450955 396 130087
2337327 450957 396 130128
2337341 35 396 1072
2337342 35 396 16
2337346 84747 396 130087
2337357 450973 396 130101
2337358 450974 396 86527
2337359 450974 396 130105
2337367 450982 396 130129
2337373 450985 396 130130
2337374 450986 396 130098
2337375 450987 396 130131
2337380 450991 396 130098
2337381 450991 396 130132
2337383 450993 396 130133
2337386 450995 396 118366
2337395 451000 396 130086
2337396 451000 396 130135
2337397 451001 396 130102
2337398 451001 396 4061
2337403 20717 396 16
2337404 20717 396 7
2337408 451004 396 4992
2337409 451004 396 130136
2337410 451005 396 130081
2337411 451006 396 1716
2337412 451006 396 295
2337413 451007 396 3789
2337414 451007 396 1215
2337415 451008 396 130087
2337418 451011 396 130099
2337419 451011 396 130100
2337421 451013 396 130099
2337425 451014 396 130106
2337433 51 396 3810
2337434 51 396 16
2337435 51 396 7
2337436 51 396 518
2337437 51 396 1072
2337438 51 396 130087
2337440 451021 396 130138
2337443 451024 396 1072
2337446 451026 396 130087
2337447 451026 396 130102
2337451 152460 396 130087
2337452 152460 396 15301
2337453 451028 396 130117
2337460 77784 396 130091
2337461 77784 396 130094
2337462 451031 396 130101
2337463 446742 396 1072
2337477 152499 396 15301
2337495 23724 396 6737
2337496 23724 396 1072
2337497 23724 396 3
2337498 23724 396 130106
2337499 23724 396 130102
2337503 451047 396 130098
2337507 451051 396 130082
2337508 451051 396 130081
2337511 451053 396 130087
2337519 451061 396 15301
2337522 451063 396 15301
2337523 451064 396 2603
2337524 451064 396 3122
2337525 451064 396 3558
2337527 451065 396 130094
2337529 451066 396 130093
2337536 451074 396 4713
2337537 451071 396 15301
2337538 451072 396 130100
2337539 451075 396 15301
2337540 451076 396 15301
2337544 451079 396 5199
2337549 451083 396 130102
2337550 21460 396 15301
2337551 21460 396 3233
2337553 451085 396 130082
2337554 451085 396 130090
2337555 451086 396 1237
2337556 451088 396 130081
2337560 1935944 396 130095
2337561 1935944 396 130149
2337562 451092 396 130104
2337563 451092 396 130150
2337565 451094 396 130096
2337569 1935945 396 130099
2337570 451096 396 130101
2337571 451097 396 130082
2337572 451098 396 130082
2337573 451099 396 130101
2337574 451099 396 130104
2337575 451100 396 130122
2337576 451101 396 18287
2337581 1935946 396 130086
2337582 1935947 396 1193
2337583 1935947 396 1565
2337584 451105 396 1882
2337587 451107 396 2230
2337588 451108 396 8527
2337589 451108 396 130092
2337590 451109 396 2230
2337591 451110 396 2230
2337600 451114 396 130083
2337611 451120 396 130096
2337613 451122 396 1072
2337616 451124 396 130087
2337617 451124 396 130088
2337622 451129 396 130101
2337634 451132 396 188
2337636 1935953 396 1215
2337637 1935953 396 1275
2337638 451133 396 130081
2337639 451133 396 130082
2337640 451134 396 1072
2337654 7039 396 813
2337655 7039 396 127
2337660 451146 396 118366
2337662 451148 396 18287
2337665 451151 396 130102
2337666 451151 396 130087
2337667 451151 396 7
2337668 451151 396 3233
2337669 451151 396 276
2337670 451151 396 130106
2337671 451151 396 188
2337672 451151 396 2230
2337673 451151 396 16
2337674 451151 396 130157
2337675 451152 396 130082
2337676 451153 396 130082
2337679 451156 396 130101
2337683 451159 396 130082
2337684 451160 396 130096
2337686 451162 396 130130
2337689 451163 396 82269
2337690 451163 396 1237
2337691 451163 396 130110
2337694 451165 396 130104
2337695 451165 396 2445
2337696 1935956 396 107600
2337697 1935956 396 130082
2337700 451167 396 130092
2337703 451169 396 130099
2337704 7289 396 876
2337705 7289 396 795
2337707 451171 396 130104
2337709 451172 396 17721
2337710 451172 396 130117
2337712 451174 396 130159
2337715 451178 396 130082
2337716 451178 396 130081
2337717 451179 396 125
2337724 451184 396 130087
2337733 451191 396 13812
2337735 451192 396 5199
2337738 451195 396 130091
2337739 451195 396 130094
2337740 451195 396 130114
2337743 451197 396 130100
2337744 451198 396 130161
2337745 451199 396 5286
2337746 451199 396 130106
2337747 451201 396 130082
2337748 451201 396 118366
2337749 451201 396 130157
2337750 451201 396 15334
2337751 451202 396 130087
2337752 451203 396 16935
2337753 451204 396 53
2337757 451206 396 2525
2337761 451210 396 651
2337762 451210 396 5199
2337763 451211 396 130130
2337764 1935961 396 401
2337767 451215 396 130102
2337768 451215 396 1819
2337769 451215 396 70
2337770 451217 396 130098
2337773 451220 396 18287
2337774 451221 396 130104
2337775 451222 396 18287
2337777 451224 396 1304
2337778 451225 396 130130
2337779 451226 396 362
2337780 451226 396 276
2337781 451226 396 130094
2337782 451226 396 130113
2337783 451226 396 130106
2337784 451227 396 130101
2337789 451232 396 130095
2337790 451233 396 130113
2337791 451233 396 130091
2337792 451234 396 130091
2337793 451234 396 130094
2337794 451235 396 130104
2337795 451235 396 1197
2337796 451235 396 130101
2337798 451238 396 82269
2337799 451238 396 1723
2337801 451240 396 130163
2337810 451249 396 130087
2337815 451252 396 130100
2337816 451253 396 130082
2337818 85895 396 795
2337819 85895 396 518
2337820 85895 396 127
2337821 85895 396 130102
2337825 451256 396 130096
2337829 451258 396 130096
2337831 451260 396 130104
2337837 451265 396 130094
2337838 451265 396 130091
2337839 451266 396 130091
2337840 451266 396 130094
2337844 451270 396 130099
2337848 1935962 396 3789
2337849 1935962 396 130100
2337850 1935962 396 16535
2337855 451274 396 130099
2337856 451275 396 130082
2337857 451275 396 130081
2337859 451277 396 27165
2337860 451278 396 130102
2337865 1935963 396 130082
2337869 54189 396 15301
2337870 54189 396 16
2337873 451286 396 130104
2337874 451287 396 130091
2337875 451287 396 130166
2337876 451289 396 8527
2337881 28780 396 130087
2337884 451296 396 8527
2337885 451297 396 8527
2337887 451299 396 130100
2337888 451299 396 155
2337889 451300 396 130150
2337894 451304 396 130083
2337895 451305 396 130081
2337896 451305 396 130082
2337899 451308 396 1072
2337900 451308 396 1819
2337901 451308 396 130102
2337902 1935965 396 18287
2337903 1935965 396 651
2337906 451310 396 15301
2337907 451311 396 130086
2337908 451311 396 130151
2337909 451311 396 130152
2337910 451312 396 2657
2337911 451313 396 130082
2337918 451317 396 127
2337919 451317 396 1275
2337923 451320 396 130096
2337924 451321 396 2525
2337925 451322 396 130104
2337926 451322 396 15693
2337927 451323 396 2230
2337929 1935968 396 130098
2337933 451329 396 1552
2337936 1935969 396 107600
2337937 1935969 396 46232
2337938 451331 396 130104
2337939 451332 396 130094
2337941 1935971 396 130122
2337948 451337 396 2056
2337949 451338 396 37266
2337951 451341 396 130109
2337952 451342 396 130109
2337954 451344 396 1552
2337956 451346 396 1882
2337961 451351 396 130082
2337962 451351 396 118366
2337963 451351 396 130104
2337966 1935972 396 130095
2337967 1935972 396 130140
2337969 451355 396 130171
2337973 451360 396 130108
2337974 451361 396 5199
2337977 134445 396 130172
2337978 134445 396 130087
2337979 134445 396 16219
2337980 134445 396 2230
2337981 134445 396 3
2337982 134445 396 6737
2337983 36875 396 2117
2337984 451362 396 130145
2337989 451364 396 130091
2337990 451364 396 130094
2337991 451364 396 130106
2338001 451367 396 99577
2338002 451367 396 130173
2338003 451368 396 37266
2338004 451369 396 2525
2338005 451370 396 1723
2338007 1935975 396 130099
2338008 1935975 396 130122
2338010 451373 396 651
2338011 451373 396 5199
2338012 451374 396 1304
2338013 451374 396 1237
2338014 45670 396 1072
2338016 451376 396 130158
2338017 451376 396 130099
2338025 451381 396 118366
2338026 451382 396 130091
2338027 451382 396 130094
2338028 451382 396 130114
2338029 451383 396 130114
2338030 451383 396 130094
2338031 451383 396 130091
2338033 451385 396 4290
2338037 451387 396 2525
2338047 201321 396 1723
2338048 451391 396 4551
2338049 451391 396 16764
2338051 153546 396 130087
2338052 451394 396 8527
2338054 451396 396 130104
2338055 451396 396 2445
2338056 451397 396 1819
2338057 451397 396 1882
2338058 332488 396 130087
2338063 451401 396 130156
2338064 451402 396 130106
2338067 451404 396 130112
2338068 1935977 396 130095
2338069 1935977 396 130140
2338070 1935977 396 50745
2338071 45712 396 130087
2338072 451405 396 4259
2338073 451405 396 1193
2338074 451405 396 130106
2338076 451407 396 16219
2338077 451407 396 1716
2338078 451407 396 15455
2338079 451407 396 8692
2338080 451407 396 130174
2338081 451407 396 130175
2338082 117802 396 130138
2338083 451408 396 130106
2338084 451408 396 5286
2338086 451410 396 130104
2338087 451410 396 118366
2338088 1935978 396 130086
2338089 1935979 396 130086
2338090 436894 396 2230
2338091 451411 396 130176
2338092 451411 396 295
2338093 451412 396 130095
2338094 451412 396 130091
2338098 25022 396 15301
2338100 451416 396 1072
2338101 451417 396 27165
2338103 451419 396 130104
2338107 156605 396 15301
2338108 451421 396 99577
2338109 451421 396 130173
2338110 386481 396 2056
2338111 386481 396 130106
2338118 451426 396 1193
2338120 25109 396 130177
2338122 451429 396 25201
2338124 451431 396 130081
2338128 451439 396 4551
2338132 451433 396 1552
2338135 451434 396 130109
2338136 1935982 396 130086
2338140 451442 396 2525
2338141 1935983 396 130087
2338142 451443 396 130091
2338143 451443 396 130094
2338144 451443 396 130114
2338145 451444 396 130091
2338146 451444 396 130094
2338147 451444 396 130114
2338155 451450 396 130086
2338156 451450 396 130179
2338157 451450 396 130152
2338162 451454 396 130087
2338163 451455 396 130087
2338164 451455 396 130102
2338167 451457 396 130086
2338168 451457 396 130116
2338169 451457 396 130151
