2338174 906535 397 3238
2338175 906535 397 8454
2338176 906536 397 1896
2338177 906536 397 6294
2338178 906536 397 8945
2338179 906537 397 17379
2338180 906537 397 39320
2338181 906537 397 33238
2338182 906537 397 130180
2338183 906537 397 98890
2338184 906537 397 10269
2338185 906537 397 1051
2338186 906537 397 359
2338187 891219 397 38141
2338188 891219 397 2185
2338189 891219 397 1627
2338193 252672 397 12274
2338194 252672 397 1823
2338195 906539 397 3238
2338196 906539 397 8454
2338206 301314 397 6737
2338207 301314 397 16627
2338208 301314 397 1133
2338209 301314 397 3666
2338210 301314 397 72
2338211 301314 397 11
2338212 301314 397 285
2338213 301314 397 545
2338214 906543 397 8609
2338215 906543 397 730
2338216 906543 397 894
2338217 906543 397 90
2338229 906546 397 29
2338230 37777 397 5631
2338231 37777 397 108
2338232 37777 397 4056
2338233 37777 397 5936
2338234 37777 397 46
2338235 37777 397 5645
2338236 37777 397 188
2338237 37777 397 978
2338238 37777 397 1313
2338247 906549 397 130185
2338248 906549 397 57874
2338249 906549 397 39606
2338250 906549 397 16627
2338251 906549 397 20338
2338252 906549 397 29621
2338253 906549 397 19890
2338254 906550 397 16627
2338255 906550 397 7916
2338256 906550 397 5083
2338257 906550 397 130185
2338264 3857 397 635
2338265 3857 397 125
2338266 3857 397 1299
2338267 3857 397 894
2338268 3857 397 638
2338273 396572 397 638
2338274 396572 397 1133
2338275 396572 397 894
2338276 396572 397 7290
2338283 906554 397 46681
2338284 906554 397 1707
2338285 906554 397 365
2338286 906554 397 21633
2338287 906554 397 5083
2338288 906554 397 41637
2338289 906554 397 29577
2338290 182491 397 4157
2338291 182491 397 877
2338292 182491 397 42738
2338293 182491 397 1560
2338294 182491 397 18192
2338295 182491 397 90
2338296 182491 397 451
2338299 148924 397 1564
2338300 148924 397 503
2338301 148924 397 1923
2338302 148924 397 2345
2338303 148924 397 4566
2338304 148924 397 66649
2338305 148924 397 15799
2338310 906557 397 1896
2338311 906557 397 2520
2338312 906557 397 7372
2338313 906558 397 130181
2338314 906559 397 130181
2338315 906560 397 130189
2338316 906560 397 12156
2338317 906560 397 384
2338318 906560 397 731
2338325 485465 397 331
2338326 485465 397 730
2338327 485465 397 54323
2338328 485465 397 54327
2338335 906561 397 4530
2338336 906561 397 941
2338337 669160 397 367
2338338 669160 397 1021
2338339 669160 397 104
2338343 906563 397 1284
2338344 906563 397 1628
2338345 906563 397 67200
2338346 906563 397 2100
2338347 906563 397 8318
2338348 906563 397 882
2338354 542640 397 1896
2338355 542640 397 100
2338356 182617 397 24355
2338357 182617 397 18192
2338358 182617 397 98
2338359 182617 397 748
2338374 906568 397 367
2338375 906568 397 894
2338376 906568 397 730
2338377 906568 397 2901
2338378 906568 397 12213
2338379 906568 397 374
2338380 906568 397 10970
2338384 243160 397 941
2338385 243160 397 1704
2338386 243160 397 1728
2338387 243160 397 3748
2338388 243160 397 1820
2338389 243160 397 41783
2338390 243160 397 65854
2338399 906573 397 16627
2338400 906573 397 1051
2338401 906573 397 10189
2338402 906573 397 20411
2338403 906573 397 26728
2338404 906573 397 894
2338405 906573 397 139
2338406 906573 397 2702
2338423 34521 397 451
2338424 34521 397 138
2338425 34521 397 44
2338426 274018 397 1896
2338427 274018 397 44
2338432 322725 397 128548
2338433 322725 397 130195
2338463 906581 397 5227
2338464 906581 397 3490
2338465 906581 397 748
2338466 906581 397 44
2338467 906582 397 5227
2338468 906582 397 798
2338469 906582 397 3490
2338470 906582 397 4252
2338472 906584 397 5083
2338473 906584 397 46323
2338474 906584 397 1560
2338479 906585 397 29
2338480 906585 397 20745
2338481 906585 397 72109
2338482 906585 397 4297
2338483 906585 397 130201
2338484 906586 397 221
2338485 906586 397 359
2338486 906586 397 3432
2338487 394052 397 4177
2338488 394052 397 4148
2338489 394052 397 11
2338490 906587 397 130200
2338491 4571 397 125
2338492 4571 397 1119
2338493 19367 397 3238
2338494 906588 397 469
2338495 906588 397 130202
2338496 906588 397 130203
2338497 906588 397 130204
2338498 906588 397 1896
2338506 366115 397 1367
2338507 366115 397 7839
2338508 366115 397 8563
2338509 366115 397 1041
2338510 366115 397 1162
2338511 366115 397 30
2338512 1935984 397 102547
2338513 1935984 397 3153
2338514 1935984 397 10162
2338515 1935984 397 4293
2338524 906590 397 24355
2338525 906590 397 2918
2338526 906590 397 4165
2338527 906590 397 12762
2338528 906590 397 130206
2338529 906590 397 130207
2338530 906590 397 130208
2338537 906592 397 1132
2338538 906592 397 1258
2338539 906592 397 374
2338540 906592 397 285
2338541 906592 397 44
2338542 196732 397 25831
2338543 196732 397 221
2338544 196732 397 240
2338549 906594 397 3238
2338550 906594 397 8454
2338551 906595 397 24812
2338552 906595 397 748
2338553 906595 397 139
2338554 906595 397 104
2338555 906595 397 545
2338556 906595 397 8835
2338557 906595 397 98
2338558 906595 397 5988
2338559 906595 397 72
2338587 626972 397 50177
2338588 626972 397 748
2338589 626972 397 285
2338590 626972 397 1133
2338591 626972 397 8835
2338592 626972 397 1172
2338593 626972 397 7546
2338594 626972 397 367
2338598 906599 397 29
2338599 906599 397 2215
2338600 906599 397 48381
2338601 906599 397 256
2338602 906599 397 2866
2338603 906599 397 91788
2338615 697971 397 10162
2338616 697971 397 1786
2338617 697971 397 72
2338618 697971 397 43737
2338619 697971 397 730
2338620 697971 397 992
2338621 906602 397 1722
2338622 906602 397 4174
2338623 906602 397 1191
2338624 906602 397 23935
2338625 906602 397 3052
2338626 287049 397 1191
2338627 287049 397 125
2338628 287049 397 1722
2338629 287049 397 1723
2338630 584664 397 1367
2338631 584664 397 3136
2338632 584664 397 156
2338633 584664 397 730
2338634 584664 397 894
2338635 584664 397 139
2338636 173883 397 6
2338637 173883 397 1367
2338638 173883 397 307
2338639 173883 397 643
2338640 173883 397 4023
2338649 39335 397 941
2338650 39335 397 138
2338651 39335 397 259
2338662 333801 397 130213
2338663 333801 397 1303
2338664 333801 397 894
2338665 333801 397 730
2338666 333801 397 748
2338667 333801 397 98
2338668 333801 397 638
2338669 333801 397 54538
2338670 333801 397 7168
2338671 333801 397 130205
2338675 203091 397 469
2338676 203091 397 1896
2338677 203091 397 130214
2338678 203091 397 130202
2338679 906607 397 1728
2338680 906607 397 941
2338698 906613 397 20036
2338699 906613 397 20035
2338700 906613 397 69200
2338701 906613 397 26303
2338702 906613 397 80376
2338721 906617 397 367
2338722 906617 397 3490
2338723 906618 397 3490
2338724 906618 397 638
2338725 906618 397 748
2338726 906618 397 90
2338727 906618 397 367
2338728 182662 397 991
2338729 182662 397 7079
2338730 182662 397 992
2338731 182662 397 730
2338732 182089 397 451
2338733 269934 397 5370
2338734 269934 397 2993
2338735 269934 397 6840
2338736 269934 397 14
2338737 269934 397 6285
2338740 66832 397 17549
2338741 66832 397 638
2338742 66832 397 130216
2338743 906621 397 29
2338744 906621 397 13899
2338745 906621 397 3735
2338746 906621 397 5741
2338754 906623 397 503
2338755 906623 397 2520
2338756 906623 397 3363
2338757 906623 397 44479
2338758 906623 397 29336
2338759 906623 397 130217
2338769 906624 397 507
2338782 77715 397 138
2338783 77715 397 3151
2338784 77715 397 29422
2338785 77715 397 90
2338786 77715 397 1560
2338787 77715 397 21842
2338794 323868 397 26382
2338795 323868 397 29
2338796 323868 397 130218
2338797 323868 397 91049
2338802 906629 397 40939
2338803 327620 397 221
2338804 327620 397 1896
2338805 906630 397 16627
2338806 906630 397 23793
2338807 906630 397 778
2338808 906630 397 768
2338809 906630 397 130219
2338813 906633 397 34
2338814 906633 397 606
2338815 906633 397 4082
2338816 906633 397 76458
2338817 906633 397 77
2338818 190489 397 57522
2338819 906634 397 66649
2338820 906634 397 53272
2338821 906634 397 85020
2338822 906634 397 22977
2338823 906635 397 734
2338824 906635 397 2138
2338825 906635 397 10990
2338826 906635 397 10194
2338827 906635 397 1127
2338828 906635 397 748
2338831 906638 397 8305
2338832 906638 397 34943
2338833 906638 397 894
2338834 906638 397 638
2338835 906638 397 93867
2338839 86435 397 1125
2338840 86435 397 1052
2338841 86435 397 9471
2338842 86435 397 150
2338843 86435 397 376
2338844 86435 397 23795
2338845 86435 397 69426
2338846 86435 397 11993
2338847 86435 397 130220
2338848 86435 397 311
2338849 86435 397 1051
2338856 906642 397 719
2338857 906642 397 93661
2338858 906642 397 5453
2338863 906644 397 2520
2338864 906644 397 130181
2338865 906644 397 22126
2338866 906644 397 21993
2338867 576712 397 4103
2338868 576712 397 4572
2338869 576712 397 1367
2338870 576712 397 6
2338871 576712 397 1125
2338872 576712 397 130222
2338873 576712 397 187
2338874 576712 397 29593
2338911 905701 397 992
2338912 905701 397 4293
2338913 905701 397 4230
2338914 905701 397 1106
2338915 905701 397 24704
2338916 905701 397 5229
2338917 905701 397 72420
2338918 905701 397 125054
2338919 183554 397 23718
2338920 183554 397 286
2338921 183554 397 138
2338922 183554 397 4490
2338923 183554 397 1134
2338926 906647 397 1367
2338927 906647 397 5776
2338928 906649 397 1367
2338929 906649 397 816
2338934 906648 397 1909
2338935 906648 397 3246
2338936 906648 397 130228
2338937 906650 397 139
2338938 906650 397 331
2338939 906650 397 2781
2338951 55354 397 1886
2338952 55354 397 1007
2338953 55354 397 1125
2338954 55354 397 130231
2338959 906653 397 40635
2338960 906653 397 92525
2338961 906653 397 3220
2338962 906653 397 79984
2338974 906655 397 10702
2338975 906655 397 10926
2338976 906655 397 40987
2338977 906655 397 65305
2338978 906655 397 27138
2338979 906655 397 4773
2338980 906656 397 93339
2338981 906656 397 54538
2338982 906656 397 638
2338983 906656 397 18192
2338984 906656 397 123
2338985 906656 397 12258
2338986 906656 397 24355
2338987 906656 397 748
2338988 906656 397 877
2338991 906658 397 4177
2338992 906658 397 31414
2338993 906658 397 2016
2338994 906658 397 130234
2338998 159180 397 14060
2338999 159180 397 1653
2339000 159180 397 15327
2339005 702825 397 276
2339006 702825 397 1653
2339007 702825 397 307
2339008 702825 397 6338
2339009 702825 397 3367
2339010 702825 397 3271
2339011 702825 397 285
2339012 702825 397 139
2339017 906662 397 536
2339018 906662 397 503
2339019 906664 397 3820
2339020 906664 397 130236
2339034 317948 397 894
2339035 317948 397 139
2339036 317948 397 40825
2339037 317948 397 98
2339038 317948 397 2906
2339039 906668 397 3151
2339040 906668 397 66485
2339041 906668 397 941
2339042 906669 397 894
2339043 906669 397 139
2339044 906669 397 730
2339045 906669 397 264
2339046 906669 397 1610
2339047 906669 397 123
2339048 906669 397 102207
2339049 23817 397 276
2339050 23817 397 307
2339051 23817 397 4730
2339052 23817 397 4714
2339053 23817 397 1653
2339064 906673 397 14
2339065 906673 397 267
2339066 906673 397 21609
2339069 906675 397 367
2339084 178298 397 1702
2339085 178298 397 4819
2339117 906683 397 130249
2339118 906683 397 754
2339123 394319 397 4140
2339124 394319 397 103047
2339125 394319 397 798
2339126 394319 397 285
2339127 394319 397 960
2339129 906687 397 111001
2339130 906687 397 367
2339131 906687 397 4232
2339132 906687 397 6484
2339133 906687 397 130252
2339134 906687 397 130253
2339146 906690 397 130181
2339151 906692 397 28
2339152 906692 397 23909
2339153 906692 397 123129
2339154 906692 397 9718
2339155 906692 397 4230
2339156 906692 397 342
2339157 370680 397 1896
2339158 370680 397 2355
2339159 906694 397 29
2339160 906694 397 127192
2339161 906694 397 130254
2339169 906696 397 130255
2339170 906696 397 12278
2339171 906696 397 46622
2339172 906696 397 4537
2339173 906696 397 21755
2339174 906696 397 1767
2339175 906696 397 16627
2339176 906696 397 54777
2339177 906696 397 3509
2339178 906696 397 1239
2339184 906698 397 1715
2339185 906698 397 1565
2339186 906698 397 67
2339187 906698 397 15284
2339188 323991 397 29
2339189 323991 397 68724
2339190 323991 397 1717
2339191 906699 397 1133
2339192 906699 397 85822
2339193 906699 397 11
2339194 906699 397 52
2339195 906699 397 474
2339212 906706 397 3238
2339213 906706 397 8454
2339242 906712 397 104
2339243 906712 397 16241
2339244 906712 397 31457
2339268 906718 397 11690
2339269 906718 397 65184
2339282 906721 397 130264
2339283 906721 397 40492
2339284 906721 397 22376
2339285 906721 397 92990
2339286 906721 397 13784
2339296 254707 397 22562
2339297 254707 397 4272
2339298 254707 397 130265
2339299 254707 397 21609
2339300 1935988 397 1133
2339301 1935988 397 30023
2339302 1935988 397 130266
2339303 1935988 397 18694
2339315 27818 397 873
2339316 27818 397 43982
2339317 27818 397 6939
2339318 27818 397 331
2339319 27818 397 29
2339320 27818 397 6940
2339321 27818 397 6941
2339322 27818 397 72
2339323 27818 397 451
2339329 906735 397 27276
2339330 906735 397 10009
2339331 906735 397 28
2339332 906735 397 139
2339333 906735 397 367
2339339 906737 397 32468
2339340 906737 397 4098
2339341 906737 397 4216
2339342 906737 397 10269
2339343 906737 397 388
2339344 906738 397 71257
2339345 906738 397 10470
2339346 906738 397 953
2339347 906739 397 1564
2339348 906739 397 290
2339349 906739 397 503
2339350 906739 397 5126
2339351 906739 397 1715
2339352 906739 397 1933
2339353 906739 397 3748
2339354 906739 397 1561
2339355 265843 397 367
2339356 265843 397 4196
2339357 265843 397 104
2339358 265843 397 748
2339359 265843 397 98
2339360 265843 397 285
2339361 906740 397 451
2339364 906741 397 8661
2339365 906741 397 46598
2339366 906741 397 8981
2339367 906741 397 130270
2339368 906741 397 557
2339369 906741 397 1565
2339373 273579 397 5083
2339374 273579 397 25733
2339375 906743 397 1021
2339376 906744 397 331
2339377 906744 397 709
2339378 906744 397 127
2339379 906744 397 1120
2339386 906747 397 8066
2339387 906747 397 130273
2339388 906747 397 3497
2339389 906747 397 26376
2339390 906747 397 734
2339391 906747 397 748
2339392 906747 397 46679
2339393 906747 397 102988
2339394 906747 397 2994
2339395 906747 397 1106
2339403 193050 397 3767
2339404 193050 397 11
2339405 193050 397 52
2339409 6608 397 2781
2339410 6608 397 139
2339411 6608 397 331
2339420 906750 397 982
2339421 906750 397 44
2339422 906750 397 865
2339423 906750 397 7122
2339424 906750 397 1184
2339425 906750 397 155
2339426 906751 397 4820
2339427 906751 397 38966
2339428 906751 397 68603
2339429 906751 397 376
2339430 906751 397 1704
2339431 906751 397 1052
2339432 906751 397 1565
2339448 906755 397 1052
2339449 906755 397 80009
2339450 906755 397 77037
2339451 906755 397 882
2339452 906756 397 259
2339453 906756 397 138
2339454 906756 397 1897
2339455 906756 397 474
2339456 906756 397 50630
2339457 906756 397 11
2339458 906756 397 100
2339459 906757 397 130276
2339460 906757 397 15262
2339461 906757 397 4232
2339462 906757 397 20053
2339463 906757 397 602
2339473 41630 397 1653
2339474 41630 397 15799
2339475 41630 397 1128
2339476 906759 397 130278
2339477 906759 397 128007
2339478 906759 397 53308
2339479 906759 397 769
2339480 906759 397 130279
2339494 321277 397 39415
2339495 321277 397 20456
2339496 321277 397 29
2339497 321277 397 4297
2339503 113041 397 1133
2339504 113041 397 1138
2339505 113041 397 10
2339506 113041 397 90
2339507 113041 397 138
2339508 113041 397 139
2339512 906763 397 18192
2339513 906763 397 24363
2339514 906763 397 2138
2339515 906763 397 104
2339516 906763 397 3490
2339517 906763 397 130282
2339522 906765 397 367
2339523 906765 397 730
2339524 906765 397 894
2339525 906765 397 8305
2339526 906765 397 93339
2339527 906766 397 730
2339528 906766 397 5670
2339529 906766 397 57619
2339530 906766 397 50536
2339531 906766 397 11
2339541 906769 397 29
2339557 906772 397 29
2339558 906772 397 4385
2339559 906773 397 730
2339560 906773 397 768
2339561 906773 397 4802
2339562 906774 397 557
2339563 906774 397 1145
2339564 38534 397 894
2339565 38534 397 10189
2339566 38534 397 305
2339567 38534 397 507
2339568 38534 397 730
2339569 38534 397 139
2339570 906775 397 2852
2339571 906775 397 78
2339572 906775 397 1335
2339573 906775 397 104
2339574 906775 397 11
2339575 906775 397 139
2339576 906775 397 285
2339577 277106 397 104
2339578 277106 397 748
2339579 277106 397 4213
2339580 277106 397 877
2339581 277106 397 138
2339582 277106 397 130286
2339583 277106 397 4335
2339584 567540 397 799
2339585 567540 397 6996
2339586 567540 397 130287
2339587 567540 397 47003
2339588 567540 397 441
2339589 906776 397 361
2339590 906776 397 4057
2339591 906776 397 1909
2339592 906776 397 6
2339593 906776 397 3593
2339594 906777 397 46651
2339595 906777 397 27504
2339596 906777 397 81122
2339597 906777 397 2390
2339598 906777 397 2389
2339599 906777 397 873
2339606 308996 397 1182
2339607 308996 397 4251
2339608 308996 397 6128
2339609 308996 397 139
2339610 308996 397 11
2339611 308996 397 44
2339612 308996 397 28
2339613 308996 397 1738
2339624 906779 397 5791
2339625 906779 397 112387
2339626 906779 397 2675
2339627 906779 397 130289
2339628 351245 397 127192
2339629 351245 397 1732
2339632 1935990 397 130291
2339633 1935990 397 24363
2339634 1935990 397 2138
2339635 906782 397 3613
2339636 906782 397 8609
2339637 906782 397 894
2339638 906782 397 457
2339639 906782 397 10132
2339640 906782 397 4255
2339641 368981 397 11
2339642 368981 397 2404
2339643 368981 397 8358
2339645 32385 397 11821
2339646 32385 397 28
2339647 32385 397 138
2339648 32385 397 3224
2339667 906786 397 1821
2339668 906786 397 27028
2339669 906786 397 21632
2339670 906786 397 44770
2339671 906786 397 42505
2339681 906788 397 331
2339682 906788 397 474
2339683 906788 397 11
2339684 906788 397 1133
2339686 1935991 397 24365
2339687 1935991 397 24737
2339688 1935991 397 367
2339689 1935991 397 748
2339690 1935991 397 877
2339691 906791 397 130294
2339692 906791 397 7268
2339693 906791 397 130295
2339694 906791 397 748
2339695 906791 397 104
2339696 906791 397 865
2339697 906791 397 1322
2339698 906791 397 11706
2339699 906791 397 367
2339700 906792 397 104
2339701 906792 397 11706
2339702 906792 397 3296
2339722 32472 397 72
2339723 32472 397 1133
2339724 32472 397 11
2339725 906799 397 894
2339726 906799 397 367
2339727 906799 397 8932
2339728 906799 397 98
2339729 906799 397 41041
2339730 826059 397 11570
2339731 826059 397 41115
2339732 826059 397 1138
2339733 826059 397 44
2339734 906800 397 1367
2339735 906800 397 4057
2339736 906800 397 816
2339739 906802 397 41627
2339740 906802 397 2023
2339741 906802 397 8318
2339745 906803 397 894
2339746 906803 397 3136
2339747 906803 397 2443
2339748 906803 397 1184
2339753 707398 397 24315
2339754 707398 397 2891
2339755 707398 397 32430
2339756 707398 397 53883
2339757 707398 397 124067
2339758 707398 397 39556
2339759 707398 397 1927
2339760 707398 397 4293
2339761 707398 397 264
2339762 707398 397 865
2339763 906807 397 53307
2339764 906810 397 3238
2339765 906810 397 8454
2339769 906811 397 5083
2339770 906811 397 3760
2339779 282221 397 992
2339780 282221 397 6737
2339781 282221 397 894
2339782 282221 397 130301
2339783 282221 397 1012
2339784 282221 397 3237
2339785 282221 397 61565
2339790 906815 397 4663
2339791 906815 397 139
2339792 906815 397 894
2339801 906817 397 47037
2339802 906817 397 15361
2339803 906817 397 11
2339804 906818 397 130303
2339805 906818 397 367
2339806 906818 397 130304
2339807 906818 397 130272
2339808 906819 397 361
2339809 906819 397 5083
2339826 241617 397 1133
2339827 241617 397 392
2339828 241617 397 130305
2339829 241617 397 139
2339830 57504 397 46
2339831 57504 397 1937
2339832 57504 397 4958
2339833 57504 397 33126
2339834 57504 397 290
2339835 57504 397 138
2339836 57504 397 2298
2339837 57504 397 1897
2339846 906826 397 130306
2339847 906826 397 21328
2339848 906826 397 1444
2339849 906826 397 16381
2339850 906826 397 28653
2339851 906827 397 21702
2339852 906827 397 23788
2339853 906827 397 82365
2339854 906827 397 130307
2339855 906827 397 52284
2339856 906827 397 1896
2339857 537176 397 941
2339858 537176 397 125
2339859 537176 397 60419
2339860 537176 397 3196
2339861 906828 397 22504
2339862 906828 397 3760
2339863 906828 397 18795
2339864 906828 397 2520
2339865 906828 397 130308
2339866 906830 397 1219
2339867 906830 397 5083
2339868 906831 397 29
2339869 906831 397 130309
2339870 906831 397 13899
2339871 906831 397 125
2339884 89505 397 529
2339885 89505 397 1728
2339886 10806 397 557
2339887 10806 397 523
2339888 10806 397 1267
2339891 906833 397 1704
2339892 906833 397 359
2339893 575756 397 125
2339894 575756 397 1128
2339895 906834 397 15171
2339896 906834 397 130310
2339897 906834 397 138
2339898 906834 397 941
2339899 906834 397 1239
2339900 906834 397 6
2339901 906834 397 1897
2339902 1935992 397 47075
2339903 1935992 397 83279
2339904 22387 397 2520
2339905 22387 397 7372
2339906 31788 397 2100
2339907 31788 397 80
2339908 31788 397 712
2339909 31788 397 1704
2339910 884413 397 21747
2339911 884413 397 31495
2339912 884413 397 1802
2339913 884413 397 130311
2339914 884413 397 267
2339915 884413 397 7885
2339916 884413 397 29572
2339917 906835 397 104
2339918 906835 397 10682
2339919 906835 397 40191
2339920 906835 397 130312
2339924 906837 397 46839
2339925 906837 397 26590
2339926 906837 397 29
2339927 906838 397 451
2339928 906838 397 2247
2339929 906838 397 130313
2339955 531556 397 5733
2339956 531556 397 1764
2339957 906843 397 156
2339958 906843 397 1728
2339959 906843 397 1704
2339960 906843 397 138
2339961 906843 397 285
2339962 906843 397 103729
2339974 875688 397 138
2339975 875688 397 2902
2339976 875688 397 2404
2339977 875688 397 311
2339978 449674 397 1732
2339979 449674 397 996
2339980 449674 397 127192
2339981 906845 397 29
2339982 906845 397 125
2339983 906846 397 26827
2339984 906846 397 982
2339985 906846 397 130317
2339986 906846 397 130318
2339987 906848 397 29275
2339988 906848 397 4038
2339989 906848 397 20220
2339999 906851 397 6749
2340000 906851 397 1155
2340001 906851 397 865
2340002 906851 397 6748
2340003 906851 397 638
2340004 906851 397 748
2340005 906851 397 40801
2340006 906851 397 374
2340007 906851 397 104
2340008 906851 397 734
2340015 906853 397 5099
2340016 906853 397 4496
2340017 906853 397 54233
2340018 906853 397 374
2340019 906853 397 894
2340020 906853 397 730
2340021 906853 397 748
2340022 906853 397 71144
2340033 906865 397 12047
2340034 906865 397 104
2340035 906865 397 367
2340036 39161 397 3505
2340037 39161 397 1937
2340038 39161 397 2081
2340039 39161 397 982
2340052 56483 397 16627
2340053 56483 397 941
2340054 56483 397 3147
2340055 56483 397 1909
2340056 56483 397 138
2340057 906858 397 24365
2340058 906858 397 24737
2340059 906858 397 120
2340060 906858 397 748
2340061 906859 397 66649
2340062 906859 397 53272
2340063 906859 397 388
2340068 906861 397 29
2340069 906861 397 53307
2340079 906867 397 1820
2340080 906867 397 12093
2340081 906867 397 29
2340082 906867 397 22977
2340083 906867 397 130322
2340098 337283 397 1191
2340099 337283 397 1723
2340104 1935995 397 8312
2340105 906870 397 5821
2340106 906870 397 1823
2340107 906870 397 80200
2340108 906870 397 41428
2340109 125240 397 503
2340110 125240 397 4057
2340111 125240 397 4024
2340112 125240 397 39
2340113 125240 397 130323
2340114 125240 397 130324
2340115 125240 397 67571
2340116 125240 397 130325
2340117 127191 397 4177
2340118 127191 397 11
2340119 127191 397 285
2340120 127191 397 1133
2340124 44766 397 5776
2340125 44766 397 3749
2340126 44766 397 941
2340127 906871 397 25136
2340128 906871 397 130326
2340129 906871 397 25733
2340142 76315 397 2520
2340143 76315 397 1896
2340144 906873 397 4203
2340145 906873 397 11
2340146 906873 397 4145
2340147 906873 397 168
2340148 906873 397 90
2340149 906873 397 638
2340150 906874 397 361
2340151 906874 397 25358
2340152 906874 397 38430
2340153 906874 397 20053
2340154 906874 397 130328
2340155 906874 397 130329
2340168 906877 397 27358
