1003 501 4 79
1004 501 4 3
1005 501 4 240
1006 501 4 310
1007 501 4 139
1008 501 4 311
1014 503 4 295
1015 503 4 281
1016 503 4 313
1017 503 4 264
1022 506 4 316
1023 506 4 317
1036 511 4 323
1037 511 4 324
1038 512 4 84
1044 516 4 329
1045 516 4 330
1046 516 4 331
1047 517 4 7
1048 517 4 79
1058 520 4 318
1059 520 4 278
1064 523 4 79
1065 523 4 139
1066 523 4 15
1067 523 4 72
1068 524 4 79
1069 524 4 139
1070 524 4 72
1071 524 4 310
1072 524 4 335
1073 525 4 4
1074 525 4 295
1077 527 4 125
1078 527 4 254
1079 527 4 240
1080 527 4 302
1081 527 4 338
1082 527 4 339
1083 527 4 340
1084 125 4 79
1085 125 4 255
1086 125 4 341
1087 528 4 79
1088 528 4 342
1089 128 4 7
1090 128 4 79
1091 128 4 295
1092 128 4 302
1095 530 4 79
1096 531 4 79
1097 531 4 344
1098 531 4 345
1099 531 4 255
1100 531 4 346
1101 532 4 79
1102 532 4 139
1103 532 4 319
1104 533 4 139
1105 533 4 79
1106 533 4 285
1112 534 4 347
1113 534 4 348
1117 536 4 263
1118 537 4 263
1125 539 4 7
1126 539 4 146
1127 539 4 79
1128 540 4 255
1129 540 4 146
1130 540 4 3
1139 544 4 326
1140 545 4 350
1141 545 4 44
1142 545 4 301
1143 546 4 3
1144 546 4 152
1145 546 4 351
1146 546 4 301
1147 546 4 254
1168 550 4 157
1169 550 4 90
1174 552 4 3
1175 552 4 72
1178 554 4 39
1179 554 4 3
1180 554 4 44
1181 554 4 138
1182 554 4 357
1183 555 4 321
1184 555 4 35
1185 555 4 4
1186 555 4 358
1187 556 4 4
849 449 4 139
850 449 4 234
858 452 4 4
859 452 4 239
860 452 4 240
864 21 4 7
865 455 4 242
866 455 4 35
875 461 4 250
876 461 4 79
877 461 4 139
878 461 4 251
879 461 4 252
880 461 4 253
881 462 4 125
882 462 4 254
883 462 4 7
884 462 4 255
885 462 4 3
886 462 4 256
887 463 4 257
888 463 4 11
889 464 4 258
890 464 4 17
891 465 4 259
892 465 4 260
894 467 4 262
895 467 4 70
901 470 4 263
902 470 4 15
903 471 4 264
906 46 4 7
907 46 4 266
908 46 4 267
909 46 4 268
910 473 4 104
911 473 4 269
912 473 4 139
913 474 4 79
914 474 4 255
915 474 4 258
919 476 4 7
920 476 4 79
921 476 4 3
922 51 4 7
923 477 4 270
927 479 4 79
938 482 4 275
939 482 4 3
951 488 4 283
952 488 4 284
953 488 4 285
954 488 4 286
955 489 4 274
956 489 4 287
957 489 4 138
958 489 4 44
969 72 4 84
970 72 4 79
971 72 4 294
972 72 4 295
973 72 4 240
977 494 4 28
978 494 4 297
979 495 4 298
980 495 4 3
981 495 4 92
982 495 4 299
983 496 4 28
984 496 4 117
985 496 4 275
986 496 4 300
987 497 4 263
988 497 4 44
989 497 4 301
990 497 4 302
991 498 4 3
992 498 4 138
993 498 4 303
994 498 4 304
995 498 4 305
