107113 28652 40 6315
107114 28652 40 7214
107115 28652 40 100
107127 28657 40 187
107128 28657 40 1937
107129 28657 40 982
107130 28657 40 126
107131 28657 40 1678
107132 28657 40 138
107133 28657 40 1939
107134 28657 40 2232
107137 28659 40 2742
107138 28659 40 108
107142 28661 40 668
107143 28661 40 3
107144 28661 40 1267
107145 28661 40 188
107146 28661 40 1007
107147 28661 40 11
107148 28661 40 125
107149 28661 40 46
107150 22989 40 668
107151 22989 40 188
107152 22989 40 4028
107153 22989 40 6167
107154 22989 40 77
107155 22989 40 474
107156 22989 40 1937
107157 22989 40 2816
107160 28663 40 4162
107161 28663 40 100
107162 28663 40 90
107163 28663 40 11
107164 28663 40 1738
107165 28663 40 75
107166 28663 40 1058
107167 28663 40 44
107206 28668 40 1740
107207 28668 40 6384
107208 28668 40 1137
107209 28669 40 11
107210 28669 40 7223
107211 28669 40 6257
107212 28669 40 75
107213 28669 40 4436
107214 28669 40 77
107215 28669 40 1106
107216 28669 40 126
107217 28669 40 4896
107218 28669 40 6128
107219 28669 40 6278
107220 28670 40 28
107221 28670 40 2662
107226 28672 40 142
107227 28672 40 7225
107228 28672 40 7226
107229 28672 40 28
107230 28672 40 7227
107231 28673 40 142
107232 28673 40 7101
107233 28673 40 7228
107245 28678 40 81
107246 28678 40 11
107247 28678 40 100
107248 28678 40 90
107249 28678 40 1738
107250 28678 40 618
107251 28678 40 696
107256 28682 40 798
107257 28682 40 4140
107258 28682 40 7234
107259 28682 40 11
107260 28682 40 72
107261 28682 40 1058
107262 28682 40 6384
107263 28682 40 1106
107264 28682 40 7235
107265 28682 40 7236
107266 28682 40 7237
107267 28682 40 7238
107268 28682 40 7239
107269 28682 40 1137
107270 28682 40 1740
107271 28683 40 7218
107272 28683 40 100
107273 28683 40 4005
107274 28683 40 1058
107282 28686 40 4051
107283 28686 40 11
107284 28686 40 72
107285 28686 40 1058
107286 28686 40 7245
107287 28686 40 90
107288 28686 40 2428
107289 28686 40 7246
107293 28688 40 44
107294 28688 40 1396
107295 28688 40 1133
107296 28688 40 1138
107297 28688 40 7249
107324 28693 40 7252
107325 28693 40 290
107334 28694 40 4162
107335 28694 40 7253
107336 28694 40 100
107337 28694 40 28
107352 28700 40 779
107353 28700 40 1739
107354 28700 40 28
107355 28700 40 120
107356 28700 40 7260
107357 28700 40 305
107358 28700 40 11
107359 28700 40 285
107370 28703 40 365
107371 28703 40 1169
107372 28703 40 81
107373 28703 40 80
107374 28703 40 40
107375 28703 40 2350
107376 28703 40 331
107428 28713 40 2662
107429 28713 40 126
107430 28713 40 2816
107431 28713 40 359
107432 28713 40 127
107433 28713 40 1057
107434 28713 40 28
107435 28713 40 915
107456 14096 40 1058
107457 14096 40 170
107458 14096 40 11
107459 14096 40 53
107460 14096 40 262
107461 14096 40 304
107462 14096 40 90
107463 14096 40 70
107476 28720 40 276
107477 28720 40 1106
107478 28720 40 3160
107479 28720 40 3159
107480 28720 40 2061
107481 28721 40 4271
107482 28721 40 2605
107483 28721 40 4418
107484 28721 40 285
107485 28721 40 7280
107486 28721 40 6765
107487 28721 40 139
107488 28721 40 3811
107492 28723 40 829
107493 28723 40 731
107494 28723 40 104
107495 28723 40 7282
107496 28723 40 638
107497 28723 40 5023
107498 28723 40 846
107499 28723 40 1316
107513 28726 40 7168
107514 28726 40 734
107515 28726 40 829
107516 28726 40 865
107517 28726 40 2442
107518 28726 40 264
107519 28726 40 638
107520 28727 40 1136
107521 28727 40 6846
107522 28727 40 6192
107523 28727 40 7287
107540 28733 40 28
107541 28733 40 11
107542 28733 40 2013
107543 28733 40 1133
107544 28733 40 90
107549 1466 40 7291
107550 1466 40 6384
107551 1466 40 4005
107552 1466 40 1058
107553 1466 40 126
107554 1466 40 1664
107555 1466 40 80
107556 1466 40 757
107557 1466 40 388
107558 1466 40 77
107559 1466 40 733
107560 1466 40 7218
107561 1466 40 11
107562 1466 40 100
107571 28736 40 4591
107572 28736 40 1041
107573 28736 40 100
107574 28736 40 6384
107575 28736 40 7218
107576 28737 40 100
107577 28737 40 7218
107578 28737 40 1740
107579 28737 40 6384
107580 28737 40 44
107581 28737 40 1058
107582 28737 40 1137
107583 28737 40 11
107584 28738 40 4061
107585 28738 40 28
107599 28743 40 188
107600 28743 40 11
107601 28743 40 72
107602 28743 40 44
107603 28743 40 189
107604 28743 40 1058
107605 28743 40 668
107606 28743 40 90
107607 28743 40 301
107608 28743 40 169
107620 28745 40 1739
107621 28745 40 28
107622 28745 40 120
107623 28745 40 7295
107624 28745 40 285
107625 28745 40 11
107626 28745 40 474
107627 28745 40 1106
107628 28745 40 1058
107631 28747 40 10
107632 28748 40 1469
107633 28748 40 265
107634 28748 40 7296
107635 7106 40 635
107636 7106 40 637
107637 7106 40 125
107638 7106 40 1299
107639 7106 40 369
107640 7106 40 5914
107641 7106 40 1744
107642 7106 40 15
107643 7106 40 70
107644 7106 40 276
107646 28750 40 3711
107647 28750 40 11
107648 28750 40 90
107649 28750 40 1058
107650 28750 40 2013
107651 28750 40 618
107652 28750 40 80
107653 28750 40 757
107654 28750 40 1156
107661 28752 40 6384
107662 28752 40 7299
107663 28752 40 11
107664 28752 40 77
107665 28752 40 104
107666 28752 40 1058
107667 28752 40 733
107668 28752 40 6409
107669 28752 40 4005
107670 28752 40 138
107671 28752 40 108
107672 28752 40 1106
107673 28752 40 2428
107674 28752 40 125
107675 28752 40 1859
107685 28758 40 4140
107686 28758 40 7301
107687 28758 40 11
107688 28758 40 90
107689 28758 40 7302
107690 28758 40 734
107691 28758 40 7303
107692 28758 40 7304
107716 354 40 3
107717 354 40 1678
107718 354 40 668
107719 28762 40 7229
107720 28762 40 6384
107721 28762 40 285
107722 28762 40 7264
107723 28762 40 733
107724 28762 40 1012
107725 28762 40 798
107726 28762 40 1058
107727 28762 40 77
107728 28762 40 11
107729 28762 40 1347
107730 28763 40 7229
107731 28763 40 90
107732 28763 40 733
107733 28763 40 6384
107734 28763 40 1058
107735 28763 40 6409
107736 28763 40 798
107737 28763 40 11
107738 28763 40 20
107760 28768 40 383
107761 28768 40 7308
107762 28768 40 7309
107763 28769 40 7310
107764 28769 40 5954
107765 28769 40 7311
107766 28769 40 1007
107767 28770 40 7312
107768 28770 40 7313
107769 28770 40 1007
107770 28770 40 7314
107771 28771 40 2005
107772 28771 40 4915
107773 28771 40 7315
107774 28771 40 7316
107775 28771 40 331
107776 28771 40 829
107777 28771 40 104
107782 28773 40 7317
107783 28773 40 4436
107784 28773 40 4441
107785 28773 40 7223
107786 28773 40 6257
107787 28773 40 6278
107796 28776 40 100
107797 28776 40 798
107798 28776 40 11
107799 28776 40 7319
107800 28776 40 474
107801 28776 40 1347
107802 28776 40 77
107803 28777 40 100
107804 28777 40 828
107805 28777 40 7215
107806 28777 40 11
107807 28777 40 7320
107808 28777 40 44
107809 28777 40 168
107810 28777 40 1058
107811 28778 40 100
107812 28778 40 168
107813 28778 40 474
107814 28778 40 11
107815 28778 40 1058
107816 28778 40 30
107817 28778 40 169
107818 28778 40 7321
107835 28780 40 1106
107836 28780 40 3594
107837 28780 40 7310
107838 28780 40 5954
107839 28780 40 7311
107840 28780 40 2013
107841 28780 40 1084
107842 28780 40 11
107846 28782 40 871
107847 28782 40 7322
107854 28785 40 108
107855 28785 40 188
107856 28785 40 2742
107857 28785 40 992
107858 28785 40 72
107879 28791 40 156
107880 28791 40 7326
107881 28791 40 1138
107882 28791 40 120
107883 28791 40 7327
107884 28791 40 1049
107885 28791 40 118
107886 28791 40 1133
107897 16425 40 3259
107898 16425 40 7279
107899 16425 40 301
107900 16425 40 44
107904 28795 40 390
107905 28796 40 11
107906 28796 40 6384
107907 28796 40 77
107908 28796 40 1740
107909 28796 40 733
107910 28796 40 7328
107911 28796 40 7329
107912 28797 40 7218
107913 28797 40 4618
107914 28797 40 4689
107930 28802 40 7291
107931 28802 40 100
107932 28802 40 7218
107933 28802 40 6384
107934 28802 40 733
107935 28802 40 734
107936 28803 40 7218
107937 28803 40 100
107938 28803 40 125
107939 28803 40 6384
107940 28803 40 6352
107941 28804 40 829
107942 28804 40 20
107943 28804 40 90
107944 28804 40 369
107945 28804 40 797
107946 28804 40 6229
107947 28804 40 139
107948 28804 40 730
107955 24957 40 7334
107956 24957 40 859
107957 24957 40 1868
107958 24957 40 7335
107959 24957 40 7336
107960 24957 40 1128
107970 28808 40 100
107971 28808 40 7218
107972 28808 40 6352
107973 28809 40 780
107974 28809 40 5367
107975 28809 40 7340
107976 28809 40 4877
107977 28809 40 1007
107978 28810 40 505
107979 28810 40 7339
107980 28810 40 7341
107981 28810 40 1347
107982 28810 40 7234
107991 28814 40 11
107992 28814 40 388
107993 28814 40 126
107994 28814 40 1058
107995 28814 40 4490
107996 28814 40 5891
107997 28814 40 139
107998 28814 40 982
108001 28816 40 1057
108002 28816 40 915
108005 28818 40 44
108006 28818 40 188
108007 28818 40 108
108008 28818 40 527
108009 28818 40 11
108010 28819 40 100
108011 28819 40 44
108012 28819 40 75
