2409129 786131 405 139
2409135 918244 405 733
2409136 918244 405 64
2409140 918246 405 733
2409141 918246 405 386
2409142 918247 405 733
2409143 918247 405 451
2409144 918247 405 638
2409145 918248 405 733
2409155 918253 405 733
2409156 918253 405 451
2409157 918254 405 733
2409158 918254 405 6409
2409159 918254 405 1106
2409160 918254 405 836
2409161 918255 405 807
2409167 918260 405 733
2409173 918261 405 507
2409174 918261 405 29
2409175 918262 405 820
2409176 918262 405 92872
2409177 918262 405 11
2409178 918262 405 867
2409179 148512 405 507
2409180 148512 405 2936
2409183 918265 405 11
2409184 918265 405 100
2409185 15073 405 108
2409189 12966 405 188
2409190 12966 405 108
2409191 12966 405 44
2409192 12966 405 11
2409193 12966 405 169
2409200 65414 405 1723
2409201 65414 405 1722
2409202 65414 405 21
2409203 470273 405 359
2409204 470273 405 982
2409205 470273 405 529
2409207 350532 405 3151
2409208 350532 405 11474
2409209 350532 405 69675
2409212 367966 405 733
2409216 918270 405 836
2409217 918270 405 2602
2409218 918270 405 657
2409219 918271 405 733
2409220 918271 405 10205
2409222 918273 405 733
2409223 784117 405 108
2409224 784117 405 138
2409229 756446 405 3151
2409230 756446 405 1560
2409233 918276 405 1939
2409239 918277 405 286
2409240 918277 405 44
2409242 918279 405 68
2409243 918279 405 132486
2409244 918280 405 836
2409245 918280 405 11
2409246 918280 405 657
2409247 918280 405 2602
2409248 918281 405 836
2409249 918281 405 68
2409250 918282 405 52
2409251 918282 405 926
2409252 918283 405 68
2409253 918283 405 132487
2409254 918284 405 12299
2409255 918284 405 873
2409256 918284 405 21
2409257 367974 405 873
2409258 367974 405 507
2409259 715721 405 873
2409274 918287 405 331
2409276 3842 405 138
2409277 3842 405 1897
2409278 195854 405 4053
2409279 195854 405 451
2409280 15093 405 451
2409281 97238 405 138
2409282 97238 405 64
2409283 7755 405 331
2409287 18406 405 1690
2409288 8930 405 138
2409291 918290 405 68
2409292 918290 405 373
2409295 918293 405 1937
2409296 918293 405 68
2409297 918293 405 2602
2409298 918294 405 807
2409299 918294 405 68
2409300 918294 405 2602
2409302 38951 405 2902
2409303 918295 405 81
2409304 918295 405 643
2409314 892395 405 2936
2409327 253422 405 80
2409328 918299 405 52
2409329 918299 405 451
2409330 918299 405 23
2409331 918299 405 126785
2409332 447263 405 52
2409333 447263 405 10205
2409334 918300 405 873
2409335 918300 405 21
2409336 918301 405 451
2409340 542257 405 21
2409341 542257 405 873
2409342 535449 405 100
2409343 535449 405 78851
2409344 546997 405 100
2409345 546997 405 339
2409346 546997 405 7868
2409353 648213 405 836
2409354 648213 405 820
2409362 322411 405 52
2409363 322411 405 1335
2409367 918307 405 451
2409368 918307 405 23
2409369 375919 405 819
2409370 375919 405 11
2409371 918308 405 2404
2409372 633406 405 2428
2409373 633406 405 11
2409374 372220 405 84577
2409375 372220 405 10205
2409376 372220 405 20
2409379 112037 405 1560
2409380 112037 405 15329
2409385 360560 405 7271
2409386 360560 405 23
2409393 192384 405 1740
2409394 84800 405 144
2409395 84800 405 6818
2409396 84800 405 639
2409397 918310 405 8331
2409398 918310 405 451
2409399 918311 405 451
2409400 342236 405 451
2409401 342236 405 8331
2409402 342236 405 4042
2409403 918312 405 836
2409404 918312 405 451
2409407 247032 405 1560
2409408 247032 405 503
2409412 918313 405 451
2409418 158517 405 21
2409419 158517 405 11
2409424 1042355 405 188
2409425 158519 405 188
2409426 158519 405 10205
2409427 158519 405 451
2409433 424429 405 1182
2409434 424429 405 451
2409435 189113 405 503
2409444 646849 405 733
2409445 646849 405 23
2409446 646849 405 11
2409447 918318 405 57728
2409448 918318 405 733
2409449 918318 405 23
2409452 918320 405 2428
2409453 918320 405 11
2409455 1936497 405 939
2409456 1936497 405 507
2409457 1936497 405 5453
2409459 711428 405 1123
2409460 11531 405 70
2409461 11531 405 53
2409466 918323 405 23
2409467 918323 405 343
2409469 918325 405 12093
2409470 918325 405 1150
2409471 918325 405 21114
2409472 918325 405 285
2409475 1024 405 274
2409476 1024 405 825
2409477 1024 405 10205
2409478 1024 405 21
2409479 918326 405 873
2409483 1029 405 657
2409484 1029 405 441
2409485 557326 405 285
2409486 557326 405 23
2409487 11554 405 21
2409488 569865 405 1257
2409489 569865 405 139
2409490 648888 405 791
2409491 648888 405 5004
2409492 918328 405 451
2409493 648305 405 11
2409494 648305 405 451
2409501 918332 405 11
2409502 918332 405 5784
2409505 646878 405 5784
2409506 646878 405 11
2409509 918334 405 1034
2409510 918335 405 7635
2409511 918335 405 451
2409531 4049 405 2012
2409532 4049 405 11
2409533 4049 405 2013
2409544 918344 405 12233
2409548 918346 405 1135
2409549 918346 405 23
2409550 918346 405 52
2409555 168795 405 21
2409556 267138 405 4727
2409557 267138 405 369
2409558 918348 405 11018
2409559 918348 405 100
2409560 918348 405 7546
2409562 918349 405 126785
2409563 918349 405 2428
2409564 422478 405 24688
2409565 422478 405 21
2409573 918352 405 451
2409574 918352 405 2429
2409575 918352 405 132489
2409576 24660 405 139
2409577 24660 405 44
2409578 918353 405 451
2409579 918353 405 1132
2409580 918353 405 668
2409586 22562 405 1897
2409587 22562 405 285
2409592 171504 405 311
2409593 171504 405 24688
2409594 805651 405 733
2409595 805651 405 57342
2409596 418516 405 139
2409597 418516 405 973
2409598 767790 405 21
2409601 270636 405 29
2409602 270636 405 2371
2409603 918354 405 791
2409604 918354 405 507
2409605 918354 405 90
2409606 918355 405 873
2409607 918355 405 21
2409608 543842 405 451
2409609 543842 405 7868
2409610 543842 405 4173
2409611 54505 405 52
2409612 54505 405 4074
2409613 54505 405 23
2409615 11672 405 132485
2409616 11672 405 11
2409625 11679 405 21
2409626 11679 405 3151
2409630 424060 405 8331
2409631 424060 405 939
2409637 196085 405 359
2409638 196085 405 127319
2409645 705353 405 451
2409649 11581 405 4058
2409650 918360 405 11
2409651 918360 405 9797
2409654 918361 405 21
2409655 918361 405 873
2409656 918362 405 62529
2409657 918363 405 62529
2409658 918364 405 18162
2409659 918364 405 503
2409660 376085 405 27163
2409661 376085 405 451
2409663 289773 405 1049
2409665 240489 405 5687
2409666 240489 405 10205
2409667 240489 405 638
2409668 918365 405 451
2409673 918366 405 100449
2409674 918366 405 507
2409675 918366 405 5453
2409683 918367 405 23
2409684 918367 405 451
2409685 918367 405 24688
2409686 711526 405 54652
2409687 711526 405 21
2409688 918368 405 5453
2409689 918368 405 507
2409692 402580 405 4051
2409693 402580 405 23
2409694 918370 405 132485
2409696 918372 405 23
2409697 918372 405 7791
2409699 918374 405 733
2409703 814929 405 98
2409704 814929 405 339
2409705 814929 405 451
2409706 542754 405 668
2409707 542754 405 57342
2409708 542754 405 733
2409709 11825 405 42195
2409713 918376 405 733
2409714 918377 405 1136
2409715 918377 405 10205
2409716 361574 405 1136
2409717 361574 405 734
2409718 361574 405 6846
2409719 361574 405 638
2409720 11852 405 1136
2409722 658998 405 12093
2409727 918378 405 638
2409728 918378 405 22017
2409729 918379 405 638
2409730 918379 405 22017
2409731 114924 405 52
2409732 114924 405 126785
2409733 114924 405 451
2409738 918381 405 100
2409739 918381 405 57342
2409740 918381 405 4778
2409741 918382 405 733
2409742 918382 405 11
2409743 918382 405 369
2409745 646999 405 11
2409746 646999 405 285
2409747 128912 405 44
2409748 128912 405 23
2409749 128912 405 1182
2409750 815391 405 132485
2409751 815391 405 11
2409755 65523 405 25658
2409756 65523 405 3151
2409757 264717 405 100
2409758 264717 405 57342
2409761 918386 405 758
2409762 918386 405 451
2409763 195500 405 791
2409764 195500 405 11
2409774 47703 405 2233
2409775 47703 405 21
2409776 47703 405 11
2409782 918390 405 99
2409783 918390 405 451
2409786 385527 405 503
2409788 918391 405 373
2409789 54637 405 941
2409790 54637 405 11
2409792 1936498 405 331
2409793 1936498 405 21
2409794 918393 405 638
2409795 1936499 405 29
2409796 1936500 405 10205
2409797 1936501 405 21
2409798 1679469 405 1034
2409799 1936502 405 43062
2409800 196429 405 21
2409801 1936503 405 1034
2409802 196421 405 21
2409803 247219 405 331
2409804 1936504 405 21
2409805 918394 405 29
2409810 918395 405 1740
2409811 918395 405 374
2409812 918396 405 1740
2409813 918396 405 10205
2409814 918397 405 1740
2409815 918397 405 733
2409816 918398 405 733
2409817 918398 405 285
2409818 918399 405 1740
2409823 918401 405 1740
2409835 918407 405 27404
2409836 918407 405 733
2409840 918410 405 100
2409841 918411 405 733
2409842 918411 405 100
2409843 918412 405 100
2409844 918412 405 819
2409845 918412 405 8331
2409846 402677 405 71986
2409847 402677 405 451
2409848 402677 405 23
2409849 402677 405 529
2409850 918413 405 39770
2409851 918413 405 27296
2409852 918413 405 10205
2409853 158640 405 451
2409858 918415 405 733
2409859 918415 405 474
2409860 453976 405 1347
2409861 453976 405 52
2409862 453976 405 451
2409863 918416 405 128917
2409864 918416 405 285
2409865 418595 405 12233
2409866 418595 405 14
2409867 418595 405 6840
2409868 418595 405 104
2409869 418595 405 132492
2409870 418595 405 1528
2409871 72268 405 285
2409872 72268 405 139
2409875 918418 405 16447
2409877 361969 405 52
2409878 918420 405 52
2409879 918420 405 11
2409880 918420 405 15361
2409881 918421 405 7229
2409882 918421 405 118
2409883 768280 405 1034
2409888 132358 405 285
2409889 132358 405 138
2409890 132358 405 1897
2409892 918423 405 5004
2409893 918424 405 12233
2409894 918424 405 451
2409897 176879 405 139
2409899 189483 405 16447
2409900 189483 405 733
2409901 189483 405 57342
2409902 423091 405 873
2409903 423091 405 507
2409904 423091 405 12299
2409905 918426 405 4162
2409906 918426 405 4142
2409918 918428 405 41253
2409919 918428 405 20
2409920 36420 405 359
2409926 686714 405 274
2409927 686714 405 4154
2409928 418621 405 139
2409931 19193 405 331
2409932 587570 405 331
2409933 399111 405 331
2409934 399111 405 503
2409936 918432 405 813
2409937 918433 405 4551
2409938 918433 405 369
2409939 918433 405 10205
2409940 918434 405 734
2409941 918434 405 139
2409948 37903 405 730
2409949 37903 405 139
2409954 918439 405 2486
2409955 918439 405 618
2409960 2358 405 188
2409961 2358 405 57342
2409962 2358 405 108
2409963 918441 405 451
2409964 918441 405 23
2409967 918443 405 41790
2409968 918443 405 451
2409969 918444 405 23
2409970 918444 405 11
2409971 918444 405 132488
2409972 918445 405 21
2409973 918445 405 11
2409974 918446 405 836
2409975 918446 405 873
2409976 918446 405 11
2409977 251759 405 1034
2409978 251759 405 12820
2409979 918447 405 311
2409980 918447 405 21
2409981 918447 405 2463
2409986 306853 405 552
2409987 306853 405 10205
2409990 918448 405 331
2409991 198462 405 4737
2409992 198462 405 11
2409999 918450 405 1150
2410000 918450 405 926
2410016 445105 405 307
2410017 445105 405 311
2410018 445105 405 1150
2410019 445105 405 10205
2410024 647073 405 21
2410025 647073 405 23
2410026 647073 405 820
2410029 157563 405 7475
2410031 918457 405 25201
2410032 918458 405 820
2410033 918459 405 11
2410034 918459 405 2371
2410035 918459 405 1963
2410036 918459 405 2589
2410037 918460 405 873
2410038 918460 405 10205
2410042 833991 405 507
2410043 833991 405 11
2410044 833991 405 451
2410045 918463 405 1034
2410046 918463 405 16452
2410048 852978 405 68
2410049 852978 405 807
2410050 852978 405 100
2410051 12207 405 11
2410052 12207 405 52
2410053 12207 405 1106
2410054 815198 405 52
2410055 887330 405 285
2410056 918464 405 912
2410057 918464 405 507
2410058 918464 405 369
2410059 918465 405 27215
2410060 918465 405 57342
2410061 918465 405 126997
2410063 918466 405 4051
2410064 918466 405 57342
2410065 918467 405 939
2410066 918467 405 386
2410067 271743 405 1106
2410068 271743 405 100
2410071 365277 405 12233
2410075 4554 405 4051
2410076 4554 405 4045
2410077 4554 405 11
2410085 918471 405 108
2410086 918471 405 369
2410089 647117 405 27303
2410090 647117 405 451
2410096 129221 405 5004
2410097 918472 405 451
2410098 918473 405 733
2410099 918474 405 132491
2410100 918474 405 451
2410113 105689 405 791
2410114 105689 405 11
2410119 340068 405 21
2410120 340068 405 1034
2410121 431133 405 188
2410122 431133 405 10205
2410123 1936507 405 873
2410124 1936507 405 1943
2410125 1936507 405 21
2410126 1936507 405 2371
2410127 1936507 405 81
2410128 647961 405 873
2410129 647961 405 1943
2410130 647961 405 638
2410131 647961 405 81
2410132 647961 405 369
2410133 485796 405 3151
2410134 485796 405 11
2410135 485796 405 25257
2410136 485796 405 21
2410137 918479 405 21
2410138 918479 405 41197
2410139 918480 405 21
2410145 14366 405 451
2410146 918482 405 54652
2410147 918482 405 3711
2410148 918482 405 451
2410149 423527 405 286
2410153 192512 405 1133
2410154 192512 405 44
2410155 918485 405 451
2410158 918486 405 836
2410159 918486 405 873
2410160 365303 405 108
2410161 365303 405 138
2410166 918488 405 451
2410167 918489 405 7302
2410168 369260 405 285
2410171 918490 405 451
2410175 368590 405 285
2410176 368590 405 733
2410177 918491 405 52
2410178 918491 405 10205
2410179 647146 405 21
2410180 647146 405 138
2410181 918492 405 68
2410182 918493 405 68
2410183 918493 405 21
2410184 918493 405 820
2410185 918493 405 11
2410186 918493 405 132485
2410187 918494 405 23
2410188 918494 405 820
2410189 649300 405 11
2410190 649300 405 507
2410191 27596 405 108
2410192 918495 405 12093
2410197 918497 405 128917
2410204 290124 405 3151
2410205 918498 405 1106
2410206 918498 405 451
2410207 918499 405 451
2410208 918500 405 638
2410209 918500 405 6
2410214 918502 405 791
2410215 918502 405 451
2410227 247496 405 2723
2410228 247498 405 139
2410229 247498 405 285
2410230 247498 405 734
2410236 918506 405 374
2410237 449041 405 132495
2410238 449041 405 23
2410243 918507 405 52
2410244 918507 405 2428
2410247 1936508 405 2428
2410248 1936508 405 11
2410249 1936508 405 2602
2410251 66305 405 2428
2410252 66305 405 10205
2410253 66305 405 2602
2410254 376421 405 2428
2410255 12424 405 132485
2410256 12424 405 11
2410263 60351 405 7141
2410264 60351 405 28
2410265 60351 405 50416
2410266 60351 405 10205
2410267 918512 405 20
2410268 918512 405 11497
2410269 918512 405 11
2410272 112922 405 733
2410273 112922 405 57342
2410278 918515 405 1135
2410279 918515 405 285
2410280 918515 405 139
2410291 918517 405 733
2410292 918517 405 57342
2410293 918518 405 939
2410294 918518 405 507
2410299 192531 405 44
2410300 192531 405 10205
2410301 12443 405 57342
2410302 12443 405 3506
2410316 918523 405 14
2410319 804607 405 41253
2410320 804607 405 10205
2410323 44973 405 139
2410324 44973 405 285
2410325 44973 405 507
2410326 44973 405 545
2410327 1041400 405 100
2410328 150386 405 100
2410329 150386 405 4173
2410330 150386 405 11
2410331 150386 405 7868
2410332 150386 405 112774
2410333 150386 405 474
2410334 918525 405 10154
2410335 918525 405 451
2410336 543440 405 1135
2410337 543440 405 6167
2410338 543440 405 188
2410339 543440 405 57342
2410341 918527 405 873
2410342 150417 405 451
2410351 918530 405 2647
2410352 362973 405 64
2410355 126144 405 1123
2410356 363006 405 64
2410357 363006 405 11
2410358 345691 405 21
2410359 345691 405 343
2410360 804624 405 873
2410361 804624 405 68
2410362 804624 405 62348
2410366 918532 405 451
2410367 867281 405 331
2410368 79611 405 813
2410369 79611 405 331
2410370 918533 405 733
2410371 918533 405 451
2410372 23196 405 331
2410373 918534 405 359
2410374 918534 405 873
2410375 271217 405 2230
2410383 696681 405 1937
2410388 918539 405 733
2410389 918539 405 7868
2410390 918540 405 128917
2410391 918540 405 10205
2410392 376492 405 64
2410393 376492 405 19924
2410394 31888 405 12372
2410395 31888 405 10205
2410399 918542 405 1740
2410403 150511 405 100
2410404 150511 405 451
2410405 711800 405 373
2410406 711800 405 100
2410407 918544 405 100
2410408 918544 405 807
2410420 23207 405 44
2410421 23207 405 2371
2410422 918548 405 9637
2410423 918548 405 57342
2410424 12571 405 44
2410425 12571 405 139
2410426 12571 405 865
2410427 1936510 405 873
2410428 1936510 405 21
2410429 1936510 405 2371
2410432 513806 405 1034
2410433 679372 405 3151
2410436 918551 405 3151
2410437 1936511 405 8778
2410438 918552 405 451
2410439 918553 405 1133
2410440 918553 405 4163
2410441 918553 405 11
2410442 918553 405 132485
2410447 347153 405 12093
2410448 1936512 405 21
2410449 1936512 405 12093
2410450 147225 405 12093
2410457 294795 405 11
2410458 294795 405 24688
2410459 12619 405 132485
2410460 12619 405 331
2410461 647234 405 54652
2410468 918560 405 68
2410473 424762 405 64
2410474 424762 405 138
2410475 424762 405 941
2410477 2974 405 1135
2410478 2974 405 139
2410479 2974 405 286
2410480 2974 405 28
2410481 2974 405 57342
2410484 918564 405 11
2410485 918564 405 10382
2410486 918564 405 386
2410494 717810 405 139
2410495 717810 405 285
2410498 428215 405 961
2410502 394370 405 188
2410503 394370 405 57342
2410504 394370 405 374
2410505 394370 405 4108
2410506 12699 405 734
2410507 12699 405 285
2410509 250429 405 29
2410510 918570 405 791
2410511 918570 405 11
2410512 918570 405 139
2410518 12715 405 52
2410519 12715 405 2428
2410520 12715 405 57342
2410521 115169 405 4618
2410522 115169 405 57342
2410523 115169 405 5370
2410533 1158 405 10162
2410534 1158 405 43737
2410535 196912 405 10162
2410536 196912 405 11
2410537 196912 405 730
2410541 84651 405 100
2410542 84651 405 10205
2410552 918578 405 733
2410553 52773 405 1740
2410554 52773 405 10205
2410555 52773 405 369
2410558 30379 405 7229
2410559 30379 405 1740
2410560 918580 405 7229
2410561 918580 405 118
2410564 559065 405 941
2410565 559065 405 1106
2410566 559065 405 221
2410567 559065 405 11821
2410568 158807 405 5004
2410569 158807 405 11
2410570 158807 405 733
2410571 494120 405 1739
2410572 494120 405 529
2410573 918582 405 733
2410583 104692 405 259
2410584 189885 405 138
2410585 46766 405 259
2410586 46766 405 285
2410588 62659 405 259
2410589 437578 405 259
2410590 437578 405 343
2410593 274407 405 45
2410594 179066 405 259
2410595 179066 405 451
2410596 584681 405 259
2410597 584681 405 285
2410598 59064 405 259
2410603 918586 405 1335
2410604 918587 405 733
2410605 918587 405 13271
2410610 918590 405 733
2410615 918593 405 132498
2410616 918593 405 11
2410617 918593 405 132485
2410620 918595 405 57342
2410621 918595 405 7788
2410622 918596 405 939
2410623 918596 405 79532
2410624 918596 405 10205
2410625 543758 405 873
2410627 647309 405 791
2410628 647309 405 10382
2410631 539077 405 791
2410632 539077 405 21
2410635 918597 405 68
2410636 918597 405 11
2410637 918597 405 373
2410640 543762 405 451
2410641 543762 405 11
2410643 376629 405 1937
2410644 539080 405 2428
2410648 918600 405 5332
2410649 918600 405 41253
2410650 918600 405 50416
2410651 918601 405 11
2410652 918601 405 23
2410655 918604 405 3158
2410659 918605 405 507
2410660 918605 405 5453
2410665 253876 405 21
2410666 253876 405 24688
2410667 253876 405 707
2410668 918607 405 23
2410669 918607 405 451
2410682 918609 405 28
2410683 918609 405 57342
2410684 804670 405 21
2410685 804670 405 873
2410686 711892 405 451
2410687 711892 405 2230
2410691 543774 405 807
2410692 543774 405 529
2410694 333803 405 24688
2410695 333803 405 21
2410696 333803 405 642
2410697 434678 405 939
2410698 434678 405 132488
2410699 434678 405 867
2410700 434678 405 807
2410701 918612 405 8305
2410702 918612 405 2891
2410705 1936514 405 52
2410706 1936514 405 10205
2410707 4976 405 52
2410708 4976 405 10205
2410709 4976 405 11
2410711 918615 405 11
2410712 918615 405 4036
2410713 918615 405 451
2410714 918616 405 56
2410715 918616 405 733
2410716 918617 405 11
2410717 918617 405 733
2410718 918617 405 285
2410719 918618 405 733
2410720 918619 405 733
2410721 918620 405 733
2410722 918620 405 11524
2410723 918621 405 4042
2410724 918621 405 11
2410725 918621 405 23
2410726 2981 405 11
2410727 2981 405 373
2410728 543261 405 21
2410729 543261 405 11
2410730 543261 405 820
2410734 918622 405 21
2410735 918623 405 7868
2410736 918623 405 1133
2410737 918623 405 451
2410738 1936515 405 17880
2410739 1936515 405 807
2410740 918624 405 21
2410741 918624 405 11
2410747 918626 405 28
2410752 918628 405 13271
2410753 918628 405 2642
2410754 918628 405 369
2410755 918629 405 23
2410756 918629 405 451
2410757 355883 405 820
2410758 918630 405 47568
2410759 804677 405 47568
2410760 804677 405 11
2410761 804677 405 23
2410762 918631 405 47568
2410763 918631 405 68
2410764 918631 405 23
2410765 918632 405 47568
2410766 918632 405 68
2410767 918632 405 2602
2410768 918633 405 47568
2410769 918633 405 16447
2410770 918633 405 23
2410771 918633 405 451
2410772 918634 405 47568
2410773 716025 405 100
2410774 716025 405 57342
2410775 716025 405 5004
2410776 918635 405 451
2410777 918636 405 4051
2410778 918636 405 52
2410779 918636 405 21
2410780 918637 405 733
2410781 918637 405 21
2410785 918639 405 57728
2410786 918639 405 451
2410789 918640 405 57728
2410790 918640 405 11
2410791 918640 405 451
2410792 918641 405 57728
2410793 918641 405 11
2410794 918641 405 23
2410795 129683 405 11
2410796 129683 405 100
2410799 918642 405 64
2410800 918643 405 733
2410801 918643 405 638
2410802 918644 405 5004
2410803 918645 405 451
2410804 283586 405 1722
2410805 918646 405 1722
2410806 918647 405 58161
2410811 12871 405 104
2410812 918649 405 21
2410822 918655 405 733
2410823 918655 405 11
2410824 918655 405 1739
2410829 918657 405 373
2410830 918657 405 68
2410831 918657 405 12351
2410845 104721 405 2428
2410846 104721 405 11
2410847 104721 405 20
2410848 918663 405 286
2410849 918663 405 68
2410850 918663 405 657
2410851 815551 405 1123
2410854 918664 405 8331
2410855 918664 405 81
2410856 458939 405 1034
2410858 283626 405 4045
2410859 283626 405 6780
2410861 256766 405 2404
2410864 670782 405 225
2410865 670782 405 254
2410866 670782 405 787
2410867 670782 405 386
2410868 670782 405 1172
2410869 918666 405 1182
2410870 918666 405 100636
2410871 918666 405 1740
2410877 294807 405 52
2410881 12937 405 44
2410884 918668 405 132502
2410885 918668 405 451
2410886 918669 405 374
2410887 918669 405 657
2410888 918669 405 451
2410889 918670 405 4042
2410890 918670 405 126785
2410891 918670 405 2602
2410892 66611 405 52
2410893 66611 405 657
2410894 66611 405 2602
2410895 918671 405 836
2410896 918671 405 657
2410897 918671 405 2602
2410898 918672 405 286
2410899 447659 405 11
2410900 447659 405 21
2410908 918675 405 7271
2410909 918675 405 23
2410910 918675 405 24688
2410911 918675 405 11
2410912 177363 405 451
2410917 918677 405 68
2410918 918678 405 21
2410919 918678 405 11
2410922 648914 405 23
2410923 648914 405 24688
2410924 648914 405 7868
2410925 918679 405 68
2410926 918680 405 52
2410927 918680 405 11
2410933 918683 405 807
2410934 918683 405 68
2410935 376757 405 68
2410944 406398 405 108
2410947 27646 405 108
2410960 918688 405 52
2410961 918688 405 451
2410962 918689 405 1335
2410963 918690 405 1723
2410964 918691 405 733
2410965 918691 405 451
2410966 376775 405 21
2410967 376775 405 132485
2410968 918692 405 451
2410969 355924 405 791
2410970 355924 405 779
2410971 355924 405 3122
2410972 55001 405 285
2410974 376783 405 373
2410975 918694 405 12233
2410976 918694 405 139
2410977 354077 405 3633
2410978 918695 405 643
2410979 918695 405 8778
2410984 396379 405 5687
2410985 396379 405 638
2410988 544155 405 441
2410989 544155 405 24688
2410994 386137 405 941
2410995 386137 405 1106
2410996 386137 405 68
2410997 386137 405 11821
2410998 918698 405 6192
2410999 918698 405 734
2411003 918699 405 1740
2411004 918699 405 7327
2411005 918699 405 8334
2411006 129847 405 29841
2411007 129847 405 285
2411008 586312 405 334
2411012 1936517 405 2486
2411013 1936517 405 996
2411015 918703 405 2730
2411016 918703 405 1049
2411018 1936518 405 1451
2411019 1936518 405 11007
2411020 1897224 405 21
2411021 1897224 405 643
2411022 1897224 405 11007
2411032 13045 405 758
2411033 13045 405 1344
2411034 13045 405 139
2411035 13045 405 4036
2411036 13045 405 10205
2411037 13045 405 529
2411042 190031 405 286
2411047 197894 405 188
2411048 197894 405 57342
2411049 918706 405 28
2411050 918706 405 285
2411052 115261 405 2230
2411053 115261 405 657
2411054 115261 405 507
2411055 115261 405 5453
2411056 265006 405 386
2411057 265006 405 451
2411058 158884 405 21
2411059 158884 405 52
2411060 158884 405 805
2411061 158884 405 343
2411062 5164 405 21
2411070 918710 405 16447
2411071 918710 405 11
2411078 918713 405 44
2411079 355297 405 108
2411080 355297 405 138
2411081 355297 405 57342
2411082 918714 405 719
2411083 355973 405 1133
2411084 355973 405 52
2411085 355973 405 62278
2411090 918717 405 4173
2411091 918717 405 451
2411092 79175 405 4042
2411093 79175 405 451
2411094 15654 405 285
2411095 15654 405 668
2411096 143606 405 139
2411097 143606 405 285
2411098 647465 405 21
2411099 647465 405 11
2411101 415605 405 6780
2411106 1936519 405 4162
2411107 1936519 405 7546
2411109 376886 405 867
2411110 376886 405 657
2411111 376886 405 23
2411112 918721 405 873
2411113 918721 405 132504
2411116 56879 405 138
2411117 56879 405 926
2411118 56879 405 12821
2411120 375320 405 138
2411122 368672 405 64
2411123 368672 405 733
2411130 918724 405 2602
2411131 918724 405 24688
2411132 918724 405 11
2411133 240719 405 1034
2411138 36502 405 386
2411139 36502 405 10382
2411140 36502 405 11
2411141 38057 405 138
2411142 38057 405 12821
2411143 38057 405 926
2411145 51994 405 7123
2411161 918732 405 733
2411162 918732 405 28
2411163 918732 405 23
2411164 251945 405 25621
2411165 251945 405 25257
2411166 251945 405 20
2411167 918733 405 64
2411168 127054 405 883
2411169 127054 405 730
2411173 376917 405 139
2411175 918736 405 57342
2411178 13177 405 80
2411179 13178 405 318
2411180 918738 405 1722
2411191 785315 405 4051
2411196 918739 405 507
2411197 918739 405 873
2411198 918739 405 5453
2411200 647505 405 16447
2411201 5289 405 664
2411202 1936521 405 100
2411203 1936521 405 374
2411204 1936521 405 285
2411206 8718 405 6
2411208 84789 405 21
2411209 918742 405 21
2411210 918742 405 873
2411211 192650 405 873
2411212 192650 405 386
2411222 431185 405 4142
2411223 431185 405 451
2411224 918745 405 11
2411225 918745 405 132485
2411226 918745 405 23
2411227 918745 405 7868
2411229 918747 405 42195
2411230 918747 405 386
2411231 918747 405 100
2411237 13255 405 9427
2411238 13255 405 285
2411239 13255 405 286
2411240 918748 405 820
2411241 918748 405 92872
2411242 918748 405 3471
2411246 442028 405 29
2411248 880258 405 4162
2411249 815764 405 4162
2411252 198131 405 4162
2411259 66838 405 3362
2411260 66838 405 11
2411261 66838 405 1745
2411264 918751 405 11
2411265 918751 405 100
2411266 918751 405 1739
2411267 918752 405 5644
2411268 918753 405 1034
2411272 918755 405 21
2411273 918755 405 311
2411274 130140 405 11
2411275 64318 405 869
2411276 64318 405 1034
2411282 1936522 405 16447
2411288 918757 405 132506
2411289 918757 405 507
2411290 918757 405 5453
2411291 918758 405 132506
2411292 918758 405 507
2411293 918758 405 5453
2411294 918759 405 132506
2411295 918760 405 132506
2411296 918760 405 451
2411297 918761 405 451
2411302 194481 405 733
2411303 194481 405 791
2411304 194481 405 11
2411315 918767 405 733
2411316 396501 405 285
2411317 396501 405 44
2411318 396501 405 4056
2411319 918768 405 285
2411320 918768 405 733
2411322 918770 405 7302
2411329 918775 405 733
2411332 192661 405 7302
2411333 192661 405 285
2411334 192661 405 120
2411335 918777 405 264
2411336 918777 405 285
2411338 918778 405 873
2411339 918778 405 21
2411340 79286 405 21
2411341 79286 405 791
2411342 79286 405 132485
2411344 658003 405 21
2411345 658003 405 11
2411346 115427 405 285
2411347 1936523 405 733
2411348 1936523 405 57342
2411349 1936523 405 1135
2411354 918780 405 733
2411355 918780 405 57342
2411361 918782 405 23
2411362 918782 405 1135
2411363 918782 405 286
2411364 918783 405 1135
2411365 918783 405 23
2411366 918783 405 52
2411367 676 405 1184
2411368 676 405 941
2411369 676 405 2916
2411378 244075 405 451
2411381 918787 405 41253
2411382 918787 405 57342
2411383 918787 405 11
2411388 918789 405 12093
2411389 918789 405 139
2411393 548026 405 11
2411394 548026 405 451
2411397 380632 405 873
2411398 380632 405 10205
2411399 301762 405 583
2411400 66897 405 451
2411404 373893 405 21
2411405 918792 405 24312
2411406 918792 405 825
2411407 8180 405 1123
2411408 769639 405 6833
2411412 918794 405 734
2411413 918794 405 139
2411416 747375 405 20
2411417 747375 405 44
2411418 747375 405 189
2411419 747375 405 108
2411420 747375 405 527
2411423 294909 405 2404
2411429 377100 405 779
2411430 377100 405 285
2411432 194323 405 733
2411433 194323 405 6409
2411442 918798 405 2936
2411443 918798 405 72
2411445 918800 405 4173
2411446 918800 405 11550
2411447 918800 405 57342
2411448 918801 405 57342
2411449 918801 405 100
2411450 918802 405 21
2411455 918803 405 12233
2411456 918803 405 2603
2411459 871621 405 451
2411460 918804 405 68
2411461 918804 405 892
2411462 544765 405 12372
2411463 544765 405 21
2411465 647597 405 23
2411466 647597 405 11
2411468 2995 405 638
2411478 297383 405 139
2411479 297383 405 2680
2411480 918807 405 1133
2411481 918807 405 12233
2411482 918807 405 57342
2411485 853079 405 873
2411486 853079 405 21
2411487 853079 405 62348
2411492 1936524 405 873
2411493 1936524 405 21
2411494 1936524 405 132504
2411495 544793 405 21
2411496 544793 405 873
2411497 334217 405 643
2411498 334217 405 21
2411499 151583 405 1133
2411500 151583 405 10205
2411501 918809 405 139
2411502 544815 405 12233
2411503 290633 405 1560
2411504 290633 405 3151
2411505 290633 405 11474
2411506 290633 405 1779
2411507 785660 405 1740
2411508 785660 405 57342
2411510 334235 405 29841
2411511 334235 405 12233
2411512 334235 405 57342
2411513 127103 405 12233
2411515 157637 405 12233
2411517 14626 405 4045
2411518 14626 405 12233
2411519 918811 405 12233
2411520 918812 405 12233
2411521 918813 405 12233
2411522 918814 405 12233
2411523 918815 405 12233
2411524 918815 405 618
2411525 918816 405 6780
2411526 918816 405 12233
2411527 918816 405 57342
2411532 918818 405 21
2411534 192684 405 4056
2411535 192684 405 188
2411536 192684 405 451
2411537 918820 405 13564
2411538 918820 405 276
2411539 1297 405 72
2411540 1297 405 311
2411541 1297 405 2723
2411542 1297 405 789
2411546 918821 405 16447
2411547 918821 405 7271
2411548 815898 405 138
2411549 815898 405 451
2411555 655162 405 1122
2411556 655162 405 139
2411557 1041468 405 132485
2411558 1041468 405 11
2411566 918826 405 3151
2411567 918827 405 451
2411568 918827 405 64
2411574 918830 405 4173
2411575 918830 405 507
2411576 918831 405 2497
2411577 918831 405 4173
2411578 918831 405 57342
2411582 918832 405 359
2411583 874833 405 331
2411584 874833 405 4053
2411585 874833 405 21
2411586 67019 405 941
2411587 67019 405 100
2411588 918833 405 12233
2411589 918833 405 57342
2411592 918834 405 21
2411593 404884 405 21
2411594 404884 405 118
2411595 404884 405 52
2411600 918837 405 3558
2411601 918837 405 12093
2411602 918838 405 11
2411603 918838 405 2539
2411611 918840 405 23
2411612 918840 405 11
2411613 918841 405 939
2411614 918841 405 8331
2411615 918841 405 451
2411616 918842 405 10382
2411617 918842 405 11
2411619 918843 405 791
2411620 918844 405 25201
2411621 918845 405 733
2411622 918845 405 507
2411628 151720 405 4042
2411629 151720 405 451
2411630 809189 405 16447
2411631 809189 405 138
2411636 918848 405 733
2411637 918848 405 11
2411638 177737 405 37532
2411639 177737 405 941
2411640 712148 405 8331
2411641 712148 405 819
2411642 703634 405 132491
2411645 1936525 405 869
2411646 406629 405 285
2411647 406629 405 139
2411648 442141 405 451
2411649 442141 405 939
2411656 918851 405 132485
2411658 918852 405 733
2411659 918852 405 41253
2411660 23545 405 451
2411661 23545 405 44
2411665 918853 405 100449
2411666 918853 405 369
2411678 712158 405 97186
2411687 918864 405 57728
2411688 918864 405 451
2411689 21984 405 138
2411690 21984 405 961
2411691 112763 405 6234
2411692 112763 405 57342
2411693 112763 405 44
2411701 257021 405 254
2411702 257021 405 451
2411703 274900 405 138
2411706 918868 405 503
2411709 648560 405 2864
2411710 648560 405 451
2411711 995942 405 4162
2411717 403974 405 52363
2411727 13715 405 1132
2411728 13715 405 285
2411729 13715 405 5909
2411730 918873 405 12233
2411731 918873 405 57342
2411733 252843 405 451
2411734 712205 405 451
2411735 712205 405 44
2411736 301839 405 523
2411737 647719 405 126785
2411738 647719 405 23
2411739 918874 405 47568
2411740 918874 405 17880
2411741 918874 405 20
2411743 13726 405 730
2411744 13726 405 139
2411745 59217 405 285
2411746 59217 405 1738
2411747 918876 405 304
2411748 1936527 405 44
2411749 1936527 405 285
2411754 918878 405 733
2411758 265208 405 11
2411759 265208 405 126997
2411760 3004 405 221
2411761 3004 405 286
2411762 3004 405 57342
2411763 64402 405 285
2411764 918879 405 11
2411766 720750 405 108
2411769 719049 405 6
2411770 359682 405 1807
2411771 359682 405 1897
2411772 25103 405 6
2411773 25103 405 139
2411774 466921 405 132485
2411775 466921 405 11
2411778 13801 405 1134
2411779 13801 405 57342
2411780 13801 405 188
2411781 159085 405 21
2411782 159085 405 11
2411783 918882 405 132506
2411784 918882 405 5453
2411785 918883 405 12233
2411786 647737 405 791
2411787 647737 405 733
2411790 98953 405 44
2411791 73267 405 214
2411793 918885 405 873
2411794 918885 405 836
2411795 918886 405 2404
2411797 13824 405 2404
2411798 13824 405 139
2411799 13824 405 2902
2411800 25409 405 2902
2411801 25409 405 2404
2411802 25409 405 4045
2411803 5827 405 139
2411808 918889 405 507
2411809 918889 405 5453
2411810 200652 405 507
2411811 200652 405 5453
2411816 13847 405 100
2411817 13847 405 16447
2411818 13847 405 44
2411821 918892 405 54652
2411822 386903 405 873
2411823 386903 405 583
2411824 386903 405 451
2411825 13850 405 21
2411826 13850 405 807
2411828 918893 405 1740
2411830 918895 405 21
2411831 918895 405 12093
2411837 918897 405 139
2411838 918897 405 12093
2411839 918898 405 21
2411840 918898 405 52
2411842 169408 405 21
2411843 169408 405 529
2411844 104952 405 81
2411845 104952 405 529
2411847 67259 405 21
2411848 67259 405 657
2411849 55296 405 25201
2411852 104954 405 21
2411853 104954 405 11
2411854 254173 405 507
2411855 254173 405 62278
2411856 147328 405 68
2411857 147328 405 507
2411858 147328 405 657
2411859 147328 405 529
2411860 54190 405 961
2411861 918900 405 139
2411862 918900 405 44
2411871 302016 405 2936
2411872 302016 405 311
2411877 95886 405 285
2411878 918905 405 668
2411879 918905 405 188
2411880 918905 405 20
2411881 918905 405 507
2411882 918906 405 373
2411886 652094 405 939
2411887 652094 405 451
2411888 652094 405 126785
2411889 23351 405 108
2411890 23351 405 19924
2411897 377430 405 100
2411898 377430 405 285
2411899 104970 405 81
2411900 104970 405 19924
2411909 399774 405 757
2411910 399774 405 81
2411911 918912 405 132509
2411912 918912 405 873
2411915 647771 405 939
2411916 647771 405 23
2411917 647771 405 132488
2411923 918916 405 16447
2411924 918916 405 343
2411929 918918 405 68
2411930 918918 405 4042
2411931 50153 405 4042
2411932 50153 405 100
2411933 50153 405 10205
2411937 885 405 825
2411942 918921 405 733
2411943 918921 405 285
2411947 11431 405 11821
2411949 720801 405 359
2411953 918922 405 2936
2411954 918922 405 29114
2411955 918922 405 2602
2411956 918922 405 68
2411957 112832 405 2428
2411958 112832 405 10205
2411959 112832 405 20
2411960 543189 405 2428
2411961 543189 405 20
2411962 918923 405 139
2411963 918923 405 613
2411964 14009 405 29750
2411965 14009 405 21
2411966 1358 405 21
2411967 1358 405 29750
2411973 377455 405 28
2411974 377455 405 11
2411975 918926 405 12194
2411976 905719 405 19924
2411980 918928 405 4051
2411981 918928 405 47568
2411982 918928 405 57342
2411983 712349 405 12233
2411984 918929 405 12233
2411987 105006 405 1299
2411988 918930 405 734
2411989 918930 405 3722
2411990 614135 405 100
2411991 614135 405 369
2411992 180742 405 100
2411993 180742 405 10205
2411994 180742 405 369
2411995 67356 405 100
2411996 67356 405 10282
2412006 918933 405 11
2412007 918934 405 41790
2412008 918935 405 638
2412009 918936 405 6712
2412010 918936 405 104
2412014 67401 405 1943
2412015 67401 405 10205
2412016 67401 405 2993
2412017 67401 405 529
2412018 918938 405 733
2412019 918938 405 451
2412022 804817 405 4472
2412023 804817 405 27296
2412024 918941 405 123275
2412025 918941 405 7295
2412026 918941 405 7635
2412030 918944 405 3151
2412031 345963 405 779
2412032 345963 405 28
2412033 345963 405 11
2412034 345963 405 9792
2412035 127183 405 132485
2412036 127183 405 1133
2412037 918945 405 451
2412041 918946 405 139
2412051 918950 405 11027
2412052 785964 405 4177
2412053 785964 405 734
2412055 918952 405 6902
2412059 918953 405 132485
2412060 918954 405 24688
2412061 918954 405 657
2412062 918954 405 2602
2412065 918955 405 1804
2412066 918955 405 104
2412067 918955 405 58155
2412070 526601 405 57342
2412071 918956 405 12233
2412077 1374 405 9780
2412078 1936529 405 2404
2412084 345069 405 451
2412085 345069 405 11429
2412086 345069 405 11
2412088 284308 405 21
2412089 365922 405 451
2412090 14169 405 359
2412093 918961 405 451
2412094 6785 405 1141
2412095 6785 405 20
2412116 21316 405 318
2412117 21316 405 10205
2412118 29254 405 318
2412119 29254 405 44
2412120 21332 405 285
2412121 21332 405 44
2412122 356320 405 10161
2412123 55390 405 285
2412124 55390 405 4028
2412125 55390 405 139
2412127 349092 405 4162
2412128 349092 405 4089
2412129 301947 405 28
2412130 301947 405 57342
2412131 349107 405 52
2412132 349107 405 57342
2412133 349107 405 10762
2412134 32088 405 28
2412135 32088 405 57342
2412136 32088 405 27304
2412145 918968 405 583
2412146 536126 405 873
2412147 536126 405 5453
2412150 918970 405 791
2412151 918970 405 2602
2412152 918970 405 21
2412155 14261 405 1135
2412156 14261 405 10205
2412157 130944 405 62529
2412158 130944 405 52
2412159 130944 405 1184
2412160 130944 405 529
2412161 130944 405 23
2412164 465830 405 343
2412165 465830 405 20
2412171 870071 405 2520
2412172 918973 405 7302
2412173 536128 405 8778
2412174 536128 405 805
2412175 486667 405 2520
2412176 486667 405 2371
2412177 918974 405 138
2412178 918974 405 451
2412182 425143 405 57342
2412183 425143 405 1937
2412184 425143 405 139
2412185 918976 405 62529
2412186 918976 405 2602
2412187 918977 405 885
2412188 243067 405 451
2412189 918978 405 836
2412190 918978 405 2602
2412191 918979 405 21
2412192 377661 405 21
2412193 377661 405 11
2412194 67526 405 11
2412195 67526 405 23
2412197 918981 405 583
2412198 918981 405 132510
2412199 918981 405 21
2412201 1936532 405 873
2412202 53226 405 12821
2412203 53226 405 285
2412204 53226 405 138
2412205 38223 405 12821
2412206 38223 405 138
2412207 38223 405 57342
2412211 390663 405 138
2412212 390663 405 1897
2412213 918983 405 285
2412214 918983 405 1678
2412219 659221 405 28
2412220 659221 405 132485
2412221 659221 405 20
2412222 918985 405 873
2412223 918985 405 286
2412224 918985 405 139
2412225 918985 405 79445
2412227 504662 405 825
2412233 918988 405 733
2412234 918988 405 6902
2412235 14308 405 1135
2412236 14308 405 139
2412237 14308 405 286
2412238 416403 405 825
2412239 416403 405 64
2412240 416403 405 451
2412241 918989 405 1707
2412242 918990 405 11
2412243 918990 405 24101
2412244 73508 405 1331
2412245 73508 405 2916
2412246 918991 405 638
2412247 918991 405 1331
2412248 918991 405 507
2412249 69983 405 1331
2412255 1936533 405 4028
2412256 1936533 405 21
2412257 1936533 405 725
2412258 918994 405 873
2412259 918994 405 451
2412262 918995 405 11
2412265 394124 405 139
2412269 394126 405 4108
2412270 394126 405 21
2412271 918996 405 507
2412272 918996 405 5453
2412276 918997 405 733
2412277 918997 405 57342
2412281 642971 405 52
2412287 918999 405 939
2412288 918999 405 22088
2412289 918999 405 451
2412290 712451 405 939
2412295 773908 405 939
2412296 773908 405 369
2412297 652115 405 62348
2412298 652115 405 939
2412299 652115 405 451
2412300 419295 405 939
2412301 419295 405 21
2412304 167408 405 1117
2412305 167408 405 4802
2412306 167408 405 451
2412307 919002 405 807
2412308 919002 405 733
2412309 919002 405 1106
2412312 14382 405 221
2412313 14382 405 3158
2412314 829678 405 23
2412315 829678 405 825
2412318 919004 405 733
2412319 919005 405 21
2412320 194647 405 11
2412321 194647 405 52
2412322 194647 405 23
2412323 919006 405 7302
2412326 67658 405 188
2412327 67658 405 11
2412328 67658 405 21
2412329 335028 405 21
2412330 335028 405 1335
2412331 366075 405 21
2412336 187928 405 4163
2412337 187928 405 132485
2412338 919008 405 11
2412339 919008 405 285
2412340 429012 405 2990
2412341 429012 405 285
2412342 429012 405 139
2412343 38237 405 961
2412346 18239 405 1123
2412347 919009 405 451
2412348 45233 405 613
2412349 45233 405 10205
2412350 160358 405 11
2412351 160358 405 10205
2412352 6389 405 307
2412353 6389 405 1150
2412358 919014 405 733
2412359 919014 405 57342
2412364 919010 405 5332
2412365 919011 405 11
2412366 919011 405 285
2412370 919012 405 873
2412371 919012 405 21
2412374 424269 405 21
2412375 424269 405 873
2412378 919015 405 733
2412379 919015 405 57342
2412380 127776 405 7475
2412381 127776 405 6192
2412382 127776 405 285
2412383 127776 405 451
2412384 394185 405 939
2412385 394185 405 318
2412386 394185 405 10205
2412390 1936535 405 1150
2412391 1936535 405 12093
2412394 637453 405 1739
2412395 637453 405 451
2412396 1698233 405 873
2412397 1698233 405 21
2412398 1698233 405 2371
2412400 416516 405 108
2412401 416516 405 7630
2412402 416516 405 10205
2412403 21691 405 2404
2412404 21691 405 10205
2412408 522974 405 451
2412409 919029 405 1106
2412410 919029 405 2550
2412411 919029 405 1166
2412412 712529 405 939
2412413 712529 405 369
2412416 180861 405 807
2412417 180861 405 52
2412418 180861 405 1106
2412419 180861 405 100
2412423 919032 405 1740
2412424 454912 405 4335
2412425 454912 405 132512
2412426 454912 405 451
2412427 919019 405 29
2412428 513835 405 1257
2412429 919020 405 3151
2412433 14582 405 1722
2412434 919021 405 733
2412438 662598 405 21
2412439 844293 405 254
2412440 844293 405 21
2412441 844293 405 10205
2412443 919023 405 373
2412444 919023 405 11
2412449 67765 405 873
2412453 194687 405 451
2412454 919027 405 733
2412455 919027 405 638
2412459 423774 405 64
2412460 423774 405 451
2412463 728451 405 21
2412464 728451 405 11
2412465 728451 405 820
2412466 919030 405 733
2412467 919030 405 10205
2412468 919030 405 638
2412471 261184 405 254
2412472 261184 405 1123
2412473 261184 405 638
2412474 73673 405 638
2412475 115919 405 873
2412476 115919 405 638
2412477 115919 405 451
2412478 115919 405 19048
2412479 115936 405 12233
2412480 323743 405 168
2412481 323743 405 369
2412482 159267 405 451
2412485 252195 405 3151
2412494 240956 405 527
2412495 240956 405 10205
2412496 68946 405 21
2412497 68946 405 791
2412498 557840 405 259
2412499 557840 405 11524
2412500 557840 405 285
2412503 658864 405 451
2412507 757114 405 2428
2412508 757114 405 1106
2412509 757114 405 44
2412510 757114 405 451
2412514 919047 405 873
2412515 919047 405 2602
2412516 919047 405 28819
2412517 167538 405 643
2412518 167538 405 21
2412523 612258 405 1132
2412524 612258 405 10205
2412525 612258 405 20
2412529 919037 405 132485
2412530 919037 405 50010
2412531 919038 405 52
2412532 919038 405 15361
2412543 919045 405 16422
2412544 919045 405 939
2412545 919045 405 1106
2412546 266225 405 56
2412547 266225 405 10205
2412548 649071 405 56
2412549 649071 405 10205
2412550 919046 405 451
2412567 54266 405 274
2412571 919052 405 7141
2412572 919052 405 11
2412573 919053 405 643
2412574 919053 405 873
2412575 919053 405 20
2412576 131279 405 603
2412577 131279 405 1132
2412578 131279 405 5987
2412579 919054 405 451
2412584 23863 405 638
2412585 23863 405 2156
2412586 919055 405 27296
2412587 919055 405 68
2412588 919055 405 52
2412595 919056 405 733
2412603 443151 405 961
2412604 358463 405 451
2412605 257409 405 451
2412606 919061 405 57728
2412607 919061 405 1133
2412608 919062 405 52
2412609 919062 405 451
2412610 919062 405 23
2412611 919063 405 733
2412612 919063 405 57342
2412615 919065 405 733
2412616 919065 405 5909
2412617 448269 405 1133
2412618 448269 405 451
2412619 335174 405 139
2412620 919066 405 9780
2412624 919068 405 7232
2412625 919068 405 56096
2412626 919069 405 6409
2412627 919069 405 7260
2412628 919070 405 733
2412629 919070 405 285
2412630 6657 405 1897
2412637 377973 405 1897
2412638 377973 405 285
2412640 252232 405 451
2412641 761366 405 451
2412642 919074 405 451
2412651 919076 405 132485
2412652 524508 405 254
2412653 919077 405 285
2412654 919077 405 369
2412660 919086 405 21
2412666 919078 405 12233
2412667 919078 405 1106
2412693 919093 405 507
2412707 411896 405 873
2412708 411896 405 20
2412709 411896 405 65000
2412710 919085 405 23
2412711 919085 405 52
2412712 919085 405 1517
2412713 919085 405 11
2412714 919085 405 24688
2412718 919094 405 3158
2412720 919095 405 11
2412721 919095 405 100
2412722 919096 405 1740
2412723 919096 405 10205
2412724 919097 405 274
2412725 356523 405 1138
2412726 1129368 405 507
2412727 1129368 405 5453
2412728 1129368 405 846
2412729 394760 405 1133
2412730 394760 405 441
2412731 536287 405 11
2412732 536287 405 507
2412733 536287 405 5453
2412734 368276 405 132506
2412735 368276 405 451
2412736 536296 405 42076
2412737 536296 405 507
2412738 536296 405 126785
2412739 536296 405 7868
2412740 919098 405 13564
2412741 919098 405 507
2412742 919098 405 5453
2412743 407048 405 1133
2412744 407048 405 441
2412745 449930 405 441
2412746 449930 405 5453
2412747 648050 405 28
2412748 648050 405 885
2412752 38285 405 138
2412753 38285 405 10205
2412754 38285 405 825
2412755 38285 405 64
2412756 919100 405 286
2412761 710706 405 507
2412768 112912 405 1138
2412769 112912 405 285
2412772 9279 405 618
2412777 919108 405 132513
2412778 919108 405 11
2412781 387571 405 29
2412782 804889 405 132496
2412783 919107 405 836
2412784 919107 405 11
2412785 919107 405 68
2412786 919107 405 132496
2412788 400188 405 100
2412789 400188 405 369
2412790 742530 405 733
2412791 742530 405 10205
2412792 1936537 405 7302
2412793 1936537 405 285
2412794 335269 405 25201
2412795 16200 405 11
2412796 16200 405 40621
2412798 919111 405 733
2412799 919112 405 11
2412800 67919 405 451
2412803 919113 405 836
2412804 919113 405 926
2412809 919120 405 7302
2412810 919120 405 451
2412811 919121 405 1150
2412812 919121 405 657
2412813 919121 405 507
2412814 919114 405 5644
2412819 336582 405 3151
2412823 369559 405 643
2412824 369559 405 52
2412831 448331 405 373
2412832 448331 405 21
2412838 919119 405 733
2412839 919119 405 132485
2412840 13891 405 8778
2412841 13891 405 21
2412844 79854 405 873
2412845 79854 405 643
2412846 79854 405 21
2412847 834279 405 552
2412850 919122 405 11
2412851 919122 405 132488
2412852 919123 405 367
2412853 919124 405 873
2412854 191240 405 11
2412855 191240 405 451
2412857 919126 405 1257
2412868 919128 405 7232
2412869 919128 405 57342
2412875 919129 405 27215
2412876 919129 405 7866
2412877 919129 405 1106
2412878 919130 405 27215
2412879 919130 405 638
2412882 307995 405 733
2412883 307995 405 100
2412884 194751 405 733
2412885 194751 405 100
2412886 59346 405 7218
2412887 59346 405 11524
2412888 59346 405 285
2412889 919132 405 3158
2412890 919132 405 733
2412891 489830 405 11
2412895 366254 405 331
2412896 919134 405 331
2412897 919134 405 503
2412898 919134 405 873
2412899 133336 405 331
2412900 919135 405 331
2412901 919136 405 331
2412902 919136 405 1335
2412903 451835 405 331
2412904 919137 405 1257
2412905 919137 405 451
2412910 180959 405 23
2412911 180959 405 5362
2412912 116081 405 730
2412913 116081 405 139
2412915 919140 405 2428
2412916 919140 405 11
2412919 919141 405 12093
2412920 1936538 405 12093
2412922 648140 405 28
2412923 648140 405 285
2412924 648140 405 168
2412925 184160 405 507
2412926 184160 405 4165
2412927 68003 405 80
2412928 68003 405 4285
2412929 68003 405 10205
2412932 584193 405 188
2412933 584193 405 21637
2412934 584193 405 285
2412935 178517 405 28
2412936 652147 405 28
2412937 652147 405 791
2412938 919145 405 28
2412939 919145 405 10205
2412943 919147 405 28
2412944 919147 405 451
2412950 919148 405 9637
2412951 919148 405 1138
2412952 31020 405 188
2412953 87509 405 188
2412954 39575 405 188
2412957 159428 405 451
2412958 919149 405 451
2412959 919150 405 16447
2412960 919150 405 7302
2412961 816974 405 1133
2412962 816974 405 369
2412963 919151 405 1739
2412964 919151 405 451
2412965 919152 405 7635
2412966 919152 405 451
2412969 79882 405 29
2412970 79882 405 2371
2412971 919154 405 29
2412972 394389 405 28
2412973 394389 405 1739
2412974 919155 405 1739
2412975 919155 405 727
2412976 919155 405 44
2412977 919156 405 873
2412978 919156 405 21
2412979 192885 405 21
2412980 192885 405 836
2412983 487068 405 52
2412984 487068 405 21
2412985 653213 405 57342
2412986 653213 405 807
2412987 653213 405 529
2412989 363613 405 29
2412990 363613 405 369
2412991 919158 405 4140
2412992 919158 405 369
2412993 919159 405 7635
2412994 919159 405 451
2412995 919160 405 451
2412996 834290 405 318
2412997 834290 405 2602
2412998 834290 405 529
2412999 198451 405 4162
2413000 198451 405 1182
2413001 919161 405 733
2413002 919161 405 7868
2413003 336600 405 7123
2413004 336600 405 285
2413005 336600 405 138
2413006 6881 405 3558
2413007 142773 405 12093
2413009 919162 405 1133
2413010 919162 405 733
2413011 919162 405 57342
2413012 919162 405 55656
2413013 308085 405 28
2413014 308085 405 791
2413015 919163 405 27215
2413018 548927 405 27163
2413019 548927 405 451
2413020 919165 405 10205
2413024 389941 405 214
2413025 919166 405 214
2413026 919167 405 7302
2413027 919167 405 120
2413028 919168 405 7294
2413029 919168 405 873
2413032 919169 405 23
2413033 919169 405 24688
2413034 919170 405 28
2413035 919170 405 1739
2413039 919171 405 12233
2413040 919171 405 42076
2413047 637648 405 1182
2413049 588873 405 451
2413050 919175 405 733
2413051 919175 405 3158
2413052 919175 405 529
2413053 919176 405 836
2413054 919176 405 2371
2413055 599218 405 657
2413056 599218 405 583
2413057 599218 405 132515
2413058 599218 405 331
2413059 105281 405 639
2413060 105281 405 6818
2413061 105281 405 144
2413068 919179 405 7868
2413069 919179 405 57342
2413070 919179 405 733
2413071 712774 405 4061
2413072 919180 405 104
2413073 919180 405 120
2413074 771955 405 254
2413075 771955 405 21
2413076 1936540 405 10382
2413077 1936540 405 664
2413078 1936540 405 386
2413079 1936540 405 11
2413083 919183 405 10382
2413084 919183 405 343
2413085 68083 405 62278
2413086 68083 405 373
2413087 68083 405 664
2413088 68083 405 386
2413089 68083 405 11
2413095 46680 405 5146
2413096 46680 405 188
2413097 46680 405 57342
2413098 184187 405 188
2413099 184187 405 57342
2413100 424184 405 791
2413101 424184 405 820
2413109 919187 405 56
2413110 919187 405 12233
2413111 919187 405 57342
2413112 3056 405 57342
2413113 3056 405 28
2413114 3056 405 1937
2413115 3056 405 62529
2413116 159049 405 11
2413117 159049 405 21
2413118 159049 405 52
2413119 919188 405 583
2413121 419496 405 1331
2413128 919191 405 359
2413131 919193 405 1263
2413132 919193 405 6127
2413133 906699 405 1133
2413134 906699 405 52
2413135 906699 405 57342
2413137 919195 405 8331
2413138 919195 405 451
2413139 919196 405 126785
2413140 919196 405 451
2413141 745559 405 733
2413142 745559 405 10205
2413143 745559 405 6219
2413147 648221 405 11
2413148 648221 405 3505
2413149 6985 405 285
2413150 6985 405 507
2413151 919197 405 23
2413152 919197 405 11
2413153 919197 405 132485
2413154 919197 405 451
2413157 680038 405 1284
2413158 919199 405 1183
2413159 919199 405 20
2413162 919201 405 132485
2413163 919202 405 1034
2413166 68126 405 507
2413167 68126 405 787
2413171 919204 405 21
2413188 24041 405 318
2413189 919209 405 132485
2413197 919210 405 28
2413198 919211 405 7214
2413199 919211 405 100
2413200 919211 405 865
2413204 919213 405 1106
2413205 919213 405 57342
2413206 919213 405 188
2413207 919213 405 1135
2413212 394482 405 28
2413213 394482 405 44
2413215 378753 405 132518
2413216 131871 405 4042
2413218 32201 405 132485
2413219 32201 405 451
2413227 726984 405 132505
2413228 726984 405 80
2413229 726984 405 11
2413230 726984 405 10205
2413235 378758 405 28
2413236 378758 405 132485
2413237 378758 405 11
2413238 919218 405 451
2413239 919219 405 14
2413240 919219 405 369
2413241 919220 405 3185
2413244 919221 405 21
2413245 122555 405 4140
2413246 32204 405 139
2413247 32204 405 285
2413248 306084 405 734
2413249 306084 405 285
2413250 919222 405 27215
2413251 919222 405 1106
2413270 159548 405 80
2413271 487207 405 638
2413272 487207 405 9333
2413273 99805 405 108
2413275 157738 405 21
2413276 157738 405 1335
2413277 919225 405 28
2413278 919225 405 2428
2413279 919225 405 81
2413280 417129 405 939
2413281 417129 405 2602
2413282 919230 405 81
2413290 346186 405 21
2413291 346186 405 1335
2413292 346186 405 11
2413293 68213 405 1335
2413294 68213 405 21
2413295 721262 405 331
2413297 919227 405 733
2413298 919227 405 10205
2413299 919232 405 331
2413300 919232 405 657
2413301 919232 405 52
2413309 919235 405 52
2413310 919235 405 2602
2413311 919235 405 100
2413313 919238 405 3151
2413314 131908 405 3151
2413315 131908 405 10205
2413316 919237 405 3151
2413317 919237 405 369
2413318 68215 405 3151
2413321 919239 405 4140
2413322 919239 405 369
2413323 429502 405 19924
2413324 429502 405 285
2413325 32212 405 3158
2413326 32212 405 20
2413327 32212 405 5004
2413328 919240 405 52
2413329 919240 405 23
2413330 919240 405 10205
2413331 68242 405 286
2413332 919241 405 1263
2413335 919243 405 57342
2413336 919243 405 52
2413337 919243 405 4778
2413340 919245 405 52
2413341 919245 405 57342
2413342 375050 405 57342
2413343 375050 405 52
2413344 919246 405 57342
2413345 919246 405 100
2413346 919246 405 168
2413347 504710 405 91416
2413348 504710 405 10205
2413349 417194 405 21
2413350 417194 405 10205
2413351 417194 405 503
2413352 919247 405 3151
2413353 919247 405 20
2413354 919247 405 5820
2413358 919249 405 11
2413359 919249 405 132519
2413360 919249 405 939
2413361 919250 405 507
2413362 744856 405 2709
2413363 744856 405 10205
2413369 11935 405 285
2413370 90285 405 21
2413371 90285 405 873
2413372 90285 405 52363
2413373 919252 405 21
2413374 919252 405 873
2413375 919253 405 21
2413376 919253 405 11
2413378 191538 405 807
2413379 191538 405 57342
2413380 191538 405 451
2413381 919255 405 20
2413382 919255 405 29750
2413383 337796 405 8776
2413384 337796 405 807
2413385 919256 405 12233
2413386 919256 405 57342
2413392 775544 405 104
2413393 775544 405 451
2413394 712905 405 12233
2413395 712905 405 451
2413396 919257 405 6780
2413397 919257 405 369
2413403 291630 405 3151
2413404 291630 405 1034
2413407 424323 405 451
2413410 919260 405 42076
2413411 919260 405 9382
2413412 919260 405 339
2413422 919261 405 873
2413423 919261 405 2371
2413424 1936541 405 52
2413425 1936541 405 2371
2413426 1936541 405 451
2413427 29416 405 52
2413428 29416 405 10205
2413432 919262 405 68
2413433 919262 405 24688
2413434 378838 405 23
2413435 378838 405 11
2413436 919263 405 11
2413437 919263 405 100
2413438 919263 405 8331
2413439 919264 405 873
2413440 919264 405 10205
2413448 919266 405 11
2413449 919266 405 369
2413452 294893 405 311
2413453 581344 405 733
2413454 581344 405 57342
2413457 1546 405 21
2413458 1546 405 99
2413463 919270 405 289
2413464 919270 405 23
2413465 919270 405 11
2413468 919272 405 11429
2413469 919272 405 132491
2413471 919274 405 507
2413472 919274 405 76
2413473 919274 405 5453
2413476 919275 405 552
2413477 919275 405 7346
2413478 477684 405 451
2413487 1936543 405 451
2413488 1936544 405 451
2413489 1936545 405 451
2413490 1936545 405 11
2413491 1936546 405 17880
2413492 1936546 405 807
2413493 919279 405 11
2413494 648384 405 3711
2413495 648384 405 7868
2413496 919280 405 132485
2413497 919280 405 11
2413498 919280 405 3711
2413499 919280 405 7081
2413504 378871 405 1328
2413505 16464 405 138
2413511 387909 405 1335
2413512 1936547 405 1106
2413513 1936547 405 44
2413514 1936547 405 27303
2413515 1936547 405 451
2413516 919283 405 68
2413517 919284 405 23
2413518 919284 405 62348
2413527 919285 405 451
2413532 79219 405 4737
2413533 79219 405 451
2413534 79219 405 825
2413535 79219 405 286
2413537 919287 405 392
2413539 252440 405 4173
2413540 252440 405 451
2413543 68367 405 52
2413544 68367 405 11
2413547 84746 405 2404
2413548 84746 405 982
2413549 84746 405 4129
2413552 755601 405 11207
2413553 755601 405 285
2413554 178793 405 286
2413555 178793 405 19924
2413560 919290 405 11474
2413561 919290 405 20
2413562 919290 405 10205
2413563 919291 405 12093
2413564 919291 405 529
2413565 919291 405 19924
2413566 378907 405 21
2413569 456933 405 132485
2413574 37377 405 638
2413575 37377 405 9333
2413591 424205 405 939
2413592 424205 405 369
2413604 766255 405 21
2413605 766255 405 1943
2413608 919302 405 873
2413609 919302 405 643
2413611 919301 405 2936
2413612 1936548 405 733
2413613 1936549 405 733
2413614 919303 405 733
2413620 146871 405 1133
2413621 146871 405 57342
2413622 919305 405 1740
2413623 919305 405 451
2413624 493048 405 11
2413625 493048 405 451
2413629 919307 405 836
2413630 919307 405 507
2413631 919307 405 68
2413632 919308 405 657
2413633 919308 405 873
2413634 919309 405 21
2413635 919309 405 873
2413636 919310 405 873
2413637 919310 405 21
2413638 429656 405 873
2413639 919311 405 873
2413640 917440 405 941
2413641 917440 405 873
2413642 361158 405 941
2413643 361158 405 873
2413646 366516 405 873
2413647 919312 405 873
2413648 919312 405 21
2413649 27817 405 21
2413650 27817 405 873
2413651 27817 405 1183
2413652 919313 405 132520
2413653 919313 405 1943
2413654 919313 405 873
2413658 919315 405 21
2413659 919316 405 24312
2413660 919316 405 873
2413661 111121 405 873
2413662 111121 405 11
2413663 111121 405 1128
2413664 336706 405 23
2413665 336706 405 11
2413666 648450 405 132485
2413674 324285 405 21
2413676 919318 405 4051
2413677 919318 405 733
2413678 919318 405 11
2413679 919319 405 791
2413690 919322 405 132485
2413691 919322 405 11
2413692 919322 405 2602
2413693 919322 405 529
2413702 85659 405 285
2413703 85659 405 23
2413707 919330 405 369
2413708 919331 405 873
2413709 919331 405 311
2413710 545896 405 4432
2413711 545896 405 2602
2413714 713003 405 3711
2413715 713003 405 57342
2413722 241155 405 80
2413723 159671 405 11
2413724 159671 405 791
2413725 919335 405 11
2413726 919335 405 23
2413727 919335 405 451
2413731 27824 405 138
2413732 27824 405 451
2413753 919344 405 57342
2413754 919344 405 805
2413755 919344 405 285
2413756 919345 405 1740
2413759 919347 405 733
2413767 919349 405 733
2413768 919349 405 132485
2413769 442983 405 507
2413770 442983 405 139
2413771 919350 405 734
2413772 919350 405 10205
2413776 919352 405 733
2413778 1936551 405 7218
2413790 254785 405 285
2413791 254785 405 1937
2413792 254785 405 4045
2413794 265818 405 876
2413795 265818 405 139
2413796 116434 405 451
2413800 241171 405 6780
2413803 919356 405 1722
2413804 919356 405 74279
2413805 1936553 405 7302
2413806 1936553 405 369
2413809 254172 405 21
2413810 254172 405 873
2413811 254172 405 12299
2413812 919357 405 21
2413813 919357 405 873
2413814 919357 405 12299
2413820 493182 405 68
2413821 493182 405 820
2413832 919362 405 8778
2413833 919362 405 21
2413837 417891 405 68
2413838 417891 405 873
2413839 417891 405 24688
2413840 417891 405 451
2413843 50353 405 52
2413844 50353 405 507
2413848 308588 405 873
2413849 308588 405 68
2413853 308589 405 873
2413854 308589 405 68
2413855 50585 405 657
2413856 50585 405 507
2413857 50585 405 873
2413861 68584 405 441
2413862 68584 405 331
2413863 68584 405 657
2413864 75705 405 507
2413868 457649 405 13963
2413869 457649 405 285
2413870 457649 405 44
2413871 457649 405 138
2413872 61175 405 451
2413873 539642 405 820
2413874 539642 405 44
2413875 745644 405 733
2413876 745644 405 64
2413877 745644 405 825
2413878 745644 405 451
2413880 919367 405 10382
2413881 919367 405 11
2413882 919367 405 820
2413895 324365 405 939
2413896 324365 405 8331
2413897 324365 405 20
2413898 324365 405 451
2413901 241188 405 11
2413902 241188 405 8331
2413903 241188 405 1133
2413904 241188 405 20
2413905 539646 405 820
2413906 919371 405 820
2413907 919371 405 451
2413911 523622 405 1257
2413912 523622 405 10205
2413913 523622 405 451
2413914 713087 405 11
2413915 713087 405 373
2413916 26617 405 188
2413917 26617 405 1106
2413918 26617 405 57342
2413919 630272 405 221
2413920 645749 405 285
2413921 645749 405 4045
2413925 263652 405 304
2413934 674931 405 1943
2413935 674931 405 21
2413938 648424 405 19
2413939 648424 405 441
2413940 919374 405 304
2413941 394679 405 304
2413942 394679 405 285
2413950 363817 405 331
2413951 919375 405 331
2413952 919375 405 12093
2413953 919376 405 29
2413956 919378 405 820
2413957 919379 405 1106
2413958 919379 405 2550
2413959 919380 405 128917
2413960 919381 405 128917
2413961 919382 405 128917
2413962 919383 405 733
2413971 919386 405 507
2413972 919386 405 733
2413973 919387 405 507
2413974 919387 405 27215
2413975 919388 405 733
2413976 919388 405 11
2413977 919388 405 507
2413978 424222 405 100
2413979 424222 405 733
2413980 424222 405 507
2413981 919389 405 507
2413993 179027 405 451
2413994 179027 405 259
2413995 919391 405 132522
2413996 257968 405 873
2413997 257968 405 29
2413998 257968 405 285
2413999 257968 405 52
2414000 302088 405 29
2414001 302088 405 2371
2414002 612856 405 29
2414003 612856 405 529
2414004 612856 405 2371
2414021 24268 405 139
2414022 24268 405 709
2414026 127471 405 359
2414027 199092 405 451
2414028 919398 405 28
2414029 919398 405 285
2414034 919400 405 733
2414035 919400 405 90
2414036 191982 405 57342
2414037 191982 405 11
2414038 191982 405 825
2414041 919402 405 318
2414050 919406 405 836
2414051 919406 405 529
2414052 919406 405 451
2414053 919407 405 643
2414054 919407 405 21
2414055 919407 405 892
2414065 919409 405 451
2414067 919410 405 733
2414068 919410 405 474
2414071 919412 405 733
2414072 919412 405 57342
2414080 919416 405 6192
2414081 919416 405 638
2414082 464582 405 451
2414088 32291 405 12341
2414089 32291 405 20
2414090 530762 405 52
2414091 530762 405 85879
2414096 536565 405 21
2414097 536565 405 820
2414098 536565 405 12233
2414102 906391 405 132485
2414106 919422 405 3151
2414107 919422 405 1034
2414108 919423 405 1034
2414109 919423 405 3862
2414112 858150 405 138
2414113 858150 405 451
2414117 68710 405 451
2414118 919427 405 359
2414121 919428 405 733
2414122 919428 405 865
2414123 919428 405 369
2414124 192035 405 57342
2414125 192035 405 507
2414126 192035 405 451
2414128 194979 405 188
2414129 194979 405 791
2414134 919431 405 638
2414135 919431 405 941
2414136 368094 405 668
2414137 368094 405 733
2414138 523784 405 791
2414139 114459 405 139
2414140 114459 405 44
2414141 68800 405 25201
2414142 68800 405 286
2414146 419915 405 359
2414147 919434 405 16447
2414148 919434 405 733
2414149 919434 405 1012
2414150 919434 405 57342
2414155 919436 405 11
2414156 919436 405 23
2414157 919437 405 76
2414158 919437 405 369
2414159 919438 405 132485
2414160 16712 405 138
2414161 919439 405 733
2414162 919439 405 57342
2414163 919440 405 1133
2414164 919440 405 57342
2414165 397338 405 4173
2414166 397338 405 57342
2414167 397338 405 44
2414168 919441 405 17880
2414169 919441 405 807
2414170 919441 405 68
2414181 434826 405 132485
2414182 434826 405 11
2414183 318005 405 188
2414184 318005 405 57342
2414185 318005 405 44
2414186 919443 405 28
2414187 919443 405 9128
2414188 919443 405 825
2414189 919444 405 6
2414192 652216 405 23
2414193 652216 405 11
2414199 85770 405 58155
2414200 85770 405 139
2414207 919447 405 939
2414208 919447 405 7271
2414209 52931 405 41253
2414210 52931 405 10205
2414215 20481 405 331
2414216 20481 405 1943
2414220 919451 405 12233
2414221 919451 405 79560
2414222 919452 405 733
2414223 919452 405 474
2414224 494552 405 331
2414225 494552 405 11
2414226 175600 405 29
2414227 175600 405 2371
2414228 1936557 405 733
2414229 1936557 405 285
2414230 919453 405 733
2414231 919453 405 285
2414232 919454 405 12233
2414233 863561 405 11
2414234 863561 405 285
2414235 919455 405 47568
2414236 919455 405 733
2414242 919456 405 7218
2414243 919456 405 44
2414244 919456 405 57342
2414245 366655 405 12093
2414248 1936558 405 820
2414249 1936558 405 23
2414250 1936558 405 11
2414251 1936558 405 92872
2414252 919458 405 23
2414253 919458 405 820
2414254 192151 405 873
2414259 424233 405 21
2414260 424233 405 2428
2414263 919460 405 733
2414264 919460 405 1739
2414265 630343 405 4177
2414266 1934485 405 4177
2414267 919461 405 7218
2414273 279439 405 451
2414274 919464 405 1374
2414275 919464 405 4097
2414280 919466 405 42076
2414284 194919 405 68
2414287 919468 405 10161
2414294 919473 405 819
2414295 919473 405 41253
2414296 919473 405 11
2414299 919471 405 41253
2414300 919471 405 20
2414301 919475 405 57342
2414302 919475 405 41253
2414303 1936559 405 41253
2414304 1936559 405 11
2414305 919476 405 41253
2414306 919477 405 41253
2414307 919477 405 57342
2414308 919478 405 41253
2414311 919479 405 5362
2414312 919479 405 285
2414313 193115 405 5362
2414314 193115 405 57342
2414315 193115 405 1106
2414328 193123 405 1133
2414329 193123 405 451
2414350 919490 405 836
2414351 919490 405 24688
2414352 919490 405 451
2414353 919491 405 23
2414354 919491 405 8471
2414358 919493 405 733
2414359 919494 405 132523
2414360 919495 405 733
2414364 919497 405 29
2414365 919498 405 1182
2414366 919498 405 529
2414367 249735 405 108
2414368 249735 405 138
2414369 655963 405 28
2414370 655963 405 779
2414371 655963 405 120
2414372 713246 405 28
2414373 713246 405 20
2414374 919499 405 16447
2414375 919499 405 28
2414376 1676 405 451
2414377 919500 405 451
2414378 659532 405 31715
2414379 659532 405 1335
2414380 265958 405 100
2414381 265958 405 5004
2414382 265958 405 11
2414383 774705 405 451
2414384 193135 405 1133
2414385 16376 405 6192
2414386 16376 405 369
2414387 346341 405 6192
2414388 68939 405 369
2414395 80015 405 11050
2414396 80015 405 29
2414397 80015 405 2371
2414399 57296 405 1331
2414401 56305 405 21
2414402 27855 405 873
2414403 27855 405 21
2414404 27855 405 2371
2414419 74613 405 80
2414420 74613 405 81
2414421 74613 405 331
2414423 164801 405 68
2414424 772551 405 81
2414429 31304 405 733
2414440 1431955 405 4219
2414441 1431955 405 2175
2414448 530850 405 807
2414449 530850 405 57342
2414457 298757 405 825
2414458 919512 405 733
2414459 292153 405 3151
2414460 292153 405 1560
2414466 659554 405 2428
2414467 659554 405 11
2414468 192305 405 44
2414469 192305 405 7326
2414470 192305 405 865
2414471 919513 405 27215
2414472 919513 405 733
2414476 157783 405 12233
2414477 919516 405 825
2414478 919516 405 64
2414479 648745 405 11
2414480 648745 405 23
2414481 35749 405 214
2414482 1936560 405 214
2414483 1936560 405 91416
2414484 92558 405 214
2414485 92558 405 3824
2414486 92558 405 941
2414487 865767 405 214
2414496 772575 405 11474
2414497 772575 405 139
2414498 159806 405 730
2414499 159806 405 10205
2414501 919520 405 188
2414502 919520 405 285
2414513 919523 405 6409
2414514 919523 405 10205
2414515 1316 405 1963
2414516 1316 405 11
2414517 1316 405 99
2414518 1316 405 895
2414519 1316 405 1106
2414520 919524 405 99
2414521 919525 405 791
2414522 919525 405 451
2414523 919526 405 451
2414527 919528 405 23
2414528 919528 405 2539
2414529 919529 405 12093
2414530 919529 405 386
2414531 357230 405 1133
2414532 357230 405 40639
2414533 357230 405 285
2414534 159814 405 5004
2414535 159814 405 23
2414536 159814 405 52
2414537 919530 405 5004
2414538 919530 405 52
2414539 919530 405 939
2414540 919530 405 451
2414546 919533 405 1740
2414547 919533 405 57342
2414550 919534 405 29841
2414551 919534 405 285
2414552 919534 405 939
2414553 919535 405 939
2414554 919535 405 29841
2414555 919535 405 285
2414557 919536 405 91416
2414558 762054 405 285
2414559 762054 405 6219
2414560 346379 405 31715
2414565 919538 405 1335
2414576 919541 405 451
2414578 919543 405 128917
2414579 919543 405 530
2414582 919544 405 2233
2414583 919544 405 11
2414584 530911 405 780
2414585 530911 405 285
2414590 536673 405 214
2414591 536673 405 507
2414593 919548 405 507
2414601 919552 405 1335
2414602 919552 405 132518
2414606 251061 405 1335
2414607 658249 405 638
2414608 658249 405 57342
2414609 658249 405 1335
2414610 251063 405 1335
2414611 251063 405 451
2414612 919553 405 1335
2414613 919553 405 5004
2414614 858858 405 451
2414615 443242 405 1335
2414616 443242 405 52
2414621 145651 405 507
2414625 277106 405 846
2414626 277106 405 877
2414627 919555 405 11577
2414628 919555 405 733
2414629 32379 405 285
2414630 919556 405 583
2414631 919556 405 451
2414632 919557 405 28132
2414633 919557 405 5909
2414634 919557 405 11
2414635 919557 405 2428
2414636 919557 405 20
2414639 536700 405 939
2414640 536700 405 885
2414641 536700 405 8778
2414642 919558 405 68
2414643 919558 405 11
2414644 919558 405 825
2414645 22245 405 1007
2414646 22245 405 733
2414647 202307 405 3151
2414648 202307 405 1560
2414649 202307 405 1034
2414650 919559 405 44
2414651 919559 405 820
2414652 919560 405 583
2414653 919560 405 657
2414657 736184 405 1943
2414658 736184 405 529
2414659 736184 405 507
2414663 919563 405 6
2414664 919563 405 1141
2414670 919565 405 2230
2414671 919565 405 2602
2414672 346423 405 873
2414673 346423 405 1128
2414674 346423 405 1162
2414675 346423 405 557
2414676 346423 405 17981
2414677 346423 405 503
2414678 56008 405 21
2414679 56008 405 29
2414680 56008 405 8810
2414682 308963 405 733
2414685 116698 405 19924
2414686 116698 405 1133
2414690 32363 405 733
2414691 32363 405 19924
2414692 32363 405 20265
2414704 803625 405 374
2414705 803625 405 734
2414708 713454 405 820
2414710 627509 405 52
2414711 627509 405 28
2414712 713459 405 11
2414713 713459 405 820
2414716 308996 405 44
2414717 308996 405 6961
2414718 308996 405 28
2414720 919569 405 62348
2414721 919569 405 529
2414726 252667 405 820
2414727 252667 405 100
2414728 252667 405 23
2414731 919570 405 730
2414732 919570 405 139
2414736 1130059 405 873
2414737 1130059 405 451
2414738 887940 405 873
2414739 50749 405 635
2414740 50749 405 637
2414741 50749 405 639
2414742 50749 405 35
2414746 919572 405 2428
2414747 919572 405 4051
2414748 270173 405 939
2414749 270173 405 451
2414750 193192 405 1258
2414751 193192 405 10154
2414752 919573 405 1565
2414753 315449 405 873
2414754 315449 405 451
2414755 919574 405 64
2414756 919574 405 441
2414757 919575 405 23
2414758 919575 405 11
2414759 919576 405 52
2414760 919576 405 807
2414761 1207344 405 52
2414762 1207344 405 807
2414763 16899 405 52
2414767 919578 405 21
2414768 919579 405 1034
2414769 919580 405 12093
2414770 919580 405 583
2414771 919580 405 8473
2414777 919583 405 3151
2414779 919584 405 873
2414780 919584 405 62348
2414781 919584 405 25604
2414782 349781 405 873
2414783 919585 405 16447
2414784 919585 405 20
2414785 919586 405 118
2414786 919586 405 21
2414787 919586 405 873
2414793 919589 405 285
2414794 4821 405 2585
2414797 919591 405 21
2414798 919591 405 820
2414799 919591 405 107355
2414800 919591 405 11
2414801 1734 405 286
2414802 1734 405 285
2414803 1734 405 57342
2414804 671783 405 286
2414805 919592 405 23
2414806 919592 405 11
2414807 919593 405 64
2414808 919593 405 825
2414809 919593 405 451
2414812 193207 405 139
2414814 919596 405 68
2414815 919596 405 11
2414816 919596 405 132485
2414817 357355 405 21
2414818 357355 405 5217
2414819 357355 405 2892
2414820 357355 405 285
2414821 170128 405 873
2414822 802310 405 8778
2414823 802310 405 21
2414824 802310 405 643
2414825 802310 405 873
2414826 802310 405 72
2414827 766299 405 21
2414828 919597 405 873
2414829 919597 405 8778
2414830 919597 405 21
2414837 160081 405 21
2414838 160081 405 19
2414839 160081 405 24312
2414840 919600 405 24312
2414841 919600 405 529
2414842 919601 405 9637
2414843 919601 405 57342
2414844 919601 405 9128
2414847 919602 405 3151
2414848 32378 405 11
2414853 919604 405 11
2414854 919604 405 331
2414855 919604 405 2589
2414856 884023 405 21
2414857 884023 405 2428
2414858 420127 405 12233
2414859 357361 405 21
2414860 357361 405 939
2414861 32387 405 21
2414862 32387 405 132485
2414863 919605 405 132485
2414864 919605 405 657
2414865 919605 405 2602
2414874 447276 405 939
2414875 447276 405 21
2414876 447276 405 2371
2414877 887960 405 11
2414878 887960 405 451
2414879 159914 405 11
2414880 159914 405 369
2414881 159914 405 451
2414890 919616 405 451
2414898 36784 405 2428
2414899 36784 405 11
2414903 294940 405 21
2414904 294940 405 132485
2414909 353497 405 451
2414911 530997 405 13564
2414912 530997 405 100
2414913 530997 405 57342
2414922 919619 405 132510
2414923 919619 405 10205
2414924 1936561 405 132488
2414925 1936561 405 21
2414926 919620 405 132488
2414927 919620 405 836
2414928 919620 405 21
2414929 919621 405 19048
2414930 919621 405 285
2414931 133963 405 29
2414932 919622 405 733
2414934 321630 405 11
2414935 321630 405 2428
2414936 321630 405 57342
2414942 919625 405 84577
2414943 919625 405 5987
2414944 919625 405 20
2414945 919626 405 84577
2414946 919626 405 5987
2414947 919626 405 20
2414948 919627 405 84577
2414949 919627 405 5987
2414951 139829 405 1560
2414952 139829 405 3151
2414953 919629 405 5919
2414954 919629 405 285
2414959 159927 405 57342
2414960 159927 405 100
2414961 159927 405 820
2414962 919630 405 1263
2414963 919630 405 6127
2414964 919631 405 52
2414965 919631 405 807
2414966 919631 405 23
2414975 919634 405 23
2414976 919634 405 11
2414980 88446 405 139
2414985 919637 405 369
2414998 919640 405 57342
2414999 919640 405 100
2415000 346477 405 100
2415001 346477 405 57342
2415002 32402 405 100
2415003 32402 405 5004
2415004 32402 405 57342
2415005 357385 405 57342
2415006 357385 405 100
2415007 321199 405 6192
2415008 321199 405 11027
2415009 321199 405 57342
2415010 321199 405 100
2415011 336878 405 100
2415012 336878 405 369
2415013 292494 405 100
2415014 292494 405 10205
2415021 648948 405 132485
2415023 919645 405 68
2415024 919645 405 2602
2415025 919645 405 24688
2415026 919645 405 873
2415028 713554 405 11
2415029 713554 405 132485
2415030 541544 405 961
2415031 541544 405 20
2415032 919646 405 7302
2415033 919646 405 369
2415036 268894 405 451
2415041 12177 405 285
2415047 919649 405 57342
2415048 919649 405 733
2415049 919649 405 1135
2415053 919650 405 52
2415054 919650 405 836
2415055 159939 405 1106
2415056 159939 405 451
2415057 159939 405 11
2415059 919651 405 583
2415060 919651 405 1605
2415071 648975 405 820
2415072 648975 405 10205
2415073 648975 405 451
2415074 252727 405 1133
2415075 252727 405 6826
2415079 919655 405 1325
2415080 919655 405 1138
2415081 919655 405 1133
2415084 919656 405 126785
2415087 919657 405 1133
2415088 919657 405 57342
2415089 919657 405 1117
2415090 32429 405 1138
2415091 32429 405 10205
2415092 395051 405 1138
2415093 395051 405 1133
2415094 395051 405 1611
2415095 395051 405 982
2415097 919659 405 52
2415098 919659 405 18450
2415099 919659 405 939
2415102 919660 405 21
2415106 1071479 405 3151
2415107 508603 405 3151
2415108 508603 405 1128
2415109 581943 405 552
2415110 581943 405 10205
2415111 581943 405 451
2415112 840400 405 552
2415113 840400 405 10205
2415114 195270 405 733
2415115 195270 405 791
2415116 394141 405 939
2415117 394141 405 132488
2415118 394141 405 2602
2415119 919662 405 451
2415120 266273 405 294
2415121 266273 405 825
2415122 266273 405 318
2415128 17183 405 21
2415129 17183 405 146
2415130 919665 405 733
2415131 919666 405 2428
2415132 919666 405 369
2415133 919667 405 16447
2415134 919667 405 10205
2415135 919667 405 23
2415136 241441 405 21
2415137 241441 405 2371
2415141 424261 405 23
2415142 424261 405 820
2415144 919669 405 24312
2415145 919669 405 926
2415146 449044 405 4042
2415147 449044 405 1133
2415148 449044 405 451
2415149 348639 405 21
2415150 348639 405 4053
2415152 919670 405 29
2415154 919672 405 21
2415155 919673 405 21
2415156 919674 405 21
2415157 919675 405 5004
2415158 919675 405 11
2415159 919676 405 451
2415160 919677 405 791
2415161 919677 405 11
2415165 919680 405 1740
2415166 919680 405 120
2415167 919681 405 64
2415168 919681 405 901
2415174 919685 405 1150
2415175 919685 405 10205
2415185 919687 405 451
2415188 255213 405 1943
2415189 255213 405 10205
2415191 907427 405 21
2415199 919692 405 62348
2415200 919692 405 873
2415201 919692 405 23
2415207 919695 405 807
2415208 919695 405 11
2415209 434864 405 23
2415210 434864 405 451
2415211 434864 405 11
2415212 434864 405 4042
2415213 919696 405 1739
2415214 919696 405 733
2415215 919696 405 5453
2415216 919696 405 507
2415224 652272 405 3158
2415225 652272 405 132485
2415228 369862 405 44
2415229 369862 405 1117
2415230 369862 405 57342
2415231 919698 405 451
2415237 919700 405 8988
2415238 919700 405 10205
2415239 628532 405 791
2415240 919701 405 359
2415241 357512 405 285
2415242 357512 405 1058
2415243 357512 405 2556
2415244 919702 405 21
2415245 919702 405 12093
2415246 669992 405 507
2415247 669992 405 5453
2415259 919703 405 7229
2415260 919704 405 12194
2415261 919704 405 28
2415262 252761 405 29
2415263 252761 405 343
2415268 919705 405 132502
2415269 919706 405 331
2415272 919708 405 5716
2415273 919708 405 11
2415274 919708 405 1106
2415275 919709 405 57342
2415276 919709 405 132524
2415283 617429 405 62489
2415284 617429 405 23
2415285 617429 405 836
2415288 919715 405 836
2415289 919715 405 2602
2415296 874421 405 11524
2415297 536873 405 451
2415300 687527 405 38217
2415301 687527 405 94010
2415302 919717 405 27215
2415303 919717 405 529
2415304 919718 405 23
2415305 919718 405 11
2415306 919718 405 451
2415309 105775 405 734
2415312 919721 405 76
2415313 919721 405 369
2415317 919722 405 733
2415318 919722 405 57342
2415319 919722 405 1740
2415324 919725 405 132485
2415325 919725 405 451
2415329 919726 405 733
2415330 919726 405 1133
2415331 919727 405 1133
2415332 395165 405 1133
2415333 395165 405 21
2415334 395165 405 451
2415335 127669 405 1133
2415343 347351 405 1133
2415344 32473 405 1133
2415352 671934 405 10205
2415353 671934 405 1133
2415360 357586 405 1133
2415361 357586 405 11
2415362 357586 405 132505
2415363 357586 405 339
2415364 357586 405 4097
2415370 919731 405 733
2415371 919731 405 1133
2415377 336940 405 527
2415378 336940 405 11
2415379 336940 405 1133
2415380 336940 405 57342
2415385 919733 405 331
2415388 919734 405 733
2415389 919735 405 1136
2415390 919735 405 7232
2415392 919737 405 21
2415393 919737 405 882
2415404 424120 405 12233
2415406 395235 405 132485
2415407 395235 405 451
2415408 157533 405 1007
2415409 157533 405 57342
2415410 919742 405 507
2415411 919743 405 6780
2415412 919743 405 369
2415413 391102 405 8988
2415417 10144 405 1191
2415418 919745 405 2187
2415419 919745 405 503
2415422 919746 405 3711
2415423 919746 405 57342
2415433 919748 405 27303
2415434 919748 405 1739
2415435 919748 405 57342
2415446 919751 405 11
2415447 919751 405 820
2415448 919752 405 820
2415449 919752 405 819
2415450 919752 405 23
2415451 919752 405 451
2415452 539508 405 820
2415453 919753 405 820
2415454 919753 405 10382
2415455 919753 405 1106
2415456 919753 405 638
2415457 842658 405 374
2415461 919754 405 451
2415462 1804 405 57342
2415463 1804 405 100
2415464 919755 405 820
2415465 919755 405 1106
2415466 919755 405 451
2415473 919757 405 1740
2415474 919758 405 369
2415475 919758 405 734
2415476 919758 405 895
2415477 919759 405 11524
2415478 919759 405 285
2415479 919762 405 369
2415480 919762 405 5453
2415481 45574 405 285
2415482 45574 405 139
2415483 919760 405 369
2415484 919760 405 15693
2415485 919761 405 1740
2415486 919763 405 733
2415504 434884 405 24312
2415505 434884 405 27150
2415506 434884 405 44
2415507 919765 405 730
2415508 919765 405 139
2415509 919765 405 875
2415510 11904 405 52
2415511 11904 405 57342
2415512 11904 405 28
2415513 11904 405 4778
2415514 64655 405 374
2415515 64655 405 21
2415517 108032 405 451
2415518 179828 405 825
2415519 179828 405 138
2415520 919766 405 733
2415521 919766 405 11
2415529 359665 405 4108
2415530 359665 405 21
2415531 359665 405 451
2415532 1936566 405 4172
2415533 1936566 405 132485
2415534 919770 405 4172
2415535 919770 405 132485
2415536 919771 405 21
2415537 919771 405 867
2415538 919771 405 24688
2415539 582008 405 807
2415540 582008 405 318
2415541 582008 405 57342
2415553 919773 405 12093
2415561 111321 405 15518
2415562 919776 405 42076
2415563 919776 405 730
2415564 919777 405 7232
2415565 919777 405 6846
2415566 357716 405 1133
2415567 357716 405 819
2415568 357716 405 451
2415569 919778 405 23
2415570 919778 405 7271
2415571 303986 405 254
2415572 303986 405 4737
2415573 919779 405 733
2415574 919779 405 11
2415575 919779 405 285
2415576 919780 405 733
2415577 919780 405 11
2415578 919780 405 19
2415582 919782 405 733
2415583 919782 405 57342
2415584 346012 405 451
2415585 118 405 386
2415586 118 405 255
2415587 118 405 518
2415588 118 405 867
2415589 118 405 451
2415591 79374 405 390
2415592 79374 405 4432
2415593 79374 405 10205
2415594 919784 405 507
2415595 919784 405 4028
2415596 919784 405 100
2415597 919785 405 825
2415598 919785 405 285
2415602 126602 405 285
2415603 126602 405 730
2415610 295976 405 365
2415614 1820 405 6409
2415615 1820 405 285
2415616 1820 405 132517
2415622 17103 405 188
2415623 17103 405 7788
2415624 17103 405 57342
2415625 919791 405 4042
2415626 919792 405 5004
2415627 919792 405 100
2415630 919793 405 638
2415631 919793 405 961
2415638 919795 405 7635
2415639 67791 405 820
2415640 480623 405 139
2415641 480623 405 285
2415651 649234 405 52
2415652 713808 405 820
2415653 713808 405 285
2415659 22342 405 451
2415660 22343 405 138
2415661 723106 405 1745
2415662 723106 405 451
2415663 723106 405 11
2415666 919800 405 285
2415667 919800 405 733
2415668 919800 405 139
2415669 269075 405 451
2415680 919802 405 52
2415681 919802 405 733
2415682 919802 405 451
2415683 919803 405 451
2415684 919803 405 733
2415688 652300 405 5332
2415689 652300 405 41253
2415690 652300 405 10205
2415691 652300 405 50416
2415694 919805 405 873
2415695 919805 405 657
2415696 919805 405 507
2415697 95106 405 4045
2415698 95106 405 730
2415704 919809 405 6755
2415705 919809 405 734
2415708 919811 405 11
2415709 919811 405 52
2415710 919811 405 807
2415711 24685 405 1939
2415712 919812 405 132488
2415713 919812 405 23
2415714 919812 405 451
2415716 729350 405 21
2415717 729350 405 4051
2415720 58799 405 21
2415725 1936569 405 118
2415726 1936569 405 11
2415727 1936569 405 4051
2415728 919816 405 118
2415729 919816 405 11
2415730 919816 405 10205
2415732 919817 405 11
2415733 919818 405 939
2415734 919818 405 20
2415738 919820 405 451
2415739 919821 405 11474
2415740 919822 405 29
2415741 397780 405 52
2415742 397780 405 47568
2415743 397780 405 451
2415744 397780 405 100
2415745 919823 405 1740
2415751 919826 405 451
2415755 919828 405 80456
2415756 919828 405 285
2415757 197480 405 1058
2415758 197480 405 20
2415759 729364 405 451
2415760 919829 405 733
2415761 919829 405 1739
2415762 919830 405 27404
2415763 919830 405 733
2415764 717124 405 318
2415767 817975 405 733
2415768 817975 405 57342
2415769 531275 405 5362
2415770 531275 405 367
2415775 919834 405 6
2415782 919835 405 5909
2415783 919835 405 734
2415784 919836 405 733
2415785 919836 405 11
2415786 919837 405 132485
2415787 919837 405 733
2415789 160107 405 807
2415790 160107 405 21
2415793 919838 405 23
2415794 919838 405 343
2415795 919839 405 733
2415796 919839 405 285
2415797 919840 405 451
2415799 531291 405 2428
2415800 531291 405 285
2415803 649309 405 11
2415804 919842 405 791
2415805 919842 405 1034
2415806 116168 405 285
2415807 116168 405 2647
2415808 1898363 405 451
2415809 1898363 405 62348
2415810 1898363 405 836
2415811 324567 405 873
2415812 324567 405 10205
2415813 919843 405 807
2415814 919843 405 23
2415815 919843 405 451
2415816 465292 405 7170
2415817 465292 405 4140
2415818 465292 405 21
2415819 29730 405 4140
2415820 29730 405 374
2415821 29730 405 8625
2415822 29730 405 1321
2415823 29730 405 798
2415824 29730 405 44
2415825 919844 405 7302
2415826 919844 405 285
2415834 919848 405 7302
2415837 775221 405 4140
2415838 775221 405 11
2415839 775221 405 798
2415840 775221 405 72
2415841 775221 405 20
2415842 193382 405 1335
2415843 193382 405 4140
2415844 193382 405 1347
2415848 649310 405 9654
2415849 357813 405 9654
2415854 449305 405 24312
2415855 449305 405 21
2415856 337037 405 24312
2415857 337037 405 20
2415864 919851 405 24312
2415865 919851 405 10205
2415866 919852 405 820
2415867 919852 405 451
2415872 919854 405 3145
2415873 117036 405 507
2415874 117036 405 11
2415875 117036 405 2428
2415876 147618 405 331
2415886 68300 405 791
2415887 68300 405 285
2415895 919857 405 11
2415896 919857 405 2429
2415897 145101 405 11007
2415898 145101 405 529
2415899 145101 405 10205
2415900 160114 405 807
2415901 160114 405 10205
2415902 875255 405 451
2415903 919858 405 643
2415904 919858 405 707
2415905 193389 405 20
2415908 919859 405 1722
2415909 919859 405 93658
2415913 744245 405 11
2415914 744245 405 373
2415917 729412 405 7123
2415918 347038 405 21
2415920 919862 405 1133
2415921 919862 405 451
2415922 919863 405 62348
2415923 919863 405 836
2415924 919863 405 334
2415925 919863 405 529
2415933 919867 405 24312
2415934 356093 405 43738
2415935 356093 405 10205
2415936 157854 405 12233
2415937 157854 405 369
2415940 350015 405 451
2415942 562707 405 139
2415947 919871 405 451
2415949 919872 405 21
2415950 919872 405 873
2415951 919872 405 11
2415952 919873 405 11
2415953 919873 405 451
2415954 160120 405 451
2415957 919875 405 139
2415958 919875 405 285
2415966 395426 405 19
2415967 395426 405 3158
2415968 395426 405 3159
2415969 431461 405 13564
2415970 431461 405 188
2415971 431461 405 57342
2415972 346708 405 451
2415973 919879 405 40639
2415974 919879 405 1133
2415976 195407 405 21
2415977 195407 405 11
2415978 424293 405 11
2415979 424293 405 507
2415980 759660 405 1707
2415981 759660 405 1123
2415982 1936573 405 11524
2415983 1936573 405 112895
2415984 919881 405 12093
2415985 379037 405 21
2415986 919882 405 12093
2415992 397831 405 4045
2415993 397831 405 285
2415994 309539 405 132485
2416005 919885 405 21
2416006 919886 405 29750
2416007 919886 405 507
2416021 345998 405 373
2416022 345998 405 100
2416026 919891 405 3506
2416027 919891 405 10205
2416028 919892 405 24312
2416029 919892 405 4045
2416030 395448 405 6192
2416031 395448 405 285
2416034 375322 405 139
2416037 113164 405 961
2416038 431467 405 961
2416041 346742 405 9792
2416042 346743 405 9792
2416043 919894 405 11
2416044 919894 405 9792
2416045 919895 405 9792
2416046 919896 405 7326
2416047 919896 405 507
2416054 338082 405 132485
2416055 338082 405 11
2416056 338082 405 72
2416057 919899 405 8331
2416058 919899 405 41253
2416059 919899 405 1106
2416063 919901 405 1740
2416064 919902 405 1106
2416065 919902 405 733
2416066 919903 405 4163
2416067 919903 405 132485
2416068 86412 405 359
2416073 1936574 405 869
2416074 919905 405 26909
2416075 919905 405 285
2416082 424298 405 285
2416083 424298 405 12244
2416087 190499 405 11
2416088 190499 405 451
2416089 1936575 405 734
2416090 1936575 405 285
2416095 919908 405 939
2416096 919908 405 126019
2416097 919908 405 451
2416099 27958 405 961
2416107 919912 405 139
2416108 727301 405 139
2416109 727301 405 734
2416116 32573 405 29932
2416117 32573 405 132485
2416118 32573 405 10205
2416121 357906 405 285
2416122 357906 405 865
2416125 919914 405 126049
2416126 919914 405 873
2416127 1936577 405 836
2416128 1936577 405 873
2416129 919915 405 836
2416131 919916 405 28
2416132 919917 405 11
2416133 919917 405 836
2416134 919918 405 1560
2416135 919918 405 11474
2416136 193425 405 11
2416137 193425 405 23
2416138 193425 405 8309
2416139 919919 405 41253
2416140 919919 405 451
2416145 647835 405 507
2416152 537054 405 12233
2416153 919925 405 441
2416154 919925 405 1739
2416155 919925 405 939
2416156 775307 405 21
2416158 919927 405 961
2416159 919928 405 69675
2416160 919928 405 11474
2416161 919929 405 221
2416162 919929 405 1133
2416172 919931 405 52
2416173 919931 405 4778
2416177 919932 405 941
2416178 27962 405 5362
2416179 27962 405 1106
2416180 27962 405 57342
2416184 113177 405 7635
2416185 113177 405 386
2416196 919936 405 939
2416197 919936 405 5004
2416200 919938 405 138
2416209 919940 405 1722
2416210 919941 405 507
2416211 919941 405 29750
2416216 36872 405 865
2416217 36872 405 451
2416218 508812 405 359
2416219 508812 405 20
2416220 919943 405 7302
2416222 919944 405 820
2416223 919944 405 451
2416227 621034 405 11
2416228 621034 405 52
2416229 621034 405 451
2416230 537087 405 4162
2416231 17329 405 21
2416232 17329 405 4162
2416233 449452 405 4177
2416234 350103 405 120
2416235 350103 405 285
2416236 350103 405 44
2416237 537095 405 939
2416238 537095 405 10205
2416239 919946 405 638
2416240 919946 405 25012
2416241 919947 405 807
2416242 919947 405 643
2416243 919948 405 126785
2416244 919948 405 318
2416247 775444 405 27215
2416248 775444 405 23
2416249 775444 405 138
2416250 919950 405 373
2416251 919950 405 21
2416252 804235 405 6453
2416253 804235 405 20
2416262 680960 405 707
2416263 680960 405 24688
2416264 680960 405 451
2416265 426138 405 44
2416266 426138 405 295
2416267 426138 405 2602
2416268 426138 405 23
2416269 252987 405 825
2416270 252987 405 64
2416271 919954 405 138
2416272 919954 405 451
2416273 1936578 405 1450
2416274 1936578 405 2371
2416275 919955 405 29
2416276 195438 405 7327
2416277 195438 405 3409
2416278 195438 405 44
2416279 195438 405 1049
2416280 919942 405 52
2416281 919942 405 10205
2416284 919956 405 21
2416285 919956 405 451
2416286 919956 405 11
2416289 919958 405 1257
2416290 919958 405 369
2416291 919959 405 836
2416292 919959 405 343
2416293 919959 405 657
2416294 919959 405 451
2416295 919960 405 873
2416296 919960 405 21
2416301 919961 405 132485
2416302 919961 405 132527
2416305 919963 405 132528
2416306 919963 405 451
2416310 919945 405 836
2416311 919945 405 21
2416312 160219 405 2428
2416313 160219 405 10205
2416320 919967 405 214
2416321 627825 405 28
2416322 627825 405 57342
2416328 919969 405 369
2416329 919970 405 7868
2416330 919970 405 57342
2416331 919970 405 23
2416332 919971 405 451
2416333 919972 405 12093
2416334 919972 405 451
2416335 193491 405 132509
2416336 193491 405 807
2416337 193491 405 285
2416338 193491 405 139
2416348 919975 405 21
2416349 919975 405 836
2416350 919975 405 873
2416351 919975 405 451
2416354 919977 405 27215
2416355 919977 405 57342
2416356 919977 405 1135
2416357 351463 405 451
2416362 919981 405 188
2416363 919982 405 873
2416364 919982 405 657
2416365 919982 405 507
2416366 32617 405 1138
2416367 32617 405 451
2416376 919987 405 79552
2416377 919987 405 451
2416381 919990 405 28
2416382 919990 405 286
2416384 270268 405 873
2416385 270268 405 451
2416386 919991 405 6780
2416389 367515 405 12093
2416390 367515 405 10205
2416393 649560 405 21
2416394 649560 405 11
2416395 888110 405 820
2416396 888110 405 451
2416397 919993 405 1150
2416398 919993 405 12093
2416399 919993 405 23998
2416404 919994 405 21
2416405 919994 405 451
2416406 919995 405 139
2416407 30964 405 733
2416408 30964 405 1937
2416409 874202 405 11
2416410 874202 405 733
2416411 874202 405 285
2416414 382460 405 21
2416415 382460 405 2371
2416418 919996 405 941
2416419 919996 405 3151
2416424 919997 405 9654
2416425 919997 405 285
2416426 919997 405 139
2416427 919998 405 873
2416428 919998 405 214
2416429 919999 405 132485
2416430 919999 405 836
2416431 919999 405 819
2416435 731530 405 507
2416436 575831 405 941
2416437 575831 405 311
2416438 575831 405 1183
2416439 575831 405 1897
2416440 669313 405 11
2416441 669313 405 52
2416442 669313 405 8014
2416443 669313 405 28
2416444 669313 405 1106
2416452 540149 405 188
2416457 648986 405 11
2416458 920003 405 11
2416459 920003 405 4051
2416460 920003 405 2428
2416469 919978 405 451
2416470 919978 405 12093
2416473 725365 405 882
2416474 725365 405 2592
2416475 725365 405 1284
2416476 920005 405 12093
2416477 32615 405 100
2416478 32615 405 11
2416479 919983 405 11
2416480 919983 405 23
2416481 920008 405 12093
2416482 920008 405 2539
2416483 920008 405 386
2416487 920009 405 791
2416488 920009 405 451
2416489 426167 405 21
2416490 426167 405 1967
2416491 919988 405 128318
2416492 919988 405 11
2416493 919988 405 24688
2416497 920012 405 3151
2416498 920012 405 1560
2416499 920012 405 451
2416503 920013 405 132529
2416504 920013 405 286
2416505 920013 405 7123
2416506 920013 405 638
2416510 59716 405 318
2416511 59716 405 139
2416512 59716 405 11
2416513 59716 405 57342
2416514 920016 405 65160
2416515 71252 405 27422
2416516 920017 405 4537
2416517 920017 405 2964
2416518 920018 405 733
2416519 920019 405 733
2416522 368742 405 733
2416524 920023 405 733
2416527 920027 405 733
2416528 920028 405 733
2416530 920029 405 19
2416531 920029 405 451
2416541 669608 405 1135
2416544 920037 405 21
2416545 920037 405 11
2416546 51019 405 9780
2416547 920038 405 132485
2416548 920039 405 820
2416550 803876 405 451
2416551 258441 405 138
2416552 205266 405 451
2416554 793077 405 21
2416557 3628 405 139
2416559 920006 405 791
2416560 920006 405 23
2416561 14848 405 791
2416562 14848 405 451
2416563 195516 405 451
2416564 537136 405 21
2416565 537136 405 820
2416567 920007 405 733
2416568 920007 405 5332
2416569 920007 405 4042
2416571 95205 405 139
2416572 95205 405 24312
2416573 95205 405 23
2416574 95205 405 11
2416575 920044 405 25201
2416577 920010 405 132485
2416578 920010 405 7868
2416579 920010 405 132530
2416580 920046 405 507
2416581 920047 405 23
2416582 920047 405 132485
2416583 920047 405 343
2416586 449537 405 21
2416587 449537 405 11
2416593 113084 405 733
2416594 113084 405 90
2416597 920049 405 68
2416598 367649 405 21
2416599 367649 405 4045
2416607 920052 405 69675
2416608 920052 405 11474
2416609 424308 405 21
2416610 424308 405 939
2416611 424308 405 873
2416612 920053 405 11
2416613 920054 405 132485
2416614 920054 405 11
2416615 920054 405 10205
2416616 920055 405 12093
2416624 826053 405 1133
2416629 193518 405 10205
2416630 659868 405 583
2416631 881090 405 507
2416632 188720 405 4051
2416633 188720 405 11
2416634 188720 405 2550
2416635 766006 405 638
2416639 80252 405 10162
2416640 80252 405 20
2416642 1936580 405 733
2416643 1917228 405 451
2416644 920058 405 733
2416645 920058 405 451
2416646 79124 405 733
2416647 79124 405 285
2416648 79124 405 4045
2416652 856569 405 52
2416653 856569 405 941
2416654 856569 405 1937
2416655 856569 405 359
2416656 160291 405 21
2416657 160291 405 54652
2416659 42912 405 44
2416660 42912 405 120
2416661 42912 405 638
2416662 42912 405 10205
2416664 920059 405 21
2416665 920059 405 19924
2416668 546535 405 100
2416669 546535 405 7868
2416673 46755 405 733
2416674 46755 405 7868
2416675 46755 405 10205
2416680 395620 405 32129
2416681 395620 405 57342
2416682 920063 405 733
2416683 920063 405 27215
2416684 920063 405 529
2416685 113201 405 27215
2416686 113201 405 529
2416687 920064 405 733
2416688 920064 405 100373
2416690 1072284 405 285
2416691 1072284 405 132532
2416693 634537 405 503
2416696 920068 405 941
2416697 920068 405 507
2416698 920068 405 5453
2416699 920069 405 11
2416700 920069 405 369
2416701 920069 405 451
2416702 920070 405 12341
2416703 920070 405 100
2416704 920070 405 825
2416708 46756 405 3151
2416709 46756 405 638
2416710 46756 405 68
2416711 46756 405 6826
2416712 337193 405 3151
2416713 337193 405 25257
2416714 106092 405 3151
2416715 106092 405 25257
2416721 885413 405 11
2416722 885413 405 2602
2416725 12833 405 451
2416726 659879 405 28
2416727 659879 405 11
2416729 426222 405 28
2416730 426222 405 12341
2416731 426222 405 530
2416738 21757 405 188
2416739 21757 405 1106
2416740 920077 405 7302
2416741 920077 405 369
2416744 920079 405 23
2416745 920079 405 24688
2416748 920081 405 451
2416754 24918 405 285
2416763 649696 405 873
2416764 649696 405 24688
2416765 649696 405 23
2416770 920087 405 613
2416771 920087 405 10205
2416772 266582 405 285
2416773 266582 405 1133
2416774 266582 405 41048
2416776 920089 405 11
2416777 920089 405 19
2416778 920089 405 7271
2416781 160324 405 139
2416783 920093 405 5362
2416784 920093 405 367
2416785 920091 405 367
2416786 920091 405 22510
2416787 24921 405 108
2416788 24921 405 138
2416789 24921 405 638
2416794 546569 405 70
2416795 546569 405 53
2416796 920095 405 733
2416797 920095 405 11
2416798 920095 405 285
2416799 434954 405 214
2416800 434954 405 139
2416802 59725 405 138
2416803 59725 405 108
2416804 59725 405 527
2416808 920098 405 7635
2416809 920098 405 1739
2416810 920098 405 57342
2416811 920098 405 7302
2416812 395671 405 132534
2416813 395671 405 285
2416814 633100 405 85879
2416815 633100 405 104
2416816 633100 405 5687
2416829 920103 405 132496
2416830 920103 405 132485
2416836 920105 405 41253
2416837 920105 405 132535
2416838 920105 405 20
2416840 117361 405 6780
2416841 920106 405 6780
2416846 920107 405 606
2416847 920107 405 374
2416858 1693490 405 1347
2416859 1693490 405 1106
2416860 1693490 405 451
2416863 920112 405 16447
2416864 920112 405 9637
2416865 920113 405 451
2416866 920113 405 733
2416870 920115 405 451
2416871 920116 405 451
2416872 160349 405 21
2416873 160349 405 4042
2416874 160349 405 132488
2416875 160349 405 11
2416877 705050 405 11
2416878 705050 405 343
2416887 77222 405 64
2416888 920120 405 132485
2416889 920120 405 11
2416890 920121 405 12233
2416891 920121 405 2990
2416892 920121 405 369
2416893 920122 405 4051
2416894 920122 405 4045
2416895 920122 405 139
2416896 920122 405 285
2416897 920122 405 3153
2416903 920124 405 791
2416904 920124 405 44
2416906 1936582 405 188
2416908 560717 405 10382
2416909 920125 405 100636
2416910 920125 405 733
2416911 920125 405 451
2416915 920127 405 4129
2416916 920127 405 733
2416919 920129 405 734
2416920 920129 405 1321
2416921 659895 405 52
2416922 659895 405 374
2416925 45712 405 285
2416932 906156 405 8331
2416933 906156 405 4042
2416937 86470 405 98
2416938 86470 405 285
2416939 86470 405 545
2416943 920133 405 12351
2416944 920133 405 529
2416945 920133 405 10205
2416946 920133 405 5987
2416953 24981 405 4636
2416954 920134 405 507
2416955 920134 405 29750
2416956 920134 405 657
2416957 721749 405 451
2416959 54314 405 274
2416960 54314 405 825
2416964 920136 405 12233
2416971 920138 405 97186
2416972 920138 405 451
2416973 920139 405 64
2416974 920139 405 825
2416975 920141 405 132501
2416976 920143 405 1739
2416977 920143 405 5453
2416978 24993 405 138
2416979 24993 405 12821
2416989 157910 405 12233
2416990 157910 405 1299
2416991 920142 405 128917
2416994 39901 405 10205
2416995 39901 405 11
2416996 39901 405 188
2416997 39901 405 57342
2416999 830559 405 668
2417000 830559 405 1182
2417001 830559 405 386
2417004 920146 405 41253
2417005 920146 405 451
2417006 615232 405 1133
2417007 615232 405 285
2417010 920149 405 132485
2417017 705106 405 285
2417018 705106 405 12165
2417019 705106 405 24775
2417020 705106 405 7546
2417022 920153 405 138
2417027 920155 405 5909
2417028 920155 405 507
2417029 920156 405 23
2417037 920158 405 132485
2417038 920158 405 11
2417042 920159 405 1034
2417043 920159 405 11474
2417046 2270 405 441
2417047 2270 405 5453
2417048 2270 405 20
2417049 2270 405 81
2417050 920161 405 12093
2417057 147048 405 4045
2417058 147048 405 6780
2417059 920164 405 6780
2417060 789217 405 285
2417061 789217 405 613
2417064 420796 405 139
2417065 920165 405 583
2417066 920165 405 12093
2417067 920165 405 386
2417068 920165 405 451
2417069 920166 405 12093
2417070 920166 405 583
2417071 920166 405 23
2417072 920167 405 132513
2417073 920167 405 11
2417074 920168 405 64
2417075 920168 405 100
2417079 1934582 405 4108
2417080 1934582 405 451
2417081 1936585 405 41253
2417082 1936585 405 23
2417083 1936585 405 451
