2429734 922601 407 51024
2429735 922601 407 51027
2429736 922601 407 1123
2429737 922601 407 187
2429738 922602 407 1491
2429743 922608 407 24450
2429744 922608 407 425
2429745 922608 407 2185
2429746 922608 407 67729
2429747 922608 407 1915
2429748 922609 407 85268
2429749 922609 407 51257
2429750 922609 407 1051
2429751 922609 407 13911
2429752 922610 407 1491
2429753 922611 407 85427
2429754 922611 407 134875
2429755 922611 407 9464
2429756 101908 407 15139
2429757 101908 407 15892
2429758 101908 407 557
2429759 101908 407 15082
2429763 922612 407 48946
2429764 922612 407 134877
2429765 922612 407 134878
2429766 922612 407 1748
2429767 922612 407 134879
2429768 251569 407 76747
2429769 251569 407 20878
2429770 251569 407 1183
2429771 251569 407 73106
2429772 922613 407 1491
2429773 922615 407 72453
2429774 922615 407 39009
2429775 922615 407 134880
2429776 922615 407 67208
2429777 922616 407 1491
2429778 922618 407 51027
2429779 922618 407 51024
2429780 922618 407 1123
2429781 922618 407 187
2429782 320802 407 1491
2429788 922620 407 51845
2429789 922620 407 134882
2429790 922620 407 13672
2429791 922620 407 311
2429792 922620 407 4791
2429798 166998 407 4612
2429799 166998 407 391
2429800 166998 407 1565
2429801 166998 407 11768
2429808 372025 407 51024
2429809 372025 407 51027
2429810 372025 407 3722
2429811 372025 407 21362
2429812 372025 407 8981
2429813 372025 407 1123
2429814 372025 407 187
2429825 18269 407 1491
2429826 297901 407 1491
2429827 922629 407 64531
2429828 922629 407 134887
2429829 922629 407 134888
2429830 922629 407 134889
2429831 922629 407 187
2429832 922629 407 57351
2429837 922630 407 134890
2429838 922630 407 1057
2429839 922630 407 44
2429840 922630 407 5311
2429841 922630 407 29621
2429842 922631 407 134891
2429843 922631 407 1169
2429844 922631 407 992
2429845 922631 407 39
2429846 922631 407 85236
2429847 922631 407 93576
2429848 3830 407 109365
2429849 3830 407 134892
2429850 3830 407 134893
2429851 3830 407 1106
2429852 3830 407 44
2429870 922641 407 1491
2429882 922643 407 1565
2429883 922643 407 16118
2429884 922643 407 134899
2429885 922643 407 5320
2429890 75205 407 557
2429891 75205 407 48946
2429892 75205 407 80
2429893 75205 407 1123
2429899 52338 407 70
2429900 52338 407 1786
2429901 52338 407 635
2429905 649765 407 1491
2429906 922651 407 51027
2429907 922651 407 51024
2429908 922651 407 1123
2429909 22914 407 125
2429910 22914 407 108
2429911 22914 407 2990
2429912 22914 407 72
2429913 22914 407 138
2429914 22914 407 46
2429915 22914 407 527
2429916 922653 407 1491
2429924 922655 407 72453
2429925 922655 407 5922
2429926 922655 407 7372
2429927 922655 407 1896
2429928 922656 407 1491
2429936 922659 407 134902
2429937 922659 407 9299
2429938 922659 407 6273
2429939 922659 407 1123
2429940 922660 407 1491
2429942 922662 407 941
2429943 922662 407 1183
2429944 922662 407 187
2429945 922662 407 5059
2429946 922663 407 557
2429947 922663 407 1565
2429948 922663 407 42743
2429949 922664 407 24674
2429950 922664 407 1828
2429951 922664 407 1565
2429952 922664 407 2185
2429961 922667 407 5930
2429962 922667 407 2742
2429963 922667 407 108
2429964 922667 407 188
2429965 922667 407 134907
2429966 922667 407 131912
2429975 922669 407 1491
2429981 819315 407 1491
2429982 922673 407 72453
2429983 922673 407 134908
2429984 922673 407 68016
2429985 922674 407 72453
2429986 922675 407 5922
2429987 922675 407 7372
2429988 922675 407 557
2429989 922675 407 72453
2429990 922675 407 13862
2429992 360956 407 85864
2429993 360956 407 941
2429994 360956 407 6
2429995 360956 407 134909
2429996 360956 407 5784
2429998 922678 407 50541
2429999 922678 407 51087
2430000 922678 407 1267
2430012 270571 407 1491
2430025 495082 407 369
2430026 495082 407 85427
2430027 495082 407 4327
2430033 922687 407 95857
2430034 922687 407 134913
2430035 922687 407 134914
2430037 11631 407 1491
2430038 922690 407 668
2430039 922690 407 10936
2430040 922690 407 134915
2430041 922690 407 5934
2430042 922690 407 108
2430043 922690 407 188
2430050 922692 407 1491
2430057 126871 407 3499
2430058 126871 407 42104
2430059 126871 407 1555
2430060 126871 407 1777
2430061 126871 407 4335
2430063 922697 407 1491
2430065 922701 407 1491
2430067 922703 407 1367
2430068 922703 407 6
2430069 922703 407 18513
2430070 922703 407 134918
2430071 922703 407 1999
2430072 922703 407 50902
2430082 248751 407 1491
2430097 922712 407 1491
2430098 636864 407 1491
2430099 8299 407 1491
2430100 922714 407 1491
2430102 922717 407 72453
2430103 922717 407 7372
2430104 922717 407 57351
2430105 873907 407 1491
2430116 240685 407 8609
2430117 240685 407 730
2430118 240685 407 12371
2430119 240685 407 894
2430120 240685 407 635
2430132 8331 407 1491
2430133 922727 407 1491
2430138 461273 407 3394
2430139 461273 407 992
2430140 461273 407 1057
2430142 657151 407 1491
2430143 922734 407 85844
2430144 922734 407 5670
2430145 922734 407 134930
2430146 922734 407 2902
2430147 922734 407 134931
2430148 922734 407 29621
2430149 922737 407 1491
2430150 922738 407 134932
2430151 922738 407 9456
2430152 922738 407 29
2430153 922739 407 1491
2430163 922745 407 1491
2430170 922748 407 138
2430171 922748 407 2902
2430172 922748 407 187
2430173 922748 407 3567
2430174 922748 407 85896
2430175 253586 407 1491
2430177 98361 407 1491
2430181 126850 407 106334
2430182 126850 407 1183
2430183 126850 407 3567
2430184 126850 407 187
2430185 922751 407 1491
2430186 38498 407 5146
2430187 38498 407 188
2430188 38498 407 108
2430189 38498 407 305
2430190 38498 407 2902
2430191 38498 407 527
2430200 176862 407 53454
2430201 176862 407 643
2430202 176862 407 5957
2430203 176862 407 1051
2430209 75990 407 894
2430210 75990 407 730
2430211 75990 407 139
2430212 75990 407 19456
2430213 75990 407 992
2430214 75990 407 285
2430216 922759 407 134936
2430217 922759 407 221
2430218 922759 407 2150
2430219 922759 407 134937
2430220 922759 407 557
2430227 922762 407 1491
2430232 922765 407 1491
2430233 922766 407 1491
2430234 52660 407 27397
2430235 52660 407 103374
2430236 52660 407 1896
2430242 375251 407 1491
2430248 922775 407 134940
2430249 922775 407 134941
2430250 922775 407 134942
2430251 922775 407 134943
2430252 922775 407 5957
2430253 922775 407 2556
2430258 419103 407 2150
2430259 419103 407 221
2430260 419103 407 507
2430261 419103 407 5927
2430262 419103 407 138
2430263 419103 407 134944
2430264 419103 407 134945
2430281 922789 407 2150
2430282 922789 407 134946
2430283 922789 407 134947
2430284 135760 407 5811
2430285 135760 407 221
2430286 135760 407 557
2430287 135760 407 2150
2430288 922790 407 85252
2430289 922790 407 134948
2430290 922790 407 996
2430291 922792 407 134949
2430292 922792 407 22551
2430293 922792 407 507
2430294 922792 407 1896
2430308 922799 407 134955
2430309 922799 407 134956
2430310 922799 407 997
2430311 922799 407 12145
2430312 922799 407 103374
2430313 922799 407 27397
2430314 922799 407 49216
2430315 17295 407 4292
2430316 17295 407 134957
2430317 17295 407 26767
2430318 17295 407 1367
2430319 17295 407 388
2430320 17295 407 20321
2430321 922801 407 25118
2430322 922801 407 4027
2430323 922801 407 138
2430324 922801 407 5120
2430325 922801 407 1215
2430326 922802 407 1491
2430340 34542 407 134961
2430341 34542 407 134962
2430342 34542 407 134963
2430343 34542 407 134964
2430344 34542 407 5540
2430345 34542 407 5891
2430346 34542 407 46
2430347 922805 407 1367
2430348 922805 407 1185
2430349 922805 407 16180
2430350 922805 407 38856
2430351 23145 407 941
2430352 23145 407 21
2430353 23145 407 134965
2430354 23145 407 138
2430355 23145 407 3750
2430356 513624 407 221
2430357 513624 407 2816
2430358 922809 407 2150
2430359 922809 407 993
2430360 922809 407 1052
2430361 922809 407 138
2430362 922809 407 51176
2430367 760488 407 1491
2430372 186526 407 2188
2430373 186526 407 20150
2430374 186526 407 134968
2430375 186526 407 6
2430377 922813 407 134969
2430378 922813 407 134970
2430379 922813 407 134971
2430380 922813 407 3439
2430381 922813 407 46525
2430383 8652 407 5776
2430384 8652 407 134972
2430385 8652 407 31
2430390 4631 407 1491
2430397 922819 407 134974
2430398 922819 407 134975
2430399 922819 407 8378
2430400 922819 407 1896
2430401 922819 407 41780
2430402 922819 407 21036
2430403 922819 407 1367
2430404 922821 407 1491
2430412 922828 407 56522
2430413 922828 407 1828
2430414 922828 407 507
2430415 922828 407 917
2430416 169451 407 1491
2430421 922835 407 1491
2430422 922837 407 1491
2430423 922838 407 1491
2430427 922845 407 85427
2430428 922845 407 1113
2430429 922845 407 5145
2430431 922847 407 85480
2430432 922847 407 2520
2430433 922847 407 69524
2430434 922847 407 557
2430437 922851 407 941
2430438 922851 407 1185
2430439 922851 407 187
2430443 860446 407 1491
2430444 922854 407 1491
2430460 922858 407 1491
2430469 252928 407 4527
2430470 252928 407 5776
2430471 252928 407 60324
2430472 252928 407 4612
2430473 252928 407 941
2430484 247607 407 8705
2430485 247607 407 134985
2430486 247607 407 469
2430492 922864 407 1491
2430504 27237 407 76867
2430505 27237 407 557
2430506 27237 407 1896
2430507 27237 407 8446
2430509 307049 407 719
2430510 307049 407 72
2430511 307049 407 134986
2430512 922871 407 72453
2430513 922871 407 68699
2430514 922871 407 4696
2430515 922871 407 2520
2430522 922873 407 1491
2430523 454242 407 51027
2430524 454242 407 1123
2430525 454242 407 187
2430526 922875 407 1491
2430538 922879 407 1491
2430539 912294 407 188
2430540 912294 407 108
2430541 912294 407 134991
2430542 129613 407 1491
2430561 59072 407 134993
2430562 59072 407 1367
2430563 59072 407 318
2430564 59072 407 30
2430565 59072 407 6
2430575 922888 407 1491
2430581 871898 407 557
2430582 871898 407 1325
2430583 871898 407 4406
2430584 871898 407 15711
2430585 871898 407 2770
2430586 871898 407 5469
2430587 871898 407 9584
2430588 871898 407 66207
2430589 871898 407 216
2430590 871898 407 4797
2430597 200124 407 29
2430598 200124 407 1917
2430599 200124 407 458
2430600 200124 407 78243
2430602 704494 407 1491
2430603 66321 407 1491
2430606 12885 407 1491
2430613 922897 407 1491
2430614 922898 407 1491
2430615 922899 407 1491
2430616 348826 407 3613
2430617 348826 407 1383
2430618 348826 407 188
2430619 348826 407 730
2430620 348826 407 135000
2430621 256766 407 1491
2430622 922901 407 1491
2430623 271452 407 1999
2430624 271452 407 557
2430625 271452 407 5927
2430626 271452 407 7372
2430627 271452 407 135001
2430634 13734 407 70
2430635 13734 407 978
2430636 13734 407 557
2430637 13734 407 2161
2430638 922904 407 1491
2430639 192608 407 1491
2430645 482751 407 138
2430646 482751 407 187
2430647 482751 407 4621
2430648 482751 407 6296
2430649 20028 407 125
2430650 20028 407 5733
2430651 20028 407 557
2430652 20028 407 6
2430653 20028 407 4406
2430654 20028 407 1896
2430655 906281 407 1491
2430657 922910 407 5034
2430658 922910 407 85048
2430659 922910 407 138
2430660 922910 407 125
2430661 922910 407 187
2430662 922910 407 108
2430663 922910 407 4254
2430664 408186 407 5034
2430665 408186 407 85048
2430666 408186 407 108
2430667 408186 407 138
2430668 408186 407 125
2430669 408186 407 4254
2430670 922911 407 85048
2430671 922911 407 5034
2430672 922911 407 2642
2430673 922911 407 135004
2430674 922912 407 1491
2430687 922916 407 72453
2430688 922916 407 2520
2430689 922916 407 135008
2430690 922916 407 105846
2430692 151116 407 6004
2430693 151116 407 629
2430694 151116 407 837
2430695 151116 407 1918
2430696 151116 407 19320
2430697 151116 407 29
2430698 922920 407 1491
2430704 922922 407 1491
2430705 722529 407 1231
2430706 722529 407 109385
2430707 722529 407 135010
2430708 722529 407 135011
2430709 761337 407 1491
2430710 255960 407 1491
2430711 922924 407 1491
2430712 922925 407 110246
2430713 922925 407 304
2430714 922925 407 4370
2430715 922925 407 1118
2430725 262985 407 1123
2430726 262985 407 187
2430727 262985 407 135014
2430728 922933 407 135015
2430729 922933 407 135016
2430730 922933 407 221
2430731 922933 407 2816
2430732 922934 407 1491
2430735 372363 407 138
2430736 372363 407 425
2430737 39379 407 287
2430738 39379 407 138
2430739 39379 407 135017
2430740 922937 407 1491
2430761 922941 407 1491
2430762 922942 407 1491
2430767 922944 407 1491
2430771 274648 407 4230
2430772 274648 407 2161
2430773 274648 407 730
2430774 274648 407 2568
2430779 250483 407 1491
2430780 922946 407 1491
2430781 922947 407 1491
2430795 243516 407 1491
2430796 922951 407 1491
2430799 922957 407 95857
2430800 922957 407 134933
2430801 922957 407 1123
2430802 922957 407 1896
2430803 922957 407 187
2430808 169663 407 46799
2430809 169663 407 583
2430810 169663 407 135023
2430811 169663 407 4949
2430812 169663 407 4618
2430813 922961 407 1491
2430821 56910 407 941
2430822 56910 407 1183
2430823 56910 407 187
2430824 56910 407 138
2430829 17223 407 1491
2430830 922968 407 4562
2430831 922968 407 8714
2430832 922968 407 7372
2430833 922968 407 2520
2430839 922972 407 5757
2430840 922972 407 2690
2430841 922972 407 3255
2430842 922972 407 135028
2430843 922972 407 135029
2430844 922972 407 73271
2430848 922976 407 49362
2430849 922976 407 27617
2430850 922976 407 138
2430851 922977 407 1491
2430852 133852 407 108
2430853 133852 407 188
2430854 133852 407 135030
2430855 133852 407 90
2430858 242460 407 5741
2430859 242460 407 1842
2430860 242460 407 4057
2430861 242460 407 1239
2430868 263078 407 1491
2430870 922982 407 1491
2430871 922983 407 135031
2430872 922983 407 3567
2430873 922983 407 1183
2430874 922983 407 187
2430875 6401 407 2990
2430876 6401 407 1056
2430877 6401 407 108
2430878 6401 407 527
2430879 6401 407 203
2430886 54988 407 83067
2430887 54988 407 108
2430888 54988 407 10065
2430889 54988 407 7216
2430890 922986 407 1491
2430891 922987 407 135032
2430892 922987 407 3567
2430893 922987 407 138
2430894 922987 407 187
2430900 922991 407 1491
2430909 922996 407 1491
2430910 38115 407 982
2430911 38115 407 2404
2430912 38115 407 2902
2430913 38115 407 5670
2430914 38115 407 135033
2430919 13606 407 1491
2430920 922997 407 135034
2430921 922997 407 25803
2430922 922997 407 18374
2430928 922998 407 86685
2430929 922998 407 135035
2430930 922998 407 38574
2430931 922999 407 1491
2430934 441927 407 188
2430935 441927 407 108
2430936 441927 407 203
2430937 441927 407 4368
2430938 923003 407 1491
2430948 923011 407 135037
2430949 923011 407 1062
2430950 923011 407 1864
2430951 923011 407 369
2430960 923015 407 1491
2430962 274930 407 507
2430963 274930 407 42276
2430964 274930 407 44
2430967 923022 407 11099
2430968 923022 407 188
2430969 923022 407 5936
2430970 923022 407 734
2430971 127040 407 4056
2430972 127040 407 135039
2430973 127040 407 6114
2430974 127040 407 1136
2430975 923023 407 135040
2430976 923023 407 135041
2430977 923023 407 108
2430978 923023 407 203
2430979 923023 407 978
2430980 923023 407 2846
2430990 923024 407 1491
2431002 923030 407 135042
2431003 923030 407 135043
2431011 923032 407 1491
2431024 923033 407 19764
2431025 923033 407 982
2431026 923033 407 26285
2431027 923033 407 369
2431039 923037 407 135052
2431040 923038 407 72453
2431041 923038 407 2520
2431054 247026 407 1491
2431061 453635 407 3206
2431062 453635 407 5922
2431063 453635 407 557
2431064 923046 407 1491
2431070 275104 407 1491
2431071 923051 407 1491
2431073 923053 407 36210
2431074 923053 407 1007
2431075 923053 407 5933
2431076 923053 407 135054
2431081 55362 407 49435
2431082 55362 407 135056
2431083 55362 407 1565
2431084 55362 407 2116
2431085 55362 407 365
2431086 55362 407 80
2431090 923056 407 1491
2431091 923057 407 1491
2431105 645719 407 1491
2431107 923065 407 1491
2431109 270631 407 1491
2431110 923066 407 135057
2431111 923066 407 5093
2431112 923066 407 4369
2431113 923066 407 12320
2431114 923066 407 2661
2431116 727280 407 276
2431117 727280 407 138
2431118 727280 407 46
2431119 727280 407 125
2431120 727280 407 44
2431121 727280 407 79312
2431122 727280 407 5346
2431123 923069 407 21790
2431124 923069 407 2392
2431125 923069 407 2150
2431131 923072 407 1491
2431133 923073 407 1491
2431137 82031 407 941
2431138 82031 407 21140
2431139 82031 407 5748
2431140 82031 407 125
2431141 82031 407 1183
2431142 82031 407 187
2431159 923085 407 2695
2431160 923085 407 992
2431161 923085 407 3394
2431162 923086 407 95857
2431163 923086 407 134933
2431164 923086 407 66978
2431165 923086 407 1123
2431166 923086 407 187
2431167 263286 407 1491
2431174 25481 407 1491
2431182 923094 407 135065
2431183 923094 407 135066
2431184 923094 407 8651
2431185 923094 407 1896
2431186 923095 407 135067
2431187 923095 407 5748
2431188 923095 407 1197
2431189 923095 407 9967
2431190 6309 407 1491
2431191 923096 407 1491
2431196 923100 407 1491
2431203 923108 407 6273
2431204 923108 407 135052
2431205 923108 407 135071
2431206 923108 407 1534
2431207 923109 407 1491
2431214 923112 407 1828
2431215 923112 407 5619
2431217 9351 407 85427
2431218 9351 407 135072
2431219 9351 407 5025
2431220 9351 407 138
2431221 9351 407 2902
2431227 272657 407 1491
2431237 242583 407 135077
2431238 242583 407 138
2431239 242583 407 2940
2431240 242583 407 5121
2431241 242583 407 2902
2431242 242583 407 21
2431243 242583 407 187
2431244 923117 407 1491
2431247 923118 407 79919
2431248 923118 407 5919
2431249 923118 407 80983
2431250 196059 407 1491
2431258 923122 407 1491
2431279 923127 407 1491
2431295 356444 407 1491
2431296 923132 407 138
2431297 923132 407 135090
2431298 923132 407 135091
2431309 133267 407 138
2431310 133267 407 254
2431311 133267 407 4234
2431312 133267 407 134989
2431313 431250 407 2022
2431314 431250 407 5346
2431315 431250 407 367
2431316 431250 407 187
2431317 431250 407 5045
2431318 431250 407 4791
2431319 923135 407 1231
2431320 923135 407 941
2431321 923135 407 638
2431322 923135 407 51022
2431323 923135 407 57351
2431324 60593 407 1491
2431329 350293 407 2902
2431330 350293 407 730
2431332 923138 407 992
2431333 923138 407 24315
2431334 923138 407 4230
2431335 923138 407 894
2431336 923138 407 730
2431337 923138 407 2908
2431338 923138 407 135094
2431339 923138 407 32430
2431341 923140 407 71112
2431342 923140 407 125
2431343 923140 407 557
2431345 923142 407 1491
2431346 923143 407 1491
2431355 923150 407 85327
2431356 923150 407 135095
2431357 923150 407 5749
2431358 923150 407 507
2431359 923150 407 1896
2431364 923154 407 2150
2431365 923154 407 187
2431366 923154 407 135097
2431367 923154 407 120846
2431368 923154 407 135098
2431379 923158 407 3499
2431380 923158 407 50600
2431381 923158 407 135100
2431382 341573 407 41913
2431383 341573 407 19962
2431384 341573 407 3217
2431385 341573 407 15930
2431387 923162 407 1491
2431388 923163 407 1491
2431395 923168 407 85248
2431396 923168 407 135101
2431397 923168 407 1367
2431398 923169 407 1491
2431400 923171 407 1491
2431403 22091 407 5930
2431404 22091 407 978
2431405 22091 407 6099
2431406 22091 407 4241
2431407 22091 407 11099
2431408 22091 407 388
2431409 923174 407 85470
2431410 923174 407 135102
2431411 923174 407 311
2431412 923174 407 557
2431418 457576 407 135103
2431419 457576 407 3567
2431420 457576 407 187
2431426 13879 407 1141
2431427 13879 407 369
2431428 13879 407 90
2431429 13879 407 6
2431430 873697 407 1491
2431431 242762 407 13822
2431432 242762 407 8714
2431433 242762 407 557
2431434 242762 407 2520
2431435 242762 407 8722
2431436 923181 407 134922
2431437 923181 407 100956
2431438 923181 407 1123
2431439 923181 407 187
2431447 923187 407 1183
2431448 923187 407 138
2431449 923187 407 941
2431450 923187 407 3567
2431451 923187 407 135106
2431456 394371 407 188
2431457 394371 407 169
2431458 394371 407 11
2431459 394371 407 134973
2431465 913802 407 10828
2431466 913802 407 134904
2431476 923195 407 1491
2431482 923199 407 1491
2431487 923200 407 7372
2431488 923200 407 135049
2431489 923200 407 135109
2431490 923200 407 125
2431491 923200 407 2520
2431520 923209 407 56115
2431521 923209 407 4302
2431522 923209 407 1367
2431523 923209 407 135111
2431524 923210 407 1491
2431525 923212 407 135049
2431526 923212 407 135112
2431527 923212 407 15721
2431528 923212 407 557
2431530 923215 407 1491
2431537 923219 407 1491
2431538 923221 407 4230
2431539 923221 407 3394
2431540 923221 407 27332
2431541 923221 407 134883
2431542 923221 407 135113
2431543 923221 407 13005
2431544 923221 407 135114
2431545 848336 407 1491
2431546 73871 407 1491
2431547 257555 407 4230
2431548 257555 407 19621
2431549 923222 407 135115
2431550 923222 407 100840
2431551 923222 407 135116
2431552 923223 407 1491
2431559 923229 407 507
2431560 923229 407 4285
2431561 923229 407 5910
2431562 923229 407 86074
2431563 923229 407 71590
2431564 381649 407 1491
2431565 178518 407 109364
2431566 178518 407 17326
2431567 178518 407 125
2431568 178518 407 138
2431569 923232 407 1491
2431575 133369 407 29583
2431576 133369 407 4651
2431577 133369 407 12
2431578 133369 407 203
2431604 834864 407 85427
2431605 834864 407 13745
2431606 834864 407 43386
2431607 834864 407 203
2431608 834864 407 1116
2431609 834864 407 135122
2431610 191205 407 2902
2431611 191205 407 2630
2431612 191205 407 138
2431613 191205 407 20496
2431614 191205 407 2404
2431615 191205 407 29282
2431616 191205 407 4068
2431625 923242 407 22562
2431626 923242 407 48924
2431627 923242 407 135127
2431628 923242 407 4385
2431629 923242 407 1779
2431640 923248 407 135130
2431641 923248 407 1185
2431642 923248 407 187
2431643 923248 407 3567
2431650 55610 407 1183
2431651 55610 407 3567
2431652 55610 407 187
2431653 55610 407 138
2431691 923262 407 276
2431692 923262 407 24178
2431693 923262 407 1786
2431694 923262 407 635
2431696 923264 407 1491
2431697 923265 407 1491
2431704 923269 407 1491
2431705 61840 407 1491
2431707 923272 407 1491
2431708 53433 407 135140
2431709 53433 407 138
2431710 53433 407 6031
2431711 923273 407 46757
2431712 923273 407 23806
2431713 923273 407 8877
2431716 923278 407 1491
2431717 191485 407 51024
2431718 191485 407 4791
2431719 191485 407 135141
2431720 191485 407 51023
2431732 923288 407 816
2431733 923288 407 4406
2431734 923288 407 125
2431735 923288 407 5733
2431740 387003 407 469
2431741 387003 407 39
2431747 923298 407 1491
2431753 761073 407 1491
2431755 923307 407 1491
2431761 9484 407 72357
2431762 9484 407 1125
2431763 9484 407 557
2431764 9484 407 57351
2431765 83256 407 57351
2431766 83256 407 6322
2431767 83256 407 557
2431768 83256 407 1896
2431769 83256 407 135145
2431790 744725 407 941
2431791 744725 407 1183
2431792 744725 407 187
2431793 744725 407 4053
2431794 744725 407 4057
2431795 744725 407 26687
2431797 250237 407 1491
2431798 923319 407 1491
2431804 923320 407 1491
2431805 923321 407 1491
2431811 923323 407 1491
2431814 279374 407 135148
2431815 279374 407 12371
2431816 279374 407 374
2431817 923326 407 221
2431818 923326 407 1565
2431819 923326 407 135149
2431822 923330 407 1491
2431823 923331 407 1491
2431825 923334 407 1491
2431833 923339 407 5776
2431834 923339 407 135151
2431835 923339 407 135152
2431836 923341 407 1491
2431843 923342 407 126955
2431844 923342 407 1244
2431845 923342 407 138
2431846 923342 407 135154
2431847 923346 407 1491
2431849 923348 407 135155
2431850 923348 407 23806
2431851 923348 407 20070
2431868 11362 407 1491
2431869 923355 407 94502
2431870 923355 407 1565
2431871 923355 407 2613
2431872 923355 407 4807
2431873 923355 407 49216
2431874 923355 407 103374
2431901 276088 407 1491
2431903 923369 407 1491
2431904 273083 407 1491
2431905 253854 407 41301
2431906 253854 407 19404
2431907 253854 407 135166
2431908 923370 407 85427
2431909 923370 407 85428
2431910 923370 407 135167
2431911 923370 407 10012
2431912 923370 407 1116
2431919 923377 407 10828
2431920 923377 407 4370
2431921 923377 407 134904
2431923 923379 407 1183
2431924 923379 407 138
2431925 923379 407 135168
2431926 923379 407 187
2431927 923380 407 85747
2431928 923380 407 469
2431929 923380 407 2242
2431930 923381 407 1491
2431931 923382 407 1183
2431932 923382 407 138
2431933 923382 407 187
2431934 923382 407 15721
2431935 675497 407 135169
2431936 675497 407 941
2431937 675497 407 3749
2431938 675497 407 10255
2431939 675497 407 4696
2431945 59475 407 5891
2431946 59475 407 135170
2431947 59475 407 3147
2431948 59475 407 187
2431949 9327 407 1491
2431951 497688 407 5126
2431952 497688 407 110213
2431953 497688 407 4327
2431954 497688 407 369
2431960 612802 407 134890
2431961 612802 407 5311
2431962 612802 407 203
2431963 612802 407 1057
2431972 923388 407 5013
2431973 923388 407 1436
2431974 923388 407 135172
2431975 923388 407 135173
2431978 908794 407 1183
2431979 908794 407 138
2431980 908794 407 3567
2431981 908794 407 187
2431982 908794 407 135174
2431984 923395 407 1491
2431985 923396 407 50723
2431986 923396 407 1565
2431987 923396 407 10493
2431988 923397 407 108
2431989 923397 407 6015
2431990 923397 407 2902
2431991 923397 407 109366
2431992 923397 407 5623
2431993 923397 407 80432
2431994 923397 407 203
2431995 923401 407 1491
2431997 59491 407 3613
2431998 59491 407 978
2431999 59491 407 1739
2432000 59491 407 730
2432001 59491 407 90698
2432006 923405 407 1491
2432012 923408 407 135109
2432013 923408 407 135049
2432014 923408 407 5922
2432019 923412 407 1491
2432021 242848 407 135176
2432022 242848 407 12878
2432023 242848 407 72
2432024 242848 407 138
2432025 242848 407 6854
2432026 242848 407 135177
2432027 923416 407 1491
2432028 923417 407 1491
2432036 923422 407 1491
2432037 659508 407 1491
2432047 923428 407 1491
2432054 57274 407 135183
2432055 57274 407 138
2432056 57274 407 3567
2432057 57274 407 941
2432058 57274 407 187
2432065 923438 407 135187
2432080 923441 407 1491
2432081 616396 407 1491
2432087 923444 407 1491
2432093 923447 407 1491
2432095 923451 407 359
2432096 923451 407 1431
2432097 923451 407 1774
2432098 923451 407 388
2432099 923451 407 135190
2432104 202020 407 73157
2432105 202020 407 49427
2432106 202020 407 5541
2432107 202020 407 72683
2432108 202020 407 49102
2432109 202020 407 49105
2432111 923458 407 135193
2432112 923458 407 1297
2432113 923458 407 4653
2432114 923458 407 3567
2432115 923458 407 187
2432116 923459 407 1491
2432117 58620 407 1491
2432118 193666 407 1491
2432132 923467 407 135197
2432133 923467 407 56745
2432134 923471 407 1491
2432138 923476 407 93675
2432139 923476 407 4185
2432140 923476 407 49192
2432141 923477 407 1491
2432143 923481 407 1491
2432158 643558 407 3394
2432159 643558 407 3275
2432160 643558 407 992
2432161 643558 407 507
2432177 188554 407 4216
2432178 188554 407 359
2432179 188554 407 9803
2432180 188554 407 24
2432181 923490 407 27397
2432182 923490 407 103374
2432183 923490 407 135202
2432184 923490 407 1565
2432185 923491 407 135203
2432186 923491 407 135204
2432187 923491 407 2613
2432188 923491 407 3358
2432191 923493 407 1491
2432192 923494 407 331
2432193 923494 407 135205
2432194 923494 407 135206
2432195 923494 407 57351
2432198 289263 407 8714
2432199 27085 407 507
2432200 27085 407 2081
2432201 27085 407 3098
2432202 27085 407 9798
2432203 55908 407 1491
2432212 923501 407 1491
2432217 70569 407 1491
2432225 923507 407 1491
2432227 923508 407 1491
2432232 923511 407 1491
2432233 487566 407 38242
2432234 487566 407 2150
2432235 487566 407 135209
2432236 487566 407 135210
2432237 487566 407 135211
2432238 487566 407 507
2432239 487566 407 46929
2432241 923513 407 1127
2432242 923513 407 135212
2432243 923514 407 1491
2432250 923515 407 135213
2432251 923515 407 41614
2432252 923515 407 21498
2432253 923515 407 135214
2432254 923515 407 1183
2432255 923515 407 187
2432257 923517 407 1491
2432258 186789 407 3790
2432259 186789 407 23776
2432260 186789 407 135215
2432261 186789 407 8685
2432262 923518 407 1918
2432263 923518 407 2710
2432264 923518 407 301
2432265 923518 407 29
2432270 923522 407 11923
2432271 923522 407 894
2432272 923522 407 730
2432273 923522 407 8768
2432274 923522 407 72
2432281 923526 407 43478
2432282 923526 407 5302
2432283 9849 407 51027
2432284 9849 407 27991
2432285 9849 407 635
2432286 9849 407 37149
2432287 165488 407 1491
2432288 345314 407 135218
2432289 345314 407 2150
2432290 345314 407 8335
2432291 345314 407 135219
2432292 179549 407 1491
2432308 923534 407 1491
2432316 923536 407 135224
2432317 923536 407 5394
2432318 923538 407 1491
2432319 923539 407 135225
2432320 923539 407 135226
2432321 923539 407 85048
2432322 923539 407 135108
2432323 923539 407 109803
2432324 923539 407 135227
2432326 923541 407 2520
2432327 923541 407 60371
2432328 923541 407 135228
2432329 923541 407 30870
2432330 923541 407 3843
2432331 923541 407 78305
2432332 923541 407 29319
2432353 923549 407 1491
2432354 8930 407 1491
2432358 923551 407 1491
2432367 923554 407 1491
2432368 923555 407 1491
2432369 923556 407 1491
2432375 923557 407 77152
2432376 923557 407 98908
2432377 923557 407 135232
2432384 923560 407 86156
2432385 923560 407 135233
2432386 923560 407 1122
2432387 923560 407 43378
2432388 923560 407 1367
2432389 923560 407 1896
2432390 575525 407 25884
2432391 575525 407 20363
2432392 575525 407 1821
2432393 575525 407 20046
2432394 504776 407 31
2432395 504776 407 941
2432396 504776 407 1215
2432397 504776 407 138
2432398 504776 407 311
2432399 504776 407 187
2432400 504776 407 4057
2432404 923565 407 77664
2432405 923565 407 9783
2432406 923565 407 135234
2432407 923566 407 1491
2432414 914739 407 49216
2432415 914739 407 27397
2432416 914739 407 48924
2432417 914739 407 103374
2432418 914739 407 1896
2432439 923577 407 84952
2432440 923577 407 135241
2432441 923577 407 135242
2432442 923577 407 2902
2432443 923579 407 1491
2432445 302562 407 2902
2432446 302562 407 2404
2432447 302562 407 138
2432448 302562 407 941
2432449 302562 407 6
2432450 302562 407 1215
2432451 302562 407 1049
2432472 923589 407 1491
2432475 164853 407 1491
2432483 468851 407 72453
2432484 468851 407 2520
2432485 468851 407 1896
2432487 923599 407 72453
2432488 923599 407 66082
2432489 923599 407 5922
2432490 923599 407 7372
2432492 795991 407 135246
2432493 795991 407 1886
2432494 795991 407 138
2432495 795991 407 2902
2432496 923604 407 1491
2432503 299098 407 1491
2432504 923611 407 1491
2432511 486886 407 23862
2432512 486886 407 7004
2432513 486886 407 4028
2432514 486886 407 39
2432515 486886 407 1937
2432516 486886 407 5748
2432517 832811 407 1491
2432526 923614 407 1491
2432527 923616 407 81373
2432528 923616 407 125
2432529 923616 407 1123
2432530 923616 407 187
2432531 123669 407 5394
2432532 123669 407 78219
2432533 123669 407 1835
2432534 123669 407 127
2432535 123669 407 5393
2432536 923620 407 1491
2432537 923621 407 1491
2432538 923622 407 60476
2432539 923622 407 2795
2432540 923622 407 6776
2432541 923622 407 2942
2432546 923624 407 1491
2432547 923627 407 138
2432548 923627 407 2902
2432549 923627 407 3567
2432550 923627 407 2940
2432551 923627 407 5769
2432552 923627 407 187
2432560 923630 407 50746
2432561 923630 407 7372
2432562 923630 407 2520
2432564 923631 407 1491
2432565 923632 407 1491
2432569 923634 407 135250
2432570 923634 407 22551
2432571 923634 407 40706
2432579 923642 407 135251
2432580 923642 407 95857
2432581 923642 407 24287
2432582 923642 407 108892
2432583 923644 407 1491
2432588 923645 407 134883
2432589 923645 407 95857
2432590 923645 407 10069
2432591 923645 407 6259
2432598 923649 407 1491
2432608 923653 407 1183
2432609 923653 407 135254
2432610 923653 407 3567
2432611 923653 407 187
2432622 535911 407 46636
2432623 535911 407 941
2432624 535911 407 6
2432626 923661 407 2330
2432627 923661 407 135255
2432628 923661 407 135256
2432629 923661 407 15791
2432630 923661 407 1823
2432631 923662 407 135257
2432632 923662 407 135258
2432633 923662 407 1183
2432634 923662 407 187
2432635 923662 407 507
2432636 923662 407 5836
2432639 37988 407 1491
2432640 923666 407 1491
2432660 923676 407 5930
2432661 923676 407 1779
2432662 923676 407 108
2432663 923676 407 4056
2432664 923676 407 1056
2432665 923677 407 20070
2432666 923677 407 135260
2432667 923677 407 60531
2432668 923677 407 135261
2432672 923680 407 1491
2432674 923681 407 1491
2432682 923685 407 1491
2432691 923689 407 1491
2432692 923690 407 1491
2432693 923692 407 5748
2432694 923692 407 4027
2432695 923692 407 1125
2432707 923695 407 1491
2432709 923701 407 135270
2432710 923701 407 3567
2432711 923701 407 135271
2432712 923701 407 1183
2432713 923701 407 187
2432724 842023 407 3567
2432725 842023 407 1183
2432726 842023 407 187
2432727 842023 407 135272
2432728 295976 407 135273
2432729 295976 407 135274
2432730 295976 407 2116
2432731 295976 407 72
2432732 349944 407 122451
2432733 349944 407 7169
2432734 349944 407 730
2432735 349944 407 992
2432736 349944 407 4292
2432737 349944 407 795
2432741 133602 407 1141
2432742 133602 407 90
2432743 133602 407 369
2432744 133602 407 4350
2432749 593167 407 359
2432750 593167 407 5748
2432751 593167 407 15727
2432752 593167 407 135275
2432753 179905 407 51027
2432754 179905 407 1123
2432755 179905 407 187
2432756 179905 407 29605
2432762 923712 407 1491
2432763 352467 407 1122
2432764 352467 407 992
2432765 352467 407 734
2432766 352467 407 3660
2432767 352467 407 374
2432770 923714 407 92043
2432771 923714 407 24450
2432772 923714 407 557
2432794 135454 407 135280
2432795 135454 407 31
2432796 135454 407 5702
2432797 135454 407 138
2432798 135454 407 187
2432799 923723 407 1491
2432805 53871 407 1491
2432809 296266 407 1367
2432810 296266 407 138
2432811 296266 407 20363
2432812 296266 407 3294
2432813 296266 407 87720
2432814 296266 407 4057
2432815 296266 407 2902
2432816 75279 407 1491
2432818 923728 407 1491
2432819 439019 407 1491
2432820 923729 407 1491
2432831 923735 407 1491
2432832 923736 407 1491
2432835 923739 407 69495
2432836 923739 407 109364
2432837 923739 407 134922
2432838 923739 407 135287
2432839 923739 407 7372
2432840 923739 407 5922
2432842 923744 407 1491
2432843 923745 407 14040
2432844 923745 407 214
2432845 923745 407 12749
2432846 923745 407 941
2432847 923745 407 1367
2432848 923746 407 643
2432849 923746 407 138
2432850 923746 407 1565
2432851 923746 407 3499
2432852 923746 407 187
2432856 135635 407 941
2432857 135635 407 1183
2432858 135635 407 187
2432859 135635 407 135289
2432860 135635 407 135290
2432861 135635 407 135291
2432866 886831 407 23936
2432867 886831 407 3394
2432868 886831 407 1057
2432869 886831 407 1263
2432870 886831 407 992
2432871 886831 407 2556
2432872 886831 407 11914
2432873 923751 407 23936
2432874 923751 407 5548
2432875 923751 407 1704
2432876 923751 407 1123
2432877 923751 407 187
2432896 923757 407 91676
2432897 923757 407 73582
2432898 923757 407 135294
2432899 923757 407 135295
2432900 923759 407 1491
2432903 113111 407 1491
2432904 89154 407 1491
2432905 424397 407 2150
2432906 424397 407 138
2432907 424397 407 5943
2432908 424397 407 507
2432909 424397 407 187
2432910 923762 407 135296
2432911 923762 407 2525
2432925 923763 407 2330
2432926 923763 407 135298
2432927 923763 407 41450
2432928 923763 407 1896
2432929 498413 407 135299
2432930 498413 407 49999
2432931 498413 407 135300
2432932 498413 407 2520
2432933 498413 407 7372
2432934 498413 407 15807
2432935 923765 407 135301
2432936 923765 407 1367
2432937 923765 407 6
2432938 923765 407 187
2432939 923765 407 17321
2432940 923765 407 15361
2432941 242983 407 14058
2432942 242983 407 6333
2432943 242983 407 91841
2432944 242983 407 1367
2432945 249603 407 359
2432946 249603 407 1431
2432947 249603 407 91841
2432948 249603 407 1907
2432949 249603 407 1743
2432959 117751 407 91841
2432960 117751 407 6096
2432961 117751 407 1141
2432962 117751 407 15930
2432963 420419 407 1491
2432969 923772 407 1491
2432973 669085 407 138
2432974 669085 407 3567
2432975 669085 407 187
2432976 669085 407 135303
2432982 923777 407 1491
2432983 923778 407 85248
2432984 923778 407 4397
2432985 923778 407 19319
2432986 923778 407 78967
2432987 923778 407 44
2432997 923788 407 1116
2432998 923788 407 51887
2432999 923788 407 2709
2433000 923788 407 203
2433019 923792 407 1491
2433030 923798 407 1565
2433031 923798 407 1889
2433032 923798 407 19962
2433033 923798 407 4587
2433034 923798 407 20070
2433035 923798 407 49412
2433038 923800 407 27397
2433039 923800 407 103374
2433040 923800 407 48924
2433041 923800 407 5757
2433042 923800 407 2613
2433043 923800 407 18682
2433044 923800 407 4582
2433045 923800 407 49412
2433063 923802 407 135309
2433064 923802 407 25272
2433065 923802 407 1896
2433074 923805 407 20962
2433075 923805 407 311
2433076 923805 407 138
2433077 923805 407 6
2433081 923807 407 46785
2433082 923807 407 25448
2433083 923807 407 3255
2433084 923807 407 21609
2433085 923807 407 1756
2433086 923807 407 19960
2433092 923809 407 14436
2433093 923809 407 135315
2433094 923809 407 135316
2433095 923810 407 1889
2433096 923810 407 1828
2433097 923810 407 61448
2433098 923810 407 19629
2433109 923812 407 51027
2433110 923812 407 51024
2433111 923812 407 6333
2433112 923812 407 3475
2433113 923812 407 135319
2433114 923814 407 1572
2433115 923814 407 135320
2433116 707542 407 507
2433117 707542 407 1896
2433118 707542 407 85232
2433119 707542 407 135321
2433120 923816 407 46599
2433121 923816 407 135322
2433122 923816 407 2247
2433123 923816 407 29
2433124 923817 407 135323
2433125 923817 407 67240
2433126 923817 407 20070
2433127 923817 407 816
2433128 923817 407 2339
2433129 923817 407 2613
2433130 923818 407 4185
2433138 923819 407 50746
2433139 923819 407 557
2433145 923821 407 1183
2433146 923821 407 2520
2433147 923821 407 7372
2433148 923821 407 557
2433149 923821 407 135326
2433154 256969 407 83067
2433155 256969 407 38242
2433156 256969 407 3394
2433157 256969 407 27332
2433158 430526 407 1141
2433159 430526 407 135328
2433160 430526 407 66978
2433161 430526 407 138
2433173 73248 407 4984
2433174 73248 407 5927
2433175 73248 407 1896
2433176 320666 407 5830
2433177 320666 407 375
2433178 320666 407 941
2433179 320666 407 20663
2433187 10579 407 4129
2433188 10579 407 72
2433189 10579 407 188
2433190 10579 407 11
2433191 923824 407 135331
2433192 923824 407 96821
2433193 923824 407 5842
2433194 923824 407 135332
2433195 923824 407 4254
2433196 923824 407 108
2433197 923824 407 203
2433202 668907 407 2150
2433203 668907 407 2520
2433204 668907 407 507
2433205 668907 407 4053
2433206 668907 407 135186
2433207 668907 407 135333
2433208 125876 407 2902
2433209 125876 407 108
2433210 125876 407 138
2433211 125876 407 46
2433212 125876 407 2404
2433213 125876 407 3822
2433217 11896 407 1491
2433226 923828 407 13911
2433227 923828 407 1051
2433228 923828 407 22336
2433229 923828 407 91096
2433230 923828 407 4665
2433245 37639 407 108
2433246 37639 407 2902
2433247 37639 407 80432
2433248 37639 407 5623
2433249 37639 407 85913
2433250 37639 407 138
2433268 21353 407 1491
2433271 923839 407 1491
2433276 371012 407 30016
2433277 371012 407 557
2433278 371012 407 441
2433283 297663 407 4444
2433284 297663 407 1431
2433285 297663 407 19525
2433286 297663 407 978
2433287 297663 407 4561
2433289 923846 407 1491
2433290 923847 407 1491
2433296 241711 407 1491
2433297 923848 407 138
2433298 923848 407 135339
2433299 923848 407 108
2433300 923849 407 1491
2433306 364376 407 1491
2433309 923855 407 1491
2433310 259198 407 1491
2433313 923858 407 1491
2433315 923860 407 1491
2433318 366886 407 1491
2433322 886641 407 1491
2433325 923880 407 1491
2433326 923882 407 1491
2433327 923883 407 1491
2433328 923887 407 1491
2433330 923890 407 1491
2433331 923891 407 1491
2433332 170633 407 29766
2433333 170633 407 1170
2433334 923892 407 85427
2433335 923892 407 29908
2433336 923892 407 10296
2433337 923892 407 203
2433338 923893 407 135340
2433339 923893 407 135341
2433340 923893 407 941
2433341 923893 407 60657
2433342 923895 407 1491
2433350 923896 407 1491
2433361 923901 407 5748
2433362 923901 407 5800
2433363 923901 407 66993
2433364 923901 407 100881
2433365 923901 407 1823
2433370 923904 407 2150
2433371 923904 407 138
2433372 923904 407 3567
2433373 923904 407 507
2433384 298572 407 4519
2433385 298572 407 301
2433386 298572 407 1565
2433387 298572 407 25542
2433388 298572 407 39
2433389 298572 407 44
2433390 923908 407 1491
2433391 251360 407 1491
2433392 923911 407 2902
2433404 923913 407 51027
2433405 923913 407 276
2433406 923913 407 129666
2433407 923913 407 557
2433408 923913 407 135345
2433409 923914 407 1491
2433411 923916 407 1491
2433418 923917 407 135346
2433419 923917 407 77942
2433420 923917 407 941
2433421 923917 407 1185
2433426 196995 407 1491
2433429 13773 407 221
2433430 13773 407 2816
2433431 13773 407 85161
2433432 13773 407 42646
2433436 923922 407 1491
2433437 367575 407 1491
2433438 923923 407 1608
2433439 923923 407 13911
2433440 923923 407 83209
2433441 923923 407 507
2433443 923924 407 1491
2433444 923925 407 1491
2433445 923926 407 1491
2433446 123192 407 42743
2433447 123192 407 135348
2433448 123192 407 41158
2433449 123192 407 8960
2433450 123192 407 557
2433457 923929 407 1491
2433460 385149 407 1491
2433461 923932 407 557
2433462 923932 407 365
2433463 923932 407 50541
2433464 923933 407 84722
2433465 923933 407 134926
2433466 923933 407 121491
2433468 923936 407 1491
2433469 80663 407 135350
2433470 80663 407 113580
2433471 80663 407 60657
2433490 58352 407 2404
2433491 58352 407 2902
2433492 58352 407 138
2433493 58352 407 187
2433494 58352 407 5024
2433495 58352 407 86110
2433500 923942 407 1889
2433501 923942 407 1627
2433502 923942 407 3294
2433503 737616 407 1491
2433508 395708 407 1491
2433510 923946 407 2795
2433511 923946 407 1565
2433512 923946 407 36802
2433513 923946 407 816
2433515 923949 407 1491
2433516 288126 407 1491
2433522 923957 407 1491
2433523 923958 407 1491
2433528 923959 407 730
2433529 923959 407 1455
2433530 923959 407 527
2433531 923959 407 894
2433532 923959 407 46
2433533 923959 407 795
2433540 923963 407 1491
2433542 923964 407 135356
2433543 923964 407 8714
2433544 923964 407 557
2433545 923964 407 5922
2433546 923968 407 1491
2433548 923970 407 1491
2433557 923974 407 1491
2433558 923978 407 1491
2433559 923979 407 221
2433560 923979 407 2150
2433561 923979 407 187
2433562 923979 407 135357
2433563 923979 407 67215
2433564 923979 407 4028
2433565 45740 407 1491
2433573 923981 407 1491
2433574 121800 407 135359
2433575 121800 407 3649
2433576 121800 407 469
2433582 717356 407 1491
2433583 923986 407 1491
2433588 827234 407 5748
2433589 827234 407 1162
2433590 827234 407 4053
2433596 923992 407 11099
2433597 923992 407 20092
2433598 923992 407 734
2433599 923992 407 374
2433600 923992 407 1687
2433601 923992 407 388
2433602 17367 407 138
2433603 17367 407 46
2433604 17367 407 187
2433605 17367 407 20
2433606 17367 407 10317
2433608 923996 407 80432
2433609 923996 407 5623
2433610 923996 407 109525
2433611 923996 407 46
2433612 923996 407 2902
2433613 923996 407 4444
2433614 62450 407 1491
2433615 16683 407 1491
2433616 923997 407 1491
2433618 923999 407 1491
2433620 287886 407 5034
2433621 287886 407 85048
2433622 287886 407 79308
2433623 287886 407 5014
2433627 924002 407 83067
2433628 924002 407 46525
2433629 924002 407 3439
2433636 924005 407 1491
2433637 924006 407 135363
2433638 924006 407 135364
2433639 924006 407 1244
2433640 924006 407 1245
2433641 924006 407 221
2433649 322734 407 1491
2433656 126919 407 20859
2433663 924010 407 12749
2433664 924010 407 359
2433665 924010 407 135365
2433666 924012 407 1491
2433668 257171 407 1491
2433675 924017 407 1491
2433682 924022 407 1491
2433684 924026 407 1491
2433685 387186 407 1491
2433686 196079 407 15711
2433687 196079 407 134892
2433688 196079 407 134893
2433689 196079 407 1775
2433691 296734 407 1491
2433693 924033 407 1491
2433698 269720 407 70
2433699 269720 407 10269
2433700 269720 407 1823
2433701 924036 407 1491
2433702 924037 407 1491
2433714 924039 407 6375
2433715 924039 407 4444
2433716 924039 407 4399
2433717 924039 407 4398
2433718 924040 407 469
2433719 924040 407 135369
2433720 924040 407 72
2433727 112559 407 992
2433728 112559 407 894
2433729 112559 407 12371
2433730 112559 407 730
2433731 112559 407 11982
2433732 112559 407 507
2433733 112559 407 10189
2433734 112559 407 3122
2433735 112559 407 139
2433736 112559 407 6161
2433751 924051 407 135373
2433752 924051 407 7372
2433765 924062 407 10828
2433766 924062 407 4370
2433767 924062 407 134904
2433776 924064 407 4016
2433777 924064 407 79796
2433778 924064 407 388
2433779 924064 407 9744
2433780 924064 407 5957
2433782 365659 407 1491
2433784 32757 407 54911
2433785 32757 407 11099
2433786 32757 407 5909
2433787 32757 407 188
2433788 32757 407 3558
2433789 27127 407 135378
2433790 27127 407 135379
2433791 27127 407 135380
2433792 27127 407 3567
2433793 27127 407 187
2433794 266879 407 120
2433795 266879 407 108
2433796 266879 407 188
2433797 266879 407 118
2433798 513469 407 135381
2433799 513469 407 135382
2433800 513469 407 557
2433809 924068 407 20872
2433810 924068 407 72024
2433811 924068 407 5748
2433812 924068 407 135385
2433813 924068 407 4016
2433814 924068 407 2651
2433815 924068 407 1823
2433833 289290 407 1628
2433834 289290 407 29978
2433835 289290 407 507
2433836 289290 407 59162
2433839 243300 407 72453
2433840 243300 407 1896
2433841 243300 407 7372
2433842 243300 407 5922
2433843 924076 407 135389
2433844 924076 407 507
2433845 924076 407 5749
2433846 924076 407 1896
2433849 324933 407 88244
2433850 324933 407 135390
2433851 324933 407 21801
2433852 324933 407 2236
2433853 324933 407 66201
2433867 75954 407 1491
2433868 670116 407 135094
2433869 670116 407 24315
2433870 670116 407 32430
2433871 670116 407 992
2433872 670116 407 12371
2433873 670116 407 730
2433874 670116 407 795
2433875 670116 407 139
2433876 670116 407 894
