2449141 29236 410 3147
2449142 29236 410 138
2449143 29236 410 289
2449144 29236 410 1937
2449145 29236 410 982
2449146 84272 410 17561
2449147 84272 410 507
2449148 926280 410 1185
2449149 926281 410 1191
2449150 926281 410 996
2449156 3827 410 17
2449157 3827 410 1504
2449163 84286 410 2376
2449164 84286 410 125
2449165 47666 410 100
2449166 296390 410 1007
2449167 106368 410 507
2449168 106368 410 90
2449169 52546 410 1937
2449170 52546 410 926
2449171 52546 410 138
2449172 926284 410 1175
2449173 926284 410 996
2449174 926284 410 3320
2449175 926284 410 1242
2449178 926285 410 6938
2449179 926285 410 11
2449180 11437 410 4140
2449181 11437 410 90
2449182 112600 410 108
2449188 926286 410 3506
2449189 926286 410 2081
2449190 926287 410 799
2449191 926287 410 23878
2449192 926287 410 19816
2449193 926287 410 6695
2449194 926288 410 941
2449195 926288 410 57743
2449196 926288 410 1185
2449197 139621 410 16422
2449202 4120 410 331
2449203 4120 410 139
2449204 926292 410 498
2449205 926293 410 996
2449206 926293 410 106086
2449207 926294 410 104
2449208 926294 410 1714
2449209 926294 410 331
2449210 926294 410 139
2449213 926295 410 869
2449214 104472 410 1808
2449215 104472 410 20723
2449216 926296 410 498
2449217 926296 410 734
2449218 926296 410 2852
2449219 340623 410 27209
2449220 340623 410 2373
2449221 340623 410 871
2449222 98341 410 25155
2449223 98341 410 2274
2449224 98341 410 2104
2449225 98341 410 42705
2449226 98341 410 1284
2449230 54671 410 960
2449231 54671 410 1021
2449232 54671 410 1007
2449233 54671 410 11
2449234 54671 410 285
2449235 926298 410 3506
2449236 926298 410 259
2449237 926299 410 29
2449238 779783 410 5922
2449239 926300 410 869
2449240 926300 410 1124
2449241 926300 410 2371
2449242 926300 410 4302
2449243 926300 410 1762
2449244 926300 410 40939
2449245 926300 410 38097
2449249 926301 410 1835
2449250 926301 410 127
2449257 301512 410 361
2449258 301512 410 651
2449259 926302 410 1175
2449264 27594 410 129
2449265 27594 410 1937
2449266 27594 410 291
2449267 262801 410 3057
2449268 262801 410 2100
2449269 262801 410 2810
2449270 262801 410 1007
2449271 262801 410 982
2449274 926305 410 72101
2449275 926305 410 4713
2449276 926305 410 1390
2449277 926306 410 1932
2449278 926306 410 72101
2449279 926306 410 22476
2449280 926306 410 1560
2449281 926306 410 15457
2449282 926306 410 4713
2449283 168998 410 46372
2449284 168998 410 29
2449285 168998 410 127
2449286 148002 410 4462
2449287 148002 410 26797
2449288 148002 410 6
2449295 926310 410 285
2449296 926310 410 14075
2449297 926310 410 1932
2449300 926311 410 100
2449301 926311 410 136153
2449304 926313 410 507
2449305 926314 410 1331
2449308 62659 410 259
2449309 62659 410 72
2449310 62659 410 6854
2449311 62659 410 982
2449312 406313 410 259
2449313 406313 410 138
2449314 406313 410 44
2449318 179066 410 259
2449319 179066 410 138
2449320 179066 410 343
2449325 445834 410 138
2449326 445834 410 125
2449327 445834 410 5051
2449328 445834 410 11
2449329 445834 410 2902
2449330 445834 410 302
2449331 926315 410 42749
2449332 926315 410 20040
2449333 926315 410 20395
2449337 13835 410 1356
2449338 13835 410 1722
2449339 926318 410 1016
2449340 926318 410 19912
2449341 926319 410 1191
2449342 926319 410 21
2449343 304505 410 5022
2449344 304505 410 5217
2449345 304505 410 374
2449346 304505 410 869
2449347 304505 410 26423
2449348 926320 410 25688
2449349 115199 410 3281
2449350 115199 410 799
2449351 926322 410 136154
2449352 926322 410 81842
2449353 926322 410 81843
2449354 926322 410 9438
2449374 926325 410 108
2449375 926325 410 4446
2449378 926326 410 1191
2449379 274540 410 18769
2449380 274540 410 127
2449381 274540 410 41730
2449382 274540 410 331
2449383 926327 410 1145
2449384 926328 410 557
2449385 926328 410 50943
2449386 926329 410 2902
2449387 926329 410 55461
2449394 926331 410 1552
2449395 926331 410 15256
2449396 926331 410 46387
2449397 926331 410 106539
2449398 926331 410 996
2449405 926332 410 6938
2449406 926333 410 2456
2449407 926333 410 1051
2449408 926333 410 1714
2449410 926335 410 21
2449411 926335 410 136156
2449412 926335 410 136157
2449421 61587 410 917
2449422 61587 410 709
2449429 130190 410 100
2449430 130190 410 31703
2449431 676 410 2916
2449432 676 410 1184
2449433 676 410 645
2449440 13469 410 21083
2449441 13469 410 798
2449442 82029 410 4018
2449443 926340 410 24250
2449444 926341 410 1960
2449445 926341 410 869
2449446 926341 410 42705
2449448 926343 410 869
2449449 926343 410 15389
2449450 926343 410 2707
2449451 926343 410 136159
2449455 926345 410 869
2449456 926345 410 46436
2449457 926345 410 2707
2449458 926346 410 4062
2449459 926346 410 1034
2449460 926347 410 100
2449461 926347 410 52
2449462 2382 410 289
2449463 2382 410 164
2449464 2382 410 4802
2449467 20812 410 941
2449468 20812 410 302
2449469 20812 410 816
2449470 20812 410 798
2449471 20812 410 138
2449472 20812 410 1937
2449473 20812 410 1183
2449474 20812 410 291
2449475 20812 410 474
2449476 926348 410 2902
2449477 926348 410 6056
2449487 926354 410 1191
2449488 926354 410 1867
2449489 926354 410 2338
2449495 841377 410 780
2449496 841377 410 795
2449501 6007 410 21
2449502 6007 410 126
2449503 6007 410 982
2449504 6007 410 11
2449505 926357 410 150
2449506 926357 410 1125
2449507 926357 410 39368
2449508 926358 410 1718
2449509 926358 410 1528
2449510 136724 410 70
2449511 177986 410 734
2449512 177986 410 2546
2449513 177986 410 935
2449514 926359 410 104360
2449518 115722 410 108
2449519 115722 410 46
2449523 926362 410 139
2449524 926362 410 302
2449525 926362 410 2939
2449529 894657 410 276
2449530 894657 410 1134
2449531 894657 410 968
2449532 894657 410 936
2449533 894657 410 935
2449537 926364 410 21
2449538 926364 410 136156
2449539 926364 410 136157
2449543 661194 410 1771
2449544 661194 410 912
2449545 661194 410 638
2449546 661194 410 126
2449547 145600 410 27529
2449548 145600 410 1560
2449549 145600 410 638
2449550 786089 410 27302
2449551 786089 410 734
2449552 152567 410 871
2449553 152567 410 374
2449554 926366 410 4213
2449555 926366 410 1704
2449556 926366 410 361
2449557 926366 410 369
2449558 926366 410 1297
2449559 6289 410 17
2449560 6289 410 638
2449561 6289 410 637
2449562 482 410 332
2449563 192795 410 184
2449564 192795 410 188
2449565 192795 410 859
2449566 192795 410 1786
2449567 192795 410 44
2449568 926368 410 285
2449569 926368 410 136161
2449573 926370 410 9828
2449574 926370 410 2989
2449575 926371 410 799
2449576 926371 410 1808
2449577 926372 410 100
2449578 14426 410 816
2449579 14426 410 9434
2449580 14426 410 982
2449581 14426 410 1050
2449582 14426 410 1183
2449583 14426 410 2175
2449584 926373 410 799
2449585 926373 410 16819
2449588 926374 410 9709
2449589 926374 410 20022
2449590 926375 410 9709
2449591 926375 410 20022
2449594 926377 410 869
2449595 926377 410 2707
2449596 926378 410 70
2449597 926378 410 2705
2449598 926379 410 1347
2449599 926379 410 7326
2449600 926380 410 65990
2449601 926381 410 228
2449602 926381 410 11
2449605 926383 410 869
2449606 399989 410 4246
2449607 399989 410 369
2449608 399989 410 4234
2449609 399989 410 637
2449613 926384 410 941
2449614 926384 410 57743
2449615 926384 410 1185
2449616 926384 410 6854
2449617 926385 410 3282
2449618 926385 410 4062
2449619 926385 410 24521
2449620 926385 410 12739
2449621 926385 410 61795
2449622 926385 410 136162
2449623 926386 410 869
2449624 454966 410 125
2449625 454966 410 3060
2449626 926387 410 941
2449627 926387 410 57743
2449628 926387 410 1185
2449629 926387 410 6854
2449630 926388 410 17327
2449634 926389 410 4816
2449635 926389 410 2161
2449636 139461 410 4381
2449637 139461 410 1171
2449638 926390 410 1808
2449639 926390 410 15526
2449640 112240 410 1148
2449641 112240 410 1313
2449642 926391 410 638
2449643 926391 410 6573
2449644 926391 410 77
2449650 76116 410 125
2449651 76116 410 1722
2449652 76116 410 1191
2449653 76116 410 4213
2449654 8266 410 80
2449655 926392 410 70
2449656 926393 410 1121
2449658 926395 410 38101
2449659 926395 410 20738
2449660 907223 410 3233
2449661 907223 410 374
2449662 334565 410 6573
2449663 334565 410 9694
2449664 334565 410 6052
2449669 926397 410 869
2449670 926398 410 23379
2449671 926398 410 869
2449677 757229 410 188
2449678 757229 410 11
2449679 75972 410 363
2449680 75972 410 941
2449681 75972 410 29
2449682 6985 410 917
2449683 6985 410 126
2449684 926401 410 2150
2449685 926402 410 100
2449692 926406 410 877
2449693 926406 410 846
2449698 161726 410 1565
2449699 161726 410 99733
2449700 161726 410 1828
2449703 133465 410 507
2449704 133465 410 774
2449705 133465 410 136164
2449706 133465 410 10645
2449707 133465 410 27748
2449708 133465 410 104824
2449709 133465 410 136165
2449710 133465 410 136166
2449711 133465 410 136167
2449716 133483 410 259
2449717 133483 410 72
2449718 133483 410 469
2449719 133483 410 45
2449720 133483 410 46
2449721 133483 410 6854
2449722 926411 410 1106
2449723 926411 410 20322
2449724 926411 410 4288
2449725 926411 410 40480
2449726 926411 410 757
2449727 926411 410 26186
2449733 755584 410 80
2449734 755584 410 11
2449735 22654 410 3147
2449739 31135 410 1141
2449740 31135 410 90
2449741 926413 410 758
2449742 926414 410 20454
2449743 926414 410 557
2449744 926414 410 80
2449745 926414 410 9382
2449749 2754 410 757
2449750 2754 410 81
2449751 2754 410 982
2449753 926416 410 3506
2449765 926421 410 500
2449766 926421 410 1722
2449767 926421 410 1191
2449771 926422 410 41747
2449772 926422 410 68127
2449773 926423 410 367
2449774 926425 410 16382
2449775 926425 410 869
2449776 614565 410 70
2449777 614565 410 12233
2449778 614565 410 978
2449779 24485 410 127
2449780 24485 410 29
2449781 24485 410 285
2449782 5987 410 982
2449783 5987 410 127
2449784 5987 410 10097
2449785 5987 410 29
2449786 5987 410 2215
2449787 5987 410 77
2449788 926426 410 1125
2449789 926426 410 816
2449790 926426 410 1126
2449791 926426 410 982
2449792 926426 410 136169
2449793 926426 410 136170
2449794 926426 410 4486
2449795 926426 410 1031
2449798 536573 410 52
2449799 536573 410 1398
2449800 536573 410 11
2449801 536573 410 83
2449802 536573 410 264
2449803 536573 410 139
2449804 536573 410 1106
2449808 68772 410 4582
2449809 68772 410 285
2449810 926428 410 996
2449811 926428 410 1191
2449815 926431 410 82109
2449820 163638 410 46257
2449821 163638 410 44
2449822 163638 410 46
2449823 163638 410 1704
2449824 163638 410 138
2449825 89332 410 651
2449826 89332 410 136171
2449827 926434 410 289
2449828 926434 410 4818
2449829 425707 410 29
2449830 425707 410 529
2449831 425707 410 127
2449837 27856 410 21
2449838 27856 410 20373
2449839 27856 410 982
2449840 926436 410 55461
2449841 926436 410 2902
2449842 926437 410 7890
2449843 420006 410 139
2449844 420006 410 1937
2449845 420006 410 291
2449846 926438 410 136172
2449847 926438 410 136173
2449848 926439 410 1937
2449849 926439 410 3505
2449850 926439 410 52
2449853 375577 410 1007
2449854 375577 410 11
2449855 38548 410 11
2449856 38548 410 1937
2449857 38548 410 1528
2449858 85105 410 941
2449859 85105 410 77552
2449860 85105 410 5922
2449861 85105 410 375
2449862 85105 410 361
2449863 926442 410 3505
2449864 926442 410 2902
2449865 926442 410 941
2449866 926442 410 11
2449867 926442 410 138
2449868 926442 410 5776
2449869 179437 410 4334
2449870 179437 410 138
2449871 179437 410 286
2449883 926448 410 6938
2449884 926448 410 892
2449886 42114 410 108
2449890 926451 410 474
2449891 926452 410 1960
2449892 926452 410 869
2449893 926452 410 19230
2449894 926452 410 42705
2449895 926452 410 15059
2449902 926454 410 681
2449903 926454 410 19812
2449904 926454 410 42257
2449910 926456 410 100
2449911 926456 410 3153
2449914 1758 410 11
2449915 1758 410 1937
2449916 1758 410 474
2449917 1758 410 100
2449918 32402 410 100
2449919 32402 410 5004
2449923 926458 410 5051
2449924 926458 410 136175
2449925 656139 410 6912
2449926 656139 410 100939
2449927 329184 410 307
2449928 329184 410 4376
2449929 329184 410 15563
2449930 329184 410 3367
2449931 743252 410 11
2449932 743252 410 645
2449935 926460 410 799
2449936 926460 410 3063
2449937 926460 410 136176
2449938 24557 410 895
2449939 24557 410 4290
2449940 926461 410 1123
2449941 926461 410 4
2449942 926461 410 474
2449945 74987 410 1034
2449946 74987 410 19534
2449956 926466 410 869
2449964 112399 410 129
2449965 926468 410 869
2449966 926468 410 15528
2449967 926468 410 4213
2449968 926469 410 873
2449973 135585 410 4421
2449974 135585 410 285
2449975 135585 410 11
2449976 135585 410 2013
2449977 868040 410 15528
2449978 868040 410 21343
2449979 868040 410 869
2449997 926474 410 29
2449998 926474 410 1546
2449999 741701 410 127
2450000 741701 410 29
2450001 741701 410 498
2450002 741701 410 77
2450003 926476 410 498
2450004 926476 410 731
2450005 926476 410 4618
2450006 926477 410 5798
2450007 926477 410 5217
2450008 29730 410 4140
2450009 29730 410 1321
2450010 926478 410 11
2450011 926478 410 17
2450012 926478 410 633
2450016 926479 410 5051
2450017 926479 410 1808
2450018 926479 410 38886
2450019 24726 410 10936
2450020 35799 410 6
2450021 35799 410 638
2450022 35799 410 10223
2450023 926481 410 294
2450024 926481 410 52
2450025 926481 410 1106
2450026 926481 410 2373
2450027 926481 410 982
2450028 926481 410 11
2450029 926481 410 72
2450034 108167 410 507
2450035 195413 410 1191
2450036 195413 410 46899
2450037 42901 410 6487
2450041 926484 410 100
2450042 926484 410 136179
2450043 53906 410 108
2450044 926485 410 507
2450045 926485 410 2151
2450048 926486 410 331
2450049 926486 410 27212
2450050 926486 410 9983
2450051 926486 410 104
2450056 926487 410 29
2450057 926487 410 127
2450059 926489 410 294
2450060 926489 410 20860
2450064 926491 410 29
2450065 926492 410 127
2450066 926492 410 19445
2450067 926492 410 731
2450085 926494 410 127
2450086 926494 410 29
2450087 96018 410 557
2450088 96018 410 507
2450089 96018 410 29978
2450090 24827 410 139
2450091 24827 410 126
2450092 24827 410 982
2450093 24827 410 1714
2450094 926495 410 1591
2450095 926495 410 136182
2450096 926495 410 136183
2450097 926495 410 20553
2450100 35364 410 129
2450101 35364 410 4446
2450104 341733 410 138
2450105 926496 410 11
2450106 926496 410 757
2450107 926496 410 2469
2450108 926496 410 935
2450110 926498 410 125
2450111 926498 410 2777
2450115 926499 410 869
2450116 2896 410 127
2450117 2896 410 1275
2450118 926501 410 637
2450119 926501 410 27057
2450120 926501 410 1863
2450121 926501 410 51814
2450122 926501 410 80167
2450128 926503 410 869
2450129 926503 410 2707
2450132 877408 410 941
2450133 877408 410 5922
2450134 877408 410 6809
2450140 926508 410 129
2450141 141918 410 1141
2450142 141918 410 3505
2450143 141918 410 90
2450144 141918 410 4421
2450145 926510 410 3505
2450149 39161 410 2081
2450150 39161 410 1937
2450151 39161 410 3505
2450158 926511 410 6573
2450159 926511 410 2892
2450162 80318 410 285
2450163 80318 410 935
2450164 80318 410 138
2450166 27085 410 6573
2450167 27085 410 2081
2450168 27085 410 9694
2450179 926515 410 869
2450184 424278 410 15528
2450185 424278 410 21343
2450186 926517 410 15389
2450187 926517 410 4594
2450188 196435 410 21
2450189 196435 410 90
2450190 196435 410 72
2450191 926519 410 1034
2450192 926519 410 2276
2450193 926519 410 136184
2450194 926519 410 26288
2450195 926520 410 869
2450196 926520 410 2707
2450197 926521 410 12111
2450198 926521 410 57553
2450199 926521 410 10253
2450200 926521 410 10254
2450201 926521 410 17548
2450202 926521 410 15099
2450203 926521 410 136185
2450204 926521 410 136186
2450205 926521 410 136187
2450206 926522 410 869
2450207 108615 410 915
2450208 108615 410 26316
2450209 108615 410 5653
2450210 926523 410 996
2450211 926523 410 27870
2450215 926524 410 6573
2450216 926524 410 941
2450217 926524 410 2150
2450220 926525 410 498
2450221 926526 410 9709
2450222 926526 410 361
2450223 926526 410 869
2450224 926526 410 367
2450228 16932 410 100
2450229 16932 410 118
2450230 926528 410 34097
