2455644 927847 412 99100
2455645 927847 412 136305
2455646 927848 412 254
2455647 927848 412 1808
2455648 927848 412 2637
2455649 927848 412 11016
2455650 891342 412 2637
2455651 891342 412 1057
2455652 891342 412 4267
2455653 891342 412 9946
2455670 927853 412 1611
2455671 927853 412 44
2455672 927853 412 6922
2455678 927855 412 15310
2455679 927855 412 5286
2455680 927855 412 1396
2455681 927855 412 982
2455682 927856 412 128204
2455683 927856 412 220
2455684 927856 412 118
2455685 342040 412 4256
2455686 342040 412 635
2455687 342040 412 187
2455688 342040 412 1999
2455689 342040 412 11291
2455690 342040 412 19325
2455691 342040 412 386
2455692 927857 412 220
2455694 151816 412 44
2455695 151816 412 567
2455696 151816 412 3662
2455697 151816 412 225
2455698 151816 412 10395
2455699 151816 412 220
2455700 97146 412 72
2455701 97146 412 638
2455702 97146 412 369
2455703 97146 412 118
2455704 97146 412 992
2455705 97146 412 730
2455706 97146 412 894
2455707 927858 412 125
2455708 927858 412 1775
2455709 927858 412 254
2455710 927858 412 1058
2455711 927858 412 225
2455712 927858 412 635
2455713 927858 412 287
2455714 927858 412 44
2455715 54352 412 1739
2455716 54352 412 1132
2455717 54352 412 120
2455718 54352 412 2362
2455719 132027 412 1133
2455720 132027 412 10
2455721 132027 412 1138
2455722 927859 412 220
2455723 927859 412 973
2455724 927859 412 31898
2455725 524071 412 119059
2455726 927860 412 5932
2455728 927862 412 136310
2455737 171098 412 138
2455738 171098 412 72
2455739 171098 412 44
2455740 171098 412 369
2455741 171098 412 46
2455742 171098 412 108
2455743 171098 412 188
2455744 171098 412 5924
2455745 171098 412 1033
2455746 171098 412 11
2455747 441332 412 16
2455763 47668 412 11
2455764 47668 412 1058
2455765 47668 412 120
2455766 47668 412 15809
2455767 47668 412 638
2455768 47668 412 798
2455769 47668 412 118
2455770 47668 412 4298
2455771 47668 412 4127
2455772 47668 412 8334
2455773 47668 412 7326
2455774 47668 412 4142
2455775 132133 412 136312
2455782 927865 412 11
2455783 927865 412 16164
2455784 927865 412 163
2455785 927865 412 357
2455789 11447 412 882
2455790 11447 412 29651
2455791 11447 412 15
2455792 11447 412 54442
2455793 11447 412 125
2455794 11447 412 1191
2455795 189 412 5903
2455800 927868 412 108
2455801 927868 412 46
2455802 927868 412 527
2455803 22921 412 4595
2455804 22921 412 75
2455805 22921 412 1058
2455806 22921 412 138
2455807 22921 412 1106
2455808 22921 412 386
2455809 22921 412 125
2455810 22921 412 108
2455843 723644 412 225
2455844 723644 412 507
2455845 723644 412 254
2455846 723644 412 20212
2455847 927871 412 698
2455848 927871 412 44
2455849 927871 412 84920
2455850 927871 412 125
2455851 927872 412 17887
2455856 927875 412 136314
2455857 927875 412 136315
2455858 927876 412 802
2455865 927879 412 136316
2455866 927880 412 220
2455867 927880 412 225
2455868 927880 412 138
2455869 927880 412 318
2455870 927880 412 301
2455871 927880 412 287
2455872 927880 412 278
2455873 927880 412 1056
2455874 927880 412 29705
2455875 927881 412 136317
2455876 927881 412 285
2455877 927881 412 37878
2455878 927881 412 16767
2455879 927881 412 643
2455880 927881 412 2486
2455881 927881 412 2362
2455896 156852 412 1058
2455897 156852 412 1775
2455898 156852 412 125
2455899 156852 412 19895
2455900 156852 412 11291
2455901 156852 412 5907
2455902 156852 412 1121
2455903 156852 412 1999
2455904 156852 412 285
2455905 156852 412 276
2455906 156852 412 12740
2455907 51643 412 638
2455908 51643 412 982
2455909 51643 412 187
2455910 51643 412 46
2455911 51643 412 138
2455912 51643 412 884
2455913 51643 412 1937
2455914 51643 412 926
2455915 51643 412 126
2455917 316559 412 3365
2455918 316559 412 138
2455919 316559 412 4442
2455920 316559 412 1056
2455921 316559 412 139
2455922 316559 412 5924
2455923 316559 412 319
2455924 316559 412 1653
2455925 316559 412 5932
2455926 316559 412 287
2455927 95441 412 301
2455928 95441 412 527
2455929 95441 412 638
2455930 95441 412 1779
2455931 95441 412 769
2455932 95441 412 545
2455933 95441 412 1106
2455934 95441 412 3666
2455947 40044 412 1999
2455948 40044 412 254
2455949 40044 412 1267
2455950 40044 412 342
2455951 40044 412 225
2455952 927885 412 225
2455953 927885 412 2709
2455958 927889 412 254
2455959 927889 412 107424
2455960 927889 412 5911
2455961 927889 412 220
2455962 927890 412 301
2455963 927890 412 254
2455964 927890 412 15
2455965 927890 412 125
2455966 927890 412 107424
2455967 927890 412 19895
2455968 927890 412 1999
2455969 927890 412 1121
2455970 927891 412 107424
2455977 393367 412 1133
2455978 393367 412 76
2455979 393367 412 11
2455980 393367 412 1138
2455981 393367 412 10860
2455982 22562 412 961
2455983 22562 412 290
2455984 22562 412 1937
2455985 22562 412 884
2455986 22562 412 1138
2455987 22562 412 5924
2455998 58345 412 77
2455999 58345 412 223
2456000 927895 412 136320
2456004 303594 412 1058
2456005 196085 412 3240
2456006 196085 412 2816
2456007 196085 412 802
2456008 196085 412 1937
2456009 196085 412 80
2456010 196085 412 81
2456011 196085 412 873
2456012 196085 412 11
2456013 196085 412 787
2456014 196085 412 739
2456015 196085 412 1106
2456016 196085 412 941
2456017 754711 412 136318
2456019 927899 412 2100
2456020 927899 412 828
2456021 927899 412 90
2456022 927900 412 21
2456023 927900 412 2100
2456025 927902 412 1555
2456026 927902 412 136322
2456027 927902 412 1355
2456028 927903 412 884
2456029 927903 412 44
2456030 927903 412 72
2456031 927903 412 318
2456032 927903 412 301
2456033 927903 412 4
2456034 927903 412 6574
2456035 927903 412 798
2456036 927903 412 15049
2456049 189320 412 138
2456050 189320 412 254
2456051 189320 412 1133
2456052 189320 412 1138
2456053 189320 412 4442
2456054 189320 412 38761
2456055 189320 412 3355
2456060 112630 412 374
2456061 112630 412 865
2456062 112630 412 99722
2456063 112630 412 347
2456064 112630 412 982
2456065 112630 412 650
2456066 466372 412 6245
2456067 466372 412 2902
2456068 466372 412 1937
2456069 466372 412 136323
2456104 65523 412 6826
2456105 65523 412 3151
2456106 65523 412 77
2456107 65523 412 1560
2456108 65523 412 11
2456109 65523 412 11821
2456116 927913 412 136328
2456117 927913 412 54861
2456118 927913 412 27577
2456119 927913 412 20858
2456125 927915 412 17887
2456126 843829 412 17887
2456131 927918 412 136331
2456133 584695 412 285
2456134 584695 412 136317
2456135 584695 412 2362
2456136 584695 412 643
2456137 584695 412 1323
2456138 156882 412 126
2456139 156882 412 2373
2456140 156882 412 331
2456141 156882 412 127
2456142 927920 412 99100
2456143 927920 412 136305
2456144 441523 412 884
2456145 441523 412 10352
2456146 441523 412 43669
2456147 441523 412 5912
2456148 927921 412 38997
2456149 927921 412 220
2456150 927921 412 99894
2456151 927922 412 136332
2456153 617217 412 635
2456154 617217 412 637
2456155 617217 412 155
2456156 617217 412 1703
2456157 617217 412 798
2456158 617217 412 139
2456159 617217 412 884
2456160 617217 412 894
2456161 617217 412 730
2456162 617217 412 4293
2456163 617217 412 992
2456168 634903 412 3
2456169 634903 412 1838
2456170 634903 412 254
2456171 634903 412 668
2456172 634903 412 225
2456173 927926 412 17209
2456174 927926 412 638
2456175 927926 412 1728
2456176 927926 412 10520
2456177 927926 412 523
2456178 927926 412 72
2456179 927927 412 136320
2456182 927930 412 136334
2456183 927931 412 136335
2456186 98622 412 108
2456187 98622 412 138
2456188 98622 412 1058
2456189 98622 412 527
2456190 98622 412 72
2456191 98622 412 369
2456192 98622 412 90
2456193 98622 412 46
2456195 533049 412 6178
2456196 533049 412 239
2456197 533049 412 285
2456198 533049 412 725
2456200 66018 412 319
2456201 66018 412 2890
2456202 66018 412 11
2456203 66018 412 1138
2456204 66018 412 650
2456205 66018 412 884
2456206 66018 412 637
2456207 803009 412 638
2456208 803009 412 225
2456209 803009 412 2890
2456211 927937 412 136336
2456222 927939 412 136339
2456240 98673 412 8835
2456245 194286 412 46755
2456246 194286 412 23873
2456247 194286 412 2816
2456248 194286 412 4247
2456249 194286 412 3266
2456264 927947 412 4908
2456265 927947 412 225
2456266 927947 412 4974
2456267 927947 412 1999
2456270 927949 412 115230
2456271 927949 412 10352
2456272 927949 412 2990
2456276 927951 412 46
2456277 927951 412 1058
2456278 927951 412 3355
2456279 927951 412 38761
2456282 927953 412 276
2456283 927953 412 138
2456284 927953 412 328
2456285 927953 412 7732
2456286 927953 412 287
2456287 927954 412 13978
2456288 927954 412 6402
2456289 927954 412 52224
2456290 927954 412 10119
2456291 431657 412 301
2456292 431657 412 10313
2456293 431657 412 6148
2456294 431657 412 285
2456295 431657 412 225
2456296 431657 412 318
2456297 431657 412 210
2456314 927958 412 4390
2456315 927959 412 21
2456316 927959 412 225
2456317 927959 412 15
2456318 927959 412 4256
2456319 927960 412 3355
2456320 927960 412 76383
2456321 927960 412 6862
2456322 927960 412 367
2456327 927962 412 3762
2456328 927962 412 960
2456329 927962 412 8334
2456330 927962 412 1653
2456331 927962 412 1106
2456332 927962 412 1007
2456333 927962 412 301
2456334 927962 412 276
2456335 927962 412 307
2456336 927962 412 90
2456337 927962 412 44
2456338 927962 412 11
2456339 927962 412 188
2456340 27228 412 884
2456341 27228 412 44
2456342 27228 412 72
2456343 27228 412 698
2456344 27228 412 301
2456345 27228 412 4
2456346 27228 412 643
2456347 27228 412 650
2456348 27228 412 286
2456349 27228 412 2486
2456350 27228 412 1323
2456351 927963 412 210
2456366 927966 412 136342
2456367 927966 412 58259
2456368 927966 412 9944
2456371 927968 412 225
2456372 927969 412 107424
2456377 164377 412 4
2456378 164377 412 72
2456379 164377 412 187
2456380 164377 412 769
2456381 164377 412 276
2456382 164377 412 1703
2456383 164377 412 302
2456384 164377 412 254
2456385 164377 412 332
2456386 164377 412 3
2456387 164377 412 278
2456388 164377 412 80601
2456389 164377 412 10270
2456390 164377 412 3441
2456391 927970 412 136343
2456392 927970 412 103809
2456393 927970 412 27605
2456402 927974 412 6221
2456403 927974 412 39121
2456409 927976 412 40124
2456417 355800 412 698
2456418 355800 412 4818
2456419 355800 412 139
2456421 927980 412 136309
2456422 927981 412 6114
2456423 27238 412 5924
2456424 27238 412 307
2456425 27238 412 884
2456426 27238 412 982
2456427 27238 412 1007
2456428 27238 412 286
2456429 27238 412 46
2456435 406290 412 223
2456436 406290 412 77
2456437 406290 412 20178
2456438 406290 412 319
2456439 406290 412 46
2456440 927982 412 80
2456441 927982 412 365
2456442 927982 412 136345
2456454 927983 412 125
2456455 927983 412 1138
2456456 927983 412 973
2456469 27623 412 44
2456470 27623 412 290
2456471 27623 412 285
2456472 27623 412 6854
2456473 27623 412 46
2456474 27623 412 259
2456475 27623 412 138
2456476 35602 412 44
2456477 35602 412 108
2456478 35602 412 285
2456479 35602 412 45
2456480 35602 412 138
2456481 35602 412 46
2456482 35602 412 259
2456483 393687 412 10
2456484 393687 412 884
2456485 393687 412 46
2456486 393687 412 136347
2456487 927984 412 136335
2456491 156938 412 2486
2456492 156938 412 798
2456493 156938 412 1322
2456494 156938 412 4247
2456495 156938 412 1257
2456496 156938 412 4267
2456497 156938 412 254
2456498 156938 412 4921
2456499 927985 412 81
2456500 927985 412 665
2456501 927985 412 2486
2456502 927985 412 787
2456503 927985 412 780
2456504 927985 412 340
2456505 27629 412 285
2456506 27629 412 46
2456507 27629 412 259
2456508 27629 412 138
2456509 927986 412 136340
2456510 927986 412 5907
2456511 927986 412 136348
2456512 927986 412 1491
2456513 927986 412 5911
2456514 927986 412 68781
2456525 346584 412 72
2456526 346584 412 11
2456527 346584 412 769
2456528 346584 412 1058
2456529 346584 412 80
2456530 346584 412 1133
2456538 927991 412 44
2456539 927991 412 698
2456540 927992 412 136331
2456547 99933 412 1999
2456548 99933 412 254
2456549 99933 412 1123
2456550 99933 412 44
2456551 99933 412 1776
2456552 927993 412 114725
2456553 22036 412 139
2456554 22036 412 332
2456555 22036 412 72
2456556 22036 412 547
2456557 22036 412 5962
2456558 22036 412 225
2456559 22036 412 5932
2456560 22036 412 103660
2456571 1937166 412 39486
2456572 1937166 412 19325
2456573 1937166 412 136352
2456574 1937167 412 6573
2456575 1937167 412 136353
2456576 1937167 412 136354
2456577 1937167 412 35862
2456578 927999 412 136355
2456579 927999 412 19325
2456580 927999 412 136352
2456581 928000 412 6573
2456582 928000 412 99655
2456583 928000 412 136356
2456584 928000 412 136357
2456585 928000 412 136352
2456586 928001 412 7492
2456587 928001 412 220
2456588 928001 412 1041
2456592 928003 412 4088
2456593 928003 412 1191
2456594 928003 412 1723
2456595 928003 412 20380
2456596 928003 412 4174
2456597 54323 412 4812
2456598 54323 412 668
2456599 54323 412 136358
2456600 54323 412 2994
2456601 54323 412 161
2456602 54323 412 6835
2456614 1937168 412 1007
2456615 1937168 412 76383
2456616 1937168 412 11
2456617 928005 412 76383
2456618 928005 412 136359
2456619 928005 412 136327
2456620 928005 412 1007
2456621 928005 412 187
2456625 87983 412 16767
2456626 87983 412 4247
2456627 87983 412 4267
2456628 87983 412 254
2456634 681319 412 5904
2456635 681319 412 139
2456636 681319 412 6574
2456637 681319 412 698
2456638 681319 412 4061
2456644 34666 412 458
2456645 34666 412 118
2456646 34666 412 318
2456647 34666 412 6148
2456648 34666 412 220
2456649 34666 412 225
2456650 34666 412 44
2456651 34666 412 884
2456652 34666 412 2376
2456659 928009 412 4676
2456660 928009 412 6574
2456661 928009 412 386
2456662 928009 412 2100
2456663 928009 412 1838
2456664 928009 412 643
2456665 928009 412 21
2456666 928010 412 1779
2456667 928010 412 1118
2456668 928010 412 474
2456669 928010 412 4056
2456670 928010 412 5930
2456671 928010 412 108
2456672 928010 412 188
2456673 928011 412 1611
2456674 928011 412 4213
2456680 35 412 5924
2456681 35 412 16
2456682 35 412 982
2456683 35 412 99100
2456684 35 412 904
2456727 448931 412 1031
2456730 928019 412 342
2456731 928019 412 51445
2456732 928019 412 359
2456733 928019 412 138
2456737 928021 412 3666
2456738 928021 412 7492
2456739 928021 412 798
2456740 928021 412 1007
2456741 928021 412 72
2456749 3142 412 10
2456750 3142 412 1133
2456751 3142 412 1138
2456752 3142 412 638
2456753 928022 412 1031
2456754 928022 412 2890
2456755 928022 412 136325
2456756 928022 412 87930
2456757 152285 412 1321
2456758 152285 412 1779
2456759 152285 412 1031
2456760 152285 412 90
2456761 152285 412 638
2456762 152285 412 46
2456763 928023 412 40221
2456764 928023 412 884
2456765 928024 412 136318
2456787 104809 412 884
2456788 104809 412 264
2456789 104809 412 727
2456790 104809 412 4
2456791 104809 412 1106
2456792 104809 412 286
2456793 104809 412 374
2456794 393841 412 25801
2456795 393841 412 1133
2456796 393841 412 10
2456797 393841 412 7327
2456798 393841 412 798
2456799 393841 412 1138
2456803 443750 412 136309
2456808 5427 412 1058
2456809 5427 412 5903
2456810 5427 412 188
2456811 5427 412 982
2456812 5427 412 138
2456813 5427 412 3
2456814 5427 412 1106
2456815 5427 412 108
2456816 66897 412 136361
2456825 928029 412 1058
2456826 928029 412 1739
2456827 928029 412 28
2456828 928029 412 20209
2456829 928029 412 128401
2456831 928031 412 1808
2456832 928031 412 1257
2456837 157096 412 6178
2456838 157096 412 254
2456839 157096 412 9977
2456840 157096 412 1034
2456841 157096 412 139
2456842 157096 412 1838
2456848 928034 412 79
2456849 928034 412 264
2456850 928034 412 77
2456853 928036 412 5325
2456854 928036 412 1160
2456855 928036 412 2990
2456856 928037 412 225
2456857 928037 412 254
2456875 928040 412 2440
2456876 928041 412 4298
2456877 928041 412 1033
2456878 928041 412 319
2456879 67000 412 638
2456880 67000 412 38595
2456881 67000 412 72
2456882 67000 412 4174
2456883 67000 412 1722
2456884 67000 412 1723
2456891 928043 412 136365
2456892 499443 412 111321
2456893 499443 412 40
2456894 499443 412 72
2456895 499443 412 44
2456896 499443 412 301
2456897 499443 412 4
2456898 499443 412 608
2456905 20680 412 16004
2456906 20680 412 6
2456907 20680 412 138
2456908 20680 412 1937
2456909 20680 412 46
2456911 928045 412 117890
2456913 928047 412 130126
2456914 386688 412 4061
2456915 386688 412 1703
2456916 386688 412 254
2456917 386688 412 139
2456918 386688 412 884
2456919 386688 412 81
2456920 1937169 412 136366
2456921 1937170 412 136366
2456922 928048 412 136366
2456927 928051 412 225
2456928 928051 412 6148
2456929 928051 412 136367
2456930 108372 412 17887
2456932 21984 412 16004
2456933 21984 412 1937
2456934 21984 412 46
2456935 21984 412 982
2456936 21984 412 961
2456938 928054 412 72
2456939 928054 412 254
2456940 928054 412 865
2456941 928054 412 264
2456942 928054 412 15160
2456943 928054 412 2936
2456944 928054 412 4818
2456945 928054 412 2709
2456946 928054 412 1322
2456947 928054 412 2637
2456948 928054 412 4027
2456949 928054 412 25243
2456950 928054 412 1171
2456951 928054 412 56913
2456952 928054 412 42414
2456970 119680 412 386
2456971 119680 412 1123
2456972 119680 412 369
2456975 844157 412 16004
2456976 928057 412 318
2456977 928057 412 136369
2456978 928057 412 1057
2456979 928058 412 2086
2456980 928058 412 225
2456981 928058 412 643
2456982 928058 412 285
2456983 928058 412 136370
2456984 928058 412 698
2456985 928058 412 2362
2456986 928059 412 221
2456987 928059 412 138
2456988 928059 412 3355
2456989 928059 412 38761
2456990 928059 412 1058
2456998 928060 412 1808
2456999 431212 412 1237
2457000 431212 412 973
2457001 431212 412 254
2457002 431212 412 3659
2457006 53113 412 138
2457007 53113 412 46
2457008 53113 412 638
2457009 53113 412 5924
2457010 53113 412 188
2457011 53113 412 926
2457012 53113 412 90
2457013 53113 412 287
2457014 53113 412 187
2457021 928062 412 4027
2457022 928062 412 225
2457023 928062 412 125
2457024 928062 412 107424
2457025 928062 412 19895
2457026 928063 412 136335
2457027 106987 412 3139
2457028 106987 412 21
2457033 928064 412 17876
2457035 25109 412 5
2457036 25109 412 982
2457037 25109 412 7025
2457039 928067 412 225
2457057 928069 412 136316
2457058 928070 412 6224
2457059 928070 412 795
2457060 928070 412 2890
2457061 928070 412 1322
2457062 928070 412 254
2457063 928070 412 1999
2457064 928070 412 220
2457065 928070 412 285
2457066 928070 412 225
2457067 928070 412 46
2457068 928070 412 982
2457069 928070 412 1323
2457076 928072 412 318
2457077 928072 412 926
2457078 928072 412 138
2457079 928072 412 46
2457080 928072 412 44
2457081 928073 412 136316
2457088 928075 412 136316
2457089 404169 412 1058
2457090 404169 412 10
2457091 928076 412 17887
2457092 526528 412 4921
2457093 526528 412 6765
2457101 928081 412 46
2457102 928081 412 287
2457103 928081 412 72
2457104 928081 412 529
2457105 928081 412 187
2457106 928081 412 138
2457107 928081 412 15
2457108 928081 412 19325
2457109 928082 412 2810
2457110 928082 412 8043
2457111 928082 412 3151
2457112 928082 412 136372
2457113 928083 412 222
2457114 928083 412 8426
2457115 928083 412 136373
2457116 928083 412 53
2457129 190664 412 3762
2457130 190664 412 76
2457131 190664 412 27545
2457132 190664 412 1057
2457133 323514 412 1790
2457134 323514 412 125
2457135 323514 412 16767
2457136 323514 412 15
2457137 323514 412 637
2457138 323514 412 638
2457142 928086 412 76383
2457143 928086 412 1007
2457144 928086 412 11
2457145 928087 412 1148
2457146 928087 412 76383
2457147 928087 412 973
2457148 928088 412 6384
2457149 928088 412 4714
2457150 928088 412 76383
2457151 928088 412 11
2457152 928089 412 76383
2457153 928089 412 138
2457154 928089 412 1007
2457155 928090 412 6384
2457156 928090 412 76383
2457157 928090 412 11
2457158 928090 412 973
2457159 928091 412 1007
2457160 928091 412 6384
2457161 928091 412 76383
2457162 928091 412 11
2457163 928092 412 973
2457164 928092 412 136374
2457165 928093 412 8432
2457166 928093 412 76383
2457167 928093 412 2855
2457168 928094 412 221
2457169 928094 412 1007
2457170 928094 412 76383
2457171 928095 412 11
2457172 928095 412 76383
2457173 928095 412 210
2457174 928096 412 1058
2457175 928096 412 210
2457176 928096 412 76383
2457177 928097 412 138
2457178 928097 412 76383
2457179 928097 412 1007
2457180 928097 412 187
2457181 928098 412 76383
2457182 928098 412 2498
2457183 928098 412 8903
2457184 928098 412 1058
2457185 928098 412 11318
2457186 928099 412 76383
2457187 928099 412 1007
2457188 928099 412 11
2457189 928100 412 210
2457190 928100 412 76383
2457191 928100 412 79
2457192 928101 412 76383
2457193 928101 412 136375
2457194 928101 412 41967
2457195 928101 412 2486
2457196 928101 412 380
2457197 928102 412 1007
2457198 928102 412 11
2457199 928102 412 76383
2457200 928102 412 6384
2457201 928103 412 1007
2457202 928103 412 76383
2457203 928103 412 11
2457204 928103 412 6384
2457205 928104 412 138
2457206 928104 412 973
2457207 928104 412 187
2457208 928104 412 76383
2457209 928104 412 1007
2457210 928104 412 507
2457211 928105 412 210
2457212 928105 412 76383
2457213 928106 412 76383
2457214 928106 412 6384
2457215 928106 412 1007
2457216 928106 412 11
2457217 928106 412 973
2457218 928106 412 187
2457219 928107 412 136376
2457220 928107 412 374
2457221 928107 412 128829
2457222 928107 412 136377
2457223 928108 412 136378
2457224 928108 412 76383
2457225 928108 412 136379
2457226 928109 412 138
2457227 928109 412 76383
2457228 928110 412 1007
2457229 928110 412 6384
2457230 928110 412 76383
2457231 928111 412 6384
2457232 928111 412 76383
2457233 928111 412 4714
2457234 928111 412 4263
2457273 928119 412 5911
2457279 928121 412 523
2457280 928121 412 15139
2457281 928122 412 4496
2457282 928122 412 2000
2457283 928122 412 2376
2457284 928122 412 2990
2457285 27722 412 1529
2457286 928123 412 138
2457287 928123 412 254
2457288 928123 412 39957
2457289 928123 412 21447
2457291 628823 412 5907
2457293 928125 412 5907
2457294 928126 412 136306
2457321 6197 412 5932
2457322 6197 412 1128
2457323 6197 412 4
2457324 6197 412 11
2457325 6197 412 254
2457326 6197 412 1775
2457333 14182 412 3271
2457335 35437 412 136310
2457336 928134 412 40124
2457337 240906 412 136310
2457338 739741 412 5932
2457339 928135 412 318
2457340 928135 412 4
2457341 928135 412 5911
2457342 928136 412 210
2457343 928136 412 53771
2457344 928136 412 276
2457345 928136 412 527
2457346 928136 412 638
2457347 928136 412 44
2457348 928137 412 1057
2457349 928137 412 318
2457350 928137 412 112606
2457365 928139 412 46
2457366 928139 412 3355
2457367 928139 412 96339
2457368 928139 412 38761
2457369 928140 412 5217
2457370 928140 412 21447
2457371 928140 412 39957
2457375 928141 412 136366
2457376 928141 412 20256
2457377 928141 412 27144
2457378 928142 412 1775
2457379 928142 412 287
2457380 928142 412 4592
2457381 928142 412 9620
2457382 928142 412 138
2457383 928142 412 276
2457387 307 412 825
2457388 307 412 328
2457389 307 412 138
2457390 307 412 287
2457399 928144 412 136331
2457400 928144 412 20920
2457401 928145 412 136321
2457404 131046 412 1007
2457405 928147 412 523
2457406 928147 412 19325
2457407 928147 412 38191
2457408 928147 412 20613
2457409 406874 412 1058
2457410 406874 412 1133
2457411 406874 412 125
2457412 406874 412 15
2457413 406874 412 11
2457419 79060 412 225
2457434 928151 412 136384
2457435 816431 412 11
2457436 816431 412 1058
2457437 816431 412 139
2457438 816431 412 77
2457439 816431 412 1057
2457440 816431 412 104
2457441 816431 412 80
2457442 816431 412 2013
2457443 928152 412 216
2457444 928152 412 15
2457445 928152 412 109081
2457446 928152 412 698
2457447 928152 412 120
2457448 928152 412 1160
2457449 928153 412 19841
2457450 928153 412 39059
2457451 928154 412 136365
2457452 47902 412 46
2457453 47902 412 118
2457454 47902 412 798
2457455 47902 412 1058
2457456 47902 412 650
2457457 47902 412 638
2457458 47902 412 301
2457459 47902 412 15809
2457460 47902 412 1611
2457461 47902 412 1154
2457462 928155 412 107424
2457464 1937171 412 1058
2457465 1937171 412 138
2457466 1937171 412 347
2457467 1937171 412 11977
2457468 1937171 412 709
2457471 672195 412 15310
2457472 672195 412 1133
2457473 672195 412 1138
2457474 672195 412 305
2457475 672195 412 7061
2457486 75658 412 125
2457487 75658 412 72
2457488 75658 412 503
2457489 75658 412 1728
2457490 75658 412 40
2457491 75658 412 1128
2457492 75658 412 20636
2457493 75658 412 2152
2457494 75658 412 15921
2457495 627665 412 4496
2457496 627665 412 2000
2457497 627665 412 124861
2457498 627665 412 2990
2457499 928157 412 386
2457500 928157 412 72
2457501 928157 412 81
2457502 928157 412 1000
2457504 47007 412 374
2457505 47007 412 223
2457506 47007 412 30
2457507 47007 412 1738
2457508 47007 412 24121
2457511 95975 412 1775
2457512 95975 412 3240
2457513 95975 412 40
2457514 95975 412 6574
2457515 95975 412 3196
2457516 95975 412 926
2457518 928160 412 41743
2457526 928163 412 126
2457527 928163 412 1051
2457528 928163 412 6665
2457531 928166 412 1323
2457532 928166 412 136388
2457533 928166 412 1999
2457534 928166 412 547
2457535 928166 412 225
2457536 928166 412 276
2457537 928166 412 220
2457539 117947 412 136308
2457540 928167 412 24915
2457541 387363 412 11
2457542 387363 412 5903
2457543 387363 412 545
2457544 387363 412 10285
2457545 387363 412 3285
2457546 387363 412 528
2457547 387363 412 20
2457548 387363 412 169
2457553 67757 412 1808
2457562 928170 412 210
2457572 928173 412 1058
2457573 928173 412 254
2457574 928173 412 11
2457575 928173 412 635
2457576 928173 412 523
2457577 928173 412 79
2457578 928173 412 4247
2457580 853142 412 1808
2457581 180861 412 982
2457582 180861 412 138
2457583 180861 412 2903
2457584 180861 412 1703
2457585 180861 412 1106
2457586 180861 412 125
2457587 180861 412 12
2457588 307847 412 1058
2457589 307847 412 13828
2457590 307847 412 11
2457591 307847 412 126043
2457592 307847 412 873
2457593 307847 412 77
2457594 307847 412 187
2457595 307847 412 638
2457596 307847 412 19325
2457597 307847 412 643
2457598 307847 412 4
2457599 307847 412 100
2457600 444230 412 12
2457601 444230 412 125
2457602 444230 412 254
2457603 444230 412 2890
2457604 444230 412 5907
2457605 444230 412 1999
2457606 444230 412 19895
2457607 444230 412 107424
2457608 928175 412 5907
2457609 395334 412 136389
2457621 659644 412 1058
2457626 1969 412 618
2457627 1969 412 1738
2457628 1969 412 1728
2457629 1969 412 43788
2457639 23408 412 1937
2457645 928184 412 4267
2457646 928184 412 698
2457647 928184 412 11291
2457648 928184 412 40124
2457649 928184 412 5907
2457650 928184 412 643
2457651 928184 412 136391
2457652 928184 412 285
2457665 33787 412 126
2457666 33787 412 77
2457667 33787 412 795
2457668 33787 412 44
2457669 33787 412 285
2457670 33787 412 139
2457676 928188 412 5932
2457677 928188 412 286
2457678 484750 412 254
2457679 484750 412 1728
2457680 484750 412 10520
2457681 484750 412 3567
2457682 484750 412 46
2457683 484750 412 1738
2457684 928189 412 17887
2457690 574231 412 1183
2457691 574231 412 3567
2457692 574231 412 207
2457693 574231 412 138
2457694 928191 412 136350
2457695 928191 412 12
2457696 928191 412 1999
2457697 928191 412 225
2457711 928195 412 44
2457712 928195 412 116505
2457713 928195 412 727
2457714 29328 412 15809
2457715 29328 412 4797
2457716 29328 412 4633
2457717 29328 412 1267
2457718 29328 412 77
2457719 29328 412 19325
2457727 611461 412 3
2457728 611461 412 4234
2457729 611461 412 4245
2457730 611461 412 524
2457731 611461 412 220
2457736 928197 412 1128
2457737 928197 412 60356
2457738 928197 412 225
2457739 407073 412 10
2457740 407073 412 4746
2457741 407073 412 1133
2457742 407073 412 72
2457743 407073 412 1138
2457744 408500 412 10570
2457745 408500 412 254
2457746 408500 412 318
2457747 408500 412 125
2457748 408500 412 225
2457749 408500 412 220
2457750 408500 412 15
2457751 408500 412 1999
2457752 408500 412 118
2457758 407080 412 15
2457759 407080 412 1267
2457760 407080 412 926
2457761 407080 412 4247
2457762 407080 412 6574
2457763 407080 412 4
2457764 407080 412 225
2457765 407080 412 321
2457766 407080 412 6178
2457767 407080 412 523
2457773 928201 412 2816
2457774 928201 412 25499
2457775 928201 412 4247
2457776 928201 412 17209
2457777 928201 412 3659
2457783 928202 412 1409
2457784 928202 412 136395
2457791 928204 412 1133
2457792 928204 412 11
2457793 928204 412 125
2457794 928204 412 20330
2457795 928204 412 1764
2457796 928205 412 1058
2457797 928205 412 138
2457798 928205 412 38761
2457799 928205 412 4818
2457800 928205 412 46
2457802 928207 412 5932
2457803 928208 412 11
2457804 928208 412 187
2457805 928208 412 973
2457806 928208 412 1058
2457829 317 412 11
2457830 317 412 46
2457831 317 412 72
2457832 317 412 982
2457833 317 412 545
2457834 317 412 926
2457835 317 412 1058
2457836 928210 412 210
2457837 117961 412 136310
2457838 117961 412 43651
2457839 117961 412 12
2457840 117961 412 11291
2457841 117961 412 1999
2457842 117961 412 5907
2457843 117961 412 1121
2457848 928214 412 225
2457849 928214 412 125
2457850 928214 412 220
2457851 928214 412 181
2457852 928214 412 301
2457853 928215 412 1808
2457854 928215 412 125
2457855 928215 412 973
2457856 928215 412 1216
2457857 928215 412 24512
2457866 928217 412 7124
2457867 928217 412 181
2457872 928218 412 3266
2457873 24006 412 8036
2457874 24006 412 19593
2457875 24006 412 5146
2457883 3059 412 286
2457884 928222 412 136320
2457908 41799 412 187
2457909 41799 412 46
2457910 41799 412 44
2457911 41799 412 221
2457912 41799 412 138
2457913 41799 412 3355
2457914 41799 412 3567
2457915 928230 412 1058
2457916 928230 412 46
2457917 928230 412 254
2457918 928230 412 38761
2457919 436113 412 1058
2457920 928231 412 6223
2457921 928232 412 136351
2457923 928234 412 15455
2457924 928234 412 136399
2457925 928235 412 112905
2457926 928235 412 7839
2457927 928235 412 107787
2457928 928235 412 1739
2457929 928235 412 220
2457930 928235 412 5911
2457931 928236 412 46
2457932 928236 412 220
2457933 928236 412 107787
2457934 609497 412 6245
2457935 609497 412 3122
2457936 609497 412 80
2457937 609497 412 1327
2457938 609497 412 797
2457939 609497 412 46
2457941 928238 412 7492
2457942 928238 412 90
2457943 27342 412 139
2457944 27342 412 884
2457945 27342 412 46
2457946 27342 412 11
2457947 27342 412 44
2457948 27342 412 81
2457949 27342 412 5904
2457950 27342 412 369
2457951 27342 412 90
2457952 27342 412 2150
2457953 27342 412 40
2457954 27342 412 926
2457955 27342 412 72
2457975 928243 412 1034
2457976 928243 412 3046
2457977 928243 412 136402
2457978 928243 412 33052
2457979 928243 412 136371
2457980 928243 412 136403
2457988 928244 412 136404
2457989 928244 412 136405
2457990 928244 412 254
2457991 928244 412 52402
2457992 928245 412 2377
2457993 928246 412 10395
2457994 928246 412 529
2457995 928246 412 318
2457996 928246 412 638
2457997 928247 412 136366
2457998 928248 412 220
2457999 928248 412 155
2458000 928248 412 1323
2458001 928248 412 10395
2458002 928248 412 6022
2458016 928251 412 11
2458017 928251 412 46
2458018 928251 412 99100
2458019 928251 412 301
2458020 928251 412 139
2458021 928251 412 1739
2458022 928251 412 77
2458023 928251 412 529
2458024 928251 412 990
2458032 394521 412 2876
2458033 394521 412 139
2458034 394521 412 638
2458035 394521 412 693
2458036 394521 412 104
2458037 394521 412 2440
2458038 394521 412 982
2458039 394521 412 290
2458044 341184 412 136379
2458045 928255 412 93175
2458063 928260 412 1322
2458064 928260 412 220
2458065 928260 412 1237
2458066 928260 412 7944
2458067 928261 412 46
2458068 928261 412 1034
2458069 928261 412 1937
2458070 928261 412 4276
2458071 928261 412 138
2458072 928261 412 254
2458073 407286 412 187
2458074 407286 412 5905
2458075 407286 412 11
2458076 407286 412 10
2458077 407286 412 1133
2458078 407286 412 125
2458079 407286 412 1138
2458081 928262 412 10119
2458082 928262 412 730
2458083 928262 412 4293
2458084 928262 412 894
2458085 928262 412 638
2458086 928263 412 136335
2458087 36702 412 223
2458088 36702 412 1703
2458089 36702 412 6178
2458090 928264 412 136379
2458091 928264 412 136409
2458092 928264 412 973
2458093 928264 412 220
2458094 928265 412 10395
2458109 928267 412 39059
2458110 928267 412 4818
2458111 928267 412 4027
2458112 928268 412 643
2458113 928269 412 643
2458114 928269 412 1160
2458120 188177 412 287
2458121 188177 412 635
2458122 188177 412 894
2458123 188177 412 730
2458124 188177 412 795
2458125 188177 412 4293
2458126 188177 412 992
2458127 24149 412 307
2458128 24149 412 3762
2458129 24149 412 9270
2458130 928271 412 225
2458131 928271 412 5932
2458132 928271 412 973
2458133 928271 412 136379
2458134 928272 412 225
2458135 928273 412 220
2458136 32240 412 1058
2458137 536481 412 318
2458138 536481 412 873
2458139 536481 412 1344
2458140 536481 412 4
2458141 536481 412 97400
2458145 928274 412 10
2458146 928274 412 1133
2458147 928274 412 15
2458148 928275 412 630
2458149 928275 412 72
2458150 928275 412 1808
2458151 928275 412 15160
2458152 928275 412 136410
2458156 928277 412 13863
2458157 928277 412 54673
2458162 191786 412 44
2458163 191786 412 1127
2458164 191786 412 1133
2458165 191786 412 1138
2458166 191786 412 75
2458167 191786 412 1058
2458185 928285 412 220
2458186 928285 412 4
2458187 928285 412 6224
2458188 928285 412 6148
2458189 928286 412 136411
2458190 928286 412 136412
2458191 928286 412 51855
2458192 928286 412 136413
2458193 928286 412 136414
2458194 928287 412 136415
2458195 928287 412 225
2458196 928287 412 1057
2458205 39048 412 223
2458206 39048 412 220
2458207 39048 412 77
2458208 928290 412 4127
2458209 928290 412 124528
2458210 928290 412 269
2458211 928290 412 131854
2458212 138244 412 5924
2458213 138244 412 139
2458214 138244 412 904
2458215 138244 412 7944
2458216 138244 412 884
2458217 116456 412 4265
2458218 388108 412 4265
2458219 928291 412 4265
2458220 928291 412 1257
2458221 928292 412 1808
2458222 928293 412 1808
2458223 928293 412 1034
2458224 928293 412 369
2458225 928293 412 24512
2458226 928293 412 1257
2458230 36726 412 139
2458231 36726 412 77
2458232 36726 412 5924
2458233 36726 412 5903
2458234 36726 412 3
2458235 36726 412 188
2458236 36726 412 2150
2458237 31202 412 1058
2458238 31202 412 3
2458239 31202 412 1738
2458240 31202 412 5903
2458241 31202 412 46
2458251 928296 412 107424
2458252 928296 412 125
2458253 928296 412 3196
2458254 928296 412 4027
2458255 928296 412 973
2458256 928296 412 20040
2458258 928297 412 99100
2458259 928297 412 136305
2458260 116482 412 12998
2458261 116482 412 638
2458262 116482 412 188
2458263 116482 412 72
2458264 116482 412 319
2458270 928299 412 45092
2458271 928299 412 136419
2458272 928299 412 136414
2458273 928299 412 108898
2458274 928299 412 47745
2458280 388157 412 1808
2458281 388157 412 4265
2458282 388157 412 1257
2458283 388157 412 254
2458284 388157 412 23996
2458285 388157 412 15160
2458287 45948 412 286
2458288 45948 412 77
2458289 45948 412 643
2458290 45948 412 264
2458291 45948 412 908
2458292 45948 412 7546
2458293 45948 412 120
2458294 45948 412 865
2458301 587139 412 15
2458302 587139 412 16767
2458303 587139 412 1257
2458304 587139 412 1808
2458305 587139 412 15160
2458306 587139 412 79
2458307 587139 412 23996
2458308 587139 412 136318
2458309 587139 412 254
2458313 75715 412 884
2458314 75715 412 1058
2458315 75715 412 139
2458316 75715 412 77
2458317 75715 412 120
2458318 75715 412 865
2458319 75715 412 727
2458320 75715 412 795
2458321 928303 412 136325
2458322 928304 412 93691
2458323 928304 412 29
2458324 928304 412 136420
2458325 137104 412 307
2458326 137104 412 4923
2458327 137104 412 13887
2458328 137104 412 3789
2458329 137104 412 15590
2458330 137104 412 15445
2458331 137104 412 2975
2458332 928305 412 99100
2458333 928305 412 136305
2458335 928307 412 136422
2458353 928311 412 38761
2458354 928311 412 104160
2458355 928311 412 2016
2458356 29499 412 643
2458357 29499 412 374
2458358 29499 412 1611
2458359 29499 412 264
2458365 928314 412 24121
2458366 928314 412 254
2458367 928314 412 698
2458368 928314 412 1999
2458369 928314 412 225
2458370 928314 412 4
2458371 928314 412 4974
2458372 928315 412 107424
2458384 111814 412 107424
2458385 928317 412 1215
2458386 928317 412 136424
2458387 928317 412 79
2458388 928317 412 818
2458397 928319 412 1409
2458398 928319 412 136342
2458400 928321 412 136425
2458406 928324 412 136310
2458417 928327 412 136323
2458418 928327 412 6229
2458419 928327 412 1064
2458420 928327 412 126
2458421 666208 412 254
2458422 666208 412 110906
2458423 666208 412 15809
2458424 666208 412 223
2458425 666208 412 1058
2458426 666208 412 545
2458427 666208 412 75
2458428 193115 412 100
2458429 193115 412 104
2458430 193115 412 5362
2458431 928328 412 136351
2458432 928329 412 2642
2458433 928329 412 21447
2458434 505020 412 5932
2458435 505020 412 357
2458436 505020 412 547
2458437 505020 412 318
2458438 505020 412 332
2458439 505020 412 220
2458452 928331 412 136426
2458453 928331 412 51129
2458454 928331 412 698
2458455 928331 412 6137
2458456 928332 412 1808
2458457 928332 412 125
2458458 928332 412 1237
2458459 928333 412 21
2458460 928333 412 4256
2458461 928333 412 136427
2458462 928333 412 1123
2458463 45176 412 9006
2458464 407557 412 319
2458465 407557 412 24269
2458466 407557 412 136428
2458467 407557 412 6574
2458468 928334 412 6574
2458469 928334 412 4633
2458470 928334 412 4797
2458471 928335 412 107477
2458472 928335 412 210
2458473 928335 412 136429
2458474 928335 412 136430
2458475 928335 412 51301
2458476 928336 412 6224
2458477 928336 412 285
2458478 928336 412 700
2458479 928336 412 727
2458480 928336 412 6574
2458481 928336 412 4
2458482 928337 412 3862
2458493 34667 412 386
2458494 34667 412 529
2458495 34667 412 11
2458496 34667 412 138
2458497 34667 412 5903
2458498 34667 412 4
2458499 34667 412 1000
2458500 80020 412 1058
2458501 80020 412 1322
2458502 80020 412 1838
2458503 80020 412 77
2458504 80020 412 926
2458505 80020 412 1106
2458506 80020 412 254
2458507 80020 412 6737
2458508 56606 412 1322
2458509 56606 412 126
2458510 56606 412 982
2458511 56606 412 884
2458521 928339 412 1257
2458522 57300 412 2990
2458523 57300 412 10352
2458524 57300 412 4247
2458525 57300 412 982
2458526 602123 412 4276
2458534 928340 412 5503
2458535 928340 412 20553
2458536 928340 412 77
2458537 928341 412 865
2458538 928341 412 187
2458539 928341 412 15139
2458543 928343 412 4418
2458544 928343 412 698
2458545 928343 412 136426
2458546 928343 412 369
2458547 928343 412 136342
2458548 695164 412 225
2458549 695164 412 112905
2458550 695164 412 7839
2458551 695164 412 4
2458552 695164 412 6148
2458553 695164 412 44
2458554 695164 412 5911
2458555 192305 412 44
2458556 192305 412 1132
2458557 192305 412 120
2458558 192305 412 118
2458559 192305 412 527
2458560 306573 412 1007
2458582 928345 412 99100
2458583 928345 412 136305
2458585 331869 412 10
2458586 928347 412 996
2458587 928347 412 24121
2458588 928347 412 125
2458589 928347 412 1033
2458593 928349 412 136308
2458594 141611 412 136433
2458598 928352 412 319
2458599 928352 412 386
2458600 928352 412 254
2458612 928354 412 1808
2458613 159850 412 982
2458614 159850 412 139
2458615 159850 412 290
2458616 159850 412 780
2458617 159850 412 884
2458618 159850 412 3
2458619 928355 412 220
2458620 928355 412 264
2458621 928355 412 125
2458622 928355 412 19895
2458623 760027 412 698
2458624 760027 412 1999
2458625 760027 412 4103
2458626 760027 412 825
2458627 760027 412 286
2458628 760027 412 46
2458629 760027 412 1937
2458630 760027 412 138
2458631 760027 412 4
2458632 760027 412 4061
2458647 112368 412 1529
2458649 928360 412 8334
2458650 928360 412 1007
2458651 928360 412 1058
2458652 928360 412 46
2458654 928362 412 4027
2458655 928362 412 39059
2458656 928362 412 136434
2458665 928364 412 46
2458666 928364 412 225
2458667 928364 412 960
2458668 928364 412 38761
2458669 928364 412 3355
2458670 48080 412 643
2458671 48080 412 44
2458672 48080 412 1007
2458673 136289 412 5
2458674 136289 412 982
2458675 136289 412 21
2458676 136289 412 780
2458677 136289 412 2236
2458678 136289 412 638
2458679 407680 412 10
2458680 407680 412 12966
2458681 407680 412 11
2458682 407680 412 1133
2458683 148271 412 10
2458684 148271 412 319
2458685 148271 412 5924
2458687 928366 412 44
2458688 928366 412 4
2458689 928366 412 301
2458690 928366 412 254
2458691 928366 412 5907
2458692 928366 412 1033
2458698 943 412 223
2458699 943 412 240
2458700 943 412 100
2458701 943 412 798
2458702 943 412 1406
2458703 943 412 125
2458704 943 412 6574
2458705 436426 412 10069
2458706 436426 412 136435
2458707 436426 412 1123
2458708 928367 412 1242
2458709 928367 412 1237
2458721 928370 412 10395
2458722 928370 412 5962
2458723 928370 412 547
2458724 928370 412 220
2458726 35113 412 1775
2458727 35113 412 798
2458728 35113 412 126
2458729 35113 412 1838
2458730 35113 412 380
2458731 35113 412 223
2458739 928373 412 68781
2458740 928373 412 19895
2458741 928373 412 125
2458742 928373 412 187
2458743 928374 412 119059
2458744 928374 412 4245
2458745 928374 412 5028
2458746 928374 412 4234
2458747 928374 412 982
2458753 510592 412 44
2458754 510592 412 523
2458755 510592 412 342
2458756 510592 412 1690
2458757 480528 412 374
2458758 480528 412 650
2458759 480528 412 1058
2458760 480528 412 6114
2458761 480528 412 138
2458762 62081 412 4027
2458763 62081 412 1034
2458764 62081 412 1229
2458765 62081 412 15683
2458766 62081 412 8293
2458767 62081 412 17209
2458773 928377 412 21447
2458774 928377 412 39957
2458778 79312 412 1808
2458779 928380 412 11291
2458780 928380 412 19895
2458781 928380 412 4418
2458782 928380 412 795
2458783 928380 412 5907
2458784 928380 412 11985
2458785 928380 412 107424
2458786 928380 412 42721
2458787 928380 412 126
2458798 928381 412 225
2458799 928381 412 698
2458800 928381 412 136438
2458801 112389 412 254
2458802 112389 412 3
2458803 112389 412 1999
2458804 112389 412 301
2458805 112389 412 698
2458806 112389 412 19593
2458807 112389 412 111425
2458826 32429 412 884
2458827 32429 412 318
2458828 32429 412 10
2458829 32429 412 1133
2458830 32429 412 72
2458831 32429 412 1138
2458832 32429 412 5924
2458856 928383 412 220
2458857 928383 412 225
2458858 928383 412 11
2458859 928383 412 5962
2458860 928383 412 332
2458861 928383 412 139
2458862 928383 412 6224
2458863 928383 412 136340
2458864 928383 412 3673
2458865 928383 412 6022
2458866 928384 412 225
2458867 928384 412 884
2458868 928384 412 318
2458869 928384 412 46
2458870 928384 412 138
2458871 928384 412 6022
2458872 928384 412 187
2458873 928384 412 698
2458874 928385 412 136351
2458892 928386 412 136318
2458893 928387 412 44
2458894 928387 412 698
2458903 146924 412 798
2458904 146924 412 10860
2458905 146924 412 10
2458906 146924 412 3122
2458907 146924 412 1133
2458908 146924 412 305
2458909 146924 412 1138
2458910 928388 412 136331
2458917 928391 412 39059
2458918 928391 412 136441
2458919 928391 412 982
2458920 928391 412 5503
2458946 928395 412 5924
2458947 928395 412 1133
2458948 928395 412 10
2458949 928395 412 1138
2458950 928395 412 319
2458960 928397 412 136351
2458961 928398 412 4
2458962 928398 412 4027
2458963 928398 412 9946
2458964 928398 412 1355
2458965 391063 412 386
2458966 391063 412 319
2458967 391063 412 44
2458968 391063 412 10
2458969 391063 412 1133
2458970 337199 412 1133
2458971 337199 412 10
2458972 337199 412 5924
2458973 337199 412 1033
2458974 337199 412 1058
2458982 928399 412 6384
2458983 928399 412 116825
2458984 928399 412 112747
2458985 928399 412 828
2458990 602262 412 223
2458991 602262 412 240
2458992 602262 412 5306
2458993 602262 412 24121
2458994 602262 412 40
2458995 602262 412 1058
2459005 928403 412 15049
2459006 928403 412 798
2459007 928403 412 301
2459008 928403 412 3762
2459009 928403 412 64
2459013 718283 412 630
2459014 718283 412 926
2459015 718283 412 637
2459016 718283 412 1322
2459017 718283 412 982
2459018 718283 412 318
2459019 718283 412 136443
2459020 718283 412 4213
2459021 718283 412 1115
2459022 718283 412 1263
2459023 718283 412 136444
2459024 181662 412 10
2459025 181662 412 3122
2459026 181662 412 90751
2459027 181662 412 286
2459028 181662 412 319
2459032 252815 412 3355
2459035 928407 412 139
2459036 928407 412 220
2459037 928407 412 225
2459038 928407 412 42721
2459039 928407 412 19895
2459041 928408 412 6148
2459042 725669 412 865
2459043 725669 412 319
2459044 725669 412 3357
2459045 725669 412 818
2459046 725669 412 298
2459047 725669 412 79
2459059 928409 412 225
2459060 928409 412 220
2459061 928409 412 287
2459062 928409 412 278
2459063 928409 412 1738
2459066 928411 412 46
2459067 928411 412 220
2459068 928411 412 4245
2459069 928411 412 118
2459070 928411 412 301
2459071 928411 412 4234
2459072 928411 412 15
2459074 928413 412 72
2459075 928413 412 1883
2459076 928413 412 1868
2459077 928413 412 318
2459078 928414 412 210
2459084 928417 412 136362
2459085 928417 412 225
2459086 928417 412 1808
2459087 928418 412 11291
2459088 928418 412 6137
2459089 928418 412 5325
2459090 928418 412 318
2459091 928418 412 698
2459092 928418 412 11985
2459093 928418 412 6148
2459105 928419 412 220
2459106 928419 412 125
2459112 356505 412 1133
2459113 356505 412 7546
2459114 356505 412 10
2459115 356505 412 1127
2459116 356505 412 104
2459117 356505 412 374
2459128 68471 412 136306
2459129 928423 412 220
2459130 928424 412 4797
2459131 928424 412 53771
2459132 928424 412 20
2459133 928424 412 4
2459134 928424 412 527
2459135 928424 412 1738
2459136 928424 412 926
2459137 928424 412 187
2459138 928424 412 138
2459139 928424 412 1058
2459140 684114 412 210
2459148 35269 412 136313
2459149 35269 412 6022
2459150 35269 412 5932
2459151 35269 412 220
2459152 928428 412 5904
2459153 928428 412 276
2459154 928428 412 46
2459155 928428 412 285
2459156 928429 412 225
2459157 928429 412 210
2459158 928430 412 136310
2459159 35314 412 220
2459160 35314 412 6574
2459161 35314 412 5907
2459162 35314 412 118
2459163 35314 412 1999
2459164 35314 412 11985
2459165 35314 412 10395
2459166 35314 412 4676
2459167 35314 412 926
2459178 928432 412 44
2459179 928432 412 884
2459180 928432 412 220
2459181 928432 412 318
2459182 928432 412 225
2459183 29682 412 1058
2459184 29682 412 138
2459185 29682 412 108
2459186 29682 412 1106
2459187 29682 412 125
2459188 29682 412 386
2459189 928433 412 10395
2459190 928433 412 220
2459191 928433 412 110906
2459192 35270 412 210
2459193 928434 412 769
2459194 928434 412 220
2459195 95076 412 136313
2459196 928435 412 319
2459197 928435 412 7400
2459198 928435 412 6114
2459199 928435 412 5932
2459200 928435 412 125
2459201 928436 412 220
2459202 928436 412 529
2459203 928437 412 220
2459204 928437 412 5962
2459205 24634 412 220
2459206 24634 412 7492
2459207 24634 412 10285
2459208 24634 412 3666
2459209 909249 412 21
2459210 909249 412 5215
2459211 909249 412 225
2459212 823990 412 278
2459213 823990 412 795
2459214 823990 412 77
2459215 823990 412 319
2459216 823990 412 884
2459217 823990 412 125
2459218 823990 412 904
2459219 26898 412 10485
2459220 26898 412 1937
2459221 26898 412 138
2459222 26898 412 4746
2459223 26898 412 2902
2459224 26898 412 46
2459225 928438 412 44
2459226 928438 412 116505
2459227 928438 412 136448
2459228 928438 412 72153
2459229 928438 412 1739
2459231 928440 412 107424
2459233 116932 412 19895
2459234 116932 412 107424
2459235 116932 412 6156
2459236 116932 412 1808
2459237 116932 412 5932
2459238 116932 412 5911
2459239 116932 412 210
2459249 440802 412 982
2459250 440802 412 5
2459251 440802 412 21
2459252 440802 412 294
2459253 440802 412 3139
2459265 928445 412 386
2459266 928445 412 1123
2459267 928445 412 369
2459268 928446 412 3613
2459269 928446 412 7091
2459270 928446 412 1058
2459271 928446 412 11318
2459272 319945 412 331
2459273 319945 412 1745
2459274 319945 412 9946
2459275 319945 412 4595
2459276 319945 412 884
2459277 319945 412 319
2459278 319945 412 698
2459279 319945 412 540
2459280 319945 412 818
2459281 319945 412 6137
2459286 928449 412 4633
2459287 928449 412 6574
2459314 928454 412 1058
2459315 928454 412 138
2459316 928454 412 38761
2459325 928458 412 99100
2459326 928458 412 136305
2459327 928459 412 278
2459328 928459 412 75
2459329 928459 412 1058
2459330 928459 412 20330
2459331 928459 412 960
2459332 928459 412 285
2459333 928459 412 9368
2459334 928459 412 1720
2459335 928459 412 136451
2459336 928459 412 1517
2459337 928459 412 270
2459338 29728 412 798
2459339 29728 412 11318
2459340 29728 412 982
2459341 29728 412 278
2459342 29728 412 19895
2459343 928460 412 136386
2459353 928462 412 136452
2459354 928462 412 5022
2459355 928462 412 4140
2459356 928462 412 1313
2459357 928462 412 1139
2459358 928462 412 960
2459385 928469 412 136397
2459386 928470 412 3659
2459395 928472 412 507
2459396 928472 412 225
2459397 928472 412 301
2459398 928472 412 254
2459399 928472 412 15
2459400 928472 412 125
2459401 928472 412 107424
2459402 928472 412 1999
2459403 928472 412 319
2459404 32557 412 2376
2459405 32557 412 884
2459406 928473 412 138
2459407 928473 412 1937
2459408 928473 412 319
2459416 928480 412 136368
2459417 928480 412 458
2459418 283703 412 8913
2459419 283703 412 131850
2459420 283703 412 7490
2459421 283703 412 1313
2459422 283703 412 1041
2459423 283703 412 285
2459424 283703 412 32543
2459437 928484 412 136313
2459438 145151 412 1058
2459439 145151 412 1007
2459440 145151 412 884
2459441 145151 412 545
2459442 145151 412 780
2459443 145151 412 474
2459444 17274 412 210
2459445 928485 412 20321
2459446 610162 412 884
2459447 610162 412 225
2459448 610162 412 2990
2459449 610162 412 1738
2459450 610162 412 240
2459451 610162 412 305
2459452 610162 412 904
2459453 610162 412 188
2459462 928488 412 225
2459463 928488 412 2990
2459464 928488 412 110906
2459470 928490 412 20212
2459471 928490 412 2936
2459472 928490 412 136340
2459473 928490 412 136357
2459474 928490 412 254
2459475 928490 412 125
2459476 928490 412 643
2459477 928490 412 319
2459490 2263 412 386
2459491 2263 412 1999
2459492 2263 412 20330
2459493 2263 412 2486
2459494 2263 412 798
2459495 2263 412 5
2459496 928493 412 225
2459497 928493 412 9828
2459498 928493 412 19895
2459499 928493 412 1808
2459503 928495 412 254
2459504 928495 412 4502
2459505 928495 412 638
2459506 928495 412 1745
2459507 928495 412 187
2459508 928495 412 1728
2459509 928495 412 301
2459510 928495 412 340
2459520 134440 412 136308
2459521 928497 412 99100
2459522 928497 412 136305
2459527 701092 412 23489
2459528 701092 412 2705
2459529 701092 412 7927
2459530 928499 412 108
2459532 928501 412 20331
2459533 928501 412 1446
2459534 928501 412 11
2459535 928501 412 301
2459536 928501 412 6228
2459540 575658 412 3659
2459541 575658 412 2816
2459542 575658 412 4247
2459543 575658 412 46755
2459544 350103 412 10674
2459545 350103 412 1406
2459546 350103 412 120
2459547 350103 412 1739
2459548 181982 412 458
2459549 181982 412 650
2459550 181982 412 4267
2459551 181982 412 1106
2459552 181982 412 2637
2459553 181982 412 1808
2459554 181982 412 254
2459555 181982 412 125
2459556 181982 412 225
2459557 181982 412 4265
2459558 181982 412 19325
2459559 131463 412 7025
2459560 131463 412 5
2459561 131463 412 21
2459562 928503 412 3640
2459563 928503 412 2709
2459564 928503 412 342
2459565 928503 412 15
2459566 928503 412 125
2459567 928503 412 1031
2459573 806736 412 698
2459574 806736 412 136456
2459575 806736 412 123010
2459576 806736 412 1057
2459577 928505 412 39059
2459578 928505 412 1355
2459579 928506 412 6137
2459580 928506 412 31982
2459581 928506 412 2022
2459585 669242 412 369
2459586 669242 412 4699
2459587 669242 412 1133
2459588 669242 412 10
2459589 669242 412 7263
2459590 669242 412 1138
2459591 928508 412 650
2459592 418174 412 40
2459593 418174 412 1714
2459594 418174 412 1000
2459595 418174 412 81
2459596 99424 412 11
2459597 99424 412 1322
2459598 99424 412 982
2459599 99424 412 139
2459600 99424 412 77
2459601 99424 412 926
2459602 928509 412 254
2459603 928509 412 225
2459604 928509 412 39957
2459610 113192 412 11
2459611 113192 412 80
2459612 113192 412 2013
2459613 113192 412 1058
2459614 113192 412 757
2459615 113192 412 3711
2459616 928511 412 136342
2459617 928511 412 58259
2459618 928511 412 9944
2459619 928512 412 39059
2459620 928512 412 1355
2459629 928517 412 44
2459630 928517 412 369
2459631 928517 412 6148
2459632 928517 412 344
2459633 928517 412 72
2459634 928517 412 6574
2459635 928517 412 225
2459636 928517 412 99100
2459637 928517 412 301
2459638 928517 412 638
2459639 928517 412 5932
2459640 928517 412 254
2459644 928519 412 1237
2459645 928519 412 865
2459646 928519 412 540
2459652 928521 412 23873
2459653 928521 412 2816
2459654 928521 412 46755
2459664 928523 412 6737
2459665 928523 412 27348
2459666 928523 412 138
2459667 928523 412 287
2459668 928523 412 4103
2459669 928524 412 386
2459670 928525 412 225
2459671 928525 412 1808
2459672 928526 412 136460
2459673 928526 412 117304
2459688 928529 412 136316
2459689 86713 412 6223
2459702 34953 412 884
2459703 34953 412 1058
2459704 34953 412 77
2459705 34953 412 139
2459706 34953 412 136461
2459707 34953 412 2781
2459708 928530 412 2816
2459709 928530 412 2155
2459710 928530 412 20178
2459711 121596 412 1323
2459712 928531 412 136342
2459713 928531 412 9944
2459714 928531 412 58259
2459718 928533 412 6156
2459720 928535 412 136318
2459721 928536 412 4715
2459722 627888 412 15310
2459723 627888 412 4234
2459724 627888 412 2637
2459725 627888 412 635
2459726 627888 412 5286
2459727 627888 412 982
2459728 928537 412 220
2459729 928537 412 155
2459730 928537 412 40124
2459731 410843 412 374
2459732 410843 412 216
2459733 410843 412 3122
2459735 928539 412 17887
2459752 33234 412 5319
2459753 33234 412 39610
2459754 33234 412 79
2459755 33234 412 1000
2459756 33234 412 3
2459757 33234 412 1808
2459758 33234 412 1257
2459759 928545 412 1323
2459761 40459 412 545
2459762 40459 412 643
2459763 40459 412 225
2459764 40459 412 254
2459765 40459 412 3
2459766 928546 412 4247
2459767 928546 412 4267
2459768 928546 412 507
2459769 928546 412 912
2459770 605511 412 131
2459771 605511 412 2707
2459772 605511 412 278
2459773 605511 412 540
2459774 928547 412 1058
2459775 928547 412 11
2459776 928547 412 44
2459777 928547 412 1127
2459778 928547 412 75
2459779 928547 412 865
2459780 928547 412 100
2459781 928547 412 278
2459793 928548 412 730
2459794 928548 412 697
2459795 928548 412 883
2459799 928550 412 39957
2459800 928550 412 2989
2459806 928552 412 4818
2459807 928552 412 254
2459808 928552 412 1030
2459809 928552 412 52402
2459818 928554 412 44
2459819 928554 412 698
2459826 928557 412 254
2459827 928558 412 10363
2459828 928558 412 5325
2459829 928558 412 6148
2459830 928558 412 6137
2459831 928558 412 254
2459832 928558 412 225
2459833 928558 412 136342
2459834 928558 412 698
2459843 928560 412 1123
2459857 53764 412 374
2459858 53764 412 11
2459859 53764 412 104
2459860 53764 412 301
2459861 53764 412 638
2459862 53764 412 5687
2459863 28009 412 11
2459864 28009 412 44
2459865 28009 412 884
2459866 28009 412 7025
2459867 28009 412 545
2459868 28009 412 11318
2459869 28009 412 108
2459870 28009 412 254
2459871 28009 412 30
2459872 28009 412 5924
2459873 28009 412 46
2459874 28009 412 72
2459895 928564 412 1133
2459896 928564 412 10
2459897 928564 412 638
2459898 928564 412 1058
2459909 928567 412 136313
2459910 157386 412 44
2459911 157386 412 155
2459912 157386 412 798
2459913 157386 412 2486
2459914 157386 412 136445
2459915 157386 412 220
2459916 157386 412 6223
2459917 157386 412 225
2459918 157386 412 20331
2459919 928568 412 698
2459920 928568 412 276
2459921 117808 412 136308
2459922 928569 412 5911
2459926 928571 412 20920
2459927 108547 412 286
2459928 339862 412 7124
2459929 339862 412 286
2459930 339862 412 50434
2459931 339862 412 285
2459932 339862 412 1160
2459939 928573 412 15310
2459940 928573 412 61657
2459941 928574 412 1429
2459942 928574 412 6862
2459943 928574 412 1430
2459944 928574 412 6410
2459945 928574 412 6384
2459946 928575 412 81
2459947 928575 412 31710
2459948 928575 412 287
2459950 32690 412 1058
2459951 32690 412 11
2459952 32690 412 44
2459953 32690 412 1739
2459954 32690 412 1133
2459961 928578 412 698
2459962 928578 412 10363
2459963 928578 412 5325
2459964 928578 412 2287
2459966 928580 412 1058
2459967 928580 412 46
2459968 928580 412 38761
2459969 928580 412 3355
2459974 158 412 108
2459975 158 412 3666
2459976 158 412 1033
2459977 158 412 1058
2459978 158 412 139
2459979 158 412 369
2459980 158 412 225
2459981 158 412 637
2459982 928582 412 46
2459983 928582 412 138
2459984 928582 412 187
2459985 928582 412 38761
2459986 928582 412 3355
2459993 928586 412 10241
2459994 928586 412 127830
2459995 928586 412 71692
2460008 928589 412 71399
2460009 928589 412 10616
2460010 928589 412 273
2460011 928589 412 136466
2460012 842291 412 40124
2460013 928590 412 210
2460016 808082 412 17887
2460019 87640 412 2440
2460020 87640 412 638
2460021 87640 412 104
2460022 87640 412 1430
2460024 928595 412 1230
2460025 928595 412 225
2460026 928595 412 107424
2460027 422772 412 1058
2460028 422772 412 11
2460029 422772 412 1106
2460030 422772 412 77
2460031 422772 412 120
2460032 422772 412 15809
2460033 422772 412 798
2460034 422772 412 75
2460035 112549 412 638
2460036 112549 412 136318
2460037 112549 412 650
2460038 112549 412 884
2460039 928596 412 136350
2460040 928596 412 6178
2460041 928596 412 254
2460042 928596 412 643
2460043 928596 412 6574
2460044 266750 412 332
2460045 266750 412 75
2460046 266750 412 278
2460047 266750 412 828
2460048 266750 412 30
2460049 266750 412 11
2460050 266750 412 77
2460051 266750 412 5924
2460052 266750 412 798
2460053 266750 412 1127
2460054 928597 412 128155
2460055 928597 412 1355
2460056 928598 412 136318
2460064 52207 412 108
2460069 928601 412 2012
2460070 928601 412 18102
2460071 928601 412 973
2460075 928603 412 220
2460076 476495 412 643
2460077 476495 412 865
2460078 476495 412 307
2460079 476495 412 301
2460080 476495 412 996
2460081 579549 412 1123
2460082 579549 412 220
2460083 579549 412 136468
2460084 579549 412 1776
2460085 579549 412 316
2460108 928606 412 1453
2460109 928607 412 7492
2460110 928607 412 1359
2460111 928607 412 10970
2460112 928608 412 6245
2460113 928608 412 3122
2460114 928608 412 1897
2460115 928609 412 1058
2460116 928609 412 138
2460117 928609 412 216
2460118 928609 412 4430
2460119 928609 412 6862
2460120 51221 412 6229
2460121 51221 412 285
2460122 51221 412 125
2460123 51221 412 46
2460124 51221 412 797
2460125 51221 412 290
2460126 51221 412 216
2460127 928610 412 474
2460128 928610 412 798
2460129 928610 412 2486
2460130 928611 412 276
2460131 928611 412 698
2460132 928611 412 643
2460133 928611 412 136469
2460134 928611 412 136342
2460147 134915 412 108
2460148 134915 412 1703
2460149 134915 412 1106
2460150 134915 412 15
2460151 134915 412 668
2460152 134915 412 12
2460153 134915 412 138
2460154 134915 412 188
2460155 134915 412 46
2460156 134915 412 5591
2460157 134915 412 926
2460158 928612 412 136470
2460159 928612 412 4140
2460160 928612 412 42270
2460161 928612 412 7492
2460165 928613 412 118
2460166 928613 412 2371
2460167 928613 412 125661
2460168 928613 412 342
2460169 928613 412 79
2460170 928613 412 220
2460172 928615 412 136340
2460173 928615 412 103363
2460174 928615 412 43651
2460175 928615 412 529
2460176 928615 412 225
2460177 928615 412 125
2460178 928615 412 210
2460179 157428 412 220
2460180 157428 412 6148
2460181 157428 412 4
2460182 157428 412 1230
2460183 157428 412 6223
2460184 157428 412 6224
2460185 157428 412 276
2460186 157428 412 254
2460187 157428 412 155
2460188 157428 412 285
2460190 928617 412 319
2460191 928617 412 21
2460192 928617 412 5
2460193 928617 412 7025
2460194 928618 412 27084
2460195 928618 412 225
2460196 928618 412 220
2460197 928618 412 125
2460207 928620 412 3607
2460208 928620 412 3122
2460209 928620 412 305
2460210 928620 412 80
2460211 928620 412 6245
2460213 928622 412 4016
2460214 928622 412 1445
2460215 928622 412 6402
2460216 928622 412 6332
2460217 928622 412 1313
2460218 42526 412 108
2460219 42526 412 125
2460220 42526 412 168
2460221 42526 412 1117
2460222 42526 412 79
2460223 42526 412 4401
2460224 371904 412 24121
2460225 371904 412 4
2460226 371904 412 331
2460227 371904 412 6574
2460228 371904 412 29
2460229 371904 412 342
2460230 928623 412 1133
2460231 928623 412 168
2460232 928623 412 1138
2460233 928623 412 5924
2460234 359703 412 136472
2460246 111608 412 458
2460272 928633 412 289
2460273 928633 412 6000
2460274 928633 412 138
2460275 928633 412 46
2460276 928633 412 4502
2460277 928633 412 225
2460278 928634 412 1327
2460279 928635 412 1133
2460280 928635 412 72
2460281 928635 412 5215
2460282 928635 412 11
2460283 928635 412 1106
2460284 32768 412 1058
2460285 32768 412 1106
2460286 32768 412 1138
2460287 32768 412 1133
2460288 32768 412 10
2460289 32768 412 139
2460290 32768 412 1739
2460291 79050 412 286
2460292 79050 412 1000
2460293 79050 412 79
2460294 79050 412 11994
2460295 79050 412 1932
2460296 928636 412 34573
2460297 928636 412 26309
