2470822 931288 415 1947
2470823 931288 415 136730
2470826 931291 415 136732
2470827 931292 415 136733
2470828 931292 415 29487
2470836 931297 415 136734
2470837 931297 415 136732
2470838 3659 415 72
2470839 931298 415 38177
2470840 931299 415 1565
2470842 931301 415 25225
2470845 100427 415 136731
2470847 931305 415 136735
2470848 126804 415 136736
2470849 707876 415 1565
2470851 931307 415 136732
2470852 931307 415 136730
2470856 54343 415 6
2470857 931308 415 136732
2470862 931310 415 136741
2470863 18288 415 503
2470864 18288 415 29487
2470865 931311 415 2359
2470866 100552 415 6
2470867 100552 415 136731
2470868 3796 415 996
2470869 52336 415 136742
2470870 474527 415 136743
2470873 312930 415 136731
2470879 931314 415 136733
2470881 435291 415 1119
2470884 931316 415 136734
2470885 931317 415 136745
2470886 354966 415 15
2470887 364826 415 136736
2470893 931320 415 1267
2470895 160642 415 996
2470898 18415 415 72
2470899 195863 415 136743
2470900 8930 415 136747
2470901 3857 415 15
2470903 88787 415 79
2470911 171098 415 136747
2470916 931327 415 136740
2470917 931327 415 4767
2470918 1937198 415 1257
2470919 1937198 415 136732
2470920 1937198 415 29487
2470923 931329 415 1119
2470924 1937200 415 136737
2470927 453751 415 1565
2470928 931331 415 136751
2470929 931332 415 136740
2470930 931333 415 136744
2470931 931334 415 136730
2470932 931335 415 2807
2470933 931336 415 17046
2470934 253422 415 136741
2470936 931338 415 136752
2470937 931339 415 15
2470938 931339 415 25225
2470941 931341 415 2971
2470942 892532 415 136747
2470943 427755 415 136753
2470944 931342 415 136732
2470945 931343 415 1947
2470946 931343 415 79
2470948 100813 415 1565
2470949 931344 415 24
2470950 931344 415 29487
2470951 931345 415 425
2470952 931346 415 1565
2470953 931347 415 136732
2470954 931348 415 136753
2470955 931349 415 3835
2470959 931352 415 136740
2470965 931356 415 1937
2470967 931357 415 136737
2470968 931358 415 2242
2470969 1937201 415 136755
2470970 1937201 415 996
2470971 1937201 415 72
2470973 931360 415 4861
2470974 931360 415 25225
2470975 558808 415 1119
2470977 931361 415 136757
2470978 931362 415 25225
2470979 36978 415 2404
2470980 931363 415 15
2470981 1029 415 136734
2470982 250237 415 38177
2470984 807296 415 136758
2470985 88880 415 3807
2470988 931365 415 136738
2470989 383200 415 1775
2470990 931366 415 72
2470991 767708 415 136751
2470993 931367 415 1119
2470994 931367 415 29487
2470995 336037 415 136752
2470996 931368 415 25225
2470997 931368 415 15
2470998 931369 415 2359
2470999 931369 415 25225
2471000 931370 415 25225
2471002 931372 415 6
2471006 931374 415 136732
2471013 77742 415 869
2471017 931380 415 3835
2471018 80723 415 3807
2471026 931387 415 53760
2471027 931388 415 4767
2471029 931390 415 15
2471030 931391 415 996
2471031 931391 415 2807
2471032 931391 415 16706
2471033 931392 415 136751
2471034 931393 415 3439
2471035 931393 415 1034
2471037 931394 415 15
2471039 931396 415 136751
2471040 931397 415 136751
2471044 126073 415 1119
2471045 931401 415 136759
2471050 106424 415 467
2471119 325541 415 136741
2471120 767840 415 15
2471121 28972 415 136731
2471126 931448 415 12180
2471131 931452 415 136762
2471132 931453 415 12180
2471133 639463 415 72
2471134 196130 415 25017
2471137 931456 415 136758
2471139 931458 415 136732
2471140 931458 415 895
2471141 931459 415 136755
2471142 931460 415 136753
2471144 931462 415 136730
2471145 931462 415 29487
2471147 135860 415 72
2471148 931464 415 503
2471149 931465 415 467
2471154 114286 415 136750
2471159 325590 415 1565
2471160 931471 415 29487
2471161 931471 415 38177
2471162 289773 415 136754
2471167 931475 415 4767
2471168 931475 415 2584
2471169 931475 415 24
2471170 931475 415 2592
2471175 931479 415 136732
2471184 468881 415 813
2471188 842502 415 15
2471193 805829 415 1119
2471198 931491 415 136742
2471202 931494 415 29487
2471203 931494 415 27165
2471204 931495 415 467
2471205 931495 415 24
2471206 931495 415 136761
2471207 931496 415 1119
2471209 931498 415 136765
2471210 931498 415 29487
2471215 931500 415 136743
2471218 931502 415 1565
2471219 931502 415 29487
2471220 931503 415 1947
2471221 931503 415 136754
2471222 72199 415 136756
2471223 345565 415 136763
2471224 931504 415 136761
2471225 931504 415 29487
2471226 69326 415 136762
2471228 1639 415 136734
2471231 931506 415 869
2471232 931507 415 813
2471233 931507 415 2359
2471238 931510 415 425
2471239 931511 415 2807
2471240 931512 415 15
2471242 931514 415 136765
2471243 931515 415 15
2471244 931516 415 136755
2471254 4293 415 1267
2471255 931522 415 136737
2471256 931523 415 2971
2471259 931526 415 1565
2471260 931527 415 895
2471261 931528 415 1565
2471262 931528 415 136730
2471263 931528 415 29487
2471264 663282 415 136738
2471265 56723 415 79
2471266 710926 415 4767
2471267 710926 415 3439
2471268 361765 415 136741
2471269 1937202 415 136764
2471271 931530 415 2359
2471282 931536 415 996
2471283 931536 415 136755
2471284 931536 415 1034
2471285 931537 415 2584
2471286 931537 415 25225
2471287 931538 415 2359
2471290 292827 415 136737
2471291 931539 415 53760
2471294 931541 415 996
2471295 931541 415 136740
2471298 657225 415 136738
2471300 931543 415 1034
2471301 320969 415 3807
2471312 264751 415 136740
2471313 264751 415 3439
2471314 264751 415 4767
2471320 931550 415 3439
2471321 931550 415 1034
2471322 931550 415 4682
2471323 570450 415 3439
2471324 570450 415 1034
2471325 570450 415 47917
2471328 931552 415 15
2471330 132358 415 136747
2471331 931554 415 136730
2471332 931554 415 1267
2471333 65393 415 136738
2471334 12055 415 38177
2471335 931555 415 1267
2471337 748656 415 136758
2471338 931556 415 15
2471339 168897 415 15
2471340 931557 415 1565
2471341 931558 415 1565
2471343 931559 415 6
2471344 931560 415 136731
2471346 931562 415 136753
2471347 768320 415 15
2471348 931563 415 53760
2471351 931566 415 1947
2471352 931567 415 2359
2471353 98549 415 1937
2471354 931568 415 136731
2471355 8409 415 15
2471356 931569 415 136733
2471357 23075 415 136741
2471358 700955 415 813
2471359 86686 415 503
2471360 149698 415 136730
2471361 931570 415 29487
2471362 931570 415 1565
2471363 931571 415 136753
2471364 931571 415 1565
2471365 931572 415 1565
2471367 931573 415 996
2471368 343023 415 136731
2471369 931574 415 136730
2471370 247331 415 136731
2471372 931576 415 3807
2471374 423169 415 136738
2471375 423169 415 136750
2471376 769864 415 996
2471377 769864 415 136751
2471378 769864 415 136731
2471384 72383 415 136742
2471385 931581 415 38177
2471386 931582 415 136766
2471390 4445 415 72
2471392 151975 415 425
2471393 931586 415 136765
2471396 931588 415 72721
2471405 931593 415 136740
2471410 4482 415 136733
2471413 253678 415 15
2471414 931598 415 136760
2471416 132420 415 2584
2471417 132420 415 1565
2471418 132420 415 583
2471419 132420 415 1745
2471421 931599 415 136746
2471426 931604 415 2584
2471427 931604 415 29487
2471432 931607 415 72
2471433 931607 415 4861
2471436 931608 415 2971
2471437 931608 415 29487
2471442 931611 415 996
2471443 931611 415 136758
2471444 931611 415 29487
2471454 269885 415 136751
2471455 269885 415 29487
2471456 931616 415 136751
2471457 931617 415 16596
2471458 931618 415 136753
2471463 931620 415 136758
2471465 931621 415 16706
2471466 445167 415 79
2471467 445167 415 136738
2471468 48914 415 136750
2471469 48914 415 136738
2471470 48914 415 79
2471471 147983 415 15
2471472 931622 415 136739
2471473 931623 415 29487
2471474 931623 415 38177
2471475 931624 415 136738
2471481 931629 415 136732
2471487 470813 415 15
2471492 931634 415 15
2471493 4571 415 15
2471496 931636 415 136733
2471497 931637 415 136765
2471498 931637 415 29487
2471502 98975 415 136733
2471503 931640 415 136762
2471505 571110 415 4767
2471506 571110 415 1267
2471507 25312 415 136747
2471508 121049 415 583
2471509 121049 415 29487
2471510 379923 415 15
2471513 931642 415 2807
2471514 931642 415 1034
2471515 931643 415 3835
2471516 931643 415 29487
2471517 931644 415 3439
2471518 931644 415 1034
2471519 931645 415 2242
2471520 4915 415 136730
2471530 931652 415 3807
2471531 931651 415 136752
2471536 931654 415 38177
2471537 931655 415 1257
2471538 931656 415 136743
2471541 931658 415 15
2471542 247496 415 2723
2471543 931659 415 136770
2471545 345667 415 15
2471549 931662 415 136736
2471553 931666 415 72
2471554 99179 415 136738
2471555 736324 415 1267
2471556 736324 415 136751
2471558 931668 415 136731
2471560 491345 415 583
2471567 616579 415 4861
2471569 931673 415 1723
2471570 931674 415 2807
2471571 931674 415 996
2471575 912584 415 136738
2471577 931679 415 311
2471581 931682 415 2807
2471582 931683 415 1895
2471583 931684 415 1034
2471592 931690 415 136730
2471594 931691 415 1257
2471596 283395 415 136762
2471599 66354 415 15
2471605 353550 415 136731
2471606 931698 415 136762
2471607 931699 415 136762
2471608 931700 415 136762
2471612 931703 415 74630
2471613 931704 415 136746
2471615 931706 415 38177
2471616 445647 415 467
2471622 79618 415 136734
2471626 931709 415 136737
2471628 1937204 415 1723
2471629 931711 415 3790
2471631 931713 415 1565
2471632 189787 415 136732
2471633 931714 415 136740
2471634 931714 415 583
2471635 931714 415 2584
2471637 498181 415 136733
2471638 931715 415 2807
2471639 931716 415 4767
2471640 931716 415 3439
2471642 931718 415 895
2471643 931718 415 82107
2471645 931719 415 41246
2471646 931719 415 4682
2471647 931719 415 1034
2471648 1937205 415 1034
2471658 74827 415 425
2471659 251846 415 136738
2471660 251846 415 136734
2471661 931727 415 29487
2471662 931727 415 2584
2471663 931727 415 136734
2471664 4858 415 136734
2471665 12633 415 136734
2471668 931729 415 136742
2471669 931729 415 869
2471670 424762 415 1937
2471671 69563 415 4861
2471672 931730 415 136773
2471678 931734 415 67
2471679 709077 415 136762
2471684 931737 415 136774
2471685 931738 415 1895
2471687 931739 415 3439
2471688 931739 415 1034
2471694 931742 415 25885
2471695 931743 415 1937
2471696 355802 415 136738
2471697 720449 415 3439
2471698 720449 415 40924
2471706 931747 415 1565
2471707 160989 415 503
2471708 183072 415 136732
2471709 931748 415 3439
2471711 931750 415 136735
2471713 780196 415 1947
2471714 931752 415 136740
2471719 931753 415 1257
2471720 573509 415 3790
2471723 931756 415 136740
2471725 23259 415 136747
2471726 59064 415 136747
2471727 931758 415 3790
2471728 931758 415 1267
2471731 189889 415 1267
2471732 931760 415 136772
2471737 931763 415 136758
2471738 19836 415 136743
2471739 931764 415 3807
2471740 4951 415 136760
2471741 106706 415 136763
2471744 931767 415 79
2471747 931769 415 136738
2471748 931770 415 136755
2471751 258104 415 136753
2471759 931776 415 136775
2471760 931777 415 813
2471761 931778 415 3439
2471762 931778 415 4767
2471768 931781 415 2807
2471769 931781 415 136738
2471772 87968 415 136738
2471773 87968 415 240
2471774 87968 415 79
2471775 12850 415 136743
2471779 931786 415 136757
2471781 931788 415 1723
2471782 931789 415 1723
2471783 931790 415 136731
2471785 23293 415 15
2471787 931793 415 8389
2471789 709207 415 136738
2471793 132616 415 136747
2471794 132616 415 136776
2471795 931796 415 53760
2471796 72773 415 136758
2471797 931797 415 3439
2471798 931797 415 1034
2471799 931797 415 40924
2471802 931799 415 136742
2471806 931800 415 136731
2471810 384757 415 136738
2471811 5049 415 114083
2471812 931802 415 1745
2471813 54970 415 1745
2471814 867383 415 15
2471815 931803 415 136760
2471816 931804 415 136734
2471817 1915572 415 136734
2471818 1915572 415 6
2471819 1915572 415 311
2471821 66601 415 15
2471822 931806 415 136739
2471823 931807 415 136733
2471824 931807 415 29487
2471825 931808 415 67
2471826 931809 415 136753
2471827 931810 415 1565
2471828 323088 415 136731
2471830 931812 415 3439
2471831 931812 415 996
2471832 100111 415 15
2471834 41277 415 136747
2471835 511583 415 38177
2471836 931814 415 15
2471837 931815 415 136732
2471838 931816 415 1947
2471839 931817 415 136730
2471840 610583 415 15
2471844 103790 415 136736
2471848 931821 415 1723
2471850 931823 415 136738
2471855 931824 415 136731
2471857 84717 415 136738
2471858 100232 415 136738
2471862 399411 415 136743
2471863 931828 415 1565
2471864 931829 415 136761
2471865 931830 415 1565
2471866 428641 415 1565
2471868 931832 415 136736
2471869 931833 415 1565
2471870 65127 415 15
2471871 931834 415 136736
2471872 931835 415 136736
2471873 931836 415 1565
2471874 931837 415 136753
2471875 931838 415 136751
2471876 931839 415 1565
2471877 931839 415 136753
2471878 931840 415 136730
2471879 931841 415 1565
2471880 931842 415 136732
2471881 699472 415 3807
2471882 931843 415 136732
2471883 931844 415 136753
2471884 931845 415 136738
2471885 931845 415 996
2471886 13012 415 136733
2471887 931846 415 4861
2471889 931847 415 136734
2471890 931848 415 136731
2471893 931850 415 136765
2471895 931852 415 1034
2471898 100291 415 5804
2471899 66682 415 1119
2471900 931855 415 38177
2471902 336282 415 2584
2471903 336282 415 136765
2471905 931856 415 2359
2471906 931857 415 24503
2471907 931858 415 136744
2471911 780476 415 15
2471912 931861 415 136732
2471913 752771 415 136752
2471916 242636 415 72
2471917 242636 415 1565
2471919 931863 415 311
2471921 931865 415 311
2471925 931868 415 136730
2471926 931869 415 24503
2471927 931869 415 29487
2471931 931871 415 136731
2471932 197157 415 1565
2471933 931872 415 136731
2471934 338310 415 136731
2471935 69667 415 15
2471937 486174 415 72
2471938 12434 415 136738
2471942 931874 415 2584
2471943 931875 415 1565
2471944 931875 415 2584
2471945 931876 415 136753
2471946 103470 415 136746
2471947 23491 415 25885
2471949 187672 415 38177
2471951 931879 415 136765
2471954 167539 415 136744
2471955 931881 415 1565
2471956 931882 415 136747
2471958 645040 415 3807
2471959 720567 415 40924
2471960 931883 415 1937
2471961 1937206 415 2359
2471963 931885 415 136752
2471964 931886 415 136732
2471967 471007 415 3439
2471968 471007 415 1034
2471969 676749 415 3439
2471970 676749 415 40924
2471974 1937207 415 136755
2471976 931889 415 19533
2471977 161088 415 136732
2471979 931891 415 136751
2471981 157457 415 1937
2471982 446131 415 136756
2471985 931894 415 4861
2471986 931895 415 136764
2471991 1937208 415 1034
2471994 507988 415 136751
2472000 931900 415 136763
2472001 931901 415 136742
2472006 931906 415 1565
2472007 931906 415 29487
2472009 931907 415 895
2472010 931907 415 82107
2472012 931909 415 1267
2472013 931909 415 136753
2472015 931911 415 15
2472017 931912 415 136731
2472018 931913 415 136740
2472020 428498 415 136738
2472022 931914 415 136738
2472024 687000 415 136730
2472026 931917 415 136753
2472027 931917 415 4861
2472028 931917 415 1257
2472029 769566 415 136763
2472033 931920 415 2242
2472034 931920 415 29487
2472038 931923 415 29487
2472039 931923 415 136765
2472040 454496 415 1565
2472041 454496 415 1947
2472042 297307 415 38177
2472045 437783 415 136734
2472046 5427 415 136747
2472047 931925 415 1565
2472051 393071 415 1119
2472052 931928 415 996
2472053 1921410 415 6
2472054 1921410 415 869
2472055 1921410 415 311
2472058 135173 415 6
2472062 931932 415 136735
2472063 780751 415 1947
2472064 931933 415 15
2472067 73032 415 136763
2472068 35111 415 136738
2472069 747363 415 136747
2472073 747367 415 136738
2472074 69742 415 15
2472077 931939 415 2359
2472078 931939 415 79
2472083 931941 415 136734
2472084 931941 415 2359
2472085 931941 415 25225
2472086 931942 415 136732
2472089 190234 415 136730
2472092 931946 415 74630
2472093 848 415 1119
2472094 848 415 79
2472095 848 415 29487
2472096 931947 415 583
2472097 151534 415 467
2472098 151534 415 311
2472099 151534 415 29487
2472100 386578 415 136751
2472101 311355 415 136741
2472102 931948 415 136744
2472103 931949 415 136734
2472104 931949 415 15
2472105 931950 415 136734
2472106 931951 415 136734
2472108 931953 415 136765
2472109 931953 415 29487
2472110 931954 415 38177
2472111 931955 415 1723
2472113 931957 415 136731
2472115 931958 415 136746
2472116 931959 415 15
2472118 931961 415 136756
2472119 145939 415 136738
2472123 244126 415 136743
2472126 931966 415 136730
2472127 931966 415 1267
2472130 931968 415 2404
2472131 442108 415 467
2472132 931969 415 2404
2472134 931971 415 136762
2472135 931972 415 136762
2472136 931973 415 136762
2472137 931974 415 136730
2472138 931975 415 6
2472140 5513 415 2723
2472141 55164 415 503
2472142 55164 415 72
2472143 931976 415 24
2472144 931977 415 136732
2472145 931977 415 29487
2472147 931979 415 136758
2472153 931983 415 136730
2472154 548096 415 136732
2472155 492650 415 136730
2472156 931984 415 136732
2472157 931985 415 136730
2472158 598007 415 136741
2472160 20531 415 3807
2472161 931987 415 25225
2472163 931989 415 136730
2472165 931990 415 19533
2472166 931990 415 1267
2472167 931991 415 1723
2472169 931993 415 29487
2472170 931993 415 136732
2472171 931994 415 1947
2472172 931995 415 136761
2472173 89046 415 72
2472182 931998 415 1895
2472185 104865 415 996
2472186 104865 415 72
2472187 104865 415 2242
2472189 932002 415 15
2472196 1308 415 136738
2472197 115527 415 136738
2472198 932006 415 136766
2472213 932013 415 136732
2472216 932016 415 136738
2472217 932017 415 136737
2472218 703629 415 136738
2472221 932018 415 25225
2472222 126244 415 29183
2472223 932019 415 1119
2472224 932019 415 136733
2472225 430052 415 869
2472235 932024 415 136749
2472238 932027 415 136733
2472239 932027 415 29487
2472241 20702 415 136768
2472242 320360 415 1267
2472248 8846 415 38177
2472249 432864 415 136737
2472253 932032 415 1895
2472254 157463 415 136738
2472256 69808 415 79
2472257 69808 415 3807
2472258 932034 415 53760
2472263 932038 415 114083
2472272 932042 415 996
2472273 932042 415 3439
2472274 917016 415 4767
2472275 119654 415 136768
2472278 932043 415 1947
2472279 69718 415 136743
2472281 932045 415 15
2472283 69817 415 15
2472284 350805 415 136747
2472285 932046 415 996
2472286 932046 415 136758
2472289 573859 415 1257
2472290 932049 415 8389
2472291 932049 415 29487
2472292 932050 415 2592
2472293 932050 415 136740
2472294 932050 415 4767
2472295 13698 415 136738
2472296 932051 415 136735
2472298 932053 415 136751
2472299 95845 415 15
2472300 932054 415 136734
2472301 932055 415 136731
2472304 932058 415 136734
2472305 932058 415 136751
2472306 95846 415 15
2472314 20812 415 15
2472320 804136 415 136734
2472322 522564 415 19533
2472323 360196 415 19533
2472326 932067 415 895
2472327 122360 415 72
2472328 902277 415 136756
2472329 13725 415 136739
2472332 932068 415 2584
2472333 932069 415 3439
2472334 932069 415 2807
2472335 932069 415 85850
2472336 932069 415 1034
2472340 439990 415 136738
2472341 932070 415 136762
2472342 932071 415 136753
2472348 73245 415 38177
2472349 932075 415 17046
2472350 932076 415 6
2472351 932077 415 1119
2472352 703678 415 136731
2472353 932078 415 136751
2472354 932078 415 6
2472355 932079 415 1723
2472356 932079 415 895
2472358 428721 415 136738
2472361 112816 415 136738
2472363 932080 415 15
2472364 743887 415 72
2472366 463700 415 136738
2472371 187811 415 2404
2472372 932085 415 2404
2472373 932086 415 2404
2472375 932088 415 2807
2472384 673716 415 136740
2472388 94887 415 136765
2472389 94887 415 1745
2472390 94887 415 583
2472391 94887 415 1257
2472392 932092 415 6
2472393 932093 415 15
2472408 932101 415 4861
2472409 932102 415 15
2472410 932103 415 343
2472411 932104 415 15
2472412 932104 415 343
2472414 930791 415 136772
2472415 932106 415 467
2472417 932108 415 136762
2472418 932109 415 136759
2472422 932112 415 467
2472423 99432 415 2404
2472425 932114 415 136773
2472426 932115 415 136755
2472429 55296 415 136738
2472432 733262 415 15
2472433 932119 415 1119
2472434 932120 415 136749
2472435 747630 415 136738
2472436 932121 415 136739
2472440 200681 415 1119
2472442 932124 415 1565
2472447 7289 415 136738
2472448 95882 415 136743
2472451 451711 415 1947
2472453 932125 415 2584
2472454 932125 415 136730
2472455 932125 415 136732
2472456 932126 415 136731
2472457 130691 415 136760
2472458 932127 415 38177
2472460 107029 415 136760
2472461 469158 415 2133
2472464 932129 415 136753
2472465 932129 415 29487
2472466 932129 415 136732
2472468 932130 415 136740
2472473 356247 415 136741
2472477 932132 415 136772
2472479 932133 415 136744
2472486 932137 415 1034
2472487 895555 415 15
2472489 932139 415 136743
2472492 21056 415 136768
2472494 932142 415 38177
2472495 55357 415 136731
2472498 148084 415 15
2472499 265254 415 3439
2472500 265254 415 1034
2472501 265254 415 40924
2472502 661170 415 1119
2472503 790429 415 136776
2472504 932144 415 136742
2472505 145591 415 72
2472506 932145 415 425
2472507 932145 415 1267
2472508 932146 415 2359
2472510 932148 415 136732
2472517 932152 415 996
2472520 364516 415 136743
2472521 932153 415 425
2472523 932155 415 1034
2472525 125530 415 15
2472527 932158 415 1947
2472530 932160 415 136753
2472531 932160 415 1257
2472536 932163 415 6
2472537 932164 415 136731
2472538 932165 415 1034
2472539 107053 415 1745
2472542 387056 415 136760
2472544 932167 415 136732
2472545 194603 415 67
2472546 194603 415 136753
2472548 932168 415 1775
2472549 932169 415 17046
2472550 28282 415 136738
2472552 159180 415 136738
2472553 159180 415 136742
2472555 932171 415 3807
2472556 932172 415 3807
2472557 932173 415 29487
2472558 932173 415 425
2472559 932173 415 1565
2472561 9042 415 2723
2472567 67467 415 996
2472570 932179 415 3790
2472571 932179 415 1565
2472572 932179 415 25885
2472573 932180 415 3439
2472574 932180 415 1034
2472575 71443 415 79
2472576 71443 415 136733
2472577 242702 415 1947
2472578 242702 415 136756
2472579 932181 415 12180
2472580 27723 415 136747
2472581 21316 415 136756
2472582 29254 415 136756
2472585 17891 415 136742
2472586 21244 415 136738
2472587 146678 415 136756
2472591 598631 415 1119
2472593 437090 415 136747
2472594 437090 415 136776
2472595 932183 415 2584
2472597 185196 415 15
2472599 323837 415 25017
2472608 126301 415 136772
2472609 932192 415 136772
2472612 196562 415 136738
2472614 932195 415 136766
2472619 932199 415 2584
2472620 932199 415 136735
2472625 932204 415 136744
2472626 932205 415 136753
2472627 932206 415 136730
2472628 932206 415 1267
2472630 932208 415 813
2472631 932208 415 136751
2472632 69976 415 136765
2472634 932209 415 136759
2472636 932211 415 136762
2472637 932212 415 136743
2472640 932214 415 16706
2472641 932214 415 2807
2472642 932214 415 996
2472644 932215 415 3807
2472646 932218 415 136744
2472651 932221 415 136732
2472655 53233 415 1267
2472656 932224 415 136730
2472657 67571 415 136731
2472659 932226 415 136730
2472661 932228 415 136740
2472663 932230 415 136751
2472665 932232 415 136739
2472666 932232 415 29487
2472668 12959 415 136747
2472669 369492 415 583
2472672 747884 415 72
2472676 131022 415 72
2472677 932237 415 79
2472678 932237 415 240
2472681 14329 415 895
2472682 14329 415 1119
2472683 932239 415 136738
2472689 932242 415 4861
2472690 932243 415 72
2472691 932244 415 8389
2472692 932245 415 2404
2472694 932246 415 15
2472695 932247 415 136744
2472696 932248 415 1267
2472698 1937213 415 136750
2472699 1937213 415 136731
2472700 923088 415 136731
2472702 932251 415 136737
2472706 932253 415 2359
2472709 932256 415 1723
2472710 932257 415 1723
2472713 932259 415 4767
2472714 932259 415 1284
2472716 139495 415 136751
2472719 932261 415 15
2472720 661198 415 136738
2472721 932262 415 136764
2472722 714924 415 136755
2472723 714924 415 1267
2472724 932263 415 16596
2472726 932265 415 136755
2472731 509946 415 136755
2472732 932268 415 136732
2472735 136063 415 38177
2472739 932272 415 136746
2472742 932275 415 1565
2472743 37293 415 136742
2472745 169446 415 27165
2472746 136065 415 311
2472752 932280 415 136778
2472754 932272 415 25885
2472755 932281 415 136759
2472756 607358 415 26080
2472758 932283 415 136744
2472762 710461 415 3807
2472764 73601 415 3807
2472767 932288 415 15
2472768 932289 415 72
2472769 23817 415 72
2472770 495213 415 1257
2472771 932290 415 38177
2472772 932290 415 29487
2472775 288423 415 16706
2472776 288423 415 136740
2472777 932294 415 72
2472778 932295 415 3439
2472779 932295 415 996
2472785 281778 415 895
2472786 932297 415 136766
2472787 932299 415 136753
2472788 460762 415 72
2472789 932300 415 1723
2472790 932301 415 996
2472791 932301 415 2807
2472792 932301 415 16706
2472794 932304 415 136744
2472795 388291 415 72
2472797 932292 415 25225
2472799 932306 415 136732
2472802 152613 415 72
2472803 22064 415 72
2472804 932308 415 136735
2472805 932308 415 2584
2472808 14582 415 136740
2472809 431250 415 136749
2472811 105134 415 72
2472827 932303 415 2359
2472828 511394 415 1119
2472830 932322 415 29487
2472831 932322 415 1565
2472833 866 415 72
2472835 932324 415 136744
2472839 932327 415 72
2472840 932328 415 136732
2472843 932330 415 15
2472844 932331 415 136751
2472845 932332 415 136751
2472846 107211 415 15
2472850 932333 415 15
2472854 932335 415 583
2472855 932338 415 15
2472856 932339 415 25225
2472857 932340 415 38177
2472858 932341 415 136781
2472859 82788 415 136731
2472860 318539 415 136758
2472866 387487 415 136743
2472870 32117 415 2404
2472874 932348 415 136760
2472875 519396 415 136737
2472879 381500 415 136734
2472885 932351 415 1267
2472886 932352 415 136744
2472888 932354 415 4861
2472896 932359 415 467
2472898 932360 415 15
2472899 932360 415 136734
2472901 917099 415 136731
2472903 61821 415 136767
2472904 154092 415 136756
2472909 522930 415 2242
2472912 932364 415 136730
2472913 511925 415 136763
2472917 932366 415 503
2472918 153823 415 136756
2472919 70138 415 15
2472920 932367 415 38177
2472921 932368 415 26080
2472922 932369 415 26080
2472923 436031 415 136738
2472924 87366 415 136756
2472927 932371 415 136734
2472929 932373 415 136734
2472933 932376 415 38177
2472934 932376 415 29487
2472935 381545 415 136762
2472937 932378 415 136779
2472940 1937215 415 996
2472941 932380 415 136758
2472943 932381 415 15
2472944 749313 415 136762
2472948 932385 415 53760
2472949 261360 415 19533
2472950 261360 415 1119
2472955 75653 415 136733
2472956 75653 415 425
2472957 75653 415 2359
2472959 932390 415 996
2472960 932390 415 2584
2472961 932391 415 2584
2472962 932391 415 25225
2472966 932393 415 2584
2472968 932394 415 4767
2472969 932394 415 3439
2472973 932396 415 26080
2472976 932398 415 136753
2472977 932399 415 136748
2472978 932400 415 1257
2472979 932400 415 136738
2472980 932401 415 38177
2472981 107317 415 136771
2472982 127304 415 25017
2472983 932402 415 29487
2472984 932402 415 136761
2472986 932403 415 1034
2472987 57480 415 29183
2472993 932406 415 15
2472994 932407 415 136764
2473001 932411 415 1034
2473004 932413 415 136747
2473012 380723 415 311
2473014 70194 415 15
2473018 339016 415 136731
2473019 339016 415 2359
2473026 932421 415 3835
2473027 932421 415 29487
2473029 932422 415 136744
2473030 932423 415 114083
2473037 459346 415 136744
2473039 356680 415 136738
2473040 932428 415 136730
2473041 932428 415 1267
2473042 932429 415 1565
2473043 932430 415 311
2473044 932431 415 136757
2473045 932432 415 136757
2473046 932433 415 136730
2473048 932434 415 136737
2473049 932435 415 26080
2473050 932436 415 26080
2473051 73231 415 1565
2473052 932437 415 136751
2473057 932441 415 41246
2473058 932441 415 1034
2473060 769547 415 1947
2473061 523232 415 3807
2473065 932446 415 4861
2473066 9373 415 1937
2473067 932447 415 1034
2473071 932449 415 136735
2473072 932449 415 136732
2473073 932450 415 136734
2473078 932453 415 2584
2473079 932453 415 136765
2473082 932456 415 6
2473085 68126 415 136744
2473086 68126 415 136731
2473090 932459 415 19533
2473091 932460 415 136762
2473092 932460 415 3439
2473093 932461 415 1119
2473100 767169 415 3439
2473101 767169 415 136743
2473103 932464 415 25225
2473104 932464 415 15
2473105 932465 415 15
2473106 34973 415 15
2473107 932466 415 311
2473108 932467 415 895
2473109 932467 415 136740
2473110 932468 415 136753
2473111 932469 415 813
2473112 932469 415 24503
2473115 96112 415 15
2473116 932471 415 136753
2473124 932476 415 136730
2473128 932480 415 136774
2473129 932481 415 15
2473130 932482 415 136781
2473131 932483 415 136781
2473132 148160 415 15
2473134 607744 415 1267
2473135 932485 415 2404
2473137 932487 415 15
2473140 42786 415 4767
2473141 932488 415 4767
2473142 932488 415 24
2473143 473663 415 136731
2473144 473663 415 6
2473145 932489 415 15
2473150 201508 415 136744
2473151 932493 415 38177
2473153 932495 415 1034
2473155 932496 415 15
2473158 932499 415 1565
2473159 932500 415 1895
2473162 146149 415 72
2473163 1528 415 136738
2473164 1528 415 79
2473166 142786 415 136733
2473167 1021282 415 4767
2473168 1021282 415 2592
2473169 1021282 415 136744
2473173 932503 415 2359
2473177 16425 415 15
2473178 16425 415 5947
2473180 932507 415 136743
2473181 191540 415 136741
2473187 932512 415 136741
2473192 263529 415 1169
2473193 88258 415 72
2473194 932513 415 136762
2473195 932514 415 136732
2473196 932515 415 136762
2473199 261631 415 136738
2473200 261631 415 79
2473201 932517 415 136733
2473202 366426 415 136733
2473203 68308 415 1895
2473206 127378 415 136762
2473210 27353 415 813
2473212 179034 415 136738
2473215 932523 415 15
2473221 932526 415 895
2473222 53495 415 1119
2473224 12885 415 72
2473228 932530 415 136744
2473231 932533 415 67
2473232 932534 415 503
2473235 932536 415 136752
2473237 932537 415 2807
2473238 932538 415 4861
2473239 932538 415 996
2473240 932538 415 2359
2473241 932539 415 74630
2473242 932540 415 1947
2473243 79922 415 136733
2473245 932542 415 67
2473246 932543 415 26080
2473247 932544 415 26080
2473248 932545 415 136765
2473249 188160 415 1565
2473254 932548 415 25225
2473256 932549 415 15
2473257 249247 415 136769
2473258 61887 415 136769
2473259 932550 415 72721
2473260 932551 415 136758
2473261 498310 415 15
2473263 175393 415 136738
2473264 932553 415 136738
2473265 932553 415 136750
2473266 321161 415 1119
2473267 872788 415 1119
2473268 678271 415 1119
2473269 932554 415 3353
2473270 932554 415 24
2473274 599519 415 136756
2473275 932556 415 4767
2473276 932556 415 996
2473278 609565 415 136738
2473281 932559 415 136751
2473287 324225 415 15
2473288 932562 415 67
2473290 932564 415 136751
2473292 75694 415 72
2473297 193877 415 29487
2473298 193877 415 2592
2473299 193877 415 4767
2473302 932569 415 311
2473303 932570 415 136738
2473308 54631 415 136754
2473309 932573 415 136732
2473310 932574 415 136766
2473311 932575 415 29487
2473312 932575 415 3835
2473313 932576 415 1947
2473314 932577 415 42442
2473316 932579 415 136732
2473319 932582 415 136751
2473320 932582 415 1267
2473321 932583 415 425
2473323 75699 415 1267
2473328 932586 415 3439
2473329 932586 415 1034
2473332 201696 415 136734
2473333 201696 415 583
2473334 201696 415 425
2473335 932590 415 136758
2473336 722897 415 6
2473339 140478 415 311
2473344 932594 415 136764
2473345 263599 415 136762
2473347 70377 415 15
2473353 932597 415 996
2473354 932597 415 136740
2473355 932598 415 136773
2473356 932599 415 2359
2473357 175449 415 1745
2473359 932601 415 136731
2473363 932604 415 15
2473368 932607 415 136730
2473370 932609 415 26080
2473371 932609 415 29487
2473372 932610 415 136762
2473374 932612 415 2807
2473375 472222 415 15
2473378 932614 415 136730
2473379 932615 415 136765
2473384 932618 415 29487
2473385 932618 415 136733
2473387 105473 415 136761
2473389 25681 415 136742
2473390 2646 415 136738
2473391 2646 415 1257
2473395 932622 415 136762
2473398 68578 415 136731
2473399 932624 415 1119
2473400 75704 415 136731
2473401 932625 415 1947
2473403 733968 415 3439
2473404 733968 415 1034
2473405 733968 415 47917
2473407 498324 415 1267
2473408 932627 415 1034
2473411 932628 415 136730
2473412 932628 415 136758
2473413 932629 415 4767
2473414 932629 415 136740
2473417 932632 415 136731
2473421 83648 415 5804
2473424 111146 415 136741
2473425 541325 415 136747
2473426 796382 415 136762
2473429 932638 415 4861
2473430 932638 415 895
2473431 276204 415 136731
2473433 932646 415 79
2473434 932646 415 4767
2473435 932649 415 996
2473436 932649 415 3439
2473437 932650 415 2807
2473438 932652 415 3439
2473439 932652 415 4767
2473443 932639 415 1267
2473444 932639 415 136730
2473448 932642 415 1565
2473449 932643 415 1565
2473450 932644 415 1565
2473454 932651 415 16706
2473455 932654 415 1565
2473456 932654 415 1267
2473463 932658 415 3807
2473464 932659 415 15
2473465 932660 415 15
2473469 932662 415 136751
2473470 932662 415 1267
2473471 363817 415 136762
2473475 932665 415 16596
2473476 932666 415 136751
2473477 932667 415 136751
2473478 932667 415 1267
2473481 932670 415 895
2473485 932674 415 136756
2473488 932676 415 136756
2473489 932677 415 136733
2473490 932677 415 4767
2473494 932681 415 1267
2473495 932682 415 136732
2473497 24260 415 19533
2473499 932686 415 136784
2473507 1937220 415 136743
2473509 61770 415 79
2473510 61770 415 136750
2473513 932692 415 869
2473514 932693 415 136738
2473515 932693 415 79
2473516 932693 415 240
2473517 932694 415 136738
2473520 932695 415 136766
2473521 88340 415 79
2473523 932696 415 15
2473524 932697 415 2723
2473527 1937221 415 136742
2473528 1937221 415 869
2473531 169340 415 1565
2473533 932703 415 136753
2473534 932704 415 15
2473536 932706 415 136732
2473538 932708 415 25885
2473539 932709 415 136732
2473544 932712 415 3439
2473545 932712 415 136730
2473546 932713 415 2807
2473548 932715 415 4767
2473549 932715 415 1169
2473552 932717 415 3439
2473553 932717 415 1034
2473554 861486 415 72
2473555 932718 415 895
2473560 932721 415 136730
2473563 932723 415 136744
2473564 932724 415 2971
2473565 74461 415 3807
2473568 932726 415 136732
2473569 932727 415 25225
2473570 868224 415 15
2473571 74467 415 136742
2473572 279791 415 15
2473574 381418 415 1119
2473576 932729 415 5804
2473580 932734 415 1947
2473581 932735 415 311
2473582 932736 415 4861
2473584 932732 415 3353
2473586 932733 415 1257
2473594 68772 415 136738
2473595 16699 415 136738
2473596 932742 415 38177
2473597 932742 415 29487
2473599 932744 415 1565
2473600 278829 415 1565
2473601 278829 415 29487
2473602 932745 415 38177
2473603 932745 415 29487
2473604 932746 415 136731
2473607 932748 415 38177
2473609 24290 415 72
2473611 932749 415 1267
2473612 932750 415 72
2473619 932753 415 136752
2473620 932754 415 15
2473622 16713 415 136738
2473623 16713 415 79
2473626 202022 415 1034
2473627 932757 415 2359
2473631 169971 415 136731
2473633 932760 415 136751
2473634 932761 415 25225
2473635 932761 415 15
2473636 932762 415 25225
2473637 932763 415 136772
2473641 932766 415 1565
2473645 263731 415 1723
2473646 932769 415 1723
2473647 932770 415 136758
2473651 932771 415 1034
2473656 932772 415 136740
2473657 932773 415 425
2473658 932773 415 503
2473659 932774 415 2584
2473660 932774 415 136758
2473661 932775 415 2584
2473662 932775 415 136734
2473663 932776 415 29487
2473664 932776 415 1257
2473665 917704 415 136731
2473667 917709 415 136762
2473668 932778 415 4767
2473669 932778 415 29487
2473671 397352 415 27165
2473672 917712 415 136762
2473673 932780 415 136762
2473674 932781 415 425
2473675 932781 415 29487
2473684 932784 415 136744
2473685 148031 415 136740
2473686 148031 415 1267
2473687 932785 415 136740
2473688 1937222 415 996
2473689 1937222 415 136755
2473690 932786 415 16596
2473691 394756 415 136738
2473692 462752 415 425
2473693 462752 415 136733
2473694 932788 415 136734
2473695 932787 415 136734
2473697 731503 415 29571
2473698 932789 415 503
2473699 932789 415 583
2473700 932790 415 29487
2473701 932790 415 136758
2473702 932790 415 996
2473703 932791 415 136732
2473704 932792 415 26080
2473705 932793 415 136751
2473707 932795 415 136738
2473708 932795 415 3439
2473709 932796 415 3790
2473710 932801 415 136750
2473711 932802 415 136751
2473712 932803 415 467
2473713 932804 415 136731
2473714 932805 415 136758
2473715 932797 415 25885
2473716 932798 415 1565
2473717 932798 415 343
2473718 932798 415 29487
2473719 932806 415 425
2473720 932806 415 583
2473721 932799 415 1565
2473722 932799 415 467
2473724 932807 415 136732
2473725 932808 415 29487
2473726 932808 415 1745
2473727 932809 415 136753
2473728 932812 415 136753
2473729 932812 415 29487
2473730 932812 415 1947
2473731 932813 415 38177
2473732 932814 415 1565
2473733 932815 415 3439
2473734 932815 415 996
2473735 932816 415 996
2473736 932817 415 27165
2473737 932817 415 29487
2473738 932818 415 67
2473739 932819 415 136750
2473740 932819 415 1119
2473741 932820 415 136735
2473742 932822 415 996
2473743 932822 415 29487
2473744 932823 415 2584
2473745 932823 415 24
2473746 932823 415 29487
2473747 932824 415 503
2473748 932825 415 29487
2473749 932825 415 136730
2473750 932826 415 1565
2473751 932827 415 467
2473754 932829 415 1565
2473755 932830 415 1565
2473756 932831 415 29487
2473757 932831 415 19533
2473759 932834 415 29487
2473760 932834 415 425
2473761 932835 415 136730
2473762 932837 415 1565
2473763 932838 415 136758
2473765 932811 415 136753
2473766 932821 415 136731
2473767 932832 415 136732
2473769 932839 415 136751
2473770 932840 415 27165
2473771 932841 415 136741
2473772 932841 415 29487
2473773 932842 415 136758
2473774 932842 415 136730
2473775 932843 415 1565
2473776 932843 415 29487
2473777 932844 415 996
2473778 932845 415 4861
2473779 932846 415 24503
2473780 932847 415 996
2473781 932850 415 136735
2473782 932848 415 2971
2473783 932848 415 29487
2473784 917720 415 136753
2473785 917720 415 1565
2473786 932849 415 425
2473787 932849 415 29487
2473788 932851 415 1565
2473790 932852 415 136732
2473791 932853 415 136744
2473793 932855 415 24503
2473794 161968 415 136743
2473795 241259 415 136750
2473796 510462 415 1947
2473797 510462 415 1267
2473798 932856 415 38177
2473799 932857 415 136748
2473800 932858 415 1267
2473801 932858 415 136751
2473802 932859 415 136766
2473803 195304 415 996
2473807 74581 415 136738
2473808 932862 415 136732
2473810 932864 415 136732
2473816 932868 415 24503
2473817 64577 415 136741
2473819 142829 415 813
2473822 932872 415 136753
2473823 932872 415 29487
2473824 932874 415 67
2473827 932877 415 15
2473830 932879 415 136778
2473831 68924 415 1723
2473833 74601 415 72
2473834 192234 415 15
2473835 48051 415 136741
2473836 53632 415 136738
2473837 932881 415 136766
2473838 498502 415 1119
2473839 498502 415 29487
2473842 932884 415 895
2473845 74613 415 136741
2473846 74613 415 1169
2473847 932886 415 136773
2473848 932887 415 72
2473852 932889 415 2584
2473853 932889 415 25225
2473854 932890 415 25225
2473855 932890 415 79
2473856 932891 415 136765
2473857 932891 415 2584
2473858 932892 415 136731
2473859 390008 415 38177
2473861 70575 415 4861
2473862 263961 415 25885
2473864 932894 415 136740
2473865 932895 415 29571
2473867 932897 415 4861
2473869 932899 415 136730
2473870 932899 415 4861
2473871 932900 415 895
2473872 932901 415 895
2473873 932901 415 82107
2473876 932904 415 136782
2473878 932906 415 136731
2473879 932907 415 136730
2473880 262355 415 1034
2473882 390010 415 136754
2473899 69007 415 583
2473901 932917 415 15
2473902 932918 415 136747
2473903 932919 415 136738
2473905 932921 415 136751
2473908 75981 415 813
2473909 75981 415 136762
2473910 932924 415 6
2473911 932925 415 425
2473912 932926 415 136738
2473913 932927 415 136737
2473914 932928 415 136763
2473921 87118 415 4767
2473922 87118 415 15
2473923 932930 415 4767
2473925 932932 415 136738
2473927 932933 415 136734
2473931 932936 415 895
2473932 932937 415 2404
2473935 932939 415 895
2473936 932939 415 4861
2473939 932941 415 4861
2473942 932943 415 1947
2473943 932943 415 136761
2473944 932949 415 4861
2473945 932949 415 136732
2473946 932950 415 136782
2473948 932944 415 136732
2473950 932946 415 136732
2473952 932948 415 136732
2473953 932952 415 136732
2473954 932953 415 136732
2473957 87119 415 136738
2473958 87119 415 240
2473959 932955 415 895
2473963 932958 415 1565
2473964 932959 415 1257
2473965 932960 415 3835
2473966 932960 415 29487
2473967 15311 415 136738
2473968 15311 415 240
2473969 788294 415 1745
2473971 932962 415 583
2473974 932964 415 1565
2473976 932966 415 136744
2473977 932966 415 2584
2473979 932968 415 583
2473980 932968 415 1267
2473981 392655 415 15
2473982 932970 415 24503
2473985 932973 415 72
2473987 337935 415 6
2473989 932976 415 3807
2473993 38548 415 136738
2473994 137142 415 6
2473995 932979 415 1267
2473997 656037 415 136731
2473998 932981 415 136738
2473999 932981 415 16596
2474004 932990 415 136752
2474005 932990 415 29487
2474006 932990 415 2584
2474021 932994 415 503
2474024 932996 415 2807
2474025 932996 415 996
2474029 85908 415 136743
2474031 933000 415 136762
2474032 321597 415 136741
2474034 88422 415 15
2474039 500510 415 136731
2474040 89370 415 1267
2474041 89370 415 136730
2474042 933003 415 895
2474043 933003 415 82107
2474045 933005 415 136733
2474046 933006 415 136733
2474047 933006 415 1267
2474048 933007 415 136763
2474049 933007 415 1267
2474053 148409 415 15
2474055 87138 415 136738
2474058 933014 415 425
2474059 933014 415 29487
2474060 933015 415 15
2474061 280487 415 72
2474062 933016 415 1034
2474063 933016 415 3439
2474064 933021 415 895
2474069 933032 415 2807
2474072 933039 415 136732
2474073 933039 415 136782
2474074 933040 415 4861
2474075 933017 415 136773
2474076 933041 415 4861
2474079 933043 415 136758
2474080 933044 415 16596
2474081 933045 415 1565
2474082 933046 415 136732
2474083 933047 415 136732
2474084 933048 415 136761
2474085 933019 415 4861
2474086 933019 415 1565
2474087 933049 415 996
2474088 933050 415 1169
2474089 933050 415 4861
2474090 933050 415 813
2474092 933022 415 136735
2474093 933052 415 4861
2474094 933024 415 895
2474095 933026 415 136759
2474098 933053 415 4861
2474099 933030 415 136744
2474110 933057 415 136732
2474111 933058 415 136732
2474112 933059 415 136732
2474113 933060 415 136732
2474114 933060 415 29487
2474115 933061 415 136732
2474116 933061 415 136751
2474117 933062 415 343
2474119 933063 415 2242
2474120 933064 415 136773
2474121 933065 415 895
2474122 35200 415 1034
2474123 933066 415 2584
2474124 933066 415 136730
2474125 933067 415 2584
2474126 933067 415 1565
2474129 933070 415 136782
2474130 550973 415 136758
2474133 933072 415 15
2474134 74821 415 16706
2474135 933073 415 29571
2474138 933074 415 72721
2474139 933075 415 72721
2474140 933075 415 15
2474144 933077 415 29487
2474145 933077 415 16596
2474146 124650 415 1169
2474148 933079 415 2971
2474149 933080 415 136760
2474151 568283 415 136733
2474153 552777 415 136756
2474155 933082 415 12180
2474159 456253 415 1257
2474160 456253 415 79
2474162 933086 415 15
2474163 933087 415 136773
2474167 933090 415 4861
2474168 933090 415 895
2474170 933092 415 136760
2474171 933093 415 895
2474172 723024 415 114083
2474173 933094 415 1947
2474175 933095 415 136731
2474184 258381 415 2971
2474185 258381 415 136758
2474188 562448 415 72
2474190 933103 415 1947
2474191 933104 415 53760
2474192 933105 415 136743
2474194 933107 415 2359
2474195 933108 415 24
2474200 933110 415 3790
2474202 933112 415 136731
2474203 933113 415 136732
2474204 76194 415 25017
2474205 76194 415 813
2474207 933114 415 136738
2474211 680605 415 6
2474217 933120 415 136735
2474219 933122 415 15
2474220 363989 415 15
2474227 895817 415 136733
2474235 933132 415 25225
2474236 933132 415 2584
2474237 933133 415 136747
2474238 933134 415 53760
2474239 933135 415 53760
2474241 933136 415 1565
2474242 933137 415 136758
2474243 877013 415 1723
2474244 877013 415 136738
2474249 933140 415 15
2474258 933146 415 16706
2474259 933146 415 2807
2474260 933146 415 996
2474261 89386 415 72
2474269 933152 415 425
2474270 933152 415 29487
2474271 933152 415 467
2474272 251007 415 1565
2474273 933154 415 136737
2474275 933153 415 25225
2474276 933153 415 29487
2474277 933153 415 2584
2474279 933156 415 136732
2474281 107951 415 136756
2474282 107951 415 72
2474284 933159 415 136731
2474285 933160 415 136732
2474286 933161 415 15
2474287 124727 415 1947
2474288 933162 415 136749
2474296 933168 415 1267
2474297 933168 415 136744
2474298 933169 415 136734
2474299 933170 415 26080
2474300 933170 415 29487
2474305 933173 415 136735
2474309 469555 415 136763
2474310 933177 415 25225
2474311 933177 415 2359
2474312 933177 415 895
2474313 933178 415 27165
2474315 933180 415 2807
2474316 179707 415 136731
2474317 117760 415 136743
2474318 933181 415 136758
2474319 933182 415 136771
2474324 933186 415 6
2474325 458176 415 15
2474332 933191 415 136753
2474333 933191 415 1565
2474334 933191 415 29487
2474336 116846 415 29571
2474339 187078 415 136732
2474341 933195 415 467
2474345 933199 415 136731
2474346 933200 415 3439
2474347 933200 415 1284
2474348 1638 415 136734
2474352 933202 415 15
2474354 33173 415 136738
2474357 136334 415 311
2474360 933205 415 136732
2474361 933205 415 29487
2474362 933206 415 1723
2474363 933207 415 1565
2474364 933207 415 136761
2474365 933208 415 1565
2474366 933209 415 136754
2474367 933210 415 1267
2474368 933210 415 136751
2474369 933211 415 16596
2474370 734479 415 136767
2474397 933238 415 136730
2474422 933253 415 136732
2474423 933254 415 136744
2474424 933255 415 136778
2474426 160006 415 136741
2474429 933258 415 1895
2474434 933263 415 136740
2474435 933263 415 895
2474437 933265 415 1947
2474438 933266 415 4767
2474439 933267 415 136732
2474441 933273 415 42442
2474446 933271 415 38177
2474450 933277 415 136741
2474456 933274 415 24
2474457 933275 415 3439
2474458 933276 415 503
2474459 933278 415 136730
2474461 697337 415 136738
2474462 697337 415 79
2474465 933280 415 136747
2474466 434882 415 15
2474467 933281 415 136732
2474468 933281 415 136782
2474469 933282 415 72
2474470 933283 415 136762
2474472 367176 415 72
2474479 933289 415 136730
2474480 933290 415 53760
2474481 933290 415 72
2474482 173214 415 1119
2474484 933292 415 15
2474488 112409 415 72
2474489 933295 415 15
2474492 933296 415 425
2474493 933297 415 2584
2474494 933297 415 25225
2474495 933298 415 25225
2474502 868656 415 15
2474504 933303 415 5804
2474506 933304 415 1947
2474507 933304 415 1745
2474508 933305 415 136744
2474510 933307 415 26080
2474512 933309 415 136762
2474514 855909 415 136753
2474515 933311 415 136733
2474516 251196 415 67
2474519 933314 415 895
2474520 933314 415 4861
2474524 933318 415 15
2474526 933320 415 3807
2474527 933321 415 1034
2474529 9980 415 1775
2474531 933324 415 136744
2474533 933325 415 1723
2474538 933329 415 4861
2474539 350542 415 6
2474541 264023 415 136731
2474543 933331 415 2242
2474544 814593 415 136730
2474545 84482 415 136734
2474546 89421 415 136743
2474558 436585 415 2404
2474559 933340 415 136765
2474560 832898 415 136756
2474561 933341 415 136752
2474562 933342 415 2584
2474563 933342 415 136752
2474566 21254 415 136738
2474567 933343 415 895
2474568 484958 415 136738
2474570 160080 415 136738
2474571 255345 415 38177
2474577 933348 415 136755
2474580 933350 415 1947
2474581 438994 415 1034
2474586 933353 415 136735
2474587 933354 415 72
2474588 461007 415 136738
2474591 933356 415 1267
2474592 933356 415 3713
2474593 541680 415 15
2474594 108083 415 467
2474595 933357 415 79
2474598 933358 415 1257
2474599 933359 415 136767
2474602 933361 415 895
2474603 933362 415 1034
2474604 933362 415 136730
2474605 80165 415 813
2474606 358702 415 25017
2474607 358702 415 813
2474608 933363 415 136744
2474609 933364 415 136762
2474610 933365 415 72
2474612 933366 415 136732
2474619 933370 415 996
2474620 933370 415 136755
2474621 933370 415 2359
2474622 933370 415 72
2474624 734602 415 79
2474625 734602 415 136738
2474626 734602 415 996
2474627 475016 415 4767
2474628 475016 415 136743
2474629 475016 415 82107
2474633 933373 415 996
2474634 933373 415 136755
2474635 672106 415 136738
2474636 933374 415 136738
2474638 933375 415 136738
2474639 401304 415 136742
2474640 933376 415 136731
2474646 933379 415 136743
2474647 520995 415 467
2474648 933380 415 2584
2474649 185715 415 2242
2474655 933384 415 1723
2474657 933385 415 136731
2474658 337040 415 136731
2474661 881999 415 136743
2474662 933387 415 53760
2474663 933387 415 29487
2474666 933389 415 136737
2474667 933390 415 136748
2474668 933391 415 895
2474669 933392 415 29571
2474675 933395 415 1034
2474676 933396 415 1947
2474677 933396 415 2971
2474680 933400 415 1723
2474684 440857 415 15
2474685 933402 415 2359
2474686 933402 415 136765
2474687 933402 415 311
2474689 147624 415 15
2474690 17148 415 136738
2474691 933404 415 2584
2474693 933406 415 136738
2474698 933408 415 24
2474700 246285 415 1169
2474701 246285 415 4767
2474702 246285 415 82107
2474703 89451 415 38177
2474708 933410 415 136732
2474709 933411 415 1947
2474710 933412 415 136765
2474711 933412 415 29487
2474713 933413 415 136762
2474716 111371 415 136738
2474718 80186 415 136750
2474719 80186 415 136734
2474721 933417 415 1034
2474722 108158 415 136744
2474723 21645 415 136743
2474725 933418 415 467
2474726 933419 415 1565
2474728 153521 415 1723
2474729 153521 415 136738
2474730 933421 415 72
2474731 185822 415 136738
2474732 264107 415 72
2474733 142910 415 136732
2474736 457155 415 38177
2474739 933425 415 895
2474740 933424 415 15
2474741 933426 415 136732
2474743 933428 415 136755
2474750 933434 415 1034
2474756 933438 415 1034
2474758 617045 415 869
2474759 933440 415 996
2474761 933441 415 24
2474762 933442 415 15
2474779 24909 415 136738
2474780 501022 415 1745
2474781 501022 415 895
2474784 933460 415 136742
2474786 887706 415 6
2474787 933462 415 136744
2474791 391206 415 136731
2474792 933465 415 136769
2474793 108186 415 15
2474797 933468 415 1034
2474798 933469 415 136780
2474799 933470 415 136762
2474800 933471 415 136751
2474802 933473 415 136740
2474803 933474 415 3439
2474804 933474 415 1034
2474805 933474 415 4682
2474807 933476 415 136732
2474808 933476 415 29487
2474809 108207 415 1169
2474810 136398 415 72
2474811 57507 415 38177
2474812 57507 415 1745
2474813 933477 415 136737
2474814 933478 415 1565
2474815 933479 415 1119
2474816 933480 415 1723
2474818 18239 415 136763
2474819 933481 415 4767
2474821 933483 415 136752
2474823 933484 415 136763
2474824 933485 415 27165
2474826 61479 415 136743
2474827 933487 415 136740
2474828 933487 415 996
2474832 933489 415 4767
2474835 1937226 415 467
2474836 1937226 415 24
2474837 933491 415 136764
2474845 933500 415 3439
2474846 933502 415 996
2474847 933502 415 136740
2474850 933507 415 1565
2474851 933507 415 136753
2474852 933510 415 2584
2474853 933510 415 136730
2474854 933512 415 2584
2474855 933512 415 25225
2474858 1937227 415 136733
2474862 933516 415 1284
2474863 933516 415 1034
2474864 933516 415 82107
2474865 933517 415 2359
2474866 933517 415 1169
2474871 933519 415 996
2474872 933519 415 29487
2474873 933520 415 467
2474874 933521 415 27165
2474875 933521 415 29487
2474877 933522 415 72721
2474878 933524 415 136752
2474879 933525 415 72
2474880 933527 415 1947
2474881 933527 415 136730
2474885 933494 415 136772
2474886 933494 415 1267
2474887 933531 415 425
2474888 933531 415 29487
2474889 933533 415 136765
2474890 933533 415 29487
2474891 96707 415 29487
2474892 96707 415 38177
2474894 933535 415 136753
2474895 933535 415 29487
2474896 933535 415 1565
2474897 933537 415 136753
2474898 933537 415 29487
2474899 933538 415 15
2474900 933538 415 25225
2474901 933539 415 4861
2474902 933539 415 2359
2474903 933498 415 1169
2474904 933498 415 136772
2474906 933501 415 24503
2474910 933503 415 24
2474911 933503 415 29487
2474913 933543 415 25225
2474914 606042 415 26080
2474915 606042 415 29487
2474916 933545 415 136741
2474919 933546 415 38177
2474921 259066 415 29487
2474922 259066 415 1257
2474925 933550 415 26080
2474926 933550 415 29487
2474929 933552 415 136744
2474930 933552 415 136751
2474931 933552 415 29487
2474932 933508 415 2584
2474933 933508 415 3790
2474934 933508 415 136730
2474935 933508 415 136761
2474936 933509 415 136730
2474937 933509 415 29487
2474938 933509 415 2584
2474939 933511 415 25225
2474940 933511 415 2584
2474941 933511 415 29487
2474942 933513 415 8293
2474943 933554 415 1775
2474944 933556 415 2133
2474945 933556 415 29487
2474946 435229 415 3807
2474947 881077 415 136730
2474948 933559 415 19533
2474949 933560 415 136750
2474950 933561 415 15
2474951 927635 415 24
2474952 933526 415 72
2474953 178618 415 136742
2474954 178618 415 136730
2474957 933532 415 2971
2474958 933562 415 1947
2474959 933534 415 136766
2474960 933563 415 15
2474961 933563 415 5947
2474962 430342 415 38177
2474964 933536 415 136751
2474965 933536 415 136761
2474969 933567 415 4861
2474970 933567 415 136731
2474977 933569 415 136779
2474979 169030 415 1565
2474980 169030 415 29487
2474985 170526 415 3807
2474986 933573 415 136737
2474988 933575 415 136732
2474989 933575 415 29487
2474990 933576 415 15
2474991 933577 415 136782
2474992 933577 415 136732
2474993 933577 415 29487
2474994 933578 415 136732
2474995 933578 415 29487
2474996 933547 415 4767
2475003 742786 415 2359
2475004 933584 415 1034
2475005 933584 415 4861
2475011 933555 415 136733
2475012 933557 415 136731
2475013 933558 415 1565
2475014 933558 415 136751
2475015 933558 415 29487
2475017 32583 415 136749
2475018 933590 415 3807
2475020 933594 415 467
2475021 24840 415 72
2475022 933595 415 136732
2475027 933600 415 1034
2475029 933602 415 136744
2475030 759660 415 136763
2475031 933564 415 136760
2475035 933607 415 53760
2475037 933608 415 503
2475042 933611 415 136744
2475046 770052 415 3807
2475049 933581 415 136732
2475050 933613 415 467
2475053 933585 415 136763
2475055 933618 415 136744
2475058 87273 415 136756
2475059 401600 415 503
2475062 933623 415 467
2475065 136490 415 1947
2475067 251301 415 1565
2475068 933591 415 4861
2475069 933592 415 136735
2475072 933629 415 136752
2475073 933630 415 1565
2475074 933596 415 136760
2475076 933631 415 583
2475077 933631 415 29487
2475079 933632 415 136752
2475080 933633 415 136752
2475085 933603 415 136735
2475087 933604 415 4861
2475088 933605 415 136735
2475092 440987 415 136735
2475093 933641 415 6
2475096 933644 415 583
2475097 933644 415 343
2475098 933645 415 1565
2475099 933646 415 1565
2475100 933647 415 1565
2475103 933651 415 1565
2475104 933610 415 4861
2475106 933653 415 583
2475107 933654 415 583
2475108 933654 415 1267
2475109 933615 415 813
2475111 933655 415 72721
2475112 933617 415 136735
2475116 933619 415 72
2475120 364761 415 136750
2475121 71252 415 1267
2475124 108378 415 38177
2475126 933666 415 136753
2475127 302016 415 311
2475128 302016 415 136753
2475129 302016 415 29487
2475132 933668 415 136753
2475133 928497 415 136755
2475134 10799 415 136740
2475136 734826 415 996
2475138 933671 415 136755
2475139 933671 415 1267
2475143 65253 415 1565
2475144 65253 415 1267
2475147 933676 415 136740
2475148 933677 415 136740
2475149 933678 415 136761
2475159 259155 415 136750
2475161 364169 415 136750
2475162 933685 415 136753
2475165 579146 415 1267
2475167 58536 415 136743
2475169 13486 415 136762
2475170 933688 415 136743
2475171 933659 415 38177
2475172 468388 415 136741
2475173 933661 415 38177
2475174 75867 415 136740
2475175 933690 415 136741
2475178 370327 415 136743
2475179 933694 415 136751
2475181 461054 415 136743
2475182 933664 415 136751
2475184 933696 415 136730
2475187 933667 415 136734
2475188 367698 415 136743
2475192 933701 415 29571
2475193 933702 415 136730
2475194 933704 415 136751
2475195 1902 415 136734
2475199 933711 415 136732
2475200 933675 415 136734
2475201 933712 415 29571
2475202 933713 415 29571
2475211 411888 415 136743
2475212 933722 415 136732
2475213 933722 415 29487
2475216 933725 415 136732
2475218 24590 415 136743
2475219 933727 415 136732
2475220 933728 415 136732
2475221 392978 415 136743
2475225 933689 415 136734
2475226 157891 415 136730
2475228 933733 415 136732
2475232 933736 415 136737
2475233 933737 415 1947
2475234 933738 415 136758
2475235 933739 415 15
2475236 700027 415 136758
2475238 278033 415 136733
2475241 933705 415 136758
2475242 933741 415 1947
2475245 933742 415 15
2475246 933707 415 136731
2475250 933743 415 136733
2475253 24825 415 136738
2475256 933744 415 1947
2475257 933745 415 136738
2475258 933746 415 15
2475259 933747 415 136782
2475260 933747 415 136732
2475261 734817 415 136733
2475262 933748 415 15
2475263 461077 415 15
2475265 933749 415 15
2475266 465551 415 1947
2475267 933750 415 29487
2475268 933750 415 1947
2475269 933751 415 15
2475270 933752 415 136737
2475275 125082 415 136730
2475276 933755 415 3807
2475278 933757 415 1947
2475279 933757 415 813
2475280 284850 415 1565
2475284 933761 415 15
2475286 933763 415 136730
2475287 264261 415 136731
2475288 257770 415 38177
2475290 398021 415 136734
2475291 933765 415 996
2475292 933765 415 3439
2475293 933766 415 996
2475294 933766 415 3439
2475299 933770 415 1565
2475303 24898 415 136731
2475304 933774 415 136743
2475308 933777 415 136737
2475310 43291 415 3439
2475311 43291 415 2807
2475312 43291 415 85850
2475313 43291 415 1034
2475320 933782 415 3807
2475321 593905 415 136733
2475322 145025 415 136738
2475323 933783 415 3807
2475325 933785 415 29487
2475326 933785 415 136753
2475327 553046 415 1267
2475328 933786 415 136732
2475333 933788 415 136732
2475334 933788 415 4861
2475336 933789 415 2242
2475339 933790 415 1119
2475345 933793 415 136760
2475346 731639 415 1565
2475347 933794 415 3790
2475348 933794 415 29487
2475349 933795 415 136753
2475350 933796 415 1947
2475351 933797 415 136756
2475352 933798 415 1169
2475353 933798 415 25225
2475354 933799 415 136781
2475355 933800 415 136741
2475356 121634 415 136731
2475361 75886 415 15
2475362 933803 415 136730
2475364 933804 415 136730
2475365 933805 415 38177
2475369 933808 415 425
2475370 933808 415 1267
2475371 933809 415 136744
2475373 933811 415 4861
2475375 434927 415 15
2475376 264323 415 136738
2475377 264323 415 3439
2475379 108482 415 136760
2475380 136395 415 136760
2475384 933815 415 1723
2475392 933820 415 3835
2475393 933820 415 29487
2475395 24957 415 136743
2475401 933823 415 136740
2475403 933825 415 26080
2475404 363354 415 136741
2475405 933826 415 1565
2475406 933827 415 26080
2475407 933828 415 136753
2475408 933828 415 67
2475423 933837 415 3807
2475428 125143 415 136740
2475429 469788 415 19533
2475430 890688 415 1947
2475432 933840 415 1947
2475433 420738 415 136733
2475435 933842 415 136747
2475436 933843 415 15
2475439 933845 415 136744
2475441 933847 415 136744
2475442 933848 415 136744
2475443 646530 415 136744
2475444 329539 415 72
2475445 933849 415 1947
2475446 24981 415 136738
2475447 24981 415 79
2475449 933851 415 15
2475450 933852 415 1034
2475452 933853 415 467
2475453 933853 415 29487
2475455 933855 415 2807
2475459 933860 415 1775
2475462 138907 415 136754
2475463 933861 415 15
2475464 933862 415 15
2475465 933863 415 136772
2475466 933864 415 16596
2475467 933865 415 5804
2475468 933866 415 3790
2475469 933866 415 1947
2475470 84265 415 136735
2475471 933867 415 25225
2475472 933867 415 4861
2475473 933867 415 895
2475474 933868 415 72
2475475 1937228 415 1034
2475476 1937228 415 136733
2475477 1937228 415 136764
2475478 933869 415 1723
2475481 933870 415 1723
2475483 665187 415 1267
2475484 665187 415 136751
2475485 933871 415 15
2475486 469805 415 136741
2475488 933872 415 136780
2475489 933872 415 72
2475490 933873 415 26080
2475491 1937229 415 136764
2475492 473359 415 4767
2475493 473359 415 15
2475494 473359 415 136734
2475495 56472 415 136734
2475496 143511 415 136738
2475501 933876 415 136744
2475502 933877 415 136761
2475504 651898 415 136747
2475511 933883 415 136741
2475513 108554 415 1947
2475514 933885 415 1947
2475515 933886 415 3439
2475516 933886 415 40924
2475521 933891 415 136744
2475522 933892 415 136744
2475523 933893 415 136735
2475524 933894 415 136758
2475526 933896 415 1947
2475527 933897 415 503
2475528 933898 415 29571
2475529 933899 415 1565
2475531 864617 415 26080
2475532 536574 415 136737
2475533 933901 415 2971
2475536 593574 415 136733
2475537 933905 415 136731
2475538 933906 415 1565
2475539 933907 415 29571
2475548 933912 415 136732
2475549 933913 415 26080
2475551 933915 415 136731
2475552 933916 415 1775
2475555 76287 415 136776
2475556 76287 415 136747
2475557 51190 415 136743
2475558 930642 415 136747
2475562 134804 415 136747
2475572 112543 415 136738
2475573 48400 415 136747
2475586 933936 415 79
2475587 933936 415 136730
2475590 933939 415 1804
2475591 933940 415 6
2475592 2188 415 136734
2475594 933931 415 3439
2475595 933931 415 1034
2475596 933941 415 1895
2475605 933934 415 1947
2475606 933934 415 136730
2475614 933947 415 136749
2475615 933948 415 3439
2475616 933948 415 1034
2475617 1937230 415 3439
2475618 1937230 415 503
2475619 37731 415 136740
2475620 933950 415 3439
2475621 933951 415 136753
2475622 933951 415 26080
2475628 933958 415 1804
2475633 164 415 1119
2475634 933965 415 583
2475635 25118 415 136740
2475636 125240 415 503
2475637 933966 415 3439
2475638 933968 415 136744
2475643 933954 415 136732
2475644 718567 415 136733
2475645 324694 415 1565
2475652 455792 415 15
2475653 933970 415 53760
2475654 933972 415 38177
2475655 933973 415 4767
2475656 929084 415 1565
2475657 933976 415 29571
2475658 933974 415 467
2475659 933975 415 2133
2475662 933978 415 15
2475663 1562983 415 136738
2475665 933979 415 1947
2475671 602665 415 25885
2475672 602665 415 3790
2475674 933984 415 136754
2475675 933985 415 25225
2475678 933988 415 136743
2475679 933989 415 4767
2475680 933989 415 2592
2475683 933992 415 4861
2475684 933992 415 996
2475686 933993 415 19533
2475691 933996 415 25225
2475692 933996 415 2584
2475693 264443 415 19533
2475696 934000 415 29487
2475697 934000 415 136765
2475699 934002 415 53760
2475701 934004 415 25225
2475702 934005 415 25225
2475703 934006 415 136737
2475705 96173 415 72
2475706 934008 415 1257
2475707 934009 415 136735
2475711 934016 415 136730
2475712 804002 415 1937
2475713 804002 415 2404
2475714 934017 415 136737
2475715 934011 415 4861
2475719 934014 415 4861
2475722 934019 415 136762
2475724 934021 415 15
2475725 934022 415 136732
2475734 468657 415 813
2475735 619807 415 1169
2475737 934027 415 38177
2475738 934028 415 136778
2475739 29873 415 1034
2475742 911074 415 136741
2475743 911074 415 79
2475744 165 415 136741
2475745 462374 415 136741
2475746 462374 415 79
2475747 22743 415 1775
2475748 411 415 1775
2475749 934030 415 1775
2475752 934037 415 136764
2475753 642097 415 136742
2475755 933997 415 136732
