2480360 935115 417 1728
2480361 935115 417 1863
2480362 935115 417 7089
2480364 3827 417 536
2480365 3827 417 637
2480366 3827 417 40
2480367 3898 417 1861
2480368 3898 417 58130
2480371 135860 417 48983
2480372 935118 417 1863
2480375 49720 417 1491
2480376 49720 417 136811
2480377 49720 417 100
2480378 593507 417 1491
2480379 593507 417 72
2480383 935122 417 1175
2480387 935125 417 536
2480388 935125 417 1863
2480389 935125 417 635
2480390 66381 417 5371
2480391 66381 417 24
2480392 596208 417 1331
2480393 596208 417 29
2480394 596208 417 2601
2480395 596208 417 795
2480396 935126 417 34557
2480397 935126 417 1123
2480398 935126 417 72
2480399 935126 417 3623
2480400 935126 417 4
2480401 935126 417 285
2480402 935126 417 97914
2480403 935127 417 1491
2480404 935127 417 136812
2480405 935127 417 19458
2480406 399339 417 503
2480407 399339 417 136813
2480408 399339 417 58130
2480409 935128 417 88048
2480410 247751 417 369
2480411 247751 417 39
2480412 935129 417 1491
2480413 935129 417 136812
2480414 935129 417 19458
2480421 69718 417 1128
2480422 69718 417 1728
2480423 69718 417 523
2480432 106908 417 2030
2480433 106908 417 1175
2480434 935135 417 40
2480435 935135 417 366
2480436 935136 417 2709
2480437 935136 417 1793
2480438 935136 417 49992
2480439 935137 417 3835
2480440 935137 417 1615
2480444 935143 417 90
2480445 935143 417 254
2480446 935143 417 40
2480451 287125 417 637
2480452 287125 417 635
2480453 287125 417 3357
2480454 287125 417 1861
2480459 935147 417 1491
2480460 935147 417 136814
2480461 935147 417 647
2480465 935149 417 1359
2480466 935151 417 1896
2480467 935151 417 1123
2480468 935152 417 1331
2480469 935152 417 638
2480470 935152 417 369
2480471 935152 417 618
2480475 561801 417 638
2480476 561801 417 58130
2480483 935156 417 767
2480484 935156 417 125
2480485 935156 417 4
2480486 935156 417 57092
2480487 935157 417 1491
2480488 935157 417 136811
2480492 935160 417 767
2480493 935160 417 1565
2480494 935160 417 125
2480495 935161 417 81
2480496 935161 417 1861
2480498 96112 417 767
2480499 935163 417 131588
2480500 935163 417 136818
2480501 935163 417 3640
2480502 935163 417 1728
2480503 935164 417 1896
2480504 935165 417 563
2480505 935165 417 3640
2480506 935165 417 2709
2480507 935167 417 637
2480508 935167 417 635
2480509 935167 417 1123
2480510 935168 417 5346
2480517 664227 417 635
2480518 664227 417 637
2480521 935170 417 638
2480522 935170 417 46
2480523 935170 417 645
2480524 32724 417 1491
2480525 32724 417 136814
2480526 32724 417 789
2480531 175435 417 125
2480532 175435 417 767
2480533 175435 417 39
2480534 175435 417 3
2480535 935174 417 5385
2480536 935174 417 583
2480537 935174 417 46187
2480538 935174 417 464
2480539 75704 417 667
2480540 50620 417 1491
2480541 50620 417 3233
2480547 53631 417 40
2480561 74786 417 58130
2480565 75498 417 187
2480566 935180 417 136819
2480567 935180 417 136820
2480571 935183 417 2803
2480572 65027 417 90
2480573 65027 417 46
2480574 935184 417 58130
2480575 935185 417 1863
2480576 935185 417 637
2480577 935186 417 1491
2480578 935186 417 9156
2480579 935187 417 1491
2480580 935187 417 9156
2480582 935190 417 1491
2480583 935190 417 17042
2480584 935192 417 125
2480585 935192 417 1918
2480586 935192 417 4661
2480587 935193 417 69226
2480588 935193 417 2186
2480589 935194 417 254
2480590 935194 417 1745
2480597 935197 417 3659
2480598 127806 417 1896
2480599 127806 417 2520
2480600 127806 417 13672
2480601 127806 417 7372
2480603 63431 417 187
2480604 63431 417 3659
2480605 63431 417 1744
2480609 935200 417 1175
2480610 602499 417 1491
2480611 602499 417 136812
2480612 602499 417 19458
2480613 602499 417 77
2480616 71112 417 1793
2480617 71112 417 464
2480618 71112 417 1128
2480624 30656 417 1491
2480625 30656 417 70
2480626 475247 417 1605
2480627 475247 417 2916
2480628 475247 417 15697
2480636 935206 417 1491
2480637 935206 417 100
2480649 3156 417 563
2480650 3156 417 1728
2480651 3156 417 285
2480652 123080 417 941
2480653 123080 417 39
2480654 123080 417 767
2480655 123080 417 1728
2480664 935212 417 40
2480665 935212 417 1123
2480666 935212 417 136815
2480667 935213 417 80
2480668 935213 417 638
2480669 935213 417 81
2480670 935213 417 712
