2496323 937679 419 873
2496324 937680 419 846
2496325 7755 419 29
2496327 368005 419 1937
2496328 368005 419 846
2496332 195928 419 791
2496333 195928 419 15803
2496339 158519 419 188
2496340 158519 419 11
2496341 158519 419 44
2496342 937682 419 1943
2496343 937682 419 503
2496347 360938 419 44
2496348 360938 419 11
2496356 422478 419 11
2496357 422478 419 21
2496362 937686 419 873
2496363 171554 419 4041
2496365 11679 419 846
2496366 11679 419 21
2496367 11679 419 1560
2496368 937688 419 21
2496369 937689 419 334
2496370 24354 419 6
2496372 189319 419 11
2496373 937691 419 2816
2496374 937691 419 11
2496375 937691 419 264
2496376 918970 419 791
2496377 918970 419 11
2496378 918970 419 21
2496379 270719 419 2816
2496387 937695 419 8795
2496388 937695 419 11
2496389 128912 419 11
2496390 128912 419 44
2496391 65523 419 846
2496392 355564 419 28
2496393 355564 419 11
2496399 470724 419 6
2496401 937698 419 4715
2496404 937701 419 873
2496405 937701 419 16100
2496408 937703 419 1257
2496411 343081 419 1937
2496412 937706 419 1937
2496413 937706 419 11
2496414 937707 419 16134
2496415 937707 419 638
2496416 12207 419 11
2496417 12207 419 846
2496418 937708 419 11
2496419 437428 419 1937
2496420 437428 419 3451
2496422 937709 419 137459
2496423 11450 419 2428
2496424 11450 419 4051
2496425 11450 419 873
2496426 11450 419 11
2496430 937710 419 21
2496431 937710 419 11
2496432 937710 419 8795
2496436 937712 419 4051
2496437 937713 419 11
2496438 937713 419 100
2496442 937715 419 4051
2496443 937715 419 5004
2496447 937716 419 11
2496453 937717 419 2816
2496454 937717 419 11
2496455 937717 419 334
2496456 12389 419 4051
2496457 12389 419 1943
2496458 12389 419 11
2496459 937718 419 2816
2496460 937718 419 1943
2496461 449041 419 11
2496462 449041 419 4
2496463 937719 419 4051
2496464 937719 419 11
2496467 937721 419 334
2496468 937721 419 125
2496469 434666 419 137460
2496470 434666 419 334
2496471 278400 419 2816
2496472 278400 419 638
2496473 278400 419 2936
2496474 937722 419 1937
2496475 937722 419 11
2496478 937724 419 334
2496479 937724 419 1937
2496480 937724 419 2816
2496482 937725 419 1257
2496483 937725 419 1560
2496486 937726 419 44
2496487 937726 419 139
2496496 84651 419 100
2496497 84651 419 11
2496498 937728 419 11
2496499 12794 419 873
2496500 12794 419 11
2496501 12794 419 503
2496502 12794 419 139
2496505 906077 419 139
2496506 906077 419 11
2496507 906077 419 2428
2496511 937730 419 846
2496512 157618 419 846
2496514 357783 419 11
2496515 357783 419 1344
2496516 937732 419 2816
2496517 937732 419 11
2496518 535807 419 11
2496519 535807 419 21
2496522 20028 419 557
2496523 20028 419 6
2496524 937733 419 334
2496525 778004 419 334
2496526 778004 419 11
2496527 778004 419 125
2496532 591426 419 941
2496533 591426 419 11
2496534 591426 419 334
2496535 937735 419 873
2496548 13134 419 7091
2496549 13134 419 139
2496553 937742 419 846
2496557 7471 419 6
2496560 140203 419 846
2496561 140203 419 6
2496562 140203 419 869
2496563 140203 419 507
2496564 937744 419 11
2496565 937744 419 72
2496569 9938 419 11
2496570 9938 419 757
2496574 937745 419 1937
2496575 937745 419 11
2496576 104806 419 1560
2496577 104806 419 846
2496578 937746 419 1943
2496579 937746 419 912
2496580 937747 419 4051
2496581 937748 419 2428
2496582 937748 419 11
2496583 937748 419 3722
2496585 349498 419 188
2496586 349498 419 44
2496587 349498 419 11
2496596 937749 419 11
2496597 937749 419 503
2496599 13374 419 11
2496600 13374 419 4051
2496602 937751 419 2920
2496603 558293 419 1257
2496604 558293 419 4265
2496605 937752 419 1257
2496608 14036 419 4051
2496609 14036 419 1707
2496610 14036 419 79659
2496611 937753 419 1560
2496612 937753 419 1404
2496613 937753 419 846
2496621 937756 419 1257
2496624 937758 419 4051
2496625 937759 419 334
2496628 765735 419 264
2496629 765735 419 11
2496630 884979 419 2428
2496631 884979 419 264
2496632 884979 419 11
2496633 60528 419 188
2496634 60528 419 44
2496635 60528 419 11
2496636 937761 419 1257
2496637 937761 419 21
2496639 265208 419 11
2496640 265208 419 44
2496647 419126 419 791
2496648 419126 419 11
2496649 419126 419 1937
2496650 937765 419 1257
2496651 937766 419 1937
2496655 197735 419 1257
2496656 937767 419 1937
2496657 937767 419 12341
2496658 937767 419 11
2496659 937768 419 1560
2496663 32049 419 2428
2496664 32049 419 11
2496665 32049 419 8795
2496666 937769 419 2816
2496667 937769 419 11
2496670 919620 419 21
2496671 919620 419 873
2496672 919620 419 11
2496673 14137 419 12341
2496674 14137 419 11
2496675 14137 419 7091
2496676 14137 419 1937
2496682 937773 419 2428
2496683 937773 419 11
2496684 182338 419 6
2496685 182338 419 1937
2496686 416311 419 4051
2496687 416311 419 11
2496693 366003 419 3367
2496694 366003 419 139
2496695 67516 419 11
2496696 67516 419 4207
2496697 67516 419 1937
2496698 67516 419 72
2496699 937774 419 1937
2496702 937775 419 1937
2496703 937775 419 11
2496704 147380 419 125
2496705 147380 419 2936
2496709 937777 419 2816
2496710 937777 419 557
2496711 937777 419 334
2496712 937778 419 359
2496713 937778 419 11
2496719 394140 419 939
2496720 394140 419 11
2496721 767101 419 912
2496724 937781 419 4051
2496725 937781 419 11
2496726 937781 419 334
2496727 330841 419 44
2496728 254336 419 139
2496729 254336 419 301
2496730 254336 419 11
2496734 937783 419 2428
2496735 937783 419 11
2496736 937783 419 3722
2496737 937784 419 334
2496738 937784 419 1560
2496739 937784 419 11
2496742 937785 419 941
2496745 142826 419 638
2496746 142826 419 80
2496747 937786 419 29
2496748 926389 419 638
2496749 926389 419 1257
2496750 77896 419 104
2496751 77896 419 912
2496752 191071 419 1937
2496753 191071 419 334
2496759 917099 419 1560
2496760 917099 419 638
2496761 917099 419 557
2496762 917099 419 41743
2496763 373285 419 941
2496764 373285 419 557
2496765 265499 419 44
2496766 265499 419 11
2496772 937792 419 1404
2496775 937794 419 8795
2496776 937794 419 72
2496785 920129 419 734
2496786 920129 419 7091
2496794 937800 419 98
2496795 937800 419 11
2496796 265579 419 44
2496797 265579 419 11
2496798 618927 419 791
2496799 618927 419 11
2496800 618927 419 334
2496803 506609 419 5922
2496804 506609 419 557
2496805 254043 419 873
2496806 254043 419 21
2496807 254043 419 72
2496815 937801 419 359
2496818 937802 419 912
2496819 111066 419 11
2496820 718092 419 98
2496821 718092 419 139
2496824 68241 419 941
2496827 937804 419 1257
2496828 937804 419 11
2496829 337793 419 2428
2496830 337793 419 264
2496831 337793 419 11
2496832 337793 419 98
2496837 937805 419 4051
2496842 192941 419 1937
2496843 192941 419 6
2496854 378838 419 139
2496855 378838 419 11
2496856 419631 419 98678
2496857 419631 419 557
2496861 279340 419 359
2496865 937812 419 730
2496868 937814 419 638
2496869 937814 419 730
2496870 79219 419 1937
2496871 79219 419 139
2496874 937816 419 2936
2496875 937816 419 4265
2496876 937816 419 638
2496877 107531 419 873
2496878 937817 419 2936
2496879 937817 419 4265
2496880 937817 419 638
2496889 556145 419 342
2496890 556145 419 139
2496891 556145 419 264
2496896 937824 419 8795
2496897 937824 419 2730
2496898 937824 419 873
2496899 937824 419 11
2496901 937825 419 11
2496903 937827 419 873
2496904 937828 419 80
2496905 937828 419 4
2496906 937828 419 11
2496910 937830 419 374
2496911 937830 419 98
2496912 937831 419 1574
2496913 937831 419 638
2496914 417921 419 44
2496916 937833 419 11
2496917 937833 419 1937
2496918 905866 419 1807
2496919 905866 419 11
2496920 937834 419 1257
2496921 937834 419 21
2496925 937835 419 4051
2496926 937836 419 4051
2496927 937836 419 11
2496929 393721 419 100
2496930 937837 419 941
2496931 937837 419 334
2496932 937838 419 1937
2496933 937838 419 17208
2496934 937839 419 2816
2496935 937839 419 1943
2496936 937840 419 334
2496937 937840 419 1313
2496938 937840 419 139
2496939 937840 419 301
2496940 937840 419 2428
2496941 937840 419 11
2496945 937843 419 1191
2496946 80005 419 1937
2496947 80005 419 11
2496948 658864 419 873
2496949 658864 419 334
2496950 658864 419 503
2496951 937844 419 912
2496952 937844 419 1943
2496957 937847 419 873
2496958 937847 419 1257
2496964 937849 419 4051
2496965 937849 419 11
2496966 937849 419 98
2496972 937851 419 334
2496973 937851 419 139
2496974 937851 419 1313
2496975 937852 419 139
2496976 937852 419 2936
2496979 539731 419 4051
2496980 539731 419 11
2496981 937853 419 12341
2496982 937853 419 1937
2496983 937853 419 7091
2496995 937857 419 334
2496999 104472 419 1257
2497000 104472 419 21
2497001 159814 419 79659
2497002 159814 419 1707
2497003 159814 419 11
2497004 159814 419 80
2497005 937859 419 1943
2497006 937859 419 11
2497007 762054 419 139
2497008 762054 419 98
2497011 448824 419 11
2497012 448824 419 79659
2497013 448824 419 1707
2497014 55957 419 44
2497015 55957 419 342
2497016 55957 419 912
2497017 112305 419 1943
2497018 112305 419 139
2497019 112305 419 334
2497020 937861 419 1937
2497021 937861 419 12341
2497022 937861 419 11
2497023 937863 419 1257
2497024 937863 419 2936
2497025 937863 419 4265
2497026 18537 419 6
2497027 18537 419 1751
2497028 448889 419 873
2497036 937867 419 1937
2497037 937867 419 11
2497038 937868 419 6
2497039 32368 419 188
2497040 32368 419 11
2497041 32368 419 44
2497042 725461 419 11
2497055 79312 419 1257
2497061 105715 419 1560
2497062 105715 419 846
2497063 105715 419 125
2497070 937877 419 11
2497071 937877 419 4051
2497072 937877 419 100
2497073 937877 419 3153
2497074 364692 419 1257
2497075 937878 419 2428
2497076 937878 419 11
2497086 937880 419 12341
2497087 937880 419 1937
2497088 937880 419 11
2497095 937883 419 4715
2497099 252755 419 1943
2497100 357512 419 1106
2497101 357512 419 44
2497102 357512 419 11
2497112 937888 419 4051
2497113 937889 419 8795
2497114 937889 419 2730
2497115 937889 419 11
2497116 937890 419 873
2497117 937890 419 11
2497118 937890 419 8795
2497122 937891 419 1937
2497123 937891 419 873
2497124 937892 419 1937
2497125 937892 419 1943
2497126 937892 419 873
2497127 937893 419 4715
2497135 937895 419 139
2497136 937895 419 1807
2497137 937896 419 4051
2497138 937896 419 11
2497142 105689 419 21
2497143 105689 419 791
2497144 105689 419 11
2497150 937901 419 1937
2497151 264023 419 1175
2497154 332029 419 846
2497155 111327 419 939
2497156 111327 419 11
2497157 920037 419 939
2497158 920037 419 11
2497159 920037 419 21
2497163 937904 419 4051
2497164 937905 419 22073
2497165 937905 419 11
2497166 937905 419 2852
2497167 919816 419 4051
2497168 919816 419 11
2497173 937907 419 291
2497174 937907 419 758
2497175 937907 419 1937
2497178 105877 419 1560
2497179 105877 419 846
2497185 37609 419 4041
2497186 37609 419 503
2497187 37609 419 1937
2497188 37609 419 139
2497192 937911 419 4051
2497195 713903 419 11
2497198 937913 419 1257
2497199 937913 419 125
2497200 241617 419 104
2497201 937914 419 2816
2497202 937914 419 11
2497206 884336 419 2428
2497207 884336 419 11
2497208 884336 419 3722
2497209 937915 419 1751
2497210 937915 419 557
2497211 937916 419 1937
2497212 937916 419 873
2497218 937919 419 294
2497219 937919 419 873
2497220 937920 419 4051
2497221 937920 419 11
2497222 937921 419 11
2497223 937921 419 334
2497224 434925 419 11
2497225 434925 419 4
2497226 58816 419 11
2497227 58816 419 557
2497228 621034 419 873
2497229 937922 419 100
2497230 937922 419 44
2497231 937922 419 11
2497232 937923 419 80
2497233 937923 419 1707
2497234 937923 419 28
2497237 937925 419 2730
2497238 937925 419 873
2497239 937925 419 8795
2497247 337133 419 791
2497248 337133 419 11
2497250 121515 419 9438
2497253 937931 419 583
2497254 937931 419 11
2497258 937932 419 873
2497259 937932 419 81
2497260 937933 419 104
2497261 937933 419 9755
2497262 937933 419 877
2497264 160291 419 11
2497265 937934 419 334
2497266 937934 419 16134
2497272 937937 419 334
2497273 937937 419 125
2497274 395620 419 3153
2497275 395620 419 11
2497276 395620 419 29932
2497277 937938 419 334
2497278 937939 419 137462
2497283 937942 419 4051
2497284 937943 419 334
2497285 937944 419 359
2497286 937944 419 11
2497287 937944 419 334
2497288 937945 419 334
2497292 937948 419 98
2497293 937948 419 264
2497297 937950 419 1257
2497300 937952 419 730
2497301 937952 419 11
2497302 937952 419 7091
2497309 351539 419 1937
2497310 351539 419 6
2497311 351539 419 638
2497312 351539 419 15449
2497313 937956 419 2428
2497314 937956 419 4051
2497315 937956 419 11
2497316 937956 419 72
2497317 937957 419 80
2497318 937957 419 72
2497325 412052 419 4051
2497326 412052 419 11
2497327 412052 419 1937
2497328 12780 419 72
2497335 937962 419 1937
2497336 937962 419 1943
2497337 937963 419 1257
2497339 937965 419 557
2497340 937966 419 334
2497341 937966 419 1106
2497342 937966 419 7091
2497343 937966 419 104
2497344 241908 419 939
2497345 241908 419 98
2497348 537501 419 44
2497349 537501 419 98
2497353 79050 419 4715
