108566 28918 42 7425
108567 28918 42 7426
108568 28918 42 7427
108569 28918 42 7428
108570 28918 42 7429
108571 28919 42 108
108572 28919 42 6015
108573 28919 42 638
108574 28919 42 527
108575 28920 42 183
108576 28920 42 4254
108577 28921 42 7430
108578 28921 42 638
108579 28921 42 183
108580 28921 42 7431
108581 28921 42 7432
108582 28922 42 183
108591 28926 42 202
108592 28926 42 7433
108597 3830 42 7438
108598 3830 42 7430
108599 3830 42 490
108600 3830 42 3
108601 3830 42 7439
108602 28928 42 7438
108603 28928 42 506
108604 28929 42 4797
108605 28929 42 7440
108607 1931 42 734
108608 1931 42 5966
108609 1931 42 139
108610 1931 42 15
108615 28932 42 7442
108616 28932 42 5
108617 28933 42 490
108618 28933 42 138
108619 28933 42 15
108620 25852 42 108
108621 25852 42 282
108622 25852 42 15
108623 28934 42 7443
108624 28934 42 256
108625 28934 42 7444
108626 28934 42 7445
108627 21769 42 7441
108628 21769 42 183
108642 27550 42 108
108643 27550 42 7438
108644 27550 42 7430
108645 28937 42 7449
108664 22914 42 2990
108665 22914 42 138
108666 22914 42 7452
108667 22914 42 108
108668 22914 42 7446
108669 22914 42 7453
108675 28943 42 668
108676 28943 42 7455
108677 28943 42 5966
108678 28943 42 490
108679 28943 42 1084
108680 28944 42 7434
108681 28944 42 138
108682 28945 42 108
108683 28945 42 6612
108684 28945 42 7430
108685 28946 42 183
108686 28946 42 7431
108687 28946 42 7432
108688 28947 42 6273
108689 28947 42 282
108690 28947 42 7446
108691 28947 42 7447
108692 28948 42 7456
108693 28948 42 7457
108694 28948 42 7458
108695 28949 42 7439
108696 28949 42 108
108697 28949 42 7430
108698 28949 42 1117
108699 28949 42 146
108700 28950 42 138
108701 28950 42 7430
108702 28950 42 6490
108703 28950 42 1141
108704 22960 42 108
108705 22960 42 7459
108711 28952 42 3780
108712 28952 42 1117
108713 28952 42 108
108733 28958 42 188
108734 28958 42 490
108735 28958 42 638
108736 28958 42 6273
108740 28960 42 7465
108741 28960 42 7466
108742 28960 42 120
108743 28960 42 638
108766 22562 42 668
108767 22562 42 7470
108768 28966 42 7471
108769 28966 42 5964
108770 28966 42 6692
108777 28969 42 5185
108778 28969 42 6182
108779 28969 42 7434
108780 28969 42 7435
108781 28969 42 7437
108782 28970 42 4797
108783 28970 42 7472
108784 28970 42 7464
108785 28971 42 7473
108786 28971 42 655
108787 28971 42 6961
108788 28971 42 5964
108789 28971 42 7474
108790 28972 42 7433
108791 28972 42 2361
108794 28974 42 188
108795 28974 42 7438
108796 28974 42 108
108797 28974 42 1117
108798 28974 42 527
108799 28975 42 7435
108800 28975 42 7450
108801 28975 42 4433
108802 28975 42 7476
108803 28976 42 7456
108804 28976 42 7477
108805 28976 42 120
108806 28976 42 5933
108811 28978 42 7477
108812 28978 42 1007
108813 28978 42 120
108816 28980 42 104
108817 28980 42 992
108818 28980 42 6596
108819 28980 42 98
108820 28981 42 1007
108821 28981 42 490
108822 28981 42 120
108832 28984 42 5185
108833 28985 42 6490
108834 28986 42 1007
108835 28986 42 7479
108836 28986 42 188
108837 28986 42 108
108838 28987 42 7456
108839 28987 42 7480
108840 28988 42 7434
108841 28988 42 7481
108842 28988 42 301
108843 28989 42 108
108844 28989 42 894
108845 28989 42 138
108846 28989 42 15
108847 28989 42 668
108848 28989 42 638
108849 28989 42 44
108850 28989 42 1117
108851 28989 42 7438
108852 28989 42 7430
108853 28989 42 7482
108866 28993 42 587
108867 28993 42 7484
108868 28993 42 7450
108869 28993 42 7437
108871 28995 42 220
108872 28995 42 7450
108873 28995 42 15
108874 28996 42 5146
108875 28996 42 7431
108876 28996 42 188
108877 28997 42 522
108878 28997 42 15
108889 29000 42 6490
108890 29000 42 108
108891 29001 42 4797
108892 29001 42 120
108893 29001 42 7486
108894 29001 42 256
108933 29008 42 7153
108934 29008 42 6182
108935 29008 42 7450
108936 29008 42 7437
108937 29009 42 7425
108938 29009 42 7435
108939 29009 42 6182
108940 29009 42 4385
108941 29009 42 6197
108942 29009 42 7437
108943 28138 42 6157
108944 28138 42 6596
108945 28138 42 7450
108946 29010 42 7495
108947 29011 42 7492
108948 29011 42 7496
108949 29011 42 7497
108950 29011 42 7498
108951 29011 42 7499
108952 29012 42 7500
108953 29012 42 779
108959 29015 42 7501
108960 29015 42 7456
108961 29015 42 7464
108962 29016 42 6490
108970 29018 42 225
108971 29018 42 7434
108972 29018 42 7435
108973 29018 42 7437
108978 29020 42 391
108979 29020 42 7503
108980 29020 42 226
108981 29020 42 7434
108982 29020 42 7435
108983 29020 42 6182
108984 29020 42 6197
108985 29020 42 7437
108986 29021 42 391
108987 29021 42 6182
108988 29021 42 7434
108989 29021 42 7435
108990 29021 42 7437
108991 29022 42 188
108992 29022 42 638
109003 29026 42 2990
109004 29026 42 7452
109005 29026 42 7453
109006 29026 42 7504
109007 29027 42 1007
109008 29027 42 7492
109009 29027 42 3
109016 1140 42 7506
109017 1140 42 7435
109018 1140 42 7434
109019 1140 42 522
109020 1140 42 7462
109021 1140 42 6182
109024 29031 42 480
109025 29031 42 7507
109026 29031 42 100
109033 29036 42 15
109034 29036 42 7430
109035 29036 42 138
109036 29036 42 1141
109037 29036 42 7438
109038 29037 42 15
109039 29037 42 3
109040 29038 42 188
109041 29038 42 120
109042 29039 42 490
109043 29039 42 4797
109044 29039 42 1007
109045 29039 42 7510
109061 29043 42 276
109062 29043 42 7511
109069 29048 42 7512
109070 29048 42 7435
109071 29048 42 6182
109072 29048 42 7437
109075 29050 42 5964
109076 29050 42 6388
109077 29050 42 885
109080 29052 42 5906
109081 29052 42 188
109082 29053 42 1136
109083 29053 42 638
109084 29054 42 6490
109085 29054 42 108
109086 29054 42 1117
109087 29054 42 7438
109088 29054 42 7430
109089 29054 42 3
109090 29055 42 7492
109091 29055 42 1136
109092 29055 42 638
109096 29057 42 6192
109097 29057 42 4640
109098 29057 42 7287
109099 29057 42 104
109100 29057 42 638
109105 29059 42 7515
109106 29059 42 7516
109107 29059 42 7287
109108 29059 42 490
109109 29060 42 7501
109110 29060 42 7517
109111 29061 42 7456
109112 29061 42 256
109113 29061 42 7501
109114 29062 42 7456
109115 29062 42 7501
109126 29066 42 4385
109127 29066 42 391
109128 29066 42 7434
109129 29066 42 7435
109130 29066 42 6197
109131 29066 42 7437
109132 29067 42 4051
109133 29067 42 7478
109134 29068 42 7492
109135 29068 42 7497
109136 29068 42 1084
109137 29068 42 490
109138 29068 42 168
109139 29068 42 276
109140 29068 42 5728
109141 29068 42 220
109142 29069 42 638
109143 29069 42 108
109144 29069 42 527
109145 29069 42 7438
109146 29069 42 7430
109147 29070 42 4797
109148 29070 42 7456
109149 29070 42 7443
109153 29072 42 129
109154 29072 42 638
109155 29072 42 7430
109156 29073 42 108
109157 29073 42 15
109158 29073 42 6490
109159 29074 42 108
109160 29074 42 7459
109161 29074 42 7430
109162 29075 42 108
109163 29075 42 7459
109172 29076 42 108
109173 29076 42 5946
109174 29076 42 7430
109175 29077 42 108
109176 29077 42 7438
109177 29077 42 1117
109178 29077 42 527
109179 29077 42 6006
109180 29077 42 2210
109181 29077 42 7144
109188 29079 42 7245
109189 29079 42 1084
109198 29083 42 2139
109199 29083 42 7462
109200 29083 42 734
109201 29083 42 638
109202 29084 42 7425
109203 29084 42 4385
109204 29084 42 6182
109205 29084 42 7450
109206 29084 42 7521
109207 29084 42 7434
109208 29084 42 7435
109209 29084 42 7437
109214 29086 42 7425
109215 29086 42 7521
109216 29086 42 6182
109217 29086 42 7434
109218 29086 42 7435
109219 29086 42 7437
109220 29087 42 7425
109221 29087 42 4385
109222 29087 42 7434
109223 29087 42 7435
109224 29087 42 6182
109225 29087 42 7437
109226 29088 42 7425
109227 29088 42 4385
109228 29088 42 7434
109229 29088 42 7435
109230 29088 42 6182
109231 29088 42 6197
109232 29088 42 7437
109233 29089 42 7425
109234 29089 42 6182
109235 29089 42 7434
109236 29089 42 7435
109237 29089 42 7437
109247 29093 42 359
109248 29093 42 104
109249 29093 42 7462
109250 29093 42 734
109255 29095 42 7456
109256 29095 42 7464
109257 29095 42 7524
109258 251 42 6490
109259 251 42 7430
109265 29097 42 4797
109266 29097 42 7456
109267 29097 42 7528
109268 29097 42 7529
109282 29102 42 1374
109283 29102 42 7533
109284 29102 42 638
109285 29102 42 6181
109299 29105 42 7454
109303 29107 42 7430
109304 29107 42 15
109305 23402 42 108
109306 23402 42 5367
109307 23402 42 3780
109308 23402 42 183
109309 23402 42 7430
109310 29108 42 4797
109311 29108 42 1058
109312 29108 42 638
109313 29108 42 6192
109314 29109 42 7456
109315 29109 42 7464
109316 29109 42 7524
109317 29109 42 490
109318 29110 42 1007
109319 29110 42 7493
109320 29110 42 120
109321 29110 42 960
109322 29110 42 490
109355 29118 42 7492
109356 29118 42 4162
109357 29118 42 1007
109358 29118 42 100
109363 29120 42 7434
109364 29120 42 7437
109365 29120 42 2161
109366 29120 42 7543
109367 29121 42 7492
109368 29121 42 490
109369 29121 42 1084
109370 29122 42 6192
109371 29122 42 638
109372 29123 42 169
109373 29123 42 188
109374 29123 42 108
109375 29123 42 527
109376 29123 42 285
109377 29123 42 885
109378 20371 42 44
109379 20371 42 7544
109380 20371 42 7430
109381 20371 42 7438
109382 20371 42 7463
109385 29125 42 6490
109386 29125 42 15
109391 29127 42 4797
109392 29127 42 15
109393 29127 42 7545
109395 29129 42 4797
109396 29129 42 7546
109397 29129 42 638
109398 29129 42 7524
109399 29129 42 7547
109404 29131 42 7443
109408 29133 42 4797
109409 29133 42 7548
109410 29133 42 638
109420 29137 42 7443
109421 29137 42 6692
109422 29137 42 7432
109423 29138 42 7552
109424 29138 42 15
109434 29144 42 7425
109435 29144 42 6197
109436 29144 42 7434
109437 29144 42 7435
109438 29144 42 6182
109439 29144 42 7437
109440 29145 42 108
109441 29145 42 7438
109442 29145 42 7430
109443 29145 42 1117
109444 29145 42 527
109445 29145 42 638
109446 29146 42 7456
109447 29146 42 7556
109450 29148 42 779
109451 29148 42 7557
109452 29148 42 527
109464 29153 42 6490
109465 29153 42 108
109474 29155 42 7453
109475 29155 42 183
109476 29156 42 6490
109477 29156 42 108
109478 29156 42 1117
109479 29156 42 7438
109480 29156 42 7430
109499 29162 42 108
109500 29162 42 638
109506 29164 42 7492
109507 29164 42 7564
109508 29165 42 490
109509 29165 42 7430
109514 29167 42 1165
109515 29167 42 4162
109516 29167 42 6961
109517 29167 42 7567
109518 29168 42 7456
109519 29168 42 4284
109539 23542 42 183
109540 23542 42 7431
109541 23542 42 7432
109542 23542 42 7571
109543 23542 42 7430
109551 29176 42 391
109552 29176 42 7484
109553 29176 42 7434
109554 29176 42 6182
109555 29176 42 7450
109556 29176 42 7437
109557 29177 42 391
109558 29177 42 7503
109559 29177 42 226
109560 29177 42 7434
109561 29177 42 7435
109562 29177 42 6182
109563 29177 42 6197
109564 29177 42 7437
109565 29178 42 391
109566 29178 42 6182
109567 29178 42 7434
109568 29178 42 7435
109569 29178 42 7437
109570 29179 42 391
109571 29179 42 7503
109572 29179 42 6182
109573 29179 42 226
109574 29179 42 7434
109575 29179 42 7435
109576 29179 42 7437
109577 29180 42 391
109578 29180 42 7572
109579 29180 42 7434
109580 29180 42 7435
109581 29180 42 6197
109582 29180 42 7437
109583 29181 42 391
109584 29181 42 226
109585 29181 42 7434
109586 29181 42 7435
109587 29181 42 6182
109588 29181 42 7437
109589 29182 42 391
109590 29182 42 7434
109591 29182 42 7435
109592 29182 42 6182
109593 29182 42 7437
109594 29183 42 391
109595 29183 42 4385
109596 29183 42 7437
109600 29185 42 391
109601 29185 42 7451
109602 29185 42 7437
109603 29186 42 391
109604 29186 42 7425
109605 29186 42 7434
109606 29186 42 7435
109607 29186 42 6182
109608 29186 42 6197
109609 29186 42 7437
109610 29187 42 391
109611 29187 42 6182
109612 29187 42 7434
109613 29187 42 7435
109614 29187 42 6197
109615 29187 42 7437
109616 29188 42 391
109617 29188 42 7573
109618 29188 42 6182
109619 29188 42 226
109620 29188 42 7434
109621 29188 42 7435
109622 29188 42 6197
109623 29188 42 7437
109632 29190 42 391
109633 29190 42 226
109634 29190 42 6182
109635 29190 42 7434
109636 29190 42 7435
109637 29190 42 7437
109646 29193 42 391
109647 29193 42 7450
109648 29193 42 6182
109649 29193 42 7437
109650 29193 42 7435
109651 29193 42 7434
109652 29193 42 7521
109653 29194 42 391
109654 29194 42 6182
109655 29194 42 7434
109656 29194 42 7435
109657 29194 42 7437
109658 29195 42 391
109659 29195 42 7573
109660 29195 42 6182
109661 29195 42 6197
109662 29195 42 7434
109663 29195 42 7435
109664 29195 42 7437
109669 29197 42 391
109670 29197 42 7503
109671 29197 42 6182
109672 29197 42 7434
109673 29197 42 7435
109674 29197 42 7437
109675 29198 42 391
109676 29198 42 7435
109677 29198 42 7434
109678 29198 42 6197
109679 29198 42 6182
109680 29198 42 7437
109681 29199 42 391
109682 29199 42 7503
109683 29199 42 6182
109684 29199 42 7434
109685 29199 42 7435
109686 29199 42 7437
109687 29200 42 391
109688 29200 42 7503
109689 29200 42 226
109690 29200 42 7434
109691 29200 42 7435
109692 29200 42 6182
109693 29200 42 6197
109694 29200 42 7437
109695 29201 42 391
109696 29201 42 388
109697 29201 42 6182
109698 29201 42 7434
109699 29201 42 7435
109700 29201 42 7437
109701 29202 42 391
109702 29202 42 7573
109703 29202 42 6182
109704 29202 42 7434
109705 29202 42 7435
109706 29202 42 7437
109707 29203 42 6182
109708 29203 42 7434
109709 29203 42 3
109710 29203 42 7450
109711 29203 42 7435
109712 29203 42 7506
109713 21984 42 7430
109714 21984 42 138
109715 21984 42 7470
109716 29204 42 7470
109717 29204 42 7430
109718 29204 42 7534
109719 29205 42 120
109720 29205 42 1132
109721 29205 42 108
109722 29205 42 188
109723 29205 42 1136
109724 29206 42 5964
109725 29206 42 490
109726 29206 42 1084
109727 29206 42 120
109728 29207 42 7470
109729 29207 42 285
109733 29209 42 104
109734 29209 42 7462
109735 29209 42 638
109736 29210 42 221
109737 29210 42 7575
109738 29210 42 507
109739 29210 42 7576
109740 29211 42 7470
109741 29211 42 6388
109742 29211 42 7438
109743 29211 42 76
109744 29211 42 164
109753 29213 42 7267
109754 29214 42 894
109755 29214 42 7460
109756 29214 42 7577
109757 29214 42 104
109758 29214 42 98
109759 29214 42 7578
109761 29216 42 7456
109762 29216 42 7464
109763 29216 42 7579
109764 29216 42 7580
109765 29216 42 507
109766 29217 42 4797
109767 29217 42 7456
109768 29217 42 7581
109769 29217 42 7445
109770 29218 42 7438
109771 29218 42 221
109772 29219 42 6490
109773 29219 42 108
109774 29219 42 7430
109778 288 42 6490
109779 288 42 7438
109780 288 42 7430
109781 288 42 138
109803 29225 42 7433
109804 29225 42 6612
109805 29226 42 7448
109806 29226 42 6612
109807 29226 42 138
109815 29228 42 108
109816 29228 42 5367
109817 29228 42 1117
109818 29228 42 183
109819 29228 42 3780
109820 29229 42 4797
109821 29229 42 6596
109822 29230 42 7456
109823 29230 42 7585
109824 29230 42 7453
109825 29231 42 188
109826 29231 42 108
109827 29231 42 202
109828 29232 42 6490
109833 29234 42 7587
109834 29234 42 1360
109837 29236 42 289
109838 29236 42 138
109839 29236 42 7534
109843 15954 42 894
109844 15954 42 77
109845 15954 42 139
109846 15954 42 7144
109848 29239 42 5185
109849 29239 42 6182
109850 29239 42 7434
109851 29239 42 7435
109852 29239 42 7437
109853 29240 42 5964
109854 29240 42 7464
109855 29240 42 7588
109863 29243 42 7456
109864 29243 42 7589
109865 29244 42 6956
109866 29244 42 1007
109867 29244 42 638
109874 29246 42 7462
109875 29246 42 139
109876 29246 42 104
109877 29246 42 638
109883 29248 42 44
109884 29248 42 7430
109885 29248 42 2719
109887 29250 42 7456
109888 29250 42 7591
109894 29252 42 276
109895 29252 42 4385
109896 29252 42 6182
109897 29252 42 7437
109902 29254 42 276
109903 29254 42 638
109904 29255 42 220
109905 29255 42 276
109906 29255 42 15
109913 23751 42 221
109914 23751 42 6257
109915 23751 42 638
109919 29259 42 6490
109927 29261 42 391
109928 29261 42 7450
109929 29261 42 7435
109930 29261 42 7434
109931 29261 42 7437
109932 29261 42 6182
109933 14399 42 28
109934 14399 42 188
109935 14399 42 6961
109936 29262 42 7433
109937 29262 42 1128
109943 29264 42 6490
109944 29264 42 108
109945 29264 42 7438
109946 29264 42 7430
109947 29264 42 138
109970 29271 42 4385
109971 29271 42 2161
109972 29271 42 7434
109973 29271 42 7435
109974 29271 42 7437
109975 29271 42 6197
109976 29272 42 6158
109977 29272 42 846
109978 29272 42 301
109979 29273 42 779
109980 29273 42 7557
109981 29274 42 638
109982 29274 42 7596
109983 29275 42 458
109984 29275 42 391
109985 29275 42 7572
109986 29275 42 6182
109987 29275 42 7450
109988 29275 42 7434
109989 29275 42 7435
109990 29275 42 7437
109991 29276 42 2715
109992 29276 42 522
109993 29276 42 6596
109994 29276 42 1512
109995 29276 42 7487
109996 29277 42 3633
109997 29277 42 7464
109998 29277 42 7443
109999 29278 42 638
110022 29283 42 7599
110023 29283 42 7435
110024 29283 42 6182
110025 29283 42 7437
110026 29284 42 4797
110027 29284 42 7456
110028 29284 42 220
110029 29284 42 15
110030 29285 42 4385
110031 29285 42 391
110032 29285 42 7434
110033 29285 42 7435
110034 29285 42 6182
110035 29285 42 7437
110036 29286 42 7492
110037 29286 42 7564
110038 29287 42 7529
110039 29287 42 7443
110042 29289 42 2990
110043 29289 42 7452
110044 29289 42 7453
110045 29289 42 7446
110046 29289 42 7430
110047 29289 42 2376
110055 29290 42 5511
110056 29290 42 5367
110057 29291 42 527
110058 29291 42 5966
110059 29291 42 7455
110060 29291 42 7600
110061 29292 42 527
110062 29292 42 285
110063 29293 42 527
110064 29293 42 7438
110065 29293 42 7601
110066 29294 42 7287
110068 29296 42 7512
110069 29296 42 7435
110070 29296 42 6197
110071 29296 42 7437
110080 29299 42 44
110081 29299 42 7496
110082 29299 42 7459
110086 29302 42 6490
110087 29303 42 108
110088 29303 42 5936
110089 29303 42 5930
110090 29303 42 1118
110091 29303 42 527
110092 29303 42 7438
110093 29304 42 7434
110094 29304 42 7568
110095 29304 42 7512
110102 29307 42 7456
110103 29307 42 6388
110106 29309 42 104
110107 29309 42 7593
110108 29309 42 490
110109 29309 42 120
110110 29309 42 1007
110111 29309 42 285
110112 29309 42 1679
110113 29309 42 7603
110114 29310 42 7456
110115 29310 42 7604
110116 29311 42 4797
110117 29311 42 7443
110118 29311 42 7456
110119 29311 42 6388
110120 29312 42 7456
110121 29312 42 7605
110128 29315 42 7606
110135 29317 42 7456
110136 29317 42 7464
110139 29319 42 4797
110140 29319 42 120
110141 29319 42 7432
110142 29320 42 6490
110143 29320 42 108
110144 29320 42 1117
110145 29320 42 7438
110146 29320 42 7430
110147 29321 42 4385
110148 29321 42 226
110149 29321 42 6182
110150 29321 42 7434
110151 29321 42 7435
110152 29321 42 7437
110153 29322 42 1007
110154 29322 42 120
110155 29323 42 7440
110156 29323 42 7545
110166 29328 42 7440
110167 29328 42 490
110175 29330 42 7464
110176 29330 42 7456
110177 29330 42 7607
110191 29334 42 70
110192 29334 42 638
110224 29341 42 7267
110225 29341 42 3490
110226 29341 42 104
110227 29341 42 2906
110228 29341 42 638
110229 29342 42 7456
110230 29342 42 4774
110231 29342 42 7612
110232 29343 42 5964
110233 29343 42 7477
110234 29343 42 120
110235 29343 42 5933
110236 29343 42 490
110249 29348 42 7614
110250 29348 42 138
110251 29348 42 7430
110252 29348 42 3780
110253 29348 42 183
110254 29349 42 104
110255 23924 42 5146
110256 23924 42 3122
110257 23924 42 7431
110258 23924 42 188
110259 23924 42 1084
110260 23924 42 7144
110261 29350 42 4797
110262 29350 42 7517
110263 29350 42 7496
110264 29350 42 7615
110265 29351 42 7456
110266 29351 42 7615
110267 29352 42 7425
110268 29352 42 7616
110269 29352 42 391
110270 29352 42 4385
110271 29352 42 7434
110272 29352 42 7435
110273 29352 42 7437
110274 29353 42 5936
110275 29353 42 5930
110276 29353 42 188
110279 29355 42 7434
110280 29355 42 7618
110281 29355 42 7619
110282 29355 42 7620
110283 29355 42 7621
110284 29356 42 7456
110285 29356 42 5966
110286 29356 42 1409
110287 29356 42 7589
110288 29357 42 7434
110289 29357 42 7622
110290 29357 42 7623
110291 29358 42 202
110292 29358 42 2749
110298 29360 42 391
110299 29360 42 7624
110300 29360 42 7434
110301 29360 42 7435
110302 29360 42 7437
110303 29361 42 490
110304 29361 42 894
110305 29361 42 28
110306 29361 42 7069
110307 29362 42 188
110308 29362 42 1117
110309 29362 42 527
110310 29362 42 108
110311 29362 42 7438
110312 29362 42 7430
110313 29362 42 3
110314 29362 42 3780
110315 29362 42 668
110316 29363 42 188
110317 29363 42 490
110322 29365 42 188
110323 29365 42 490
110324 29365 42 1084
110325 29366 42 188
110326 29367 42 188
110327 29367 42 490
110328 29367 42 1084
110329 29367 42 7431
110330 29368 42 188
110331 29368 42 638
110332 29369 42 5146
110333 29369 42 7468
110334 29369 42 7431
110335 29370 42 7456
110336 29370 42 4797
110337 29370 42 120
110338 29370 42 7625
110339 29371 42 2210
110340 29371 42 6596
110341 29371 42 7438
110342 29371 42 3
110343 29372 42 7559
110344 29372 42 7626
110345 29372 42 7462
110346 29372 42 104
110347 29372 42 638
110348 29373 42 5146
110349 29373 42 120
110350 29373 42 7627
110351 29373 42 188
110352 29373 42 7628
110353 29373 42 1118
110354 6908 42 5146
110355 6908 42 188
110356 6908 42 15
110357 29374 42 7555
110358 29374 42 7629
110359 29374 42 7434
110360 29374 42 7437
110361 29375 42 7433
110362 29376 42 15
110363 29376 42 1512
110364 29376 42 6596
110365 29377 42 220
110366 29377 42 15
110373 29379 42 5146
110374 29379 42 3122
110375 29379 42 188
110390 29382 42 5146
110391 29382 42 7468
110392 29382 42 188
110393 29382 42 7438
110394 29382 42 56
110395 29382 42 169
110396 29382 42 1117
110397 29382 42 527
110398 29382 42 3
110399 29382 42 490
110400 29382 42 668
110404 29384 42 7456
110405 29384 42 7631
110406 29384 42 5146
110407 29384 42 188
110419 29388 42 5146
110420 29388 42 7468
110421 29388 42 7536
110422 29389 42 5146
110423 29389 42 7468
110424 29389 42 5367
110425 29390 42 5146
110426 29390 42 7468
110427 29390 42 7632
110428 29391 42 7633
110429 29391 42 1117
110430 29391 42 168
110431 29391 42 1436
110432 29392 42 6490
110433 29392 42 138
110434 29392 42 108
110435 29392 42 7430
110436 29392 42 7438
110437 29392 42 15
110438 29392 42 1617
110439 29392 42 3804
110440 29393 42 6490
110441 29393 42 7430
110442 29393 42 7438
110443 29394 42 7425
110444 29394 42 7434
110445 29394 42 7435
110446 29394 42 6182
110447 29394 42 7437
110450 29395 42 5146
110451 29395 42 7468
110452 29396 42 490
110453 29396 42 1084
110454 29396 42 28
110455 29396 42 168
110456 29396 42 7634
110462 29398 42 2424
110463 29398 42 3777
110464 29399 42 5146
110465 29399 42 638
110469 29401 42 1007
110470 29401 42 77
110471 29401 42 885
110477 29403 42 7290
110478 29403 42 120
110484 29405 42 5185
110485 29405 42 6182
110486 29405 42 7434
110487 29405 42 7435
110488 29405 42 7437
110494 29407 42 527
110495 29407 42 1436
110496 29407 42 7638
110502 29409 42 104
110503 29409 42 7639
110504 29409 42 638
110512 29412 42 104
110513 29412 42 638
110520 29415 42 638
110521 29415 42 104
110522 29415 42 1679
110523 29416 42 1084
110532 29417 42 70
110533 29417 42 53
110534 29418 42 4797
110535 29418 42 120
110536 29418 42 7493
110537 29418 42 7640
110538 29418 42 1136
110539 29418 42 7290
110540 29418 42 28
110541 29418 42 104
110542 29418 42 3490
110543 29419 42 4797
110544 29419 42 7496
110545 29419 42 7617
110546 29420 42 289
110547 29420 42 138
110551 29422 42 289
110552 29422 42 7430
110553 29422 42 138
110554 29423 42 490
110555 29423 42 5964
110556 29423 42 7641
110557 29423 42 4129
110558 29424 42 6421
110559 29424 42 138
110560 29425 42 1328
110561 29425 42 6692
110562 29425 42 7462
110563 29426 42 7446
110570 29428 42 108
110571 29428 42 5367
110572 29428 42 183
110573 29428 42 3780
110574 29428 42 1117
110578 29430 42 4385
110579 29430 42 6182
110580 29430 42 7434
110581 29430 42 7435
110582 29430 42 6197
110583 29430 42 7437
110584 29431 42 1136
110585 29431 42 7400
110586 29432 42 490
110587 29432 42 104
110588 29432 42 7587
110589 29432 42 894
110590 29433 42 7492
110591 29433 42 2990
110592 29433 42 7644
110615 29438 42 7435
110616 29438 42 523
110619 29440 42 138
110620 29440 42 15
110621 29440 42 6490
110622 29441 42 2081
110623 29441 42 507
110624 29441 42 331
110625 29441 42 285
110626 29441 42 7459
110629 29443 42 7456
110630 29443 42 7645
110631 29444 42 7456
110632 29444 42 7646
110634 29446 42 6612
110635 29446 42 3780
110643 29448 42 183
110644 29448 42 7447
110659 29451 42 391
110660 29451 42 7435
110661 29451 42 7450
110662 29451 42 388
110663 29452 42 388
110664 29452 42 391
110665 29452 42 7450
110666 29452 42 6182
110667 29452 42 7434
110668 29452 42 7435
110669 29452 42 7437
110670 29453 42 388
110671 29453 42 6596
110672 29453 42 391
110673 29453 42 3
110674 29453 42 7435
110675 29454 42 391
110676 29454 42 6182
110677 29454 42 6197
110678 29454 42 7434
110679 29454 42 7435
110680 29454 42 7437
110681 29455 42 7554
110682 29455 42 7555
110683 29455 42 4343
110684 29455 42 6259
110685 29456 42 4343
110686 29456 42 7554
110687 29456 42 7555
110688 29457 42 4343
110689 29457 42 7555
110697 29459 42 7450
110698 29459 42 276
110699 29459 42 388
110700 29459 42 6197
110701 29460 42 98
110702 29460 42 4011
110703 29460 42 388
110704 29460 42 7524
110705 29460 42 7647
110707 29462 42 1007
110708 29462 42 120
110709 29462 42 1132
110710 29462 42 108
110711 29462 42 188
110712 29462 42 1118
110713 29463 42 4385
110714 29463 42 276
110715 29463 42 226
110716 29463 42 7434
110717 29463 42 7435
110718 29463 42 6182
110719 29463 42 7437
110725 29466 42 7648
110726 29466 42 4385
110727 29466 42 7434
110728 29466 42 7435
110729 29466 42 6182
110730 29466 42 7437
110731 29467 42 490
110732 29467 42 7529
110733 29467 42 7544
110734 29468 42 1136
110735 29469 42 6182
110736 29469 42 7435
110737 29469 42 7434
110738 29469 42 7437
110739 29470 42 7456
110740 29470 42 7649
110753 29474 42 108
110754 29474 42 1117
110755 29474 42 7438
110756 29474 42 7430
110757 29474 42 638
110758 29475 42 7650
110759 29476 42 7615
110760 29476 42 638
110761 29477 42 5146
110762 29477 42 188
110763 29477 42 527
110768 29479 42 7650
110769 29480 42 4797
110770 29480 42 7650
110771 29481 42 4797
110772 29481 42 1136
110773 29481 42 7456
110774 29481 42 638
110775 29482 42 7456
110776 29482 42 7650
110777 24263 42 5936
110778 24263 42 2028
110779 29483 42 4797
110780 29483 42 7562
110781 29483 42 7552
110782 29484 42 4385
110783 29484 42 391
110784 29484 42 6182
110785 29484 42 7434
110786 29484 42 7435
110787 29484 42 6197
110788 29484 42 7437
110789 29485 42 4385
110790 29485 42 917
110791 29485 42 7434
110792 29485 42 7435
110793 29485 42 6182
110794 29486 42 4385
110795 29486 42 6182
110796 29486 42 226
110797 29486 42 7434
110798 29486 42 7435
110799 29486 42 7437
110807 29488 42 4385
110808 29488 42 391
110809 29488 42 6182
110810 29488 42 7434
110811 29488 42 7435
110812 29488 42 7450
110813 29488 42 7437
110814 29489 42 4385
110815 29489 42 7434
110816 29489 42 7435
110817 29489 42 6182
110818 29489 42 7437
110826 29491 42 4385
110827 29491 42 6182
110828 29491 42 7521
110829 29491 42 7434
110830 29491 42 7435
110831 29491 42 6197
110832 29491 42 7437
110837 29493 42 960
110838 29494 42 960
110839 29494 42 120
110840 29494 42 1007
110841 29495 42 960
110842 29495 42 120
110843 29496 42 960
110844 29496 42 748
110845 29496 42 104
110846 29496 42 7466
110853 29498 42 7433
110854 24642 42 108
110855 24642 42 138
110856 24642 42 638
110857 24642 42 7430
110858 24642 42 7438
110859 24642 42 1117
110860 29499 42 7619
110861 29499 42 301
110862 29500 42 4385
110863 29500 42 917
110864 29500 42 7434
110865 29500 42 7435
110866 29500 42 6182
110867 29500 42 7437
110868 29501 42 7440
110869 29501 42 7545
110870 29501 42 4797
110871 29502 42 4797
110872 29502 42 7545
110879 29504 42 6490
110880 29504 42 7435
110881 29505 42 28
110882 29505 42 6961
110883 29505 42 7655
110889 29508 42 1141
110890 29508 42 202
110891 29508 42 638
110895 29510 42 7435
110896 29510 42 523
110897 29511 42 7435
110898 29511 42 507
110899 29511 42 3804
110900 29511 42 1617
110901 29512 42 7456
110902 29512 42 7656
110903 29513 42 7456
110904 29513 42 7501
110905 29514 42 7456
110906 29514 42 7657
110912 29516 42 7545
110942 24338 42 7433
110943 29525 42 276
110944 29525 42 527
110945 29525 42 220
110946 29526 42 7456
110948 29528 42 7492
110949 29528 42 7497
110950 29528 42 490
110951 29528 42 1084
110955 29530 42 7450
110956 29530 42 226
110957 29530 42 7619
110958 29530 42 3
110959 29530 42 7437
110966 29532 42 7659
110967 29532 42 1081
110968 29532 42 7459
110972 29534 42 2904
110973 29534 42 638
110974 29535 42 4444
110975 29535 42 108
110976 29535 42 7448
110989 29538 42 6490
110990 29538 42 108
110991 29538 42 1117
110992 29538 42 7438
110993 29538 42 7430
110994 29539 42 188
110995 29539 42 120
110996 29539 42 44
110997 29539 42 1118
110998 29539 42 6035
111008 29543 42 7470
111009 29543 42 164
111029 29550 42 7434
111030 29550 42 6130
111031 29550 42 391
111032 29551 42 7456
111033 29551 42 7661
111034 29552 42 4797
111035 29552 42 7662
111039 29554 42 1007
111040 29554 42 6956
111041 29554 42 15
111055 29558 42 120
111056 29558 42 3
111057 29558 42 1118
111058 29558 42 108
111059 29558 42 7438
111060 29558 42 1117
111061 29558 42 527
111062 29558 42 5933
111063 29558 42 7430
111064 29558 42 15
111065 29558 42 188
111066 29558 42 1512
111067 29558 42 7487
111068 29558 42 285
111069 29558 42 183
111070 29558 42 3780
111071 29558 42 668
111072 29559 42 7477
111073 29559 42 120
111074 29559 42 5964
111075 29559 42 5933
111076 29560 42 6973
111077 29560 42 120
111078 29560 42 4140
111088 29563 42 1141
111089 29563 42 638
111093 29565 42 7664
111094 29565 42 5933
111095 29565 42 120
111096 29565 42 1007
111097 29565 42 1084
111098 29566 42 1007
111099 29566 42 7493
111100 29566 42 120
111101 29567 42 1007
111102 29567 42 5966
111103 29567 42 1084
111104 29567 42 490
111105 29567 42 7665
111106 29567 42 7455
111107 29568 42 1007
111108 29568 42 120
111109 29568 42 7567
111110 29569 42 1007
111111 29569 42 490
111115 29571 42 7667
111116 29572 42 1007
111117 29573 42 1007
111118 29573 42 15
111119 29573 42 1084
111124 29575 42 1007
111125 29575 42 960
111126 29575 42 120
111127 29576 42 1007
111128 29576 42 7477
111129 29576 42 120
111130 29576 42 960
111131 29576 42 5933
111132 29576 42 638
111133 29577 42 1007
111134 29577 42 5966
111135 29577 42 1084
111136 29577 42 7478
111140 29579 42 5964
111141 29579 42 1084
111142 29580 42 4797
111143 29580 42 7668
111144 29580 42 7549
111145 29581 42 4797
111146 29581 42 7549
111157 29584 42 202
111158 29584 42 2297
111159 29584 42 2749
111160 29585 42 108
111161 29585 42 1117
111162 29585 42 7438
111163 29585 42 7430
111171 29587 42 1007
111172 29587 42 1084
111181 29590 42 7536
111182 29590 42 5936
111183 29591 42 7456
111184 29591 42 5146
111185 29591 42 7468
111191 29592 42 1367
111192 29592 42 202
111193 29593 42 220
111204 29598 42 1374
111205 29598 42 6181
111206 29598 42 6697
111207 29598 42 638
111212 29600 42 7456
111213 29600 42 120
111214 29600 42 7457
111215 29601 42 1136
111216 29601 42 7400
111217 29602 42 4797
111218 29602 42 7456
111219 29603 42 1500
111220 29603 42 7673
111224 29605 42 2715
111225 29605 42 6512
111226 29605 42 7674
111227 29605 42 7558
111228 29605 42 15
111242 29609 42 4797
111243 29609 42 256
111244 29610 42 100
111245 29610 42 1136
111246 29610 42 104
111247 29610 42 7478
111252 29612 42 100
111266 29618 42 3
111267 29619 42 1007
111268 29619 42 960
111269 29619 42 490
111270 29619 42 1084
111271 29619 42 120
111272 29620 42 490
111273 29620 42 1007
111274 29620 42 1173
111299 29627 42 7430
111300 29627 42 7438
111301 29627 42 1117
111302 29627 42 108
111303 29628 42 15
111304 29628 42 7492
111305 29629 42 104
111306 29629 42 120
111307 29630 42 6490
111308 29630 42 188
111318 29633 42 7456
111319 29633 42 7684
111320 29634 42 4444
111321 29634 42 829
111322 29634 42 638
111323 29634 42 7685
111340 29639 42 7434
111341 29639 42 7483
111342 29639 42 7522
111343 382 42 6490
111344 382 42 108
111345 382 42 138
111346 382 42 44
111347 382 42 7438
111348 26834 42 6490
111349 26834 42 108
111350 26834 42 7438
111351 26834 42 7430
111372 29648 42 7456
111373 29648 42 7438
111374 29648 42 220
111381 29650 42 123
111382 29650 42 104
111383 29650 42 5
111398 29653 42 108
111408 29655 42 4797
111409 29655 42 7464
111410 29655 42 7493
111411 29655 42 7651
111412 29655 42 1136
111413 29655 42 3490
111414 29655 42 7689
111415 29655 42 960
111416 29655 42 1007
111417 29656 42 7512
111418 29656 42 7435
111419 29656 42 6182
111420 29656 42 7437
111438 29660 42 7456
111439 29661 42 4797
111440 29661 42 222
111441 29661 42 216
111442 29661 42 220
111445 29663 42 7456
111446 29663 42 6692
111447 29663 42 7619
111448 29664 42 183
111449 29664 42 7431
111450 29664 42 6692
111451 29665 42 7545
111452 29666 42 7456
111453 29666 42 7692
111454 29667 42 7456
111455 29667 42 5966
111469 29672 42 490
111470 29672 42 7635
111471 29672 42 7636
111472 29672 42 7637
111486 29675 42 1436
111487 29675 42 7694
111488 29675 42 7439
111489 29675 42 7438
111490 29676 42 3780
111491 29676 42 183
111492 29676 42 7441
111493 29676 42 7439
111494 29676 42 527
111495 29676 42 7438
111496 29676 42 7430
111499 29677 42 7456
111500 29677 42 220
111501 29678 42 220
111502 29678 42 6148
111503 29679 42 220
111504 29679 42 70
111505 29679 42 53
111508 29681 42 220
111509 29682 42 108
111510 29682 42 7438
111511 29683 42 220
111512 29683 42 285
111513 29683 42 44
111514 29683 42 6148
111515 29683 42 301
111516 29683 42 7446
111517 29684 42 220
111518 29684 42 15
111519 29684 42 225
111525 29685 42 1136
111526 29685 42 4797
111527 29685 42 960
111528 29685 42 120
111529 29685 42 7695
111530 29686 42 4797
111531 29686 42 7456
111533 29688 42 7456
111534 29688 42 7615
111535 29688 42 7650
111538 29690 42 7492
111539 29690 42 7697
111540 29691 42 7492
111541 29691 42 7697
111542 29692 42 7456
111543 29692 42 7650
111548 29694 42 183
111549 29694 42 7447
111550 29695 42 7456
111551 29695 42 7698
111557 17103 42 188
111558 17103 42 7431
111559 29697 42 7492
111560 29697 42 7497
111561 29697 42 1084
111569 29700 42 7650
111583 29704 42 7702
111584 29704 42 7435
111585 29704 42 7437
111592 29707 42 108
111593 29707 42 7703
111594 29708 42 7456
111595 29708 42 7704
111609 29712 42 7484
111610 29712 42 7435
111611 29712 42 366
111612 29712 42 4797
111613 29713 42 7484
111614 29713 42 7459
111615 29713 42 7437
111616 29714 42 7434
111617 29714 42 7435
111618 29714 42 44
111619 29715 42 7435
111620 29715 42 7434
111621 29715 42 6182
111622 29715 42 7619
111623 29715 42 7437
111624 29716 42 7434
111625 29716 42 7619
111626 29716 42 3
111627 29717 42 4385
111628 29717 42 7425
111629 29717 42 7434
111630 29717 42 7435
111631 29717 42 6182
111632 29717 42 6197
111633 29717 42 7437
111634 29718 42 391
111635 29718 42 4385
111636 29718 42 226
111637 29718 42 6182
111638 29718 42 7619
111639 29718 42 7434
111640 29718 42 7435
111641 29718 42 7437
111644 29720 42 7435
111645 29720 42 7434
111646 29720 42 7619
111647 29720 42 7437
111648 29721 42 7434
111649 29721 42 7435
111650 29721 42 7437
111659 29723 42 7434
111660 29723 42 7437
111661 29723 42 7435
111666 29726 42 7709
111667 29726 42 7452
111668 29726 42 2990
111669 29726 42 7453
111670 29726 42 7446
111671 29726 42 285
111678 27464 42 2990
111679 27464 42 7462
111680 29728 42 960
111681 29728 42 7711
111682 29728 42 6692
111683 29728 42 7712
111684 29728 42 490
111689 29730 42 4140
111690 29730 42 7713
111691 29730 42 638
111692 29730 42 5966
111697 29732 42 7460
111698 29732 42 5964
111699 29732 42 7287
111700 29732 42 7465
111701 29732 42 6773
111702 29732 42 7716
111703 29733 42 7650
111714 29735 42 7287
111715 29735 42 5966
111720 29737 42 7446
111721 29737 42 507
111722 29737 42 7450
111723 29737 42 7487
111728 29739 42 4797
111729 29739 42 7496
111745 29743 42 6192
111746 29743 42 3666
111747 29744 42 6192
111748 29744 42 638
111751 22052 42 6490
111752 22052 42 108
111753 22052 42 1117
111754 22052 42 7438
111755 22052 42 7430
111756 29746 42 6273
111757 29746 42 1118
111758 29746 42 108
111759 29746 42 138
111760 29746 42 638
111761 29746 42 44
111762 29746 42 7430
111763 29746 42 7438
111764 29746 42 1117
111765 29747 42 188
111766 29747 42 221
111767 29748 42 7456
111768 29748 42 7551
111769 29748 42 188
111770 2345 42 108
111771 2345 42 1117
111772 2345 42 188
111773 2345 42 3780
111774 2345 42 7467
111775 2345 42 1118
111779 29750 42 7492
111780 29750 42 7496
111781 29750 42 7719
111782 29751 42 6961
111783 29751 42 1007
111784 29751 42 1084
111785 29752 42 7456
111786 29753 42 7456
111787 29753 42 146
111788 29754 42 4797
111789 29754 42 7549
111790 29754 42 7443
111793 27958 42 7470
111794 29756 42 7456
111795 29756 42 256
111800 29758 42 7443
111801 29758 42 7721
111802 29758 42 7456
111811 29759 42 108
111812 29759 42 188
111813 29759 42 7438
111814 29759 42 7614
111815 29760 42 490
111816 29760 42 5964
111817 29760 42 7596
111818 29760 42 7635
111819 29760 42 7636
111820 29760 42 7671
111821 10961 42 6181
111822 10961 42 638
111823 10961 42 7652
111824 10961 42 7722
111825 29761 42 4797
111826 29761 42 7464
111827 29761 42 7456
111828 29761 42 7457
111829 29761 42 7445
111834 29762 42 1007
111835 29762 42 5966
111836 29762 42 1084
111837 29762 42 490
111838 29762 42 15
111845 29765 42 4385
111846 29765 42 7435
111847 29765 42 7434
111848 29765 42 6182
111849 29765 42 301
111850 29765 42 7450
111851 29765 42 6596
111852 29765 42 507
111853 29765 42 7437
111854 29766 42 391
111855 29766 42 7572
111856 29766 42 6182
111857 29766 42 7434
111858 29766 42 7435
111859 29766 42 7437
111860 29767 42 507
111861 29767 42 7599
111862 29767 42 6182
111863 29767 42 7435
111864 29768 42 391
111865 29768 42 7572
111866 29768 42 7503
111867 29768 42 6197
111868 29768 42 6182
111869 29768 42 7434
111870 29768 42 7435
111871 29768 42 7437
111872 29769 42 7434
111873 29769 42 7437
111874 29769 42 7435
111875 29769 42 301
111876 29769 42 7543
111877 14152 42 285
111878 14152 42 1084
111879 14152 42 314
111880 14152 42 7723
111886 29771 42 7545
111887 29771 42 4797
111888 29772 42 4797
111889 29772 42 7545
111890 29772 42 7450
111891 29772 42 6596
111892 29772 42 6197
111893 29773 42 120
111894 29773 42 6961
111900 29775 42 7440
111913 29779 42 44
111914 29779 42 7433
111915 29779 42 7338
111916 29780 42 7725
111917 29780 42 7624
111918 29780 42 3777
111919 29781 42 7501
111920 29781 42 7550
111921 29782 42 7551
111922 29782 42 7464
111923 29783 42 6490
111924 29783 42 108
111925 29783 42 138
111926 29783 42 7430
111927 29783 42 7438
111928 29784 42 4385
111929 29784 42 7435
111930 29784 42 6182
111933 29786 42 108
111934 29786 42 285
111935 29786 42 7726
111941 29788 42 7456
111942 29788 42 4774
111943 29788 42 7612
111944 29789 42 7612
111945 29789 42 188
111946 29790 42 104
111947 29790 42 638
111948 25567 42 6612
111949 23632 42 5367
111950 23632 42 108
111953 29792 42 6182
111954 29792 42 7450
111955 29792 42 7437
111959 29794 42 7673
111960 29794 42 6197
111961 29795 42 7728
111962 29796 42 7478
111963 29797 42 7160
111964 29797 42 7729
111965 29798 42 7160
111966 29798 42 6192
111967 29798 42 638
111968 29799 42 6490
111969 29799 42 108
111970 29799 42 7430
111971 29799 42 7438
111972 29800 42 7456
111973 29800 42 7730
111974 29801 42 5146
111975 29801 42 7468
111976 29801 42 7632
111977 29802 42 490
111978 29802 42 7635
111979 29802 42 7636
111980 29802 42 7637
111981 29803 42 6490
111982 29803 42 108
111983 29803 42 1117
111984 29803 42 7438
111985 29803 42 7430
111986 29804 42 7438
111987 29804 42 7430
111988 29804 42 15
111998 29808 42 104
111999 29808 42 829
112000 29808 42 7462
112001 29808 42 139
112002 29808 42 7690
112016 550 42 613
112017 550 42 90
112018 550 42 1084
112019 550 42 490
112023 29813 42 1436
112024 29813 42 3780
112025 29813 42 7438
112026 29813 42 3
112030 29815 42 6490
112031 29815 42 108
112032 29815 42 1117
112033 29815 42 7438
112034 29815 42 7430
112035 29816 42 98
112036 29816 42 104
112037 29816 42 1679
112038 29817 42 7433
112039 29818 42 734
112040 29818 42 98
112041 29818 42 209
112042 29818 42 77
112043 29818 42 285
112048 29820 42 7624
112049 29820 42 7425
112050 29820 42 7434
112051 29820 42 7435
112052 29820 42 7437
112053 29821 42 7456
112070 29824 42 183
112071 29824 42 15
112075 29826 42 183
112076 29826 42 7732
112077 29826 42 5391
112078 29826 42 220
112079 29827 42 1136
112080 29827 42 7567
112081 29827 42 4797
112082 29827 42 120
112083 29827 42 7443
112088 29829 42 7290
112089 29829 42 638
112090 29829 42 4797
112091 29829 42 1136
112092 29829 42 104
112093 29829 42 120
112108 29835 42 6490
112121 29837 42 490
112122 29837 42 638
112123 29837 42 5966
112124 29837 42 7735
112125 29837 42 7736
112129 29839 42 7460
112130 29839 42 7287
112131 29839 42 5964
112132 29839 42 7465
112133 29839 42 992
112134 29840 42 7287
112135 29840 42 7695
112136 29840 42 7608
112137 29840 42 748
112138 29840 42 120
112139 29840 42 638
112140 29840 42 104
112155 29845 42 7739
112156 29845 42 4343
112157 29845 42 7450
112158 29846 42 1117
112159 29846 42 527
112160 29846 42 1436
112161 29846 42 7438
112162 29846 42 108
112163 29846 42 7430
112164 29846 42 3780
112165 29846 42 183
112166 29847 42 1436
112167 29847 42 527
112168 29848 42 7496
112169 29848 42 1436
112170 29848 42 7617
112174 29850 42 7545
112175 29851 42 7440
112176 29851 42 7545
112180 29853 42 7425
112181 29853 42 391
112182 29853 42 6182
112183 29853 42 3
112184 29853 42 7434
112185 29853 42 7435
112186 29853 42 7437
112187 29854 42 7433
112188 29854 42 2361
112208 29860 42 7456
112209 29860 42 7741
112210 29861 42 108
112211 29861 42 120
112212 29861 42 7459
112213 29862 42 490
112214 29862 42 120
112215 29862 42 7438
112221 29865 42 391
112222 29865 42 6182
112223 29865 42 7521
112224 29865 42 7435
112225 29865 42 7437
112226 29865 42 7434
112227 29865 42 4385
112228 29866 42 15
112229 29866 42 1986
112230 29866 42 7683
112248 29873 42 6490
112249 29873 42 6596
112250 29873 42 7450
112251 29874 42 4797
112252 29874 42 490
112253 29874 42 7464
112254 29875 42 3780
112255 29875 42 1118
112256 29875 42 108
112257 29875 42 183
112258 29875 42 7430
112259 29875 42 7438
112260 29875 42 1117
112271 29878 42 1141
112272 29878 42 138
112273 29878 42 202
112274 29878 42 7534
112275 29879 42 7433
112276 29879 42 1128
112277 29880 42 490
112278 29880 42 7438
112279 29880 42 7544
112286 29882 42 490
112287 29882 42 1007
112288 29882 42 77
112289 29882 42 7670
112290 29882 42 7635
112291 29882 42 7742
112308 29887 42 7743
112309 29887 42 507
112310 29887 42 7744
112316 29889 42 7434
112317 29889 42 7437
112318 29889 42 7435
112319 29889 42 391
112320 29889 42 2161
112332 29894 42 108
112333 29894 42 7438
112334 29894 42 7430
112335 29895 42 7430
112336 29895 42 7544
112340 29897 42 917
112341 29897 42 3
112348 29899 42 7433
112349 29899 42 221
