2527116 941936 424 117331
2527119 941938 424 77
2527120 941938 424 39
2527123 148899 424 46
2527124 148899 424 72
2527125 270632 424 507
2527135 941941 424 6826
2527137 941943 424 57179
2527138 941943 424 6826
2527139 941944 424 6826
2527142 158654 424 9753
2527143 158654 424 11
2527144 158654 424 2013
2527145 941946 424 9753
2527146 941946 424 2013
2527147 618493 424 301
2527148 355620 424 677
2527149 355620 424 11
2527150 355620 424 57179
2527155 98622 424 46
2527156 98622 424 108
2527157 98622 424 72
2527158 800487 424 9753
2527159 800487 424 677
2527163 941948 424 1275
2527164 941948 424 507
2527165 941949 424 1275
2527166 941949 424 507
2527167 941950 424 29
2527168 941950 424 6037
2527171 941953 424 6
2527172 941953 424 1034
2527173 23169 424 46
2527174 941954 424 507
2527175 941954 424 46
2527179 882698 424 11
2527180 882698 424 677
2527184 941958 424 1034
2527187 941960 424 3873
2527188 827702 424 941
2527189 827702 424 523
2527190 79658 424 138
2527191 79658 424 90
2527199 941964 424 3873
2527203 941966 424 10162
2527204 941966 424 11
2527207 457445 424 46
2527208 457445 424 138898
2527209 457445 424 1275
2527213 717441 424 39
2527214 717441 424 507
2527215 717441 424 46
2527216 941970 424 677
2527217 941970 424 11
2527218 941970 424 57179
2527219 941971 424 6
2527220 941971 424 894
2527222 941973 424 29
2527223 941973 424 138898
2527226 686273 424 29
2527227 686273 424 11
2527228 686273 424 77
2527229 722618 424 1138
2527230 78563 424 6
2527231 591612 424 507
2527232 941975 424 1138
2527233 20768 424 46
2527234 20768 424 139
2527235 47864 424 138
2527236 47864 424 46
2527237 47864 424 6
2527238 941976 424 9753
2527247 941980 424 507
2527248 941981 424 507
2527252 941982 424 1148
2527253 719143 424 117331
2527254 699833 424 6037
2527255 699833 424 39
2527256 941983 424 29
2527257 941983 424 139
2527261 539336 424 138
2527262 539336 424 2816
2527263 53243 424 138
2527264 53243 424 46
2527267 133182 424 46
2527268 484180 424 507
2527269 941985 424 894
2527270 941985 424 39
2527271 658800 424 2964
2527272 941986 424 6037
2527273 941986 424 29
2527274 941986 424 507
2527280 941989 424 6037
2527281 404954 424 138
2527287 486999 424 77
2527288 486999 424 9753
2527289 486999 424 677
2527290 486999 424 2013
2527291 59681 424 11
2527292 59681 424 29
2527294 265580 424 6783
2527295 265580 424 10162
2527296 265580 424 77
2527297 941993 424 507
2527298 941993 424 138
2527307 941995 424 1148
2527308 112292 424 677
2527309 112292 424 9753
2527313 438421 424 138
2527314 438421 424 941
2527315 941997 424 29
2527316 941997 424 46
2527318 716575 424 677
2527319 716575 424 9753
2527329 16501 424 894
2527332 191666 424 39
2527333 191666 424 138
2527337 349519 424 46
2527338 349519 424 6783
2527342 942004 424 29
2527343 942004 424 6037
2527344 942005 424 29
2527345 942005 424 138898
2527347 942007 424 523
2527348 321174 424 7827
2527349 321174 424 276
2527350 321174 424 11
2527351 321174 424 677
2527352 942008 424 46
2527353 942008 424 138898
2527354 942009 424 1148
2527363 184865 424 11
2527364 184865 424 72
2527365 942013 424 29
2527366 942013 424 507
2527368 942015 424 6826
2527369 942015 424 57179
2527371 942017 424 46
2527372 942017 424 138898
2527373 774839 424 46
2527374 774839 424 894
2527377 918033 424 39
2527378 942020 424 108
2527379 942020 424 46
2527380 942020 424 72
2527385 942022 424 2013
2527386 942022 424 9753
2527390 942024 424 6826
2527391 942025 424 138
2527392 942025 424 138898
2527393 942026 424 1034
2527394 942026 424 29
2527397 942028 424 4154
2527398 942028 424 29
2527402 27935 424 46
2527403 27935 424 138898
2527404 942030 424 11
2527405 942030 424 54323
2527406 942030 424 11821
2527407 942031 424 29
2527408 942031 424 2514
2527413 942034 424 29
2527414 942034 424 139
2527415 113143 424 11
2527416 113143 424 677
2527417 113143 424 139
2527427 942040 424 29
2527428 942040 424 2514
2527429 117036 424 11
2527430 75819 424 18297
2527431 75819 424 1034
2527432 942041 424 507
2527433 942041 424 536
2527434 38706 424 46
2527436 942043 424 29
2527437 942043 424 507
2527438 942044 424 29
2527439 942044 424 10162
2527440 942044 424 11
2527442 616039 424 46
2527443 616039 424 138
2527444 616039 424 507
2527446 576769 424 6037
2527447 576769 424 507
2527448 942047 424 29
2527449 942047 424 507
2527450 942047 424 6783
2527451 606067 424 29
2527452 24813 424 138
2527453 24813 424 72
2527457 942049 424 846
2527458 104785 424 536
2527460 339649 424 2964
2527461 942051 424 6037
2527462 942051 424 39
2527463 942052 424 29
2527464 942052 424 523
2527467 339660 424 11
2527468 339660 424 46
2527469 339660 424 29
2527470 339660 424 39
2527471 339660 424 1138
2527474 942053 424 29
2527475 942053 424 507
2527477 942054 424 523
2527478 942054 424 6037
2527479 942054 424 39
2527481 942055 424 894
2527482 942055 424 523
2527483 942055 424 6
2527484 942056 424 6
2527485 942056 424 138898
2527486 106092 424 6826
2527487 106092 424 846
2527488 106092 424 57179
2527489 942057 424 29
2527490 942057 424 139
2527498 56483 424 138
2527499 56483 424 941
2527501 537314 424 29
2527502 537314 424 138
2527503 537314 424 138898
2527505 431523 424 46
2527506 431523 424 138
2527507 158 424 46
2527513 22481 424 46
2527514 22481 424 138
2527515 25140 424 46
2527516 25140 424 138898
2527519 942064 424 34086
2527531 942071 424 507
2527532 942071 424 523
