2538076 325111 426 40
2538077 325111 426 1728
2538078 325111 426 81
2538079 325111 426 1704
2538080 325111 426 1412
2538084 452398 426 139265
2538085 75698 426 668
2538086 75698 426 1138
2538087 75698 426 3
2538088 75698 426 11
2538089 452399 426 139266
2538090 452399 426 19349
2538091 452399 426 99380
2538092 452400 426 359
2538093 452400 426 17379
2538094 452400 426 2816
2538095 452400 426 13723
2538096 452400 426 17380
2538097 452402 426 139267
2538098 452402 426 1190
2538103 452404 426 108
2538104 452404 426 1135
2538115 6289 426 536
2538116 6289 426 40
2538132 452412 426 139268
2538133 452412 426 3
2538134 452412 426 155
2538135 452412 426 876
2538136 452412 426 639
2538137 452412 426 635
2538153 3435 426 9050
2538160 452416 426 8603
2538161 452416 426 1138
2538162 452416 426 20
2538169 212 426 982
2538170 212 426 9434
2538176 452422 426 996
2538177 452422 426 637
2538178 452422 426 369
2538179 452423 426 996
2538180 452423 426 1175
2538181 452423 426 637
2538182 452423 426 369
2538183 452424 426 982
2538184 452424 426 139271
2538185 21837 426 46
2538186 21837 426 527
2538187 21837 426 11
2538188 21837 426 108
2538189 21837 426 1528
2538190 21837 426 1393
