2538193 452425 427 1147
2538194 452426 427 139272
2538199 256216 427 12431
2538202 131976 427 10123
2538203 131976 427 46
2538204 131976 427 287
2538205 359978 427 156
2538206 359978 427 216
2538208 52292 427 1367
2538209 52292 427 1775
2538210 52292 427 285
2538211 52292 427 1897
2538212 452431 427 1775
2538213 452431 427 15
2538214 28922 427 45513
2538215 28922 427 46
2538216 28922 427 287
2538217 452432 427 5483
2538218 452433 427 5483
2538226 360224 427 285
2538227 360224 427 5827
2538229 87812 427 19924
2538230 52397 427 1123
2538231 52397 427 15
2538232 52397 427 285
2538233 452437 427 216
2538234 53763 427 216
2538235 452438 427 1367
2538236 452438 427 885
2538238 452439 427 21401
2538239 452440 427 46
2538240 452440 427 527
2538241 452440 427 188
2538242 452440 427 108
2538244 452442 427 287
2538245 452442 427 138
2538246 452442 427 46
2538247 418456 427 70
2538248 418456 427 709
2538249 452443 427 17847
2538254 106363 427 276
2538256 452446 427 156
2538257 3923 427 816
2538258 363217 427 29485
2538261 360563 427 5
2538262 360563 427 138
2538266 452449 427 3
2538267 452449 427 146
2538268 452449 427 24201
2538269 452449 427 216
2538274 452452 427 15372
2538278 852 427 16
2538279 852 427 136
2538280 852 427 139273
2538281 452453 427 3451
2538282 452454 427 885
2538283 452454 427 15
2538284 452455 427 620
2538290 452458 427 29358
2538291 452458 427 1123
2538294 15188 427 136
2538295 15188 427 5827
2538296 15188 427 3
2538302 165584 427 5
2538303 165584 427 139274
2538304 165584 427 139275
2538306 452461 427 7147
2538307 452461 427 1122
2538311 452463 427 4062
2538329 452471 427 5076
2538330 452472 427 629
2538331 452472 427 39
2538332 452472 427 388
2538333 77463 427 3
2538344 171648 427 29
2538347 452480 427 21
2538348 452480 427 139276
2538351 452482 427 19924
2538353 452484 427 21401
2538355 452486 427 894
2538356 452486 427 992
2538364 146097 427 629
2538365 146097 427 3394
2538385 452496 427 11199
2538386 452496 427 992
2538387 452497 427 992
2538388 452497 427 1122
2538389 452497 427 4230
2538391 329888 427 992
2538392 452499 427 629
2538393 452499 427 894
2538396 452500 427 992
2538397 452500 427 894
2538398 452500 427 1643
2538399 452501 427 992
2538400 452501 427 3394
2538401 452501 427 11199
2538402 452502 427 629
2538403 452503 427 992
2538404 452504 427 25012
2538405 452505 427 47447
2538406 37022 427 1275
2538416 452508 427 4797
2538417 452508 427 885
2538420 452510 427 15
2538421 452510 427 5076
2538422 452510 427 3
2538434 452514 427 19924
2538435 1937496 427 98447
2538436 1937496 427 139274
2538437 1937496 427 139275
2538439 132355 427 139
2538440 132355 427 527
2538441 452516 427 46
2538442 452517 427 39
2538443 452517 427 2486
2538444 452517 427 51277
2538446 452518 427 15
2538447 452518 427 3
2538448 147970 427 15
2538449 147970 427 3
2538450 452519 427 40
2538451 452519 427 19924
2538453 452521 427 1979
2538454 452522 427 912
2538465 452527 427 7147
2538466 452528 427 4062
2538475 452534 427 1775
2538476 452535 427 76
2538486 19276 427 2627
2538487 452540 427 1019
2538488 452540 427 1771
2538502 452547 427 5
2538503 452547 427 47657
2538504 452547 427 3394
2538505 452547 427 7147
2538506 452548 427 76
2538507 452548 427 139281
2538513 452550 427 16
2538519 452552 427 15
2538520 452553 427 1367
2538521 452553 427 885
2538522 452554 427 7089
2538523 452554 427 885
2538524 452554 427 25243
2538525 452554 427 139282
2538526 452555 427 70
2538527 452555 427 41562
2538530 87911 427 216
2538531 87911 427 15
2538532 87911 427 156
2538540 173035 427 276
2538541 173035 427 76
2538542 173035 427 4403
2538543 182869 427 76
2538544 182869 427 41562
2538545 182869 427 139284
2538555 384078 427 992
2538556 384078 427 5
2538557 384078 427 88152
2538558 362515 427 21
2538561 452562 427 16
2538562 452562 427 285
2538563 452562 427 709
2538564 452562 427 41562
2538567 452564 427 16
2538568 452564 427 285
2538569 452565 427 5076
2538570 452565 427 709
2538571 452565 427 139286
2538572 452566 427 70
2538573 452566 427 136
2538580 452569 427 885
2538581 452569 427 16
2538582 452569 427 139273
2538583 452570 427 5
2538584 452570 427 47657
2538586 452572 427 90630
2538587 452573 427 5196
2538588 452573 427 39
2538589 452573 427 15
2538590 44973 427 5196
2538591 44973 427 139
2538592 452574 427 894
2538593 452574 427 992
2538594 452574 427 1122
2538595 452574 427 15
2538596 452575 427 15
2538597 452575 427 2631
2538598 452575 427 4846
2538602 452577 427 15372
2538603 452577 427 283
2538604 452578 427 90630
2538617 452585 427 4062
2538618 452586 427 15372
2538619 452586 427 15
2538620 452587 427 15372
2538621 452587 427 110910
2538624 452589 427 15372
2538625 452589 427 110910
2538626 452590 427 15372
2538633 452593 427 21543
2538643 452598 427 885
2538644 452598 427 15372
2538656 452604 427 70
2538657 452604 427 709
2538662 452606 427 3
2538663 452606 427 139
2538686 99786 427 3
2538687 99786 427 47416
2538688 99786 427 6691
2538689 99786 427 47471
2538690 99786 427 285
2538691 99786 427 139287
2538693 452619 427 7095
2538694 452620 427 46
2538695 37978 427 1367
2538696 37978 427 285
2538698 1937498 427 620
2538699 1937498 427 885
2538700 452622 427 620
2538701 452622 427 40
2538704 115190 427 19924
2538705 115190 427 139
2538707 452624 427 3
2538708 106720 427 136
2538709 106720 427 4305
2538716 1937500 427 88152
2538717 1937500 427 992
2538718 1937500 427 5
2538738 56836 427 139288
2538739 56836 427 5076
2538740 424800 427 12431
2538741 424800 427 797
2538742 424800 427 527
2538760 452640 427 12431
2538768 452642 427 1178
2538770 13012 427 5
2538771 13012 427 3394
2538772 13012 427 7147
2538773 13012 427 5076
2538774 13012 427 21
2538775 452644 427 5076
2538776 452644 427 139290
2538777 452644 427 139284
2538781 452645 427 156
2538784 452648 427 4305
2538785 452648 427 29485
2538786 452648 427 3
2538792 100339 427 12431
2538800 137658 427 16
2538801 137658 427 139273
2538802 35 427 16
2538803 35 427 139273
2538804 452653 427 139273
2538805 452653 427 16
2538806 452653 427 885
2538811 452655 427 139273
2538812 452655 427 16
2538813 452655 427 885
2538814 452656 427 16
2538815 452656 427 70
2538816 132746 427 16
2538817 132746 427 70
2538818 132746 427 136
2538819 132746 427 139273
2538820 7460 427 16
2538821 7460 427 5483
2538822 1937503 427 16
2538823 1937503 427 70
2538831 452658 427 16
2538832 452658 427 139273
2538835 452660 427 139273
2538836 452660 427 16
2538837 452660 427 885
2538838 10402 427 136
2538839 10402 427 16
2538840 15659 427 283
2538841 15659 427 15372
2538844 393796 427 139273
2538845 393796 427 16
2538852 2150 427 2859
2538859 5266 427 136
2538860 5266 427 47471
2538861 5266 427 587
2538862 56897 427 15
2538863 56897 427 17519
2538864 452669 427 587
2538866 452671 427 5
2538867 452671 427 47657
2538868 1937504 427 139274
2538869 1937504 427 139275
2538876 452674 427 734
2538877 452674 427 2891
2538878 452675 427 5076
2538879 452675 427 139
2538880 452675 427 709
2538881 452675 427 139288
2538882 452675 427 139286
2538883 452675 427 139292
2538888 452678 427 518
2538889 452678 427 58023
2538890 452678 427 48490
2538891 452678 427 885
2538892 452679 427 39
2538904 152296 427 70
2538905 152296 427 507
2538906 452681 427 829
2538907 452681 427 77
2538908 452681 427 139
2538912 344297 427 4797
2538913 344297 427 885
2538914 344297 427 77
2538915 344297 427 139
2538918 1281 427 518
2538919 1281 427 110909
2538920 1281 427 139293
2538925 452685 427 5
2538926 452685 427 47657
2538927 452686 427 5
2538928 452686 427 47657
2538934 452691 427 5
2538941 452694 427 139
2538942 452694 427 39
2538945 452697 427 3526
2538952 452700 427 40995
2538953 452700 427 24230
2538955 5519 427 39
2538956 5519 427 1292
2538957 5519 427 15
2538958 5519 427 11199
2538959 5519 427 139
2538960 2633 427 2859
2538969 452706 427 5
2538970 452706 427 47657
2538971 452706 427 3394
2538972 452706 427 7147
2538983 1937506 427 1122
2538984 1937506 427 1643
2538987 452713 427 1122
2538988 452713 427 1643
2539005 452732 427 391
2539014 452716 427 391
2539016 452718 427 391
2539017 452718 427 5185
2539018 452719 427 391
2539019 452720 427 17823
2539020 452720 427 3
2539021 452720 427 47416
2539022 452720 427 6691
2539023 452720 427 47471
2539024 452720 427 285
2539025 452720 427 139287
2539026 452721 427 885
2539027 452721 427 391
2539028 452722 427 391
2539029 452722 427 70
2539030 452723 427 391
2539031 452736 427 391
2539032 452736 427 885
2539034 452738 427 391
2539035 452739 427 3451
2539036 452739 427 885
2539037 452740 427 885
2539038 452740 427 40
2539045 452744 427 1122
2539046 452744 427 139279
2539047 452745 427 5
2539048 452745 427 47657
2539050 452747 427 3
2539051 452747 427 285
2539052 452747 427 46
2539053 452747 427 961
2539054 452748 427 15
2539055 47864 427 1367
2539056 47864 427 816
2539057 47864 427 41562
2539058 452749 427 5
2539059 299679 427 29
2539060 15874 427 5076
2539061 15874 427 139286
2539062 15874 427 709
2539063 452750 427 15
2539064 452750 427 5076
2539065 452750 427 139288
2539066 452750 427 139286
2539071 143810 427 139288
2539072 143810 427 5076
2539087 88063 427 139291
2539088 327852 427 15
2539089 452752 427 5076
2539090 452752 427 709
2539091 452753 427 76
2539092 452753 427 285
2539093 452753 427 139297
2539118 94555 427 139
2539119 94555 427 70
2539120 452761 427 5
2539121 452761 427 47657
2539122 452762 427 156
2539123 452762 427 285
2539126 452764 427 24230
2539127 452764 427 885
2539128 452764 427 40
2539129 452764 427 3
2539130 89586 427 3
2539133 152416 427 1367
2539134 152416 427 285
2539137 452766 427 139298
2539138 452767 427 139298
2539139 452768 427 885
2539140 452768 427 1367
2539141 452768 427 816
2539152 452774 427 12431
2539153 452774 427 139272
2539154 452774 427 1367
2539155 452775 427 1367
2539159 452777 427 1367
2539160 452777 427 285
2539161 15907 427 4305
2539162 15907 427 136
2539163 15907 427 256
2539164 15907 427 7
2539165 452778 427 19924
2539166 452779 427 21
2539167 452780 427 21
2539171 25622 427 527
2539172 25622 427 709
2539173 25622 427 41562
2539177 159127 427 139300
2539178 452783 427 1775
2539179 452783 427 709
2539180 452784 427 1178
2539181 452785 427 72
2539182 452785 427 301
2539183 452785 427 47447
2539184 452786 427 47471
2539185 452787 427 76
2539186 452787 427 961
2539187 452787 427 285
2539188 107022 427 16
2539189 107022 427 41562
2539192 452790 427 5483
2539193 452791 427 5483
2539194 452792 427 24230
2539195 452792 427 391
2539196 452792 427 15
2539197 452792 427 47471
2539198 452793 427 47471
2539199 452793 427 40
2539200 452793 427 885
2539206 446792 427 156
2539207 452795 427 39
2539208 452796 427 1034
2539209 452796 427 1909
2539211 344958 427 156
2539212 344958 427 885
2539213 452798 427 29
2539214 409355 427 139283
2539215 452799 427 12431
2539216 452800 427 338
2539217 452800 427 38732
2539218 452801 427 104
2539219 452802 427 70
2539220 260907 427 527
2539228 452805 427 3394
2539233 71443 427 21
2539234 71443 427 47471
2539235 71443 427 5
2539236 1937509 427 21
2539237 1937509 427 1057
2539239 452807 427 276
2539240 452807 427 458
2539241 452807 427 21993
2539243 140308 427 5932
2539244 140308 427 6691
2539255 452812 427 5932
2539256 452812 427 136
2539265 452815 427 1122
2539266 452815 427 1643
2539268 452817 427 216
2539269 452817 427 46
2539270 452817 427 961
2539276 109098 427 1383
2539277 109098 427 70
2539278 109098 427 285
2539290 452823 427 894
2539291 452823 427 29
2539292 452823 427 1331
2539300 452827 427 894
2539301 452828 427 16807
2539302 123949 427 629
2539303 123949 427 894
2539304 452829 427 90630
2539305 1937511 427 90630
2539306 452830 427 90630
2539307 452830 427 4642
2539330 452839 427 16
2539331 452839 427 139273
2539332 452839 427 885
2539333 452840 427 60756
2539334 452841 427 15
2539335 452841 427 2376
2539336 161417 427 16
2539337 161417 427 816
2539363 452848 427 1275
2539364 282105 427 3
2539365 282105 427 47416
2539366 282105 427 6691
2539367 282105 427 47471
2539368 282105 427 285
2539369 282105 427 139287
2539370 452849 427 15372
2539371 452849 427 5719
2539372 1937515 427 1034
2539383 9944 427 29
2539384 452851 427 885
2539385 452852 427 734
2539386 452852 427 264
2539387 452852 427 2891
2539388 452852 427 24364
2539394 452856 427 15
2539398 452859 427 47657
2539399 452859 427 5
2539401 452860 427 5076
2539403 452862 427 70
2539404 452862 427 917
2539405 452862 427 2081
2539406 159259 427 46
2539407 159259 427 285
2539408 452863 427 16
2539409 452863 427 4230
2539416 452867 427 4230
2539417 452867 427 7147
2539418 452867 427 1122
2539419 1618770 427 885
2539420 1618770 427 156
2539421 452868 427 156
2539423 452870 427 8386
2539424 452871 427 8386
2539425 452872 427 8386
2539426 452873 427 8386
2539427 452873 427 1176
2539430 452875 427 527
2539431 452875 427 46
2539433 452877 427 40
2539440 452881 427 168
2539443 452883 427 40
2539449 452885 427 15518
2539450 425286 427 629
2539451 425286 427 894
2539466 452889 427 1775
2539467 452889 427 240
2539468 452889 427 47471
2539469 452889 427 4698
2539470 452889 427 3
2539471 452889 427 285
2539472 452890 427 12431
2539473 452891 427 15
2539474 452891 427 6691
2539477 950254 427 894
2539478 950254 427 629
2539479 950254 427 156
2539480 147026 427 156
2539481 147026 427 5827
2539484 452893 427 29
2539485 452893 427 813
2539489 1937518 427 1034
2539490 1937518 427 1643
2539491 452895 427 15
2539510 452900 427 5046
2539511 452901 427 4230
2539512 452901 427 76
2539513 452901 427 41562
2539514 452902 427 1775
2539517 452904 427 47447
2539518 452905 427 3
2539522 198303 427 19924
2539523 198303 427 48490
2539524 452907 427 15
2539525 452907 427 885
2539526 1443 427 4305
2539527 1443 427 29485
2539528 452908 427 15
2539529 452908 427 45513
2539530 1446 427 894
2539531 1446 427 992
2539532 1446 427 15
2539533 452909 427 391
2539534 452909 427 15
2539535 452910 427 276
2539536 452910 427 21
2539542 452914 427 39
2539543 452914 427 301
2539546 452916 427 10123
2539547 452917 427 40
2539550 1937522 427 1122
2539551 1937522 427 4230
2539552 1937522 427 29
2539553 1937522 427 894
2539557 452920 427 11199
2539558 452920 427 629
2539563 452923 427 894
2539564 452923 427 7089
2539565 452923 427 11199
2539566 452923 427 4230
2539567 452924 427 16
2539568 452924 427 139273
2539569 452924 427 885
2539572 39556 427 7089
2539573 39556 427 15
2539574 39556 427 39
2539575 452925 427 139282
2539576 452925 427 885
2539577 452925 427 25243
2539579 452927 427 837
2539580 1937523 427 4230
2539581 1937523 427 29
2539582 1937523 427 894
2539583 740819 427 4230
2539584 740819 427 894
2539590 452929 427 16
2539591 452929 427 15
2539594 452931 427 29
2539595 452931 427 813
2539598 1937524 427 40991
2539599 1937524 427 15
2539600 1937524 427 139274
2539601 1937524 427 139275
2539604 452934 427 664
2539605 452934 427 58023
2539606 452934 427 854
2539607 452934 427 16959
2539608 41780 427 139307
2539609 41780 427 5196
2539610 38321 427 5196
2539611 38321 427 139
2539612 38321 427 139307
2539614 452936 427 3451
2539617 452938 427 3451
2539624 452941 427 41562
2539638 6985 427 441
2539639 6985 427 507
2539640 6985 427 285
2539648 452949 427 5
2539649 452949 427 47657
2539650 452949 427 3394
2539651 452949 427 7147
2539654 452951 427 4062
2539663 452955 427 47447
2539664 452955 427 754
2539665 452956 427 47447
2539666 452956 427 40
2539667 452957 427 16
2539669 452959 427 40
2539670 452959 427 72
2539671 452959 427 139308
2539691 452967 427 16
2539692 452967 427 139273
2539695 452969 427 885
2539696 452969 427 40995
2539697 452969 427 24230
2539698 452970 427 15
2539705 452972 427 620
2539706 452972 427 24230
2539707 452972 427 338
2539708 452972 427 3
2539709 452973 427 16
2539710 452973 427 1367
2539711 452973 427 136
2539712 452974 427 24230
2539713 452974 427 16
2539714 452974 427 136
2539715 452975 427 885
2539716 452975 427 47471
2539717 452975 427 24230
2539727 452981 427 47471
2539728 452981 427 18056
2539729 452981 427 24230
2539730 452982 427 24230
2539731 452982 427 885
2539738 452985 427 63
2539739 138139 427 47471
2539740 138139 427 47473
2539741 452986 427 47471
2539742 452986 427 156
2539743 168138 427 156
2539744 168138 427 47471
2539747 452988 427 5
2539751 452991 427 885
2539752 452991 427 3
2539753 452991 427 5076
2539754 452991 427 1367
2539755 308295 427 15372
2539756 308295 427 110910
2539757 308296 427 15372
2539758 308296 427 283
2539759 308296 427 110910
2539763 452993 427 885
2539764 452993 427 24230
2539765 452993 427 15
2539766 452994 427 885
2539767 452994 427 15
2539770 452996 427 5827
2539771 452996 427 41562
2539772 452996 427 24230
2539776 452997 427 15
2539777 452997 427 885
2539780 1528 427 15372
2539781 1528 427 283
2539782 1528 427 885
2539783 1528 427 24230
2539793 107450 427 894
2539794 453001 427 3
2539795 453001 427 139
2539796 453002 427 388
2539798 318885 427 47473
2539812 453009 427 391
2539813 453009 427 5185
2539814 453009 427 47471
2539815 453010 427 5185
2539816 453010 427 391
2539817 53474 427 5185
2539818 53474 427 391
2539819 53474 427 285
2539829 453013 427 104
2539839 453017 427 912
2539840 453017 427 388
2539841 453018 427 70
2539842 453019 427 139272
2539844 440378 427 3
2539845 440378 427 216
2539846 440378 427 15
2539847 453020 427 301
2539851 453022 427 1775
2539852 453022 427 620
2539856 453024 427 894
2539857 453024 427 992
2539858 453024 427 2863
2539859 453025 427 894
2539860 453025 427 992
2539861 1937527 427 894
2539862 53565 427 629
2539863 53565 427 15
2539864 53565 427 894
2539865 453027 427 894
2539870 453030 427 992
2539871 453030 427 894
2539875 453032 427 894
2539877 453034 427 894
2539878 453034 427 992
2539879 453034 427 15
2539880 453035 427 7147
2539881 453036 427 1122
2539882 453036 427 1643
2539883 453037 427 7147
2539884 453038 427 1122
2539885 453038 427 4230
2539888 453040 427 629
2539889 453040 427 894
2539890 453041 427 894
2539891 453041 427 992
2539897 453043 427 629
2539898 453043 427 894
2539899 1584 427 992
2539900 1584 427 894
2539901 1584 427 1122
2539902 1584 427 15
2539912 453048 427 216
2539921 453051 427 136
2539922 453052 427 7368
2539923 453052 427 139309
2539924 453052 427 47471
2539925 7313 427 5
2539926 70349 427 15372
2539941 453060 427 2424
2539943 3435 427 5046
2539946 453062 427 15
2539947 453062 427 139304
2539955 453065 427 620
2539956 453065 427 40
2539958 78049 427 1775
2539968 453072 427 5
2539969 453072 427 3394
2539970 453072 427 7147
2539981 24238 427 138
2539982 24238 427 1367
2539983 24238 427 816
2539984 24238 427 1034
2539988 1937528 427 1034
2539992 453079 427 7089
2540001 453082 427 20912
2540002 453082 427 29
2540007 453085 427 139296
2540008 453085 427 139304
2540017 453088 427 90630
2540018 453089 427 90630
2540021 453091 427 40
2540022 354 427 139283
2540023 453092 427 12431
2540025 453093 427 139311
2540031 453098 427 136
2540032 453098 427 4305
2540033 453099 427 15
2540034 453099 427 11
2540035 16713 427 47471
2540056 453109 427 4551
2540057 453109 427 5083
2540065 453113 427 5
2540067 243030 427 21
2540068 243030 427 885
2540072 22214 427 331
2540073 22214 427 29
2540074 22214 427 127
2540075 22214 427 7089
2540076 22214 427 24079
2540077 453115 427 38732
2540083 453118 427 139312
2540084 453118 427 139313
2540085 453118 427 885
2540086 453118 427 25243
2540095 27396 427 709
2540096 27396 427 139315
2540098 16784 427 3
2540099 16784 427 285
2540100 425707 427 1275
2540104 453122 427 139282
2540109 453126 427 894
2540110 453126 427 629
2540115 453128 427 19171
2540120 453130 427 90630
2540123 453133 427 90630
2540124 453134 427 40
2540125 453135 427 42635
2540126 453135 427 79720
2540127 453136 427 139316
2540128 453136 427 20579
2540129 453136 427 754
2540130 453137 427 139316
2540131 453137 427 20579
2540132 453137 427 754
2540133 453138 427 16763
2540134 453138 427 139317
2540135 453138 427 754
2540136 53652 427 139291
2540137 53652 427 139281
2540138 53652 427 76
2540143 453139 427 39015
2540144 453140 427 156
2540145 453141 427 3
2540146 453141 427 5076
2540147 453141 427 139
2540148 1727228 427 40991
2540149 1727228 427 15
2540150 1727228 427 139274
2540151 1727228 427 139275
2540152 440554 427 156
2540154 453143 427 139300
2540159 453146 427 992
2540160 453147 427 5054
2540161 453148 427 156
2540165 453151 427 3
2540166 453151 427 21
2540167 53681 427 1367
2540168 38548 427 285
2540169 38548 427 1367
2540189 159883 427 7089
2540190 453158 427 7089
2540193 453160 427 3200
2540195 453162 427 3200
2540196 453163 427 3200
2540200 144778 427 76
2540201 144778 427 139291
2540202 107839 427 15
2540203 453165 427 38052
2540204 453166 427 3
2540205 453166 427 15
2540206 453166 427 1775
2540207 453166 427 139295
2540219 453172 427 5054
2540220 453173 427 992
2540221 453173 427 894
2540222 453174 427 1979
2540230 453180 427 1775
2540231 453180 427 816
2540232 453180 427 139298
2540233 6283 427 5
2540234 453181 427 5
2540237 453183 427 1775
2540238 1937532 427 47657
2540239 1937533 427 47657
2540242 453185 427 885
2540243 35771 427 51144
2540244 35771 427 139274
2540245 35771 427 139275
2540257 453188 427 138
2540258 453189 427 391
2540260 453191 427 29
2540261 453192 427 5752
2540262 453192 427 29
2540273 453196 427 39015
2540281 453197 427 29485
2540282 375713 427 29485
2540283 410392 427 29485
2540313 146369 427 24230
2540314 146369 427 40992
2540315 146369 427 885
2540316 146369 427 39
2540317 146369 427 3
2540321 453209 427 19171
2540322 453209 427 76
2540323 453210 427 7089
2540324 453210 427 40
2540327 375114 427 39
2540328 375114 427 15
2540329 375114 427 885
2540342 453218 427 8988
2540343 453218 427 1123
2540349 364010 427 17519
2540350 364010 427 507
2540351 364010 427 7089
2540366 148314 427 5076
2540367 52062 427 5076
2540368 52062 427 1056
2540369 52062 427 168
2540370 453227 427 5076
2540371 453228 427 5076
2540372 453229 427 5076
2540373 453229 427 139286
2540374 453229 427 6691
2540375 453230 427 139297
2540376 453230 427 139311
2540377 453231 427 139289
2540378 453231 427 139297
2540379 453231 427 139311
2540382 453226 427 139273
2540383 453226 427 16
2540384 453226 427 885
2540394 134040 427 5076
2540395 453237 427 5076
2540396 453237 427 139286
2540397 367122 427 5076
2540398 134042 427 76
2540399 134042 427 285
2540400 134042 427 961
2540401 134042 427 46
2540406 453239 427 5076
2540407 453239 427 139292
2540418 453244 427 76
2540419 453244 427 139291
2540422 453245 427 359
2540424 453247 427 1057
2540425 453248 427 4062
2540443 453253 427 216
2540445 453255 427 39
2540447 453257 427 797
2540448 453257 427 12431
2540449 453257 427 41562
2540451 453259 427 5196
2540452 453259 427 139
2540453 453260 427 29
2540454 453261 427 912
2540455 453261 427 5828
2540456 453261 427 9479
2540458 453263 427 70
2540459 453263 427 156
2540460 122847 427 15
2540461 122847 427 6691
2540469 144971 427 29481
2540470 111912 427 29481
2540471 111912 427 47471
2540476 453268 427 131
2540477 453268 427 24230
2540478 453268 427 751
2540482 453271 427 139272
2540486 453273 427 38732
2540487 453274 427 276
2540488 453274 427 136
2540490 453276 427 11199
2540491 340437 427 5827
2540494 145026 427 5076
2540495 145026 427 139321
2540496 453279 427 5
2540497 453279 427 47657
2540510 453283 427 136
2540513 319945 427 15
2540514 319945 427 7089
2540515 319945 427 47471
2540521 453286 427 19777
2540522 453286 427 885
2540523 453286 427 9930
2540524 453286 427 25243
2540536 453290 427 391
2540537 453291 427 7095
2540538 453292 427 5752
2540539 453292 427 29
2540540 453293 427 458
2540541 453293 427 21993
2540542 453294 427 15
2540543 527 427 338
2540544 527 427 340
2540545 527 427 285
2540546 527 427 139322
2540547 26914 427 1775
2540548 26914 427 15
2540549 26914 427 46
2540550 26914 427 16959
2540551 1937538 427 5
2540552 62167 427 5
2540553 1937539 427 5
2540566 453297 427 16
2540567 453297 427 139273
2540568 453297 427 885
2540590 27942 427 47471
2540591 453303 427 391
2540593 453305 427 139291
2540595 453307 427 21543
2540596 358702 427 29
2540597 453308 427 1147
2540598 453308 427 1643
2540601 453310 427 5
2540602 453311 427 5
2540603 453311 427 47657
2540604 62185 427 42635
2540605 62185 427 15
2540606 453312 427 21401
2540607 453313 427 139282
2540613 22351 427 1979
2540616 453316 427 6691
2540623 453319 427 885
2540624 453319 427 24230
2540625 453319 427 47471
2540630 453321 427 5076
2540631 453321 427 8084
2540632 453321 427 139325
2540633 453322 427 1056
2540634 453322 427 110910
2540639 453323 427 992
2540640 453323 427 29
2540641 56358 427 138
2540642 453324 427 992
2540659 453333 427 40
2540674 75382 427 42635
2540675 75382 427 41562
2540677 453341 427 894
2540678 453341 427 992
2540683 453343 427 139328
2540687 453346 427 67542
2540688 453346 427 146
2540689 453346 427 41562
2540692 134309 427 67542
2540693 134309 427 255
2540694 134309 427 41562
2540695 453348 427 12431
2540707 146465 427 885
2540708 146465 427 19341
2540709 146465 427 139273
2540710 146465 427 139309
2540711 117146 427 139329
2540712 117146 427 5076
2540713 117146 427 7089
2540714 117146 427 15
2540726 453355 427 256
2540727 453355 427 620
2540728 156836 427 216
2540729 156836 427 15
2540730 156836 427 1147
2540731 156836 427 961
2540732 156836 427 301
2540733 156836 427 527
2540734 156836 427 46
2540735 17274 427 39
2540736 111396 427 39
2540737 111396 427 15
2540738 1937541 427 39
2540739 1937541 427 139274
2540740 1937541 427 139275
2540743 46532 427 15
2540744 46532 427 6691
2540752 57512 427 285
2540753 57512 427 41562
2540754 453359 427 5046
2540755 453359 427 40991
2540760 453363 427 156
2540762 453365 427 39
2540763 453365 427 63
2540764 453366 427 992
2540765 453366 427 11199
2540766 453367 427 894
2540767 453367 427 992
2540768 453367 427 1643
2540769 453368 427 992
2540770 453368 427 11199
2540771 453369 427 629
2540772 453369 427 331
2540773 453369 427 507
2540774 453370 427 139
2540775 453370 427 1643
2540776 453371 427 992
2540785 88612 427 156
2540786 453375 427 3200
2540787 453375 427 894
2540790 359500 427 3
2540791 359500 427 507
2540792 359500 427 15
2540793 453378 427 15
2540798 13190 427 39
2540799 453380 427 156
2540800 453381 427 29485
2540801 453382 427 16
2540802 453382 427 70
2540803 453383 427 47471
2540804 453384 427 15
2540805 453385 427 39
2540806 453385 427 301
2540807 453385 427 47416
2540809 87264 427 3451
2540812 453388 427 139296
2540813 138747 427 5185
2540816 453390 427 39
2540817 453390 427 63
2540818 453390 427 3
2540819 453391 427 15
2540820 453391 427 39
2540821 26988 427 15
2540822 26988 427 21
2540823 26988 427 29
2540824 26988 427 2236
2540825 26988 427 854
2540826 453392 427 156
2540829 453394 427 40992
2540830 453394 427 15372
2540831 453395 427 3451
2540838 146516 427 76
2540839 146516 427 139291
2540840 146516 427 139297
2540841 146516 427 24230
2540844 45670 427 16
2540845 45670 427 885
2540846 45670 427 139273
2540848 453400 427 139304
2540851 453402 427 3
2540852 453402 427 47471
2540854 134368 427 139283
2540869 36317 427 5076
2540870 36317 427 139288
2540871 36317 427 139283
2540872 36317 427 139292
2540873 36317 427 139286
2540878 53959 427 629
2540879 53959 427 15
2540889 453414 427 156
2540899 453417 427 21
2540905 32644 427 709
2540912 453421 427 16
2540913 453421 427 139273
2540915 145025 427 285
2540916 145025 427 709
2540917 24599 427 3
2540918 24599 427 10967
2540919 24599 427 47416
2540920 24599 427 6691
2540921 24599 427 47471
2540922 24599 427 285
2540923 24599 427 139287
2540927 453425 427 15
2540928 453425 427 216
2540930 128305 427 136
2540931 128305 427 16
2540932 128305 427 139273
2540933 64107 427 894
2540934 64107 427 285
2540935 64107 427 709
2540936 453428 427 136
2540937 80266 427 29
2540943 1937543 427 885
2540944 1937543 427 5
2540945 1937543 427 139274
2540946 1937543 427 139275
2540965 579325 427 139272
2540966 579325 427 24150
2540969 453439 427 12431
2540970 453439 427 139272
2540978 453445 427 12431
2540982 453447 427 12431
2540983 453447 427 39997
2540985 453449 427 76
2540986 453449 427 285
2540987 453449 427 139291
2540988 453449 427 41562
2540989 453449 427 139284
2540994 62329 427 3
2540995 62329 427 10967
2540996 62329 427 47416
2540997 62329 427 6691
2540998 62329 427 47471
2540999 62329 427 285
2541000 62329 427 139287
2541011 453452 427 3
2541012 453452 427 10967
2541013 453452 427 47416
2541014 453452 427 6691
2541015 453452 427 47471
2541016 453452 427 285
2541017 453452 427 139287
2541028 1969 427 139
2541029 1969 427 19924
2541036 453456 427 156
2541037 453456 427 70
2541038 453457 427 156
2541046 453458 427 156
2541055 453462 427 156
2541056 453462 427 885
2541057 453463 427 15
2541058 453463 427 156
2541061 138879 427 156
2541062 453465 427 10967
2541075 24951 427 156
2541080 453469 427 156
2541081 453470 427 156
2541082 138882 427 285
2541083 138882 427 156
2541094 16181 427 46
2541095 16181 427 2902
2541096 16181 427 2404
2541118 453483 427 829
2541185 453506 427 1979
2541188 60764 427 67542
2541189 60764 427 255
2541190 60764 427 216
2541200 453512 427 7089
2541201 453512 427 885
2541202 453513 427 40
2541205 453515 427 40
2541210 453518 427 16
2541211 453518 427 885
2541212 453518 427 139273
2541213 453519 427 40
2541223 453524 427 216
2541224 453524 427 12431
2541228 453525 427 885
2541229 453525 427 139273
2541230 453525 427 16
2541235 453528 427 5
2541236 453529 427 5
2541239 453531 427 392
2541240 453531 427 709
2541241 146385 427 5076
2541254 453537 427 1643
2541255 453537 427 1034
2541256 453537 427 1122
2541260 453540 427 25012
2541261 453541 427 885
2541262 453541 427 16
2541263 453541 427 139273
2541267 453543 427 3
2541268 453543 427 5827
2541272 453545 427 24230
2541273 453546 427 19924
2541274 453546 427 24230
2541275 453546 427 3
2541276 453547 427 3
2541277 453548 427 3
2541278 453548 427 751
2541279 453549 427 6691
2541280 88704 427 10967
2541288 453557 427 19924
2541289 453557 427 15
2541290 453557 427 76
2541291 453558 427 76
2541292 453558 427 139297
2541298 453561 427 19924
2541310 453568 427 11199
2541311 453568 427 992
2541317 25103 427 816
2541319 453572 427 894
2541320 453572 427 629
2541321 453573 427 885
2541322 453573 427 16
2541323 453573 427 139273
2541324 453574 427 40
2541325 453575 427 3200
2541326 453576 427 3200
2541327 453577 427 40
2541328 453578 427 40
2541337 453581 427 156
2541340 164 427 76
2541341 164 427 139290
2541343 432319 427 3
2541344 432319 427 47416
2541345 432319 427 6691
2541346 432319 427 47471
2541347 432319 427 285
2541348 432319 427 139287
2541350 453585 427 25012
2541359 453589 427 139279
2541360 453590 427 5
2541361 453590 427 47657
2541363 453592 427 885
2541364 453592 427 457
2541375 453596 427 16
2541376 453597 427 1057
2541377 453597 427 15162
2541378 453597 427 1979
2541382 426388 427 734
2541383 426388 427 264
2541384 453599 427 139
2541393 453604 427 216
2541394 453604 427 391
2541395 56554 427 709
2541396 56554 427 216
2541397 56554 427 15
2541398 22743 427 216
2541399 22743 427 285
2541400 453605 427 5827
2541401 453605 427 216
2541402 78475 427 3
2541403 78475 427 5827
2541404 78475 427 216
2541409 1937550 427 216
2541410 453610 427 70
2541411 453610 427 216
2541412 453611 427 3451
2541421 453617 427 25012
2541422 453618 427 3
2541423 453618 427 458
2541424 453618 427 47471
2541425 453618 427 66966
2541426 453619 427 66966
2541427 453619 427 458
2541438 1937551 427 1034
2541439 1937551 427 1643
2541443 453622 427 3451
2541445 1937552 427 39
2541446 1937552 427 139332
2541450 44810 427 139291
2541451 44810 427 5827
2541462 453629 427 19924
2541463 411413 427 39
2541464 411413 427 139
2541465 411413 427 15
2541469 453631 427 10760
2541470 453631 427 47471
2541471 453631 427 3
2541475 453632 427 67542
2541476 453632 427 146
2541477 453632 427 139
2541480 426527 427 29
2541481 426527 427 388
