2557547 455532 429 614
2557548 455532 429 1233
2557549 455533 429 4729
2557550 455533 429 125
2557555 453685 429 294
2557556 453685 429 21
2557557 453685 429 2647
2557561 351913 429 125
2557562 351913 429 1123
2557563 351913 429 369
2557564 455536 429 125
2557565 455536 429 369
2557567 455538 429 27627
2557568 455538 429 2476
2557569 455538 429 7622
2557570 455539 429 17113
2557571 455539 429 40
2557572 455540 429 53616
2557573 455540 429 112373
2557574 455540 429 4097
2557575 455540 429 1577
2557576 455540 429 331
2557609 455548 429 57145
2557610 455548 429 952
2557611 455548 429 41240
2557612 455548 429 1878
2557613 455549 429 2424
2557614 455549 429 869
2557615 455549 429 21
2557616 455549 429 1976
2557617 455550 429 21
2557618 455550 429 15905
2557619 455550 429 7625
2557620 455550 429 77548
2557621 455550 429 20266
2557622 455551 429 294
2557623 455551 429 21
2557624 455552 429 21
2557625 455552 429 11837
2557626 455553 429 294
2557627 455553 429 21
2557628 455554 429 21
2557629 455555 429 19816
2557630 455555 429 3862
2557631 455556 429 21
2557632 455557 429 21
2557633 455557 429 11837
2557634 455558 429 21
2557635 455558 429 11837
2557636 455559 429 21
2557637 455559 429 11837
2557638 455560 429 57338
2557639 455560 429 21
2557640 455561 429 3439
2557641 455561 429 294
2557642 455561 429 774
2557643 455562 429 21
2557644 455562 429 15905
2557645 455562 429 7625
2557646 455562 429 77548
2557647 455562 429 20266
2557648 455563 429 21
2557649 455563 429 23953
2557650 455564 429 21
2557651 455564 429 11837
2557652 455565 429 21
2557653 455565 429 11837
2557654 455566 429 294
2557655 455566 429 21
2557656 455567 429 294
2557657 455567 429 21
2557658 455568 429 18109
2557659 455568 429 10799
2557660 455568 429 139520
2557661 455568 429 4234
2557662 455568 429 4767
2557673 455570 429 139521
2557674 455570 429 139522
2557675 455571 429 3439
2557676 455571 429 8378
2557677 455571 429 80
2557678 455572 429 3439
2557679 455572 429 139523
2557680 455572 429 105258
2557681 455572 429 53502
2557682 455572 429 2641
2557683 455572 429 35820
2557689 455575 429 996
2557690 455575 429 27135
2557691 455575 429 105949
2557692 455575 429 73886
2557693 455575 429 84170
2557694 455576 429 139524
2557695 455576 429 139525
2557696 455576 429 82148
2557697 455576 429 26243
2557698 455576 429 15445
2557699 455576 429 1732
2557700 4445 429 3439
2557701 4445 429 8971
2557702 4445 429 3846
2557703 455577 429 37511
2557704 455577 429 41690
2557705 455577 429 28580
2557713 455579 429 105258
2557714 455579 429 106195
2557715 455579 429 21448
2557716 455580 429 4378
2557717 455580 429 125
2557718 455580 429 1000
2557719 455580 429 1058
2557720 455580 429 18904
2557721 455580 429 139526
2557722 455580 429 33100
2557723 455580 429 34261
2557724 455580 429 637
2557729 1937987 429 4269
2557730 1937987 429 21
2557731 1937987 429 139527
2557732 455582 429 1769
2557733 455582 429 11088
2557734 455582 429 21
2557735 455582 429 25235
2557736 455583 429 53616
2557737 455583 429 4097
2557738 455583 429 1577
2557739 455583 429 139528
2557746 455585 429 77548
2557747 455585 429 20266
2557748 455585 429 15905
2557749 455585 429 7625
2557753 455587 429 25731
2557754 455587 429 2476
2557755 455588 429 4594
2557756 455588 429 65886
2557757 455589 429 1727
2557758 455589 429 1577
2557759 455589 429 4172
2557760 455589 429 17193
2557761 455589 429 18284
2557762 455590 429 10692
2557763 455590 429 1184
2557764 455590 429 2592
2557771 455594 429 57338
2557772 455594 429 1932
2557773 455594 429 4594
2557774 455594 429 302
2557780 455596 429 30154
2557781 455596 429 3478
2557782 455596 429 3198
2557783 455596 429 19834
2557784 455597 429 139530
2557785 455597 429 15262
2557786 455597 429 18904
2557787 455597 429 139531
2557788 455597 429 139526
2557789 455597 429 1000
2557790 455597 429 1058
2557791 455598 429 139532
2557792 455599 429 982
2557793 455599 429 370
2557794 455599 429 2630
2557795 455599 429 754
2557796 455599 429 3145
2557797 455599 429 40
2557798 455600 429 3371
2557799 455600 429 20380
2557800 455600 429 40472
2557801 455600 429 15656
2557802 455600 429 2542
2557803 455600 429 5481
2557804 455601 429 7625
2557805 455601 429 77548
2557810 455603 429 4793
2557811 455603 429 77548
2557812 455603 429 20266
2557813 455603 429 15905
2557822 455606 429 6
2557823 166484 429 17113
2557824 55066 429 4123
2557825 55066 429 2445
2557826 55066 429 1197
2557827 55066 429 138
2557832 455608 429 32448
2557833 455608 429 2525
2557834 455608 429 12959
2557835 455608 429 1123
2557836 455608 429 58971
2557837 455608 429 11326
2557838 455608 429 120584
2557839 455609 429 88653
2557840 455609 429 27317
2557841 455609 429 134574
2557842 455609 429 3862
2557843 455610 429 10799
2557844 455610 429 80791
2557845 455610 429 101216
2557846 455610 429 42058
2557847 455610 429 4958
2557848 455611 429 139533
2557849 455611 429 28580
2557850 455611 429 139534
2557851 455611 429 128416
2557861 1937988 429 96292
2557862 1937988 429 1675
2557863 1937988 429 41240
2557864 455615 429 96292
2557865 455615 429 1675
2557866 455615 429 139535
2557871 455617 429 25643
2557872 455617 429 2476
2557873 455617 429 484
2557874 455617 429 444
2557875 455617 429 172
2557876 455618 429 21
2557877 455618 429 1769
2557878 455618 429 2072
2557888 455623 429 25299
2557889 455623 429 27519
2557890 455623 429 7041
2557900 455625 429 17113
2557901 455625 429 16922
2557902 455626 429 4462
2557903 455626 429 38307
2557904 455626 429 39424
2557905 455626 429 15160
2557906 455626 429 19816
2557907 455627 429 20028
2557908 455627 429 1961
2557909 287101 429 1866
2557910 287101 429 982
2557911 287101 429 1769
2557912 287101 429 1723
2557913 287101 429 139537
2557914 287101 429 139538
2557915 287101 429 139539
2557919 455629 429 16701
2557920 455629 429 1961
2557921 119680 429 1123
2557922 119680 429 139541
2557923 119680 429 8990
2557924 119680 429 369
2557944 455635 429 139542
2557945 455635 429 40924
2557946 455635 429 3439
2557966 455639 429 3862
2557971 455641 429 4285
2557972 455641 429 2445
2557973 455641 429 125359
2557974 455642 429 15905
2557975 455642 429 4269
2557976 455642 429 139544
2557977 455643 429 19207
2557978 455643 429 2525
2557979 455643 429 1123
2557980 455643 429 58971
2557981 455643 429 26663
2557982 455643 429 100421
2557983 455643 429 17364
2557984 455643 429 2983
2557985 455643 429 1219
2557996 455646 429 5599
2557997 455646 429 3123
2557998 455646 429 29385
2557999 455646 429 15256
2558004 455648 429 139547
2558005 455648 429 18646
2558006 201055 429 1123
2558007 201055 429 583
2558018 455650 429 19034
2558019 455650 429 1000
2558020 455650 429 1058
2558021 455650 429 13128
2558022 455650 429 25430
2558023 13879 429 941
2558024 13879 429 6
2558025 13879 429 369
2558026 13879 429 1185
2558027 13879 429 1141
2558028 455651 429 139548
2558029 455651 429 16701
2558030 455652 429 2198
2558031 455652 429 41328
2558036 455654 429 4729
2558037 455654 429 125
2558048 455658 429 172
2558049 455658 429 3445
2558050 455658 429 321
2558051 455659 429 119837
2558052 455659 429 4841
2558067 455663 429 30154
2558068 455663 429 3478
2558069 455663 429 19834
2558070 455664 429 21
2558071 455664 429 15787
2558072 455664 429 2647
2558083 455667 429 1769
2558084 455667 429 1722
2558085 455667 429 1723
2558086 455667 429 4174
2558087 455668 429 28580
2558088 455668 429 2272
2558089 455668 429 1191
2558090 455668 429 38594
2558095 455670 429 25567
2558096 455670 429 172
2558097 455670 429 2476
2558098 455670 429 42978
2558099 455671 429 139556
2558100 455671 429 3820
2558101 455671 429 139557
2558102 455671 429 38990
2558103 455671 429 24737
2558104 455671 429 139558
2558105 455671 429 16694
2558106 455672 429 3606
2558107 455672 429 1932
2558108 455672 429 1303
2558109 455672 429 1716
2558110 455672 429 5246
2558111 107463 429 57338
2558112 107463 429 1715
2558113 107463 429 14075
2558114 107463 429 5246
2558123 455674 429 3335
2558124 455674 429 172
2558125 455674 429 125
2558126 381996 429 125
2558127 381996 429 4729
2558128 455675 429 41599
2558129 455676 429 3443
2558130 455676 429 17223
2558131 455676 429 21488
2558132 455676 429 17222
2558133 455676 429 4729
2558134 455676 429 638
2558157 455682 429 1769
2558158 455682 429 139562
2558159 455682 429 996
2558160 455682 429 2338
2558161 455683 429 2476
2558162 455683 429 172
2558163 455683 429 29
2558164 455683 429 813
2558165 455684 429 82050
2558166 455684 429 82051
2558167 455684 429 3862
2558168 455684 429 34261
2558169 455684 429 131157
2558173 455686 429 1367
2558174 455686 429 125
2558175 455686 429 285
2558176 455686 429 11336
2558181 455688 429 4392
2558182 455688 429 139563
2558183 455688 429 1716
2558189 455690 429 139564
2558190 455691 429 139534
2558191 455691 429 139565
2558192 455691 429 29370
2558193 455691 429 139566
2558194 455691 429 139567
2558195 455692 429 172
2558196 455692 429 3487
2558201 455694 429 24737
2558202 455694 429 13373
2558203 455694 429 56730
2558204 455694 429 3439
2558205 455694 429 2810
2558206 455695 429 72081
2558212 455697 429 4594
2558213 455697 429 26243
2558214 455697 429 23104
2558215 455697 429 72238
2558216 455698 429 139537
2558217 455698 429 1769
2558218 455698 429 1723
2558219 455699 429 1769
2558220 455699 429 84480
2558221 455699 429 41577
2558222 455699 429 122449
2558225 455701 429 1769
2558226 455701 429 4823
2558227 455701 429 22232
2558228 455701 429 139568
2558229 455701 429 4174
2558232 455703 429 1715
2558233 455703 429 72243
2558234 455703 429 1723
2558235 455703 429 3794
2558239 455705 429 23104
2558240 455705 429 27282
2558241 455705 429 4174
2558242 455705 429 22803
2558243 455705 429 39244
2558244 455705 429 95794
2558248 455707 429 6091
2558249 455707 429 42989
2558250 455707 429 139569
2558251 455707 429 39352
2558252 455708 429 46505
2558253 455708 429 1267
2558254 455708 429 15928
2558255 455708 429 1716
2558256 455708 429 2647
2558257 455708 429 4123
2558258 455708 429 1715
2558272 455710 429 139570
2558279 455712 429 72081
2558280 455713 429 47219
2558281 455713 429 3849
2558282 455713 429 1183
2558283 455713 429 14031
2558284 455713 429 21351
2558288 455715 429 21259
2558289 455715 429 2807
2558290 455715 429 18937
2558291 455715 429 13701
2558295 455717 429 139571
2558296 455717 429 139572
2558300 65214 429 386
2558301 65214 429 125
2558302 65214 429 15
2558303 65214 429 254
2558304 65214 429 1123
2558305 65214 429 369
2558306 65214 429 285
2558307 455719 429 25941
2558308 455719 429 57159
2558309 455719 429 386
2558310 455719 429 2647
2558311 455719 429 2708
2558312 455719 429 8820
2558313 455719 429 138
2558314 455719 429 4532
2558315 455720 429 21358
2558316 455720 429 4729
2558317 455720 429 125
2558318 455720 429 61714
2558327 455724 429 119837
2558328 455724 429 41328
2558352 455730 429 30154
2558353 455730 429 3478
2558354 455730 429 19834
2558355 455730 429 30564
2558356 455731 429 5238
2558357 455731 429 30245
2558365 302621 429 19834
2558366 302621 429 1565
2558367 302621 429 57106
2558375 455736 429 139575
2558376 455736 429 57167
2558377 455736 429 1588
2558378 455736 429 1867
2558379 455736 429 42978
2558390 455739 429 139540
2558391 455739 429 386
2558400 455742 429 23914
2558401 455742 429 139577
2558402 455742 429 6478
2558403 455742 429 15300
2558404 455742 429 18532
2558405 455742 429 2647
2558406 455743 429 20650
2558407 455743 429 41635
2558408 455743 429 3862
2558409 455743 429 8043
2558414 455746 429 2525
2558415 455746 429 6296
2558416 455746 429 139579
2558422 455748 429 72081
2558423 455748 429 139564
2558429 455750 429 139535
2558430 455750 429 34303
2558431 455750 429 138745
2558432 455750 429 139540
2558433 455750 429 3445
2558438 455753 429 23953
2558439 455753 429 1769
2558440 455753 429 16706
2558441 455753 429 1191
2558442 455753 429 29415
2558443 455753 429 90554
2558444 455754 429 75836
2558445 455754 429 4841
2558446 455754 429 139580
2558447 455754 429 119837
2558465 455760 429 2525
2558466 455760 429 6296
2558467 455761 429 941
2558468 455761 429 361
2558469 455761 429 92135
2558470 455761 429 362
2558475 455763 429 72081
2558476 455763 429 57508
2558477 455763 429 294
2558478 455764 429 56928
2558479 455764 429 42338
2558480 455764 429 71965
2558481 455764 429 4830
2558490 455767 429 2066
2558491 455767 429 172
2558492 455767 429 139582
2558493 455767 429 1230
2558494 455767 429 700
2558503 455770 429 15905
2558504 455770 429 60248
2558511 455772 429 1577
2558512 455772 429 95341
2558513 455772 429 112464
2558514 455772 429 106520
2558534 455778 429 1577
2558538 455780 429 39330
2558539 455780 429 71995
2558540 455780 429 15094
2558541 455780 429 4594
2558542 455780 429 39329
2558546 455782 429 1769
2558547 455782 429 941
2558548 455782 429 125
2558549 455783 429 869
2558550 455783 429 19794
2558551 455783 429 19350
2558555 455785 429 21
2558556 455786 429 3867
2558557 455786 429 131157
2558558 455786 429 285
2558559 123080 429 941
2558560 123080 429 125
2558561 123080 429 138
2558568 455788 429 63943
2558569 455788 429 1046
2558570 455788 429 1868
2558581 455792 429 125
2558582 455792 429 2647
2558583 455792 429 57039
2558584 455792 429 8307
2558585 455792 429 15
2558590 455794 429 57768
2558591 455794 429 29394
2558592 455794 429 128416
2558593 455794 429 20491
2558594 455794 429 29432
2558595 455794 429 1723
2558614 455799 429 57145
2558615 455799 429 15403
2558616 71533 429 2358
2558617 71533 429 80
2558618 71533 429 1450
2558619 71533 429 20454
2558620 455800 429 39352
2558621 455800 429 13914
2558622 455800 429 929
2558623 455800 429 118115
2558624 455800 429 42989
