1671227 112586 430 6754
1671228 112586 430 44
1671229 112586 430 1611
1671230 112586 430 1719
1671231 112586 430 301
1671232 112586 430 20317
1671233 112586 430 138
1671240 455806 430 1037
1671241 455806 430 118
1671242 455806 430 1007
1671250 455808 430 730
1671251 455808 430 44395
1671252 455808 430 1779
1671253 455808 430 847
1671254 455808 430 894
1671255 455808 430 76384
1671256 455808 430 23793
1671257 455808 430 1313
1671258 455808 430 1321
1671259 455808 430 768
1671281 455809 430 1775
1671282 455809 430 2149
1671283 455809 430 138
1671284 455809 430 125
1671285 455809 430 3196
1671286 455809 430 15
1671287 455809 430 638
1671288 455810 430 3640
1671289 455810 430 2709
1671290 455810 430 1031
1671291 455810 430 648
1671292 455810 430 1720
1671293 455810 430 103281
1671294 455810 430 2949
1671300 148661 430 668
1671301 148661 430 188
1671302 148661 430 1120
1671303 148661 430 4287
1671304 148661 430 1149
1671305 148661 430 168
1671306 148661 430 1058
1671331 35539 430 6
1671332 35539 430 9975
1671333 35539 430 1125
1671334 35539 430 1795
1671335 35539 430 1939
1671336 151823 430 4247
1671337 151823 430 254
1671338 151823 430 4267
1671339 151823 430 27576
1671340 151823 430 72
1671341 151823 430 637
1671342 151823 430 926
1671343 137300 430 802
1671344 137300 430 285
1671345 137300 430 138
1671346 137300 430 11
1671347 137300 430 139
1671348 137300 430 926
1671349 137300 430 3200
1671350 28071 430 668
1671351 28071 430 285
1671352 28071 430 11
1671353 28071 430 46
1671354 28071 430 3
1671355 28071 430 926
1671356 28071 430 1058
1671367 617128 430 10254
1671368 617128 430 15528
1671369 617128 430 5174
1671370 617128 430 1530
1671371 617128 430 4213
1671372 617128 430 4156
1671373 617128 430 10253
1671374 617128 430 769
1671375 617128 430 19350
1671376 617128 430 4642
1671377 617128 430 869
1671378 617128 430 285
1671379 617128 430 19794
1671380 617128 430 1720
1671381 617128 430 9065
1671382 617128 430 817
1671383 617128 430 20207
1671406 64909 430 285
1671407 64909 430 2890
1671408 64909 430 1031
1671409 64909 430 44
1671410 64909 430 301
1671411 64909 430 1058
1671412 64909 430 369
1671440 37785 430 507
1671441 37785 430 638
1671442 37785 430 20
1671443 37785 430 441
1671444 37785 430 90
1671445 37785 430 302
1671446 37785 430 3
1671447 37785 430 1171
1671448 37785 430 1560
1671449 37785 430 103301
1671457 40018 430 46
1671458 40018 430 138
1671459 40018 430 187
1671460 40018 430 6011
1671461 40018 430 108
1671462 40018 430 527
1671463 40018 430 1886
1671464 455819 430 103302
1671465 455819 430 103303
1671466 455819 430 103304
1671467 455819 430 103305
1671468 455819 430 4838
1671469 455819 430 35532
1671470 455819 430 18673
1671473 40942 430 79
1671474 40942 430 3
1671475 40942 430 302
1671476 40942 430 139
1671477 40942 430 103306
1671478 40942 430 818
1671479 40942 430 5046
1671480 455820 430 103307
1671481 455820 430 32595
1671482 455820 430 16183
1671483 455820 430 27977
1671484 455820 430 4899
1671485 455820 430 971
1671493 190 430 46
1671494 190 430 108
1671495 190 430 138
1671496 190 430 44
1671497 190 430 527
1671498 190 430 125
1671499 190 430 1738
1671500 132143 430 108
1671501 132143 430 1056
1671502 132143 430 46
1671503 132143 430 138
1671504 132143 430 44
1671505 132143 430 203
1671506 132143 430 12
1671535 455822 430 103310
1671536 148078 430 4677
1671537 148078 430 125
1671538 148078 430 15
1671539 148078 430 254
1671540 148078 430 3
1671541 148078 430 2637
1671542 148078 430 4415
1671543 61858 430 210
1671544 61858 430 125
1671545 61858 430 225
1671546 61858 430 318
1671547 61858 430 6691
1671548 61858 430 15
1671549 61858 430 276
1671552 455824 430 4
1671553 455824 430 254
1671554 455824 430 225
1671555 455824 430 17254
1671556 455824 430 37878
1671557 455824 430 1257
1671558 455824 430 16767
1671574 360977 430 29
1671575 360977 430 3
1671576 360977 430 6756
1671577 360977 430 369
1671578 360977 430 5825
1671579 455827 430 40325
1671580 455827 430 4430
1671581 455827 430 30
1671582 455827 430 2990
1671583 455827 430 46155
1671584 455827 430 3
1671585 455827 430 5020
1671595 455829 430 221
1671596 455829 430 1957
1671597 455829 430 6257
1671598 455829 430 507
1671599 455829 430 90
1671600 455829 430 5943
1671601 455829 430 11
1671602 455830 430 6819
1671603 455830 430 9047
1671604 455830 430 8100
1671605 455830 430 103315
1671606 455830 430 46496
1671607 63093 430 2008
1671608 63093 430 10855
1671609 63093 430 139
1671610 63093 430 1058
1671611 63093 430 221
1671612 63093 430 3
1671613 63093 430 138
1671621 455832 430 103317
1671640 455834 430 668
1671641 455834 430 188
1671642 455834 430 189
1671643 455834 430 285
1671644 455834 430 1058
1671645 455834 430 75
1671646 455834 430 139
1671649 455836 430 374
1671650 455836 430 188
1671651 455836 430 668
1671652 455836 430 1058
1671653 455836 430 44
1671654 455836 430 11
1671655 22562 430 668
1671656 22562 430 8019
1671657 22562 430 290
1671658 22562 430 46
1671659 22562 430 961
1671660 22562 430 3
1671661 22562 430 138
1671664 455837 430 648
1671665 455837 430 4
1671666 455837 430 33127
1671667 455837 430 292
1671668 455837 430 103320
1671669 455837 430 523
1671723 23008 430 668
1671724 23008 430 4877
1671725 23008 430 188
1671726 23008 430 5244
1671727 23008 430 5367
1671728 23008 430 2990
1671729 23008 430 1106
1671744 87871 430 103329
1671745 87871 430 992
1671746 87871 430 1313
1671747 87871 430 730
1671748 87871 430 507
1671749 87871 430 1779
1671750 87871 430 912
1671751 21837 430 188
1671752 21837 430 1393
1671753 21837 430 108
1671754 21837 430 139
1671755 21837 430 527
1671756 21837 430 11
1671757 21837 430 1528
1671764 63117 430 331
1671765 63117 430 29
1671766 63117 430 139
1671767 63117 430 104
1671768 63117 430 77
1671769 63117 430 285
1671770 63117 430 2514
1671771 312103 430 40
1671772 312103 430 1565
1671773 312103 430 17
1671774 312103 430 4460
1671775 312103 430 772
1671776 312103 430 2592
1671777 312103 430 12
1671778 312103 430 103331
1671779 312103 430 103332
1671780 312103 430 103333
1671781 312103 430 103334
1671782 312103 430 103335
1671783 312103 430 1808
1671784 312103 430 81
1671785 312103 430 3130
1671786 312103 430 298
1671787 312103 430 19473
1671788 312103 430 451
1671789 312103 430 2056
1671790 312103 430 103336
1671791 312103 430 1704
1671792 312103 430 2903
1671793 455846 430 302
1671794 455846 430 50417
1671795 455846 430 3
1671796 455846 430 4736
1671797 455846 430 1947
1671798 455846 430 125
1671799 455846 430 16135
1671800 72225 430 83803
1671801 72225 430 14135
1671802 72225 430 7280
1671803 72225 430 267
1671804 72225 430 42300
1671805 72225 430 39201
1671806 72225 430 742
1671807 72225 430 871
1671808 72225 430 8123
1671809 72225 430 4261
1671810 72225 430 103337
1671811 72225 430 16248
1671833 455850 430 13672
1671834 455850 430 507
1671835 455850 430 1896
1671836 455850 430 125
1671837 455850 430 6240
1671838 455851 430 103340
1671843 455853 430 996
1671844 455853 430 23978
1671845 455853 430 20070
1671846 455853 430 16631
1671847 455853 430 4582
1671848 455853 430 451
1671856 455855 430 6384
1671857 455855 430 2140
1671858 455855 430 388
1671859 455855 430 668
1671860 455855 430 11
1671881 455858 430 6269
1671882 455858 430 4872
1671890 399041 430 477
1671891 399041 430 3139
1671892 399041 430 1169
1671893 399041 430 331
1671894 399041 430 127
1671895 399041 430 126
1671896 399041 430 767
1671934 455864 430 638
1671935 455864 430 221
1671936 455864 430 72
1671937 455864 430 90
1671938 455864 430 3505
1671946 455866 430 103344
1671947 455866 430 2285
1671948 455866 430 103345
1671949 1922458 430 31417
1671950 1922458 430 60820
1671951 1922458 430 103346
1671952 1922458 430 302
1671953 1922458 430 27239
1671954 455867 430 3
1671955 455867 430 125
1671956 455867 430 4323
1671957 455867 430 1215
1671958 455867 430 4027
1671959 455867 430 301
1671960 455867 430 2427
1671961 106536 430 507
1671962 106536 430 125
1671963 106536 430 3
1671964 106536 430 15
1671965 106536 430 1169
1671966 106536 430 912
1671967 106536 430 342
1671972 247372 430 869
1671973 247372 430 15262
1671974 247372 430 4532
1671975 247372 430 72
1671976 247372 430 1128
1671977 247372 430 1554
1671978 247372 430 285
1671979 455869 430 17725
1671980 455869 430 29089
1671981 455869 430 17514
1671982 455869 430 39204
1671983 455869 430 57833
1671984 455869 430 57127
1671985 455869 430 103347
1671986 455869 430 39443
1671987 455869 430 92072
1671988 455869 430 103348
1671989 455869 430 103349
1671990 455869 430 4132
1671991 455869 430 17281
1672001 455871 430 103350
1672002 455872 430 1771
1672003 455872 430 86042
1672004 455873 430 18529
1672005 455873 430 4
1672006 455873 430 17945
1672007 455873 430 19852
1672012 129202 430 318
1672013 129202 430 2161
1672014 129202 430 1258
1672015 129202 430 374
1672016 129202 430 285
1672017 129202 430 5932
1672018 129202 430 332
1672026 455876 430 103353
1672027 455876 430 4750
1672058 455881 430 103357
1672059 455881 430 103358
1672060 455881 430 103359
1672061 455881 430 103360
1672070 455882 430 1230
1672071 455882 430 72
1672072 455882 430 11
1672073 455882 430 21
1672074 455883 430 254
1672075 455883 430 302
1672076 455883 430 865
1672077 455883 430 1738
1672078 455883 430 2637
1672079 455883 430 1119
1672080 455883 430 4415
1672081 455883 430 17152
1672082 455883 430 4677
1672083 455883 430 4247
1672084 455883 430 96513
1672085 455883 430 21220
1672086 455883 430 2151
1672113 182918 430 1262
1672114 182918 430 4044
1672115 182918 430 1275
1672116 182918 430 53555
1672117 182918 430 630
1672118 182918 430 254
1672119 182918 430 869
1672136 455885 430 1678
1672137 455885 430 328
1672138 455885 430 139
1672139 455885 430 4028
1672140 455885 430 103365
1672141 455885 430 3
1672142 455885 430 8292
1672143 455887 430 477
1672144 455887 430 294
1672145 455887 430 648
1672146 455887 430 872
1672147 455887 430 72
1672148 455887 430 2556
1672149 455887 430 16956
1672150 42642 430 254
1672151 42642 430 2637
1672152 42642 430 4267
1672153 42642 430 103366
1672154 42642 430 72
1672155 42642 430 99134
1672156 42642 430 285
1672157 455888 430 125
1672158 455888 430 4974
1672159 455888 430 15
1672160 455888 430 254
1672161 455888 430 1123
1672162 455888 430 342
1672163 455888 430 1999
1672170 455890 430 5603
1672171 455890 430 19040
1672172 455890 430 285
1672173 455890 430 72
1672174 455890 430 709
1672175 455890 430 27519
1672176 455890 430 103367
1672182 455892 430 2627
1672183 455892 430 4350
1672184 455892 430 3358
1672185 455892 430 103369
1672201 455894 430 1883
1672202 455894 430 40
1672203 455894 430 507
1672204 455894 430 869
1672205 455894 430 9950
1672206 455894 430 1115
1672207 455894 430 370
1672208 23177 430 16019
1672209 23177 430 285
1672210 23177 430 6294
1672211 23177 430 16022
1672212 23177 430 58257
1672213 23177 430 103374
1672214 23177 430 3130
1672215 23177 430 5306
1672216 23177 430 4773
1672217 23177 430 359
1672218 23177 430 4272
1672219 23177 430 15892
1672220 23177 430 6052
1672221 23179 430 138
1672222 23179 430 5943
1672223 23179 430 1703
1672224 23179 430 5028
1672225 23179 430 103375
1672226 173485 430 1021
1672227 173485 430 877
1672228 173485 430 1230
1672229 173485 430 884
1672230 173485 430 139
1672231 173485 430 2486
1672232 173485 430 44
1672233 455895 430 29
1672234 455895 430 43542
1672235 455895 430 103376
1672236 455895 430 5588
1672237 455895 430 5015
1672238 455895 430 62045
1672239 455895 430 519
1672240 455895 430 9456
1672241 455895 430 103377
1672242 455895 430 40704
1672243 455895 430 2815
1672316 455901 430 5325
1672317 455901 430 44
1672318 455901 430 285
1672319 455901 430 138
1672320 455901 430 643
1672321 455901 430 698
1672322 455901 430 156
1672323 455901 430 4418
1672324 455901 430 220
1672325 455901 430 4329
1672326 455901 430 4196
1672327 455901 430 991
1672328 455901 430 15103
1672329 455901 430 27745
1672336 146643 430 651
1672337 146643 430 10254
1672338 146643 430 103388
1672339 146643 430 318
1672340 146643 430 458
1672341 146643 430 4156
1672353 455903 430 46384
1672354 455903 430 982
1672355 455903 430 18136
1672356 455903 430 4044
1672357 455903 430 125
1672358 455903 430 4213
1672359 455903 430 15
1672371 177193 430 359
1672372 177193 430 50669
1672373 177193 430 51748
1672374 177193 430 6291
1672375 177193 430 637
1672376 177193 430 2816
1672377 177193 430 557
1672378 455906 430 264
1672396 455908 430 307
1672397 455908 430 46384
1672398 455908 430 49199
1672399 455908 430 18136
1672400 455909 430 5924
1672401 455909 430 301
1672402 455909 430 11
1672406 455911 430 225
1672414 455912 430 103389
1672415 455913 430 55929
1672416 455913 430 36156
1672417 455913 430 643
1672418 455913 430 103390
1672419 455914 430 55929
1672420 455914 430 7879
1672421 455914 430 18529
1672422 455914 430 103391
1672423 455914 430 54096
1672441 455916 430 6025
1672442 455916 430 240
1672468 455917 430 5950
1672469 455917 430 523
1672470 455917 430 963
1672471 455917 430 1052
1672472 455917 430 12800
1672473 455917 430 376
1672474 455917 430 5923
1672492 58684 430 643
1672493 58684 430 698
1672494 58684 430 1323
1672495 58684 430 318
1672496 58684 430 44
1672497 58684 430 3
1672498 58684 430 225
1672508 152124 430 17519
1672509 152124 430 884
1672510 152124 430 369
1672511 152124 430 41932
1672512 152124 430 139
1672513 152124 430 3
1672514 152124 430 90
1672515 34604 430 6114
1672516 34604 430 1136
1672517 34604 430 667
1672518 34604 430 90
1672519 34604 430 9322
1672520 34604 430 44
1672521 34604 430 638
1672522 455921 430 17255
1672523 455921 430 103397
1672524 455921 430 103393
1672525 455921 430 103398
1672526 455921 430 103399
1672527 455921 430 103400
1672528 455921 430 103401
1672529 455921 430 20543
1672530 455921 430 103402
1672531 455921 430 103403
1672542 455924 430 3091
1672543 455924 430 57464
1672544 455924 430 57465
1672545 455924 430 11994
1672546 455924 430 19237
1672547 455924 430 4265
1672548 455924 430 7106
1672551 43480 430 9333
1672552 43480 430 1560
1672553 43480 430 941
1672554 43480 430 138
1672555 43480 430 4729
1672556 43480 430 638
1672557 43480 430 302
1672572 21911 430 643
1672573 21911 430 285
1672574 21911 430 287
1672575 21911 430 46
1672576 21911 430 44
1672577 21911 430 1160
1672578 21911 430 3
1672582 455927 430 5354
1672583 455927 430 138
1672584 455927 430 187
1672585 455927 430 254
1672586 455927 430 3148
1672587 455927 430 2903
1672588 455927 430 638
1672611 104728 430 2857
1672612 104728 430 40
1672613 104728 430 4108
1672614 104728 430 6674
1672615 104728 430 90
1672616 104728 430 982
1672617 104728 430 681
1672618 84705 430 108
1672619 84705 430 46
1672620 84705 430 513
1672621 84705 430 4446
1672622 84705 430 138
1672623 84705 430 44
1672624 84705 430 527
1672640 455932 430 5325
1672641 455932 430 103410
1672642 455932 430 6152
1672643 455932 430 103411
1672644 455932 430 103412
1672645 455932 430 103298
1672646 455932 430 103413
1672647 455932 430 2637
1672648 455932 430 225
1672649 455932 430 254
1672650 455932 430 4415
1672651 455932 430 4247
1672652 455932 430 4308
1672653 455932 430 4323
1672654 455932 430 2587
1672655 455932 430 2935
1672679 445998 430 15
1672680 445998 430 79
1672681 445998 430 865
1672682 445998 430 1775
1672713 84728 430 1056
1672714 84728 430 3060
1672715 84728 430 65228
1672716 84728 430 2331
1672717 84728 430 2486
1672718 84728 430 3
1672719 84728 430 45259
1672720 447700 430 635
1672721 447700 430 1299
1672722 447700 430 637
1672723 447700 430 2556
1672724 447700 430 294
1672725 447700 430 21
1672726 447700 430 42229
1672734 455938 430 638
1672735 455938 430 25214
1672736 455938 430 1779
1672737 455938 430 9006
1672738 455938 430 60356
1672739 455938 430 2599
1672740 455938 430 1321
1672769 455940 430 103421
1672770 455940 430 39055
1672771 455940 430 18529
1672772 84754 430 216
1672773 84754 430 138
1672774 84754 430 90
1672775 84754 430 108
1672776 84754 430 125
1672777 84754 430 44
1672778 84754 430 20
1672779 455941 430 103422
1672780 455941 430 19361
1672781 455941 430 17166
1672782 455941 430 723
1672783 455941 430 39438
1672784 455941 430 103423
1672785 455941 430 103424
1672786 455941 430 103425
1672787 455941 430 103426
1672788 455941 430 865
1672789 455941 430 16156
1672790 455941 430 103427
1672791 455941 430 103428
1672792 455941 430 9200
1672793 455941 430 14135
1672794 455941 430 103429
1672795 455941 430 103430
1672796 455941 430 103431
1672797 455941 430 103432
1672798 455941 430 103433
1672799 455941 430 103434
1672800 455941 430 103435
1672801 2147 430 5325
1672802 2147 430 3
1672803 2147 430 44
1672804 2147 430 285
1672805 2147 430 138
1672806 2147 430 72
1672807 2147 430 46
1672808 2147 430 276
1672809 2147 430 1058
1672810 2147 430 643
1672811 2147 430 286
1672812 2147 430 698
1672813 2147 430 1937
1672814 2147 430 30
1672815 2147 430 155
1672816 2147 430 290
1672817 2147 430 935
1672818 2147 430 1134
1672819 2147 430 908
1672820 2147 430 1135
1672821 2147 430 20475
1672822 23408 430 941
1672823 23408 430 182
1672824 23408 430 5969
1672825 23408 430 5920
1672826 23408 430 6049
1672827 23408 430 1939
1672828 23408 430 302
1672829 455942 430 1007
1672830 455942 430 668
1672831 455942 430 189
1672832 455942 430 3
1672833 455942 430 44
1672834 455942 430 11
1672835 455942 430 188
1672842 152264 430 587
1672843 152264 430 30
1672844 152264 430 125
1672845 152264 430 72
1672846 152264 430 44
1672847 152264 430 1720
1672848 152264 430 15
1672849 455944 430 3
1672850 455944 430 1947
1672851 455944 430 6269
1672852 455944 430 4872
1672853 455944 430 540
1672854 455944 430 386
1672855 455944 430 79
1672856 455944 430 1025
1672857 455944 430 6995
1672858 455944 430 26734
1672859 455944 430 6727
1672860 455944 430 70840
1672861 455944 430 14070
1672862 455944 430 18377
1672863 455944 430 29221
1672864 455944 430 42622
1672865 455944 430 4894
1672866 455944 430 29212
1672867 455944 430 31782
1672868 455944 430 29302
1672877 108977 430 2908
1672878 108977 430 5056
1672879 108977 430 3640
1672880 108977 430 72
1672881 108977 430 254
1672882 108977 430 144
1672883 108977 430 1040
1672884 63254 430 668
1672885 63254 430 228
1672886 63254 430 44
1672887 63254 430 11
1672888 63254 430 474
1672889 63254 430 5903
1672890 63254 430 1738
1672891 5323 430 774
1672892 5323 430 507
1672893 5323 430 2895
1672894 5323 430 139
1672895 5323 430 638
1672896 5323 430 285
1672897 5323 430 732
1672912 455947 430 221
1672913 455947 430 1781
1672914 455947 430 8116
1672915 455947 430 83652
1672916 455947 430 10666
1672917 455947 430 6257
1672918 15751 430 877
1672919 15751 430 1770
1672920 15751 430 2908
1672921 15751 430 285
1672922 15751 430 1230
1672923 15751 430 491
1672924 15751 430 982
1672925 455948 430 103439
1672926 34722 430 1325
1672927 34722 430 77
1672928 34722 430 4797
1672929 34722 430 1529
1672930 34722 430 347
1672931 34722 430 154
1672932 34722 430 6156
1672933 455949 430 374
1672934 455949 430 301
1672935 455949 430 264
1672936 455949 430 10125
1672937 455949 430 33746
1672938 455949 430 748
1672939 455949 430 285
1672944 455951 430 103442
1672945 455951 430 8907
1672946 455951 430 18529
1672947 455951 430 20798
1672948 455952 430 774
1672949 455952 430 2487
1672950 455952 430 2656
1672951 34725 430 1007
1672952 34725 430 13333
1672953 34725 430 223
1672954 34725 430 44
1672955 34725 430 139
1672956 34725 430 960
1672957 34725 430 46
1672974 192676 430 3
1672975 192676 430 285
1672976 192676 430 103449
1672977 192676 430 11771
1672978 192676 430 125
1672979 192676 430 76
1672980 192676 430 1775
1672981 455955 430 99286
1672982 455955 430 331
1672983 455955 430 4232
1672984 455955 430 742
1672985 455955 430 12
1673005 455957 430 103451
1673013 455958 430 1555
1673014 455958 430 4272
1673015 455958 430 155
1673016 455958 430 1565
1673017 455958 430 5306
1673018 455958 430 58257
1673019 455958 430 49656
1673020 455958 430 16022
1673021 455958 430 43501
1673022 455958 430 285
1673023 455960 430 39
1673024 455960 430 225
1673025 455960 430 1999
1673026 455960 430 4
1673027 455960 430 2637
1673028 455960 430 359
1673029 455960 430 846
1673030 455960 430 503
1673031 455960 430 1121
1673032 455960 430 3593
1673033 455960 430 4462
1673034 455960 430 2816
1673035 455960 430 328
1673036 455960 430 536
1673037 455960 430 727
1673038 455960 430 485
1673039 455960 430 42672
1673040 26700 430 29
1673041 26700 430 813
1673042 26700 430 127
1673043 26700 430 44
1673044 455961 430 668
1673045 455961 430 6229
1673046 455961 430 6230
1673047 455961 430 216
1673048 15299 430 76
1673049 15299 430 2427
1673050 15299 430 139
1673051 15299 430 301
1673052 15299 430 44
1673053 15299 430 4201
1673054 15299 430 4641
1673055 455962 430 39
1673056 455962 430 86372
1673057 455962 430 4
1673058 455962 430 963
1673059 455962 430 46496
1673060 455962 430 15476
1673061 455962 430 103452
1673062 455962 430 103453
1673063 455962 430 451
1673070 455964 430 963
1673071 455964 430 311
1673072 455964 430 2610
1673073 177696 430 254
1673074 177696 430 4044
1673075 177696 430 4267
1673076 177696 430 321
1673077 177696 430 125
1673078 177696 430 2637
1673079 177696 430 4247
1673080 177696 430 3
1673084 455966 430 103455
1673085 455966 430 9047
1673086 455966 430 26855
1673087 455966 430 103456
1673088 455966 430 27474
1673089 455966 430 103457
1673090 455966 430 20053
1673091 455966 430 103458
1673092 455966 430 103459
1673093 455966 430 103460
1673104 1309 430 318
1673105 1309 430 3
1673106 1309 430 79
1673107 1309 430 332
1673108 1309 430 54
1673109 1309 430 285
1673110 1309 430 44
1673111 455967 430 1325
1673112 455967 430 139
1673113 455967 430 125
1673114 455967 430 10069
1673115 455967 430 285
1673116 455967 430 44
1673117 455967 430 138
1673118 455968 430 287
1673119 455968 430 5720
1673120 455968 430 39
1673121 455968 430 4
1673122 455968 430 846
1673123 455968 430 12739
1673124 455968 430 4418
1673149 455971 430 27545
1673150 455971 430 43312
1673151 455971 430 103463
1673152 455971 430 103464
1673153 455971 430 103465
1673154 455971 430 15318
1673155 455971 430 23506
1673156 455971 430 37424
1673157 455971 430 103466
1673158 145957 430 4230
1673159 145957 430 1122
1673160 145957 430 139
1673161 145957 430 29
1673162 145957 430 894
1673163 145957 430 992
1673164 145957 430 1882
1673165 455972 430 103467
1673166 455972 430 33335
1673167 455972 430 103468
1673168 455972 430 5900
1673169 455972 430 19889
1673170 455972 430 20053
1673171 455972 430 103336
1673172 455972 430 9047
1673173 455972 430 42423
1673174 455972 430 103469
1673175 455972 430 47660
1673176 455972 430 40
1673177 455972 430 15791
1673178 455972 430 3145
1673179 455972 430 299
1673180 455972 430 14112
1673181 455972 430 451
1673189 455973 430 20219
1673197 455975 430 42016
1673198 455975 430 2627
1673199 455975 430 24287
1673200 455975 430 1771
1673201 455975 430 1770
1673202 455976 430 719
1673203 455976 430 72
1673204 455976 430 798
1673205 455976 430 963
1673206 455976 430 1052
1673207 455976 430 376
1673255 56967 430 188
1673256 56967 430 2150
1673257 56967 430 189
1673258 56967 430 2868
1673259 56967 430 44
1673260 56967 430 1703
1673261 56967 430 46
1673262 455978 430 1808
1673263 455978 430 9612
1673264 455978 430 1257
1673265 455978 430 39479
1673266 455978 430 6695
1673267 455978 430 1751
1673268 455978 430 799
1673269 455978 430 386
1673270 20890 430 6536
1673271 20890 430 285
1673272 20890 430 6
1673273 20890 430 1241
1673274 20890 430 1273
1673275 20890 430 1284
1673276 20890 430 10523
1673345 455983 430 1350
1673346 455983 430 1120
1673347 455983 430 4877
1673348 455983 430 90
1673349 455983 430 527
1673350 455983 430 5367
1673358 455984 430 342
1673359 455984 430 963
1673360 455984 430 298
1673361 455984 430 287
1673362 455984 430 3451
1673363 455984 430 643
1673364 455984 430 1112
1673365 455984 430 926
1673366 455984 430 4676
1673367 455984 430 4818
1673368 455984 430 103475
1673369 455984 430 103476
1673370 455984 430 103477
1673371 126263 430 15160
1673372 126263 430 102988
1673373 126263 430 982
1673374 126263 430 2625
1673375 126263 430 20231
1673376 25622 430 5367
1673377 25622 430 285
1673378 25622 430 46
1673379 25622 430 3
1673380 25622 430 4877
1673381 25622 430 668
1673382 25622 430 44
1673383 455985 430 103478
1673384 455986 430 103479
1673387 455988 430 103482
1673388 455988 430 103483
1673389 455988 430 44827
1673397 417691 430 21
1673398 417691 430 1560
1673399 417691 430 5
1673400 417691 430 20378
1673401 417691 430 1198
1673402 417691 430 10275
1673403 417691 430 4256
1673404 455989 430 14070
1673405 455989 430 79
1673416 455991 430 57754
1673417 455991 430 1209
1673418 455991 430 60517
1673419 455991 430 103486
1673452 455994 430 103489
1673453 455995 430 125
1673454 455995 430 216
1673455 455995 430 138
1673456 455995 430 1162
1673457 455995 430 181
1673458 455995 430 108
1673459 455995 430 797
1673460 455996 430 103490
1673461 455996 430 12763
1673462 455996 430 225
1673463 169450 430 3362
1673464 169450 430 557
1673465 169450 430 2248
1673466 169450 430 941
1673467 169450 430 1820
1673468 169450 430 46686
1673469 169450 430 2185
1673470 323514 430 1257
1673471 323514 430 125
1673472 323514 430 1808
1673473 323514 430 637
1673474 323514 430 16767
1673475 323514 430 638
1673476 323514 430 15
1673477 442299 430 10000
1673478 442299 430 635
1673479 442299 430 254
1673480 442299 430 5443
1673481 442299 430 2892
1673482 442299 430 4661
1673483 442299 430 637
1673498 455999 430 1141
1673499 455999 430 90
1673500 455999 430 72
1673501 455999 430 369
1673502 455999 430 20
1673503 455999 430 291
1673504 455999 430 138
1673505 455999 430 10523
1673506 125533 430 103491
1673507 115722 430 108
1673508 115722 430 46
1673509 115722 430 90
1673510 115722 430 529
1673511 115722 430 20
1673512 115722 430 138
1673513 115722 430 4446
1673523 456001 430 90
1673524 456001 430 8019
1673525 456001 430 108
1673526 456001 430 2150
1673527 456001 430 386
1673528 456001 430 6259
1673529 456001 430 7012
1673530 456002 430 4044
1673531 456002 430 18136
1673532 456002 430 29
1673533 456002 430 1304
1673534 456002 430 46384
1673535 456002 430 46854
1673536 456002 430 46855
1673570 456005 430 386
1673571 456005 430 1678
1673572 456005 430 1147
1673573 456005 430 10664
1673574 456005 430 276
1673575 456005 430 137
1673576 456005 430 655
1673577 456005 430 139
1673578 456005 430 155
1673579 456005 430 3
1673580 456005 430 1738
1673581 456005 430 4430
1673582 456005 430 5827
1673583 416328 430 276
1673584 416328 430 26734
1673585 416328 430 4872
1673586 416328 430 6269
1673587 416328 430 1947
1673588 416328 430 18377
1673589 416328 430 43951
1673613 381126 430 103500
1673614 456009 430 1715
1673615 456009 430 4123
1673616 456009 430 3748
1673617 456009 430 125
1673618 456009 430 302
1673619 456009 430 318
1673620 456009 430 1716
1673621 456010 430 1257
1673622 456010 430 4265
1673623 456010 430 4677
1673624 456010 430 103501
1673625 456010 430 19419
1673626 456010 430 31692
1673627 456010 430 29110
1673658 456011 430 40323
1673659 456011 430 27055
1673660 456011 430 103502
1673661 456011 430 4084
1673662 456011 430 2592
1673663 456011 430 59298
1673664 456011 430 21135
1673665 456011 430 9047
1673666 456011 430 103503
1673667 456011 430 103504
1673668 456011 430 103505
1673669 456011 430 103506
1673670 456011 430 12
1673671 456011 430 451
1673672 456012 430 1627
1673673 456012 430 1051
1673674 456012 430 19978
1673675 456012 430 5521
1673676 456012 430 1052
1673677 456012 430 1565
1673678 456012 430 4952
1673679 435922 430 138
1673680 435922 430 6049
1673681 435922 430 3153
1673682 435922 430 961
1673683 435922 430 6296
1673684 435922 430 1939
1673685 435922 430 328
1673694 36601 430 8566
1673695 36601 430 369
1673696 36601 430 637
1673697 36601 430 276
1673698 36601 430 2990
1673699 36601 430 635
1673700 36601 430 638
1673701 152564 430 894
1673702 152564 430 768
1673703 152564 430 992
1673704 152564 430 638
1673705 152564 430 1313
1673706 152564 430 1560
1673707 152564 430 730
1673708 152564 430 1390
1673709 152564 430 4213
1673710 152564 430 1647
1673711 152564 430 1321
1673712 152564 430 1359
1673713 152564 430 1779
1673714 152564 430 846
1673715 456014 430 103508
1673716 456014 430 717
1673717 456014 430 103509
1673718 456014 430 103510
1673719 456014 430 267
1673720 456014 430 697
1673721 456014 430 638
1673722 301978 430 829
1673723 301978 430 104
1673724 301978 430 139
1673725 301978 430 638
1673726 301978 430 285
1673727 301978 430 1779
1673728 301978 430 369
1673729 192791 430 1177
1673730 192791 430 1560
1673731 192791 430 865
1673732 192791 430 638
1673733 192791 430 1313
1673734 192791 430 1779
1673735 192791 430 1178
1673743 456017 430 6783
1673744 456017 430 156
1673754 14349 430 139
1673755 14349 430 2627
1673756 14349 430 1155
1673757 14349 430 264
1673758 14349 430 285
1673759 14349 430 301
1673760 14349 430 865
1673761 394124 430 8629
1673762 394124 430 139
1673763 394124 430 865
1673764 394124 430 2627
1673765 394124 430 374
1673766 394124 430 264
1673767 394124 430 734
1673782 456018 430 637
1673783 456018 430 4342
1673784 456018 430 254
1673785 456018 430 638
1673786 456018 430 1396
1673787 456018 430 915
1673788 456018 430 334
1673789 456019 430 996
1673790 456019 430 23978
1673791 456019 430 503
1673792 456019 430 1591
1673793 456019 430 1923
1673794 456019 430 2175
1673795 456019 430 523
1673796 456020 430 79
1673797 456020 430 1245
1673798 456020 430 1037
1673799 456020 430 4793
1673800 354 430 668
1673801 354 430 3
1673802 354 430 575
1673803 354 430 999
1673804 354 430 76
1673805 354 430 44
1673806 354 430 2427
1673807 16097 430 2331
1673808 16097 430 4400
1673809 16097 430 285
1673810 16097 430 5018
1673811 16097 430 3
1673812 16097 430 290
1673813 16097 430 1117
1673814 456021 430 49629
1673815 456021 430 76
1673816 456021 430 364
1673817 456022 430 4284
1673818 456022 430 503
1673819 456022 430 103511
1673820 456022 430 103512
1673821 456022 430 103513
1673822 456022 430 103514
1673823 456022 430 31297
1673824 456022 430 36394
1673825 456022 430 4302
1673851 456025 430 55929
1673852 456025 430 4818
1673853 456025 430 1759
1673854 456025 430 19852
1673855 456025 430 18529
1673856 412818 430 138
1673857 412818 430 1267
1673858 412818 430 342
1673859 412818 430 221
1673860 412818 430 29
1673861 412818 430 1230
1673862 412818 430 868
1673899 1399 430 285
1673900 1399 430 21
1673901 1399 430 780
1673902 1399 430 3
1673903 1399 430 2908
1673904 1399 430 5
1673905 1399 430 1040
1673906 38241 430 347
1673907 38241 430 961
1673908 38241 430 138
1673909 38241 430 884
1673910 38241 430 734
1673911 38241 430 1106
1673912 38241 430 1119
1673913 456030 430 40
1673914 456030 430 3145
1673915 456030 430 1883
1673916 456030 430 370
1673917 456030 430 1692
1673918 456030 430 1126
1673919 456030 430 299
1673938 456034 430 369
1673939 456034 430 1258
1673940 456034 430 125
1673941 456034 430 374
1673942 456034 430 44
1673943 456034 430 1119
1673944 456034 430 301
1673945 456034 430 978
1673946 456035 430 90
1673947 456035 430 104
1673948 456035 430 1530
1673949 456035 430 27030
1673950 456035 430 2469
1673951 79832 430 15693
1673952 79832 430 638
1673953 79832 430 1303
1673954 79832 430 369
1673955 79832 430 10109
1673956 79832 430 72
1673964 438392 430 276
1673965 438392 430 507
1673966 438392 430 638
1673967 438392 430 126
1673968 438392 430 1779
1673969 438392 430 1313
1673970 438392 430 285
1673971 107178 430 787
1673972 107178 430 638
1673973 107178 430 2373
1673974 107178 430 1884
1673975 107178 430 1647
1673976 107178 430 2441
1673977 107178 430 40
1673982 1922461 430 1715
1673983 1922461 430 1745
1673984 1922461 430 1359
1673985 1922461 430 103520
1673986 1922461 430 302
1673987 1922461 430 27239
1673988 456037 430 188
1673989 456037 430 10764
1673990 456037 430 681
1673991 456037 430 103521
1673992 456037 430 527
1673993 456037 430 7219
1673994 456037 430 129
1673995 456037 430 39710
1674003 456039 430 31852
1674004 456039 430 103522
1674005 456039 430 1795
1674006 456039 430 27449
1674007 456039 430 20291
1674008 456039 430 39201
1674009 456039 430 15476
1674010 456039 430 11704
1674011 456039 430 638
1674012 456040 430 1669
1674013 456040 430 507
1674014 456040 430 1779
1674015 456040 430 1313
1674016 456040 430 19756
1674017 456040 430 104
1674018 456040 430 638
1674047 456043 430 507
1674048 456043 430 221
1674049 456043 430 9694
1674050 456043 430 1004
1674051 456043 430 125
1674052 456043 430 6435
1674053 456043 430 6257
1674056 411468 430 4135
1674057 456045 430 5932
1674058 456045 430 72
1674059 456045 430 1779
1674060 144074 430 29
1674061 144074 430 331
1674062 144074 430 139
1674063 144074 430 40219
1674064 144074 430 77
1674065 144074 430 285
1674066 144074 430 104
1674067 456046 430 8527
1674068 456046 430 125
1674069 456046 430 507
1674070 456046 430 941
1674071 456046 430 15
1674072 456046 430 4765
1674073 456046 430 1807
1674074 456047 430 2150
1674075 456047 430 1183
1674076 456047 430 719
1674077 456047 430 507
1674078 456047 430 1958
1674079 456047 430 103523
1674080 456047 430 5943
1674081 456047 430 4460
1674082 456047 430 29
1674083 456047 430 1565
1674084 456047 430 221
1674085 456047 430 1052
1674086 456047 430 138
1674087 456047 430 1703
1674088 456047 430 376
1674089 456047 430 8355
1674090 456047 430 13502
1674091 456047 430 103524
1674099 451122 430 1072
1674100 451122 430 287
1674101 451122 430 125
1674102 451122 430 682
1674103 451122 430 138
1674104 451122 430 1049
1674105 451122 430 45513
1674127 452891 430 15
1674128 452891 430 344
1674129 452891 430 125
1674130 452891 430 332
1674131 452891 430 1322
1674132 452891 430 4
1674133 452891 430 507
1674134 456049 430 5783
1674135 456049 430 507
1674136 456049 430 85186
1674137 456049 430 342
1674138 456049 430 3365
1674139 456050 430 20040
1674140 456050 430 16308
1674141 456050 430 9828
1674142 456050 430 4816
1674143 456050 430 2161
1674144 456050 430 4276
1674145 456050 430 374
1674153 456051 430 11474
1674154 456051 430 507
1674155 456051 430 78030
1674156 456051 430 503
1674157 456051 430 23802
1674158 456051 430 1388
1674159 456051 430 1767
1674174 456055 430 342
1674175 456055 430 2627
1674176 456055 430 1004
1674177 456055 430 6156
1674178 456056 430 103531
1674179 456056 430 267
1674180 456056 430 103532
1674181 456056 430 103533
1674182 456056 430 42516
1674183 456056 430 103534
1674184 456056 430 650
1674185 456056 430 99642
1674186 456056 430 103535
1674187 456056 430 19889
1674188 456056 430 103536
1674189 456056 430 79694
1674216 61821 430 10520
1674217 61821 430 8953
1674218 61821 430 5347
1674219 61821 430 19419
1674220 61821 430 5346
1674221 61821 430 318
1674222 61821 430 5051
1674229 456063 430 19071
1674230 456063 430 6156
1674231 456063 430 39
1674232 456063 430 5932
1674233 456063 430 787
1674234 456063 430 181
1674235 456063 430 507
1674236 456064 430 3
1674237 456064 430 39
1674238 456064 430 1033
1674240 456066 430 91279
1674241 456066 430 99234
1674242 456067 430 103544
1674243 456067 430 103545
1674251 958 430 138
1674252 958 430 906
1674253 958 430 485
1674254 958 430 137
1674255 958 430 825
1674256 958 430 356
1674257 958 430 667
1674258 456069 430 32551
1674259 456069 430 557
1674260 456069 430 79
1674261 456069 430 3275
1674269 456071 430 103546
1674270 456071 430 20053
1674271 456071 430 103311
1674272 456071 430 6484
1674273 456071 430 103547
1674274 456071 430 42080
1674275 456071 430 103548
1674276 456071 430 103549
1674277 456071 430 103550
1674278 456071 430 9047
1674279 456071 430 42423
1674280 456071 430 103469
1674281 456071 430 47660
1674282 456071 430 103551
1674283 456071 430 7732
1674284 456071 430 103552
1674292 456072 430 4
1674293 456072 430 1112
1674294 456072 430 3151
1674295 456072 430 648
1674296 456072 430 1172
1674297 456072 430 2809
1674305 456074 430 4715
1674306 456074 430 19237
1674307 456074 430 5120
1674308 456074 430 5801
1674309 456074 430 15455
1674310 456074 430 6372
1674311 456075 430 58175
1674312 456075 430 6737
1674313 456075 430 101264
1674314 456075 430 103553
1674315 456075 430 616
1674316 456075 430 9065
1674317 456076 430 103554
1674318 456076 430 55929
1674319 456076 430 36156
1674320 456076 430 4818
1674321 456076 430 26956
1674322 456076 430 18529
1674325 456078 430 104
1674326 456078 430 331
1674327 456078 430 4292
1674328 456078 430 15226
1674329 456078 430 3582
1674330 456078 430 4314
1674357 206248 430 4708
1674358 206248 430 240
1674359 206248 430 367
1674360 206248 430 3355
1674361 206248 430 4247
1674362 206248 430 1227
1674363 206248 430 79
1674364 206248 430 1704
1674365 206248 430 302
1674366 206248 430 334
1674367 206248 430 20317
1674368 206248 430 103343
1674369 206248 430 1703
1674370 206248 430 301
1674371 206248 430 1564
1674372 206248 430 39
1674373 206248 430 818
1674374 206248 430 1303
1674375 1480 430 15
1674376 1480 430 599
1674377 1480 430 369
1674378 1480 430 287
1674379 1480 430 734
1674380 1480 430 138
1674381 1480 430 1703
1674382 1480 430 485
1674383 1480 430 45513
1674384 1480 430 2642
1674385 1480 430 11
1674386 1480 430 139
1674387 1480 430 2373
1674388 1480 430 39
1674410 436092 430 3451
1674411 436092 430 318
1674412 436092 430 8953
1674413 436092 430 5346
1674414 436092 430 103559
1674415 436092 430 8409
1674416 436092 430 5051
1674417 29371 430 3451
1674418 29371 430 8953
1674419 29371 430 99254
1674420 29371 430 318
1674421 29371 430 5347
1674422 29371 430 5051
1674423 29371 430 818
1674424 32177 430 70
1674425 32177 430 668
1674426 32177 430 3394
1674427 32177 430 188
1674428 32177 430 11
1674429 32177 430 125
1674430 32177 430 1058
1674431 456082 430 1317
1674432 456082 430 2179
1674433 456082 430 21
1674434 456082 430 27827
1674435 456082 430 23714
1674447 46395 430 1325
1674448 46395 430 77
1674449 46395 430 222
1674450 46395 430 1529
1674451 46395 430 44
1674452 46395 430 139
1674453 46395 430 46
1674502 456087 430 996
1674503 456087 430 41624
1674504 456087 430 21348
1674505 456088 430 5325
1674506 456088 430 3
1674507 456088 430 44
1674508 456088 430 285
1674509 456088 430 1160
1674510 456088 430 698
1674511 456088 430 4818
1674512 456088 430 10109
1674513 456088 430 16970
1674514 456088 430 6137
1674515 456088 430 4252
1674516 456088 430 103561
1674517 456088 430 225
1674518 456088 430 727
1674519 456088 430 643
1674520 456088 430 328
1674521 24037 430 29264
1674522 24037 430 6269
1674523 24037 430 1058
1674524 24037 430 41974
1674525 24037 430 254
1674526 24037 430 1257
1674527 24037 430 2936
1674528 24043 430 359
1674529 24043 430 1138
1674530 24043 430 367
1674531 24043 430 1230
1674532 24043 430 3200
1674540 27774 430 1106
1674541 27774 430 318
1674542 27774 430 278
1674543 27774 430 77
1674544 27774 430 1058
1674545 27774 430 139
1674546 27774 430 3159
1674547 27774 430 11
1674555 184259 430 29
1674556 184259 430 13097
1674557 184259 430 3
1674558 184259 430 302
1674559 184259 430 79
1674560 184259 430 1128
1674561 184259 430 44
1674562 456090 430 103562
1674563 456090 430 103563
1674564 456090 430 103564
1674565 456090 430 19356
1674566 456090 430 39456
1674567 456091 430 90590
1674568 456091 430 1119
1674569 456091 430 6917
1674570 456091 430 42520
1674571 456091 430 103565
1674572 456091 430 27514
1674573 456091 430 9047
1674574 456091 430 46463
1674575 456091 430 46464
1674576 456091 430 47660
1674577 456091 430 1162
1674578 456091 430 103566
1674579 456091 430 103567
1674602 1922463 430 18136
1674603 1922463 430 46384
1674604 1922463 430 1262
1674605 1922463 430 1304
1674606 456093 430 103569
1674607 456093 430 11288
1674608 456093 430 20141
1674609 456093 430 1304
1674610 456093 430 46384
1674611 456093 430 46854
1674612 456093 430 46855
1674613 456093 430 1262
1674615 456095 430 103571
1674616 456095 430 46463
1674617 456095 430 103572
1674618 456095 430 33241
1674619 456095 430 19232
1674620 456095 430 103573
1674621 456095 430 103574
1674622 456095 430 103575
1674623 456095 430 103576
1674624 456095 430 267
1674625 456095 430 5950
1674626 456096 430 125
1674627 456096 430 3820
1674628 456096 430 46384
1674629 456096 430 1704
1674630 456096 430 15
1674631 456096 430 523
1674632 456096 430 5947
1674633 456097 430 103577
1674634 456098 430 103578
1674635 456098 430 12993
1674636 456098 430 103579
1674637 456098 430 103580
1674638 111058 430 138
1674639 111058 430 5245
1674640 111058 430 1303
1674641 111058 430 13701
1674642 111058 430 23998
1674643 456099 430 76
1674644 456099 430 1007
1674645 456099 430 8776
1674646 456099 430 168
1674647 456099 430 11
1674648 456099 430 67
1674649 456099 430 285
1674650 7039 430 29
1674651 7039 430 813
1674652 7039 430 79
1674653 7039 430 3
1674654 7039 430 331
1674655 7039 430 1004
1674656 7039 430 127
1674664 126403 430 72
1674665 126403 430 21481
1674666 126403 430 4682
1674667 126403 430 5481
1674668 126403 430 6285
1674669 126403 430 6946
1674670 126403 430 638
1674678 456100 430 557
1674679 456100 430 469
1674680 456100 430 5749
1674681 456100 430 1896
1674682 456100 430 103525
1674683 456100 430 103581
1674691 456102 430 128
1674692 456102 430 307
1674693 456102 430 7970
1674694 456102 430 10771
1674695 456102 430 103406
1674696 456102 430 276
1674697 456102 430 17282
1674698 456103 430 3640
1674699 456103 430 72
1674700 456103 430 46768
1674701 456103 430 637
1674702 456103 430 895
1674703 456103 430 1230
1674704 456103 430 2556
1674705 89208 430 19338
1674706 89208 430 425
1674707 89208 430 20539
1674708 89208 430 72
1674709 89208 430 1704
1674710 89208 430 103582
1674711 1528 430 477
1674712 1528 430 474
1674713 1528 430 2547
1674714 1528 430 3
1674715 1528 430 255
1674716 1528 430 79
1674717 1528 430 285
1674718 456104 430 17258
1674719 456104 430 700
1674720 456104 430 734
1674721 456104 430 285
1674722 456104 430 12644
1674723 456104 430 1882
1674724 456104 430 139
1674725 456105 430 6552
1674726 456105 430 9419
1674734 456106 430 77783
1674735 456106 430 18529
1674736 456106 430 4079
1674737 456106 430 311
1674746 289472 430 318
1674747 289472 430 1034
1674748 289472 430 4490
1674749 289472 430 291
1674750 289472 430 816
1674751 289472 430 1125
1674752 289472 430 3
1674753 289472 430 60609
1674772 87035 430 3239
1674773 87035 430 347
1674774 87035 430 1430
1674775 87035 430 24162
1674776 87035 430 795
1674777 87035 430 469
1674778 87035 430 4362
1674789 456111 430 12453
1674790 456111 430 103589
1674791 456111 430 24020
1674792 456111 430 103590
1674793 456111 430 103591
1674794 456111 430 5453
1674795 456111 430 29
1674803 1922464 430 302
1674804 1922464 430 103592
1674805 1922464 430 99459
1674806 1922464 430 9715
1674807 1922464 430 9047
1674808 1922464 430 103352
1674809 1922464 430 4838
1674810 1922464 430 36855
1674811 1922464 430 99390
1674812 1922464 430 99087
1674813 1922464 430 103593
1674814 1922464 430 27488
1674815 1922464 430 6036
1674831 77742 430 10253
1674832 77742 430 4213
1674833 77742 430 4156
1674834 77742 430 1262
1674835 77742 430 869
1674836 77742 430 3
1674843 456115 430 46854
1674844 456115 430 103596
1674845 456115 430 26116
1674846 456115 430 26576
1674847 456115 430 11326
1674848 456115 430 83412
1674849 456115 430 57461
1674850 456115 430 1037
1674851 456115 430 1714
1674852 456116 430 103347
1674853 456116 430 16382
1674854 456116 430 4132
1674855 456116 430 17725
1674856 456116 430 29089
1674857 456116 430 17514
1674858 456116 430 39204
1674859 456116 430 17281
1674860 456116 430 103597
1674861 456116 430 46854
1674862 456116 430 103596
1674863 456116 430 4462
1674864 456116 430 26116
1674865 456116 430 26576
1674879 24129 430 1007
1674880 24129 430 5076
1674881 24129 430 168
1674882 24129 430 8776
1674883 24129 430 11
1674884 24129 430 4332
1674885 24129 430 139
1674896 456121 430 2990
1674897 456121 430 3593
1674898 456121 430 3811
1674899 456121 430 1703
1674900 456121 430 5778
1674901 456121 430 6737
1674902 456121 430 1128
1674903 456121 430 392
1674904 456121 430 637
1674905 456121 430 828
1674906 407320 430 2990
1674907 407320 430 2376
1674908 407320 430 41995
1674909 407320 430 392
1674910 407320 430 2000
1674911 407320 430 285
1674912 407320 430 44
1674913 456122 430 963
1674914 456122 430 618
1674915 456122 430 523
1674916 456122 430 1267
1674917 456122 430 1690
1674918 456122 430 15839
1674919 456122 430 138
1674920 28752 430 6384
1674921 28752 430 7299
1674922 28752 430 77
1674923 28752 430 104
1674924 28752 430 11
1674925 28752 430 1058
1674926 28752 430 733
1674927 28752 430 451
1674935 184408 430 1560
1674936 184408 430 9419
1674937 184408 430 6685
1674938 184408 430 638
1674939 184408 430 3312
1674940 184408 430 29202
1674941 184408 430 1303
1674942 105418 430 3693
1674943 105418 430 1947
1674944 105418 430 6269
1674945 105418 430 1565
1674946 105418 430 79
1674947 105418 430 32617
1674948 105418 430 19772
1674976 46972 430 4797
1674977 46972 430 1325
1674978 46972 430 77
1674979 46972 430 1169
1674980 46972 430 4676
1674981 46972 430 90
1674982 46972 430 1058
1674994 62746 430 40
1674995 62746 430 81
1674996 62746 430 80
1674997 62746 430 757
1674998 62746 430 982
1674999 62746 430 20
1675000 62746 430 1230
1675001 2754 430 80
1675002 2754 430 81
1675003 2754 430 40
1675004 2754 430 757
1675005 2754 430 1247
1675006 2754 430 90
1675007 2754 430 1230
1675008 79963 430 286
1675009 79963 430 2486
1675010 79963 430 908
1675011 79963 430 240
1675012 79963 430 935
1675013 79963 430 1173
1675014 79963 430 292
1675045 456125 430 79
1675046 456125 430 225
1675047 456125 430 4
1675048 456125 430 1112
1675049 456125 430 540
1675050 456125 430 103609
1675051 456125 430 103610
1675058 29438 430 3
1675059 29438 430 125
1675060 29438 430 79
1675061 29438 430 128
1675062 29438 430 15
1675063 29438 430 44
1675064 29438 430 254
1675065 456127 430 103612
1675066 298318 430 30
1675067 298318 430 3
1675068 298318 430 285
1675069 298318 430 20317
1675070 298318 430 128
1675071 298318 430 5827
1675072 298318 430 139
1675073 298318 430 828
1675074 456128 430 30
1675075 456128 430 3
1675076 456128 430 128
1675077 456128 430 655
1675078 456128 430 11144
1675084 456130 430 668
1675085 456130 430 90
1675086 456130 430 188
1675087 456130 430 6059
1675088 456130 430 20
1675089 456130 430 3
1675090 456130 430 11
1675091 442941 430 668
1675092 442941 430 90
1675093 456131 430 668
1675094 456131 430 169
1675095 456131 430 188
1675096 456131 430 1173
1675097 456131 430 44
1675098 456131 430 1058
1675099 456131 430 90
1675100 38433 430 516
1675101 38433 430 668
1675102 38433 430 188
1675103 38433 430 1529
1675104 38433 430 110
1675105 38433 430 138
1675106 38433 430 129
1675130 456133 430 4767
1675131 456133 430 302
1675132 456133 430 4356
1675133 456133 430 79
1675134 456133 430 97252
1675135 456133 430 27456
1675136 456133 430 3
1675137 456133 430 103616
1675138 456134 430 103617
1675140 88294 430 507
1675141 88294 430 15540
1675142 88294 430 1957
1675143 88294 430 2324
1675144 88294 430 1004
1675145 88294 430 1230
1675146 88294 430 44
1675147 88294 430 4765
1675148 88294 430 441
1675149 88294 430 1396
1675165 70372 430 523
1675166 70372 430 342
1675167 70372 430 125
1675168 70372 430 749
1675169 70372 430 15
1675170 70372 430 1565
1675171 70372 430 5947
1675172 456137 430 342
1675173 456137 430 1692
1675174 456137 430 8931
1675175 456137 430 103493
1675181 138208 430 912
1675182 138208 430 813
1675183 138208 430 1690
1675184 138208 430 1230
1675185 138208 430 6573
1675186 138208 430 29
1675187 138208 430 982
1675189 3435 430 154
1675190 3435 430 2324
1675191 3435 430 2682
1675192 3435 430 4431
1675193 3435 430 458
1675194 190517 430 1947
1675195 190517 430 302
1675196 190517 430 1703
1675197 190517 430 8527
1675198 190517 430 9156
1675199 190517 430 982
1675200 190517 430 1554
1675201 190517 430 3762
1675202 190517 430 1409
1675203 190517 430 307
1675204 190517 430 4132
1675205 190517 430 292
1675206 190517 430 72
1675207 190517 430 285
1675208 190517 430 10523
1675245 456145 430 51439
1675246 456145 430 14135
1675247 456145 430 26866
1675248 456145 430 30851
1675249 456145 430 46401
1675250 456145 430 103621
1675251 456145 430 17373
1675252 456145 430 9047
1675253 456145 430 46463
1675254 456145 430 46464
1675255 456145 430 47660
1675256 26598 430 125
1675257 26598 430 342
1675258 26598 430 225
1675259 26598 430 3
1675260 26598 430 650
1675261 26598 430 181
1675262 26598 430 8931
1675263 28879 430 2331
1675264 28879 430 1056
1675265 28879 430 3
1675266 28879 430 275
1675267 28879 430 168
1675268 28879 430 1117
1675269 28879 430 44
1675270 456146 430 103622
1675276 456148 430 5325
1675277 456148 430 44
1675278 456148 430 285
1675279 456148 430 254
1675280 456148 430 1230
1675281 456148 430 225
1675282 456148 430 1999
1675283 456148 430 2427
1675284 456148 430 698
1675285 456148 430 155
1675286 456148 430 156
1675287 456148 430 587
1675288 456148 430 1731
1675289 456148 430 540
1675290 456148 430 4245
1675291 456148 430 4418
1675292 456148 430 1172
1675293 456148 430 4329
1675294 456148 430 4252
1675295 456148 430 3798
1675296 456148 430 4196
1675297 456148 430 4502
1675298 456148 430 10419
1675299 456149 430 795
1675300 456149 430 285
1675301 456149 430 912
1675302 456149 430 982
1675303 456149 430 40942
1675304 456149 430 1230
1675305 133647 430 318
1675306 133647 430 278
1675307 133647 430 118
1675311 456151 430 4267
1675312 456151 430 254
1675313 456151 430 46
1675314 456151 430 138
1675315 456151 430 264
1675316 456151 430 79
1675317 456151 430 44
1675331 456155 430 29906
1675332 456155 430 5015
1675333 456155 430 27282
1675334 456155 430 1723
1675335 456155 430 4174
1675336 456155 430 13775
1675337 456155 430 1231
1675338 456156 430 125
1675339 456156 430 103626
1675340 456156 430 103627
1675341 456156 430 103628
1675352 24238 430 5217
1675353 24238 430 138
1675354 24238 430 3148
1675355 24238 430 6
1675356 24238 430 1367
1675357 24238 430 254
1675358 24238 430 5354
1675359 456158 430 108
1675360 456158 430 5906
1675361 456158 430 46
1675362 456158 430 5928
1675363 456158 430 668
1675364 456158 430 188
1675365 456158 430 474
1675366 456158 430 1106
1675367 456158 430 1747
1675368 456158 430 527
1675369 456158 430 1738
1675370 456158 430 3
1675371 456158 430 44
1675372 456158 430 285
1675373 456158 430 926
1675374 456158 430 11
1675375 456159 430 1628
1675376 456160 430 276
1675377 456160 430 5453
1675378 456160 430 529
1675379 456160 430 441
1675380 456160 430 4308
1675381 456160 430 39
1675382 456160 430 507
1675383 456161 430 5051
1675384 456161 430 25575
1675385 456161 430 1230
1675386 456162 430 216
1675387 456162 430 1720
1675388 456162 430 1162
1675389 456162 430 797
1675390 456162 430 825
1675391 456162 430 1728
1675392 456162 430 4122
1675393 456162 430 30169
1675394 456162 430 2852
1675395 456162 430 668
1675396 456162 430 138
1675397 456162 430 125
1675398 456162 430 44
1675399 456162 430 11
1675400 456162 430 46
1675401 456162 430 4292
1675402 456162 430 4057
1675403 456162 430 6229
1675404 456162 430 1128
1675405 456162 430 1703
1675406 456162 430 2012
1675407 456162 430 6515
1675408 456162 430 8818
1675409 456162 430 98
1675410 456162 430 188
1675443 456165 430 1565
1675444 456165 430 4272
1675445 456165 430 4773
1675446 456165 430 6294
1675447 456165 430 2777
1675448 456165 430 49656
1675449 456165 430 16019
1675468 456168 430 4750
1675469 456168 430 46384
1675470 456168 430 103634
1675471 456168 430 103635
1675472 456168 430 84900
1675473 456169 430 4385
1675474 456169 430 3510
1675475 456169 430 17166
1675476 456170 430 912
1675477 456170 430 3156
1675478 456170 430 26855
1675479 456170 430 3182
1675480 456170 430 1771
1675481 456170 430 1690
1675482 456170 430 769
1675483 456171 430 4385
1675484 456171 430 129
1675485 456171 430 525
1675486 456171 430 285
1675492 456173 430 318
1675493 456173 430 27688
1675494 456173 430 4715
1675495 456173 430 19267
1675496 456173 430 3
1675497 456173 430 285
1675498 456173 430 4713
1675507 456176 430 4385
1675508 456176 430 138
1675509 456176 430 108
1675510 456176 430 46
1675511 456176 430 4446
1675512 456176 430 1313
1675513 456176 430 187
1675514 456177 430 9737
1675515 456177 430 103329
1675523 456179 430 125
1675524 456179 430 15
1675525 456179 430 1704
1675526 456179 430 225
1675527 456179 430 39
1675528 456179 430 3
1675534 456181 430 3367
1675535 456181 430 1178
1675536 456181 430 1057
1675537 456181 430 1176
1675538 456181 430 2627
1675539 456181 430 3762
1675540 456181 430 139
1675541 142816 430 4276
1675542 142816 430 318
1675543 142816 430 3
1675544 142816 430 276
1675545 142816 430 301
1675546 142816 430 5924
1675547 142816 430 1230
1675548 142816 430 210
1675549 456182 430 103525
1675550 456182 430 557
1675551 456182 430 5749
1675552 456182 430 912
1675553 456182 430 103637
1675554 456182 430 4458
1675555 456182 430 504
1675556 456182 430 3359
1675557 456182 430 37562
1675558 456182 430 35078
1675559 456182 430 103638
1675560 456182 430 12453
1675561 456182 430 103520
1675562 456182 430 103639
1675563 456182 430 103640
1675564 456182 430 46317
1675575 456183 430 24794
1675580 419900 430 3
1675581 419900 430 48463
1675582 419900 430 575
1675583 419900 430 76
1675584 419900 430 1714
1675585 419900 430 8746
1675586 419900 430 709
1675587 456185 430 103642
1675588 456186 430 3
1675589 456186 430 258
1675590 456186 430 33484
1675591 456186 430 103643
1675592 456186 430 275
1675593 456186 430 318
1675594 456186 430 15103
1675596 456188 430 103645
1675602 456191 430 103296
1675603 456191 430 732
1675604 456191 430 5000
1675605 456192 430 103649
1675606 456193 430 1999
1675607 456193 430 67769
1675608 456193 430 1112
1675609 456193 430 4818
1675610 456193 430 3365
1675611 456193 430 767
1675612 456193 430 225
1675627 16713 430 3
1675628 16713 430 54
1675629 16713 430 668
1675630 16713 430 139
1675631 16713 430 285
1675632 456197 430 6375
1675633 456197 430 1034
1675634 456197 430 1431
1675635 456197 430 5541
1675659 456202 430 79
1675660 456202 430 221
1675661 456202 430 32551
1675662 456202 430 342
1675663 456203 430 5076
1675664 456203 430 254
1675665 456203 430 1775
1675666 456203 430 3
1675667 456203 430 5109
1675668 456203 430 6106
1675682 22214 430 1169
1675683 22214 430 29
1675684 22214 430 6138
1675685 22214 430 127
1675686 22214 430 3
1675687 22214 430 24079
1675688 22214 430 1170
1675689 456206 430 1112
1675690 456206 430 4
1675691 456207 430 276
1675692 456207 430 139
1675693 456207 430 4132
1675694 456207 430 104
1675695 456207 430 307
1675696 456207 430 928
1675697 456208 430 276
1675698 456208 430 5907
1675699 35113 430 1325
1675700 35113 430 1007
1675701 35113 430 77
1675702 35113 430 103654
1675703 35113 430 154
1675704 35113 430 347
1675705 35113 430 681
1675706 27854 430 139
1675707 27854 430 77
1675708 27854 430 1058
1675709 27854 430 1322
1675710 27854 430 285
1675711 27854 430 1359
1675712 27854 430 3160
1675719 192234 430 125
1675720 192234 430 15
1675721 192234 430 6
1675722 192234 430 1125
1675723 192234 430 138
1675724 192234 430 1779
1675725 192234 430 17439
1675726 36747 430 1007
1675727 36747 430 5013
1675728 36747 430 75
1675729 36747 430 90
1675730 36747 430 44
1675731 36747 430 1738
1675732 456210 430 6574
1675733 456210 430 1999
1675734 456210 430 9047
1675735 456210 430 6101
1675736 54280 430 254
1675737 54280 430 285
1675738 54280 430 103657
1675739 54280 430 635
1675740 54280 430 926
1675741 54280 430 103658
1675742 54280 430 3
1675743 456211 430 72
1675744 456211 430 2161
1675745 456211 430 103659
1675746 456211 430 2486
1675747 456211 430 6674
1675748 456211 430 301
1675749 456211 430 285
1675750 53632 430 10839
1675751 53632 430 24515
1675752 53632 430 79
1675753 53632 430 285
1675754 53632 430 3
1675755 53632 430 1230
1675756 53632 430 818
1675757 57296 430 29
1675758 57296 430 90
1675759 57296 430 1230
1675760 57296 430 331
1675761 57296 430 1331
1675762 57296 430 2916
1675763 57296 430 81
1675764 57296 430 645
1675765 57296 430 2746
1675766 57296 430 11229
1675767 57296 430 4506
1675768 389154 430 507
1675769 389154 430 276
1675770 389154 430 3
1675771 389154 430 2908
1675772 389154 430 5783
1675773 389154 430 1999
1675774 389154 430 27576
1675794 47555 430 2891
1675795 47555 430 301
1675796 47555 430 374
1675797 47555 430 982
1675798 47555 430 264
1675799 47555 430 12962
1675800 47555 430 285
1675802 456214 430 103662
1675814 2224 430 668
1675815 2224 430 188
1675816 2224 430 59488
1675817 2224 430 6547
1675818 2224 430 46
1675819 2224 430 108
1675820 2224 430 138
1675834 934 430 3
1675835 934 430 2427
1675836 934 430 76
1675837 934 430 575
1675838 934 430 15
1675839 934 430 138
1675840 934 430 44
1675841 934 430 523
1675862 456219 430 1112
1675863 456219 430 4
1675871 139815 430 912
1675872 139815 430 719
1675873 139815 430 507
1675874 139815 430 1004
1675875 139815 430 1230
1675876 139815 430 982
1675877 139815 430 441
1675878 139815 430 2427
1675879 139815 430 963
1675880 139815 430 26855
1675881 139815 430 301
1675882 139815 430 342
1675883 139815 430 5923
1675884 139815 430 1037
1675885 139815 430 1690
1675886 139815 430 103666
1675887 139815 430 1019
1675888 139815 430 12800
1675927 456224 430 103667
1675928 456224 430 5076
1675929 456224 430 364
1675930 456224 430 1529
1675931 29627 430 108
1675932 29627 430 46
1675933 29627 430 5374
1675934 29627 430 525
1675935 29627 430 5367
1675936 29627 430 90
1675937 29627 430 138
1675938 456225 430 302
1675939 456225 430 79
1675940 456225 430 3
1675941 456225 430 44
1675942 456225 430 240
1675943 456225 430 254
1675944 456225 430 221
1675953 245749 430 3057
1675954 245749 430 1838
1675955 245749 430 254
1675956 245749 430 9156
1675957 245749 430 38114
1675958 245749 430 44
1675959 245749 430 29
1675967 140540 430 5346
1675968 140540 430 8918
1675969 140540 430 3
1675970 140540 430 5051
1675971 140540 430 3451
1675972 140540 430 926
1675973 140540 430 1037
1675974 140540 430 5668
1675975 456227 430 6956
1675976 456227 430 92005
1675977 456227 430 4174
1675978 456227 430 27282
1675979 456227 430 103672
1675980 456227 430 1723
1675988 456229 430 16874
1675989 456229 430 125
1675990 456229 430 59988
1675991 456229 430 254
1675992 456229 430 15
1675993 456229 430 103673
1675994 456229 430 2709
1675997 302497 430 216
1675998 302497 430 1367
1675999 302497 430 305
1676000 302497 430 3122
1676001 302497 430 125
1676002 302497 430 1113
1676003 302497 430 6
1676004 394893 430 1141
1676005 394893 430 90
1676006 394893 430 6
1676007 394893 430 20
1676008 394893 430 138
1676009 394893 430 1937
1676010 394893 430 638
1676011 80061 430 6809
1676012 80061 430 90
1676013 80061 430 941
1676014 80061 430 638
1676015 80061 430 138
1676016 80061 430 1183
1676017 80061 430 26879
1676018 456231 430 1529
1676019 456231 430 76
1676020 456231 430 794
1676021 456231 430 11
1676022 456231 430 5004
1676023 456231 430 90
1676024 456231 430 638
1676033 456233 430 643
1676034 456233 430 103676
1676035 456233 430 1037
1676036 456233 430 1007
1676037 456233 430 77
1676038 456233 430 35272
1676039 456233 430 4132
1676040 456233 430 103677
1676041 456233 430 103678
1676042 456233 430 982
1676043 456233 430 698
1676044 456233 430 3160
1676045 456233 430 3159
1676053 456234 430 103679
1676084 456237 430 103682
1676085 456237 430 103683
1676086 456237 430 103684
1676087 456237 430 11220
1676088 456237 430 1359
1676089 456237 430 48393
1676090 456237 430 556
1676091 456237 430 54298
1676099 74763 430 3
1676100 74763 430 44
1676101 74763 430 285
1676102 74763 430 79
1676103 74763 430 72
1676104 74763 430 318
1676105 74763 430 982
1676106 74763 430 301
1676107 74763 430 1230
1676108 74763 430 4
1676109 74763 430 865
1676110 74763 430 264
1676111 74763 430 6691
1676112 74763 430 334
1676113 74763 430 4276
1676114 74763 430 2161
1676115 74763 430 1322
1676116 74763 430 292
1676117 74763 430 24589
1676118 74763 430 54298
1676119 456238 430 10967
1676120 456238 430 338
1676121 456238 430 125
1676122 456238 430 4308
1676123 456238 430 3
1676124 456238 430 51250
1676125 456238 430 4234
1676139 456244 430 103296
1676140 456244 430 10514
1676152 395533 430 7326
1676153 395533 430 1049
1676154 395533 430 120
1676155 395533 430 44
1676156 395533 430 254
1676157 395533 430 138
1676158 395533 430 798
1676159 395533 430 451
1676160 943 430 77
1676161 943 430 480
1676162 943 430 139
1676163 943 430 1325
1676164 943 430 100
1676165 943 430 44
1676166 943 430 6972
1676174 456247 430 103480
1676175 456247 430 103692
1676183 351245 430 1732
1676184 351245 430 637
1676185 351245 430 103693
1676186 351245 430 996
1676187 351245 430 635
1676188 351245 430 638
1676189 351245 430 1744
1676190 456248 430 39
1676191 456248 430 321
1676192 456248 430 4323
1676193 456248 430 1731
1676194 456248 430 4044
1676195 456248 430 60079
1676196 456248 430 865
1676197 138472 430 1701
1676198 138472 430 15839
1676199 138472 430 125
1676200 138472 430 963
1676201 138472 430 19533
1676202 138472 430 523
1676203 138472 430 15
1676204 58858 430 643
1676205 58858 430 220
1676206 58858 430 5962
1676207 58858 430 1160
1676208 58858 430 44
1676209 58858 430 5932
1676210 58858 430 318
1676211 35177 430 523
1676212 35177 430 319
1676213 35177 430 529
1676214 35177 430 79
1676215 35177 430 2427
1676216 35177 430 154
1676217 35177 430 76
1676223 1922467 430 302
1676224 1922467 430 103694
1676225 1922467 430 103695
1676226 1922467 430 27239
1676227 1922467 430 1745
1676228 133941 430 1367
1676229 133941 430 6
1676230 133941 430 285
1676231 133941 430 1125
1676232 133941 430 1897
1676233 133941 430 3
1676234 133941 430 1937
1676235 133941 430 668
1676271 138485 430 3
1676272 138485 430 128
1676273 138485 430 44
1676274 138485 430 11
1676275 138485 430 828
1676276 138485 430 655
1676285 456252 430 77
1676286 456252 430 1534
1676287 456252 430 240
1676288 456252 430 10199
1676289 456252 430 139
1676290 456252 430 285
1676291 456252 430 11882
1676292 456252 430 1359
1676293 456252 430 2061
1676294 456252 430 3159
1676295 456252 430 3582
1676296 456252 430 1007
1676297 456252 430 1230
1676298 456252 430 1299
1676299 456252 430 1325
1676300 456252 430 19419
1676301 456253 430 1257
1676302 456253 430 1808
1676303 456253 430 20278
1676304 456253 430 20279
1676305 456253 430 3
1676306 456253 430 254
1676307 456253 430 103698
1676311 88444 430 668
1676312 88444 430 3
1676313 88444 430 76
1676314 88444 430 575
1676315 88444 430 285
1676316 88444 430 44
1676317 88444 430 188
1676331 1922468 430 302
1676332 1922468 430 27239
1676333 56075 430 507
1676334 56075 430 1057
1676335 56075 430 1004
1676336 56075 430 3
1676337 56075 430 1597
1676338 56075 430 915
1676339 56075 430 79
1676345 456258 430 68921
1676346 456258 430 2990
1676347 456258 430 104
1676348 456258 430 392
1676349 456258 430 1127
1676350 456258 430 139
1676351 456258 430 976
1676352 456258 430 865
1676353 456258 430 77
1676354 456258 430 41995
1676355 456258 430 72
1676356 456258 430 374
1676357 456258 430 10154
1676358 456258 430 748
1676359 456258 430 1119
1676360 456258 430 285
1676361 456258 430 1106
1676362 456259 430 103701
1676363 456259 430 12523
1676364 456259 430 16897
1676365 456259 430 9047
1676366 456259 430 8776
1676367 456259 430 267
1676368 456259 430 19647
1676369 456259 430 15296
1676370 456259 430 1106
1676371 94489 430 587
1676372 94489 430 884
1676373 94489 430 667
1676374 94489 430 523
1676375 94489 430 455
1676376 116785 430 11
1676377 116785 430 72
1676378 116785 430 188
1676379 116785 430 527
1676380 116785 430 1007
1676381 116785 430 28
1676382 116785 430 108
1676390 456261 430 1999
1676391 456261 430 318
1676392 456261 430 301
1676393 456261 430 5907
1676394 456261 430 103702
1676395 456261 430 225
1676396 456261 430 4733
1676397 456261 430 1121
1676426 456265 430 103703
1676427 456265 430 298
1676428 456265 430 9047
1676429 456265 430 12402
1676475 112394 430 6240
1676476 112394 430 27593
1676477 112394 430 507
1676478 112394 430 125
1676479 112394 430 767
1676480 112394 430 1775
1676481 112394 430 27594
1676488 456269 430 318
1676489 456269 430 156
1676490 456269 430 276
1676491 456269 430 70
1676492 456269 430 305
1676493 456269 430 53
1676494 456269 430 978
1676495 456269 430 3122
1676496 456269 430 1383
1676497 456269 430 103706
1676498 456269 430 11316
1676499 456269 430 2016
1676500 456269 430 26425
1676501 456269 430 31437
1676506 456271 430 103404
1676507 456271 430 90
1676508 456271 430 11
1676509 456271 430 769
1676510 456271 430 2013
1676511 456271 430 1058
1676512 456271 430 80
1676513 456271 430 2373
1676519 456273 430 17764
1676520 456273 430 681
1676521 456273 430 1058
1676522 456273 430 19419
1676553 88461 430 11
1676554 88461 430 3355
1676555 88461 430 3451
1676556 88461 430 10000
1676557 88461 430 139
1676558 88461 430 254
1676559 88461 430 1058
1676567 456277 430 216
1676568 456277 430 3122
1676569 456277 430 125
1676570 456277 430 305
1676571 456277 430 3468
1676572 456277 430 139
1676573 456277 430 9787
1676574 456278 430 2908
1676575 456278 430 59098
1676576 456278 430 8474
1676577 456278 430 507
1676578 456278 430 48667
1676600 78853 430 1331
1676601 78853 430 29
1676602 78853 430 5541
1676603 78853 430 39
1676604 78853 430 1703
1676605 78853 430 359
1676606 78853 430 81
1676607 456281 430 103396
1676608 456281 430 103713
1676609 456281 430 2657
1676610 456281 430 2810
1676611 456281 430 65951
1676621 420248 430 29
1676622 420248 430 139
1676623 420248 430 104
1676624 420248 430 331
1676625 420248 430 2543
1676626 420248 430 77
1676627 420248 430 731
1676628 456283 430 1133
1676629 456283 430 11
1676630 456284 430 103714
1676631 456284 430 1275
1676632 456284 430 125
1676633 456285 430 561
1676634 456285 430 727
1676635 456285 430 1160
1676636 456285 430 44
1676637 456285 430 139
1676638 456285 430 698
1676639 456285 430 884
1676657 456287 430 125
1676658 456287 430 12891
1676659 456287 430 3
1676660 456287 430 816
1676661 456287 430 6
1676662 456287 430 1125
1676663 456287 430 15
1676680 72060 430 869
1676681 72060 430 15528
1676682 72060 430 72
1676683 72060 430 17548
1676684 72060 430 5174
1676685 72060 430 1115
1676686 72060 430 21343
1676687 111912 430 359
1676688 111912 430 616
1676689 111912 430 29481
1676690 111912 430 79
1676691 111912 430 6290
1676692 111912 430 1230
1676693 111912 430 2816
1676694 147594 430 1257
1676695 147594 430 16767
1676696 147594 430 10321
1676697 147594 430 15
1676698 147594 430 4265
1676699 147594 430 1790
1676700 147594 430 6156
1676701 147594 430 47625
1676718 88496 430 302
1676719 88496 430 29
1676720 88496 430 254
1676721 88496 430 2815
1676722 88496 430 3
1676723 88496 430 225
1676724 88496 430 1808
1676733 456290 430 225
1676734 456290 430 24
1676735 456290 430 5720
1676736 456290 430 4818
1676737 456290 430 103722
1676738 456290 430 679
1676739 193334 430 668
1676740 193334 430 1409
1676741 193334 430 285
1676742 193334 430 307
1676743 193334 430 709
1676744 193334 430 44
1676745 193334 430 276
1676746 134124 430 138
1676747 134124 430 221
1676748 134124 430 46
1676749 134124 430 36124
1676750 134124 430 103723
1676751 134124 430 254
1676752 134124 430 638
1676753 134124 430 12
1676754 134124 430 344
1676755 134124 430 369
1676756 134124 430 287
1676757 134124 430 44
1676758 134124 430 1738
1676759 134124 430 19419
1676760 456291 430 39731
1676761 456291 430 29
1676762 456291 430 104
1676763 456291 430 331
1676764 456291 430 139
1676765 456291 430 77
1676766 456291 430 2543
1676767 456292 430 54
1676773 456297 430 4767
1676774 456297 430 125
1676775 456297 430 4643
1676776 456297 430 3439
1676777 456297 430 103616
1676778 456298 430 103727
1676779 456298 430 5185
1676780 17103 430 2610
1676781 17103 430 668
1676782 17103 430 188
1676783 17103 430 286
1676784 17103 430 3
1676785 17103 430 285
1676786 17103 430 44
1676787 456299 430 77
1676788 456299 430 42672
1676789 456299 430 16245
1676790 456299 430 536
1676802 456301 430 46
1676803 456301 430 3
1676804 456301 430 1611
1676805 456301 430 285
1676806 456301 430 44
1676807 456301 430 668
1676808 456301 430 1230
1676809 62165 430 127
1676810 62165 430 29
1676811 62165 430 126
1676812 62165 430 318
1676813 62165 430 331
1676814 62165 430 982
1676815 62165 430 332
1676823 456302 430 103728
1676824 456302 430 7714
1676825 456302 430 4701
1676826 456302 430 305
1676827 456303 430 15311
1676828 456303 430 6556
1676829 456303 430 6783
1676830 456303 430 1313
1676838 455517 430 103729
1676839 455517 430 4156
1676840 455517 430 10635
1676841 455517 430 1808
1676842 455517 430 3151
1676857 456306 430 103525
1676858 456306 430 69079
1676859 456306 430 103730
1676860 456306 430 54103
1676861 456306 430 7086
1676862 456306 430 91654
1676889 456310 430 17166
1676890 456310 430 767
1676891 456310 430 103733
1676898 128 430 3
1676899 128 430 44
1676900 128 430 79
1676901 128 430 301
1676902 128 430 302
1676903 128 430 342
1676904 128 430 39
1676905 128 430 4
1676906 128 430 865
1676907 128 430 40
1676908 128 430 264
1676909 128 430 540
1676910 128 430 727
1676911 128 430 391
1676912 128 430 311
1676913 128 430 12
1676914 128 430 818
1676915 128 430 240
1676916 128 430 1704
1676917 128 430 299
1676918 128 430 723
1676919 128 430 84
1676920 128 430 55
1676921 128 430 54470
1676922 128 430 4384
1676934 456313 430 36156
1676935 456313 430 12
1676936 456313 430 18529
1676937 140650 430 79
1676938 140650 430 3
1676939 140650 430 103736
1676940 140650 430 4044
1676941 140650 430 19279
1676942 140650 430 8820
1676943 408260 430 1057
1676944 408260 430 4701
1676945 408260 430 139
1676946 408260 430 1148
1676947 408260 430 5285
1676948 408260 430 1678
1676949 408260 430 3
1676960 456316 430 254
1676961 456316 430 21
1676962 456316 430 667
1676963 456316 430 1172
1676964 456316 430 5360
1676965 456316 430 16956
1676966 456316 430 635
1676967 456317 430 103737
1676968 456317 430 103738
1676969 456317 430 3145
1676970 456317 430 29984
1676971 456317 430 4462
1676972 456317 430 54879
1676973 456317 430 103739
1676974 395371 430 2376
1676975 395371 430 41939
1676976 395371 430 2990
1676977 395371 430 285
1676978 395371 430 139
1676979 395371 430 155
1676980 395371 430 2000
1676981 117015 430 98
1676982 117015 430 104
1676983 117015 430 90
1676984 117015 430 3594
1676985 117015 430 369
1676986 117015 430 638
1676987 117015 430 5687
1676988 456318 430 103740
1677001 108113 430 3
1677002 108113 430 334
1677003 108113 430 318
1677004 108113 430 79
1677005 108113 430 332
1677006 108113 430 302
1677007 108113 430 865
1677045 456323 430 40
1677046 456323 430 103741
1677047 456323 430 1883
1677048 456323 430 277
1677049 456323 430 982
1677050 456324 430 698
1677051 456324 430 125
1677052 456324 430 254
1677053 456324 430 4247
1677054 456324 430 391
1677055 456324 430 5325
1677056 456324 430 225
1677057 456324 430 4308
1677058 456324 430 72
1677059 456324 430 926
1677060 456324 430 1133
1677061 456324 430 2637
1677062 456324 430 4677
1677063 456324 430 1160
1677064 456324 430 643
1677065 456324 430 17152
1677066 456325 430 1781
1677067 456325 430 3451
1677068 456325 430 17152
1677069 456325 430 11771
1677070 456325 430 1121
1677071 456325 430 1058
1677072 456325 430 8409
1677073 456325 430 5051
1677074 456325 430 3
1677088 283191 430 941
1677089 283191 430 138
1677090 283191 430 7021
1677091 283191 430 6374
1677092 283191 430 1560
1677093 283191 430 5277
1677094 283191 430 20661
1677095 283191 430 2920
1677096 283191 430 12
1677097 283191 430 4682
1677098 283191 430 4729
1677099 283191 430 6862
1677100 283191 430 4267
1677101 283191 430 6049
1677102 283191 430 90
1677103 283191 430 4722
1677104 283191 430 4721
1677105 283191 430 637
1677106 283191 430 5914
1677107 283191 430 2916
1677108 283191 430 26619
1677109 283191 430 1779
1677110 456327 430 5470
1677111 456327 430 27967
1677112 456327 430 734
1677113 134267 430 507
1677114 134267 430 29
1677115 134267 430 125
1677116 134267 430 221
1677117 134267 430 6
1677118 134267 430 2324
1677119 134267 430 11639
1677120 134267 430 331
1677126 418397 430 1257
1677127 418397 430 10321
1677128 418397 430 16767
1677129 418397 430 3
1677130 418397 430 1808
1677131 418397 430 80282
1677132 418397 430 79
1677133 456329 430 103666
1677134 456329 430 507
1677135 456329 430 14135
1677136 456329 430 39201
1677137 456329 430 69867
1677138 456329 430 9047
1677139 456329 430 27506
1677146 35800 430 108
1677147 35800 430 6059
1677148 35800 430 138
1677149 35800 430 90
1677150 35800 430 667
1677151 35800 430 44
1677152 35800 430 1738
1677162 27952 430 138
1677163 27952 430 46
1677164 27952 430 187
1677165 27952 430 108
1677166 27952 430 44
1677167 27952 430 529
1677168 27952 430 1745
1677169 744786 430 697
1677170 744786 430 8825
1677171 744786 430 742
1677172 744786 430 1373
1677173 744786 430 769
1677174 456334 430 4028
1677175 456334 430 450
1677176 456334 430 17589
1677177 456335 430 1007
1677178 456335 430 8776
1677179 456335 430 76
1677180 456335 430 982
1677181 134303 430 3
1677182 134303 430 79
1677183 134303 430 255
1677184 134303 430 6649
1677185 134303 430 2371
1677186 134303 430 7
1677187 134303 430 21
1677188 134303 430 4381
1677189 134303 430 24969
1677190 134303 430 3190
1677198 456337 430 47583
1677199 456337 430 103748
1677200 456337 430 103749
1677201 456338 430 103750
1677202 456338 430 83803
1677203 456338 430 18442
1677204 456338 430 103751
1677205 456338 430 19419
1677206 456338 430 103752
1677207 456338 430 103753
1677208 456338 430 103754
1677209 456338 430 27488
1677210 456338 430 103755
1677211 456338 430 24093
1677212 456338 430 9047
1677213 456338 430 103756
1677214 456338 430 103757
1677215 456338 430 103758
1677225 456340 430 103759
1677226 456340 430 103760
1677227 456340 430 20053
1677228 456340 430 1563
1677229 456340 430 4838
1677230 456340 430 103761
1677231 456340 430 6917
1677232 456340 430 19203
1677233 456340 430 17166
1677234 456340 430 9047
1677235 456340 430 48762
1677236 456340 430 103762
1677237 456340 430 103763
1677238 456340 430 103764
1677253 75396 430 734
1677254 75396 430 2637
1677255 75396 430 72
1677256 75396 430 709
1677257 75396 430 1714
1677258 75396 430 285
1677259 75396 430 374
1677260 456342 430 77
1677261 456342 430 39
1677262 456342 430 1564
1677263 456342 430 1157
1677264 456342 430 1555
1677265 456342 430 4068
1677266 456342 430 15226
1677267 456342 430 4486
1677268 456342 430 2936
1677269 456342 430 1565
1677270 456342 430 27003
1677271 456342 430 2364
1677272 456342 430 5593
1677273 456343 430 13911
1677274 456343 430 869
1677275 456343 430 103708
1677276 456343 430 61610
1677277 456343 430 67698
1677278 456343 430 1128
1677279 456343 430 1057
1677280 456343 430 4713
1677295 456344 430 4117
1677296 456344 430 3439
1677297 456344 430 941
1677298 456344 430 90
1677307 75424 430 374
1677308 75424 430 19499
1677309 75424 430 1176
1677310 75424 430 90
1677311 75424 430 734
1677312 75424 430 1321
1677313 75424 430 9748
1677325 456349 430 40706
1677326 456349 430 3365
1677327 456349 430 70
1677328 456349 430 1313
1677329 456349 430 2958
1677330 456349 430 374
1677331 456349 430 978
1677332 456349 430 44
1677333 456349 430 72
1677334 456350 430 156
1677335 456350 430 76
1677336 456350 430 56
1677337 456351 430 6819
1677338 456351 430 8100
1677339 456351 430 5924
1677340 456351 430 103767
1677341 456352 430 5076
1677342 456352 430 319
1677343 456353 430 2936
1677344 456353 430 254
1677345 456353 430 1918
1677346 456353 430 301
1677347 456353 430 982
1677348 456353 430 2587
1677349 456353 430 77
1677351 397880 430 4855
1677352 397880 430 4
1677353 397880 430 1322
1677354 397880 430 982
1677355 397880 430 4486
1677356 397880 430 318
1677357 397880 430 72
1677358 456355 430 18671
1677362 136399 430 4872
1677363 136399 430 39
1677364 136399 430 1119
1677365 136399 430 16411
1677366 136399 430 18990
1677367 136399 430 926
1677368 136399 430 302
1677371 456358 430 103771
1677372 456358 430 7561
1677373 456358 430 4254
1677374 456358 430 1033
1677382 456359 430 507
1677383 456359 430 1025
1677384 456359 430 342
1677385 456359 430 1690
1677397 456360 430 941
1677398 456360 430 4797
1677399 456360 430 302
1677400 456360 430 138
1677401 456360 430 46
1677402 456360 430 221
1677403 456360 430 1325
1677404 456362 430 103776
1677421 456365 430 225
1677422 456365 430 1999
1677423 456365 430 103779
1677424 456365 430 103780
1677425 456365 430 70840
1677426 456365 430 926
1677427 456365 430 4044
1677428 456365 430 6269
1677429 456365 430 4872
1677430 456365 430 1781
1677431 456366 430 103781
1677432 456366 430 6556
1677433 456366 430 26734
1677434 456366 430 79
1677435 456366 430 4247
1677466 456369 430 44
1677467 456369 430 4646
1677468 456369 430 1033
1677469 456370 430 3
1677470 456370 430 321
1677471 456370 430 46
1677472 456370 430 187
1677473 456370 430 4044
1677474 456370 430 138
1677475 456370 430 44
1677476 456371 430 79
1677477 456371 430 77
1677478 456371 430 2331
1677479 456371 430 4483
1677480 456371 430 302
1677481 456371 430 164
1677482 456371 430 76
1677483 456371 430 45262
1677484 456371 430 2486
1677485 456371 430 795
1677486 456371 430 44
1677492 117192 430 4212
1677493 117192 430 362
1677494 117192 430 276
1677495 117192 430 4641
1677496 117192 430 638
1677497 117192 430 1819
1677498 117192 430 1057
1677521 371012 430 507
1677522 371012 430 557
1677523 371012 430 953
1677524 371012 430 1896
1677525 371012 430 912
1677526 371012 430 29
1677527 371012 430 719
1677528 456374 430 3366
1677529 456374 430 11768
1677530 456374 430 103784
1677531 456374 430 4677
1677532 456375 430 1176
1677533 456375 430 30896
1677534 456375 430 264
1677535 456375 430 1057
1677543 456377 430 103785
1677544 456377 430 103786
1677545 456377 430 8886
1677546 456377 430 1037
1677547 456377 430 1720
1677548 456377 430 9456
1677549 456377 430 5756
1677550 456377 430 103787
1677551 456377 430 57586
1677572 337136 430 941
1677573 337136 430 3145
1677574 337136 430 40
1677575 337136 430 46384
1677576 337136 430 4486
1677577 259112 430 23714
1677578 259112 430 29
1677579 259112 430 859
1677580 259112 430 599
1677581 456380 430 103404
1677582 456380 430 125
1677583 456380 430 1058
1677584 456380 430 11
1677603 456384 430 139
1677604 456384 430 331
1677605 456384 430 104
1677606 456384 430 1528
1677607 456384 430 731
1677608 456384 430 6737
1677609 456384 430 29
1677614 456386 430 16382
1677615 456386 430 5547
1677616 456386 430 869
1677617 456386 430 46384
1677618 456386 430 25878
1677619 456386 430 40939
1677620 456386 430 81286
1677621 456387 430 29
1677622 456387 430 46384
1677623 456387 430 48687
1677624 456388 430 84494
1677625 456388 430 37425
1677626 456388 430 125
1677627 456388 430 441
1677628 456388 430 917
1677629 456388 430 4132
1677630 456388 430 6269
1677631 456389 430 1690
1677632 456389 430 9946
1677633 456389 430 125
1677634 456389 430 103793
1677635 456389 430 912
1677640 456391 430 103480
1677641 456391 430 67630
1677642 456391 430 103794
1677650 456394 430 108
1677651 456394 430 188
1677652 456394 430 138
1677653 456394 430 668
1677654 456394 430 46
1677655 456394 430 189
1677656 456394 430 4599
1677664 456395 430 103798
1677665 456395 430 6088
1677666 456395 430 2916
1677667 456395 430 19889
1677668 456395 430 46278
1677669 456395 430 103799
1677670 456395 430 4356
1677671 456395 430 8661
1677672 456395 430 57429
1677673 456395 430 4838
1677674 456395 430 103800
1677675 456395 430 57136
1677676 456395 430 103801
1677677 456396 430 103696
1677678 456396 430 86260
1677679 456396 430 103802
1677680 456396 430 717
1677681 456396 430 1037
1677693 2894 430 1162
1677694 2894 430 1034
1677695 2894 430 1147
1677696 2894 430 650
1677697 2894 430 1229
1677698 2894 430 1119
1677699 2894 430 1284
1677700 3146 430 103804
1677701 3146 430 72
1677702 3146 430 286
1677703 3146 430 9461
1677704 3146 430 80
1677705 3146 430 285
1677706 3146 430 347
1677728 456400 430 5210
1677729 456400 430 103805
1677730 456400 430 103806
1677731 78347 430 29
1677732 78347 430 127
1677733 78347 430 125
1677734 78347 430 2427
1677735 78347 430 982
1677736 78347 430 15
1677737 78347 430 331
1677738 456401 430 507
1677739 456401 430 2324
1677740 456401 430 1957
1677741 456401 430 3
1677742 456401 430 240
1677743 456401 430 331
1677744 456401 430 5476
1677745 456401 430 1230
1677746 456401 430 27593
1677747 456401 430 441
1677748 456401 430 11639
1677749 456401 430 44
1677757 425332 430 356
1677758 425332 430 287
1677759 425332 430 285
1677760 425332 430 138
1677761 425332 430 72
1677762 425332 430 926
1677763 425332 430 4668
1677764 456403 430 1321
1677765 456403 430 321
1677766 456403 430 29319
1677767 456404 430 1999
1677768 456404 430 285
1677769 456404 430 1775
1677770 456404 430 1119
1677772 456406 430 643
1677773 456406 430 4477
1677774 456406 430 72
1677775 456406 430 1554
1677776 456406 430 2371
1677777 456406 430 2708
1677778 456406 430 3748
1677796 456410 430 103808
1677804 138859 430 2637
1677805 138859 430 3
1677806 138859 430 1257
1677807 138859 430 79
1677808 138859 430 16767
1677809 138859 430 798
1677810 138859 430 39
1677811 138859 430 4818
1677812 138859 430 103320
1677813 138859 430 6101
1677814 138859 430 4265
1677815 138859 430 618
1677843 456415 430 4276
1677844 456415 430 374
1677845 456415 430 103809
1677846 456415 430 103810
1677847 456415 430 16308
1677848 456415 430 4816
1677849 456415 430 103811
1677862 24936 430 961
1677863 24936 430 182
1677864 24936 430 187
1677865 24936 430 8292
1677866 24936 430 4895
1677867 24936 430 328
1677868 24936 430 108
1677869 456418 430 1999
1677870 456418 430 225
1677871 456418 430 1230
1677872 456418 430 1121
1677873 456418 430 5907
1677874 456418 430 47479
1677875 456418 430 276
1677876 88685 430 869
1677877 88685 430 507
1677878 88685 430 302
1677879 88685 430 1052
1677880 88685 430 4532
1677881 88685 430 3
1677882 88685 430 4154
1677883 456419 430 912
1677884 456419 430 59098
1677885 456419 430 125
1677893 62340 430 156
1677894 62340 430 3
1677895 62340 430 3681
1677896 62340 430 79
1677897 62340 430 45624
1677898 62340 430 76
1677899 62340 430 44
1677900 62340 430 2427
1677901 410946 430 1169
1677902 410946 430 1119
1677903 410946 430 523
1677904 410946 430 1162
1677905 410946 430 7089
1677906 410946 430 103813
1677907 410946 430 39
1677923 24951 430 103814
1677932 88697 430 156
1677933 88697 430 285
1677934 88697 430 1775
1677935 88697 430 3
1677936 88697 430 125
1677937 88697 430 216
1677938 88697 430 4430
1677939 113218 430 1007
1677940 113218 430 668
1677941 113218 430 11
1677942 113218 430 285
1677943 113218 430 1335
1677944 113218 430 110
1677945 113218 430 6234
1677946 116505 430 829
1677947 116505 430 104
1677948 116505 430 638
1677949 116505 430 769
1677950 116505 430 545
1677951 116505 430 618
1677952 116505 430 72
1677957 456425 430 33841
1677958 456425 430 86343
1677959 456425 430 19473
1677960 456425 430 4838
1677961 456425 430 20349
1677962 456425 430 19203
1677963 456425 430 103816
1677964 456425 430 103817
1677965 456425 430 103818
1677967 456427 430 3
1677968 456427 430 285
1677969 456427 430 254
1677970 456427 430 301
1677971 456427 430 39
1677972 456427 430 225
1677973 456427 430 1999
1677974 456427 430 4
1677975 456427 430 1704
1677976 456427 430 24
1677977 456427 430 727
1677978 456427 430 4323
1677979 456427 430 1731
1677980 456427 430 3593
1677981 456427 430 2936
1677982 456427 430 286
1677983 456427 430 60037
1677984 456427 430 4807
1677985 456427 430 15235
1677986 456427 430 103820
1677987 456427 430 4454
1677988 456427 430 5238
1677989 456427 430 31089
1678002 24981 430 362
1678003 24981 430 4044
1678004 24981 430 79
1678005 24981 430 319
1678006 24981 430 54
1678007 24981 430 884
1678008 24981 430 44
1678022 456430 430 668
1678023 456430 430 188
1678024 456430 430 4287
1678025 456430 430 168
1678026 456430 430 11
1678027 456430 430 551
1678028 456430 430 1738
1678038 395750 430 3
1678039 395750 430 1034
1678040 395750 430 1128
1678041 395750 430 4899
1678042 395750 430 1896
1678043 395750 430 1703
1678044 395750 430 1188
1678045 456434 430 1191
1678046 456434 430 4174
1678047 456434 430 1723
1678048 456434 430 1769
1678049 456434 430 29257
1678050 456434 430 29256
1678051 456434 430 27282
1678052 456434 430 23104
1678060 456435 430 18136
1678061 456435 430 46384
1678062 456435 430 1169
1678063 456435 430 2237
1678064 456435 430 4044
1678065 456435 430 1170
1678066 456436 430 83803
1678067 456436 430 18442
1678068 456436 430 103823
1678069 456436 430 27885
1678070 456436 430 103824
1678071 456436 430 6556
1678072 456436 430 8965
1678073 456436 430 48454
1678074 456436 430 103825
1678075 456436 430 39427
1678076 456436 430 103826
1678096 88736 430 507
1678097 88736 430 44
1678098 88736 430 3
1678099 88736 430 342
1678100 88736 430 6156
1678101 88736 430 1611
1678102 88736 430 2472
1678124 456441 430 103717
1678140 456443 430 635
1678141 456443 430 616
1678142 456443 430 5443
1678143 88739 430 3
1678144 88739 430 668
1678145 88739 430 1033
1678146 88739 430 44
1678147 88739 430 1720
1678148 88739 430 8200
1678149 456444 430 391
1678150 456444 430 6384
1678151 456444 430 8316
1678152 456444 430 11524
1678153 456444 430 11
1678154 456444 430 30
1678155 456444 430 75
1678156 456445 430 3030
1678157 456445 430 311
1678158 456446 430 301
1678159 456446 430 285
1678160 456446 430 38072
1678161 456446 430 507
1678162 456446 430 225
1678163 456446 430 3
1678164 456446 430 1999
1678165 88743 430 344
1678166 88743 430 332
1678167 88743 430 34
1678168 88743 430 285
1678169 88743 430 44
1678170 88743 430 2162
1678171 88743 430 301
1678204 36327 430 125
1678205 36327 430 3
1678206 36327 430 1775
1678207 36327 430 79
1678208 36327 430 302
1678209 36327 430 9584
1678210 36327 430 4608
1678211 22458 430 131
1678212 22458 430 1436
1678213 22458 430 275
1678214 22458 430 44
1678215 22458 430 1044
1678216 22458 430 168
1678217 22458 430 552
1678225 456450 430 507
1678226 456450 430 125
1678227 456450 430 648
1678228 456450 430 1257
1678229 456450 430 5318
1678230 456450 430 523
1678231 456450 430 15526
1678250 456454 430 3451
1678251 456454 430 2637
1678252 456454 430 5051
1678253 456454 430 17152
1678254 456454 430 8953
1678255 456454 430 8409
1678256 432297 430 698
1678257 432297 430 225
1678258 432297 430 6137
1678259 432297 430 44
1678260 432297 430 4418
1678261 432297 430 2287
1678262 432297 430 318
1678299 456457 430 3
1678300 456457 430 44
1678301 456457 430 103837
1678302 456457 430 4866
1678303 456457 430 988
1678304 456457 430 8811
1678305 456457 430 2297
1678306 456457 430 35531
1678307 456457 430 5436
1678308 456457 430 290
1678309 456457 430 4247
1678310 456457 430 12
1678311 456457 430 2709
1678312 456457 430 155
1678313 456457 430 4677
1678314 456457 430 4267
1678315 456457 430 3640
1678316 456457 430 2637
1678317 456457 430 982
1678318 456457 430 254
1678319 456457 430 4415
1678320 456457 430 11768
1678321 456457 430 24512
1678322 456457 430 1257
1678383 413277 430 1257
1678384 413277 430 1808
1678385 413277 430 20278
1678386 413277 430 254
1678387 413277 430 6725
1678388 413277 430 2627
1678389 413277 430 27977
1678409 2062 430 618
1678410 2062 430 3
1678411 2062 430 982
1678412 2062 430 884
1678413 2062 430 44
1678414 2062 430 139
1678415 2062 430 184
1678417 456471 430 103847
1678418 371123 430 15
1678419 371123 430 15839
1678420 371123 430 125
1678421 371123 430 19975
1678422 371123 430 1701
1678423 371123 430 963
1678424 371123 430 19533
1678425 88787 430 869
1678426 88787 430 302
1678427 88787 430 79
1678428 88787 430 3
1678429 88787 430 307
1678430 88787 430 1128
1678431 88787 430 50417
1678441 134856 430 46
1678442 134856 430 138
1678443 134856 430 3
1678444 134856 430 1058
1678445 134856 430 369
1678446 134856 430 44
1678447 134856 430 1738
1678448 134856 430 65385
1678449 134856 430 103398
1678450 134856 430 24614
1678451 134856 430 83819
1678452 456474 430 103850
1678453 25133 430 618
1678454 25133 430 2469
1678455 25133 430 139
1678456 25133 430 285
1678457 25133 430 240
1678458 25133 430 44
1678459 25133 430 77
1678460 456475 430 301
1678461 456475 430 29
1678462 456475 430 6756
1678463 456475 430 12935
1678478 140809 430 388
1678479 140809 430 734
1678480 140809 430 3
1678481 140809 430 668
1678482 140809 430 44
1678483 140809 430 575
1678484 140809 430 568
1678485 332705 430 1453
1678486 332705 430 125
1678487 332705 430 507
1678488 332705 430 1191
1678489 332705 430 882
1678490 332705 430 6240
1678491 332705 430 68783
1678492 332705 430 72759
1678493 332707 430 1453
1678494 332707 430 3
1678495 332707 430 1191
1678496 332707 430 798
1678497 332707 430 1034
1678498 332707 430 1322
1678499 332707 430 103852
1678500 456478 430 103480
1678501 456478 430 103853
1678502 456478 430 441
1678503 456479 430 103854
1678504 456479 430 103309
1678505 456479 430 451
1678530 22743 430 216
1678531 22743 430 3122
1678532 22743 430 305
1678533 22743 430 125
1678534 22743 430 1775
1678535 22743 430 15
1678536 22743 430 6230
1678539 117591 430 1564
1678540 117591 430 1716
1678541 117591 430 1715
1678542 117591 430 125
1678543 117591 430 39
1678544 117591 430 1565
1678545 117591 430 523
1678546 456485 430 1057
1678547 456485 430 384
1678548 456485 430 13237
1678549 456485 430 139
1678550 456485 430 39
1678551 456485 430 318
1678559 456494 430 46
1678560 456494 430 210
1678561 456494 430 225
1678562 456494 430 254
1678563 456494 430 138
1678564 456494 430 369
1678565 456494 430 1999
1678566 456495 430 110
1678567 456495 430 129
1678568 456495 430 138
1678569 456495 430 1106
1678570 456495 430 645
1678571 456495 430 90
1678572 456495 430 527
1678587 456498 430 103856
1678588 456498 430 103857
1678589 456498 430 103858
1678590 456498 430 3071
1678591 456498 430 42407
1678592 456498 430 29
1678593 456498 430 67324
1678594 456499 430 15892
1678595 456499 430 4272
1678596 456499 430 4773
1678597 456499 430 16019
1678598 456499 430 6294
1678599 456499 430 285
1678600 456499 430 5306
1678607 41889 430 138
1678608 41889 430 108
1678609 41889 430 1117
1678610 41889 430 46
1678611 41889 430 1396
1678612 41889 430 1738
1678613 41889 430 525
1678614 17223 430 668
1678615 17223 430 188
1678616 17223 430 168
1678617 17223 430 4287
1678618 17223 430 681
1678619 17223 430 5960
1678620 17223 430 44
1678628 111608 430 881
1678629 111608 430 825
1678630 111608 430 285
1678631 111608 430 90
1678632 111608 430 44
1678633 289266 430 5434
1678634 289266 430 458
1678635 289266 430 1313
1678636 289266 430 5322
1678637 289266 430 4442
1678638 289266 430 264
1678639 289266 430 11
1678640 111612 430 188
1678641 111612 430 599
1678642 111612 430 44
1678643 111612 430 3
1678644 111612 430 285
1678645 111612 430 90
1678668 456492 430 103861
1678684 456501 430 12431
1678685 456501 430 285
1678686 456501 430 4430
1678687 456501 430 5827
1678702 456504 430 240
1678703 456504 430 2908
1678704 456504 430 103869
1678705 456504 430 5285
1678706 456504 430 139
1678707 456504 430 894
1678708 456504 430 285
1678709 456505 430 668
1678710 456505 430 10771
1678711 456505 430 155
1678712 456505 430 8583
1678713 456505 430 46
1678714 456505 430 228
1678715 456505 430 103870
1678716 456505 430 1528
1678717 456505 430 4877
1678718 456505 430 4232
1678719 456505 430 1738
1678720 456505 430 700
1678721 456506 430 344
1678722 456506 430 3
1678723 456506 430 27553
1678724 456506 430 184
1678725 456506 430 42436
1678726 456506 430 44
1678727 456506 430 332
1678728 79050 430 4715
1678729 79050 430 1303
1678730 79050 430 1932
1678731 79050 430 19237
1678732 79050 430 11994
1678733 79050 430 27675
1678734 79050 430 3
1678735 25226 430 668
1678736 25226 430 77
1678737 25226 430 4880
1678738 25226 430 2990
1678739 25226 430 240
1678740 25226 430 362
1678741 25226 430 139
1678742 456507 430 668
1678743 456507 430 9415
1678744 456507 430 188
1678745 456507 430 276
1678746 456507 430 1738
1678747 456507 430 1149
1678748 456507 430 108
1678749 456507 430 5959
1678750 456508 430 103871
1678751 456508 430 39984
1678752 456508 430 103872
1678753 456508 430 103873
1678754 456508 430 267
1678755 456508 430 103874
1678756 456508 430 36801
1678757 456508 430 5653
1678758 456508 430 1502
1678759 456508 430 982
1678760 456508 430 318
1678761 456508 430 155
1678762 456508 430 29340
1678763 311126 430 1751
1678764 311126 430 869
1678765 311126 430 4068
1678766 311126 430 19267
1678767 311126 430 799
1678768 311126 430 1564
1678769 311126 430 1239
