1678803 252672 431 941
1678804 252672 431 2816
1678805 456519 431 2846
1678806 456519 431 2902
1678807 456519 431 104
1678811 456521 431 125
1678812 456521 431 4791
1678813 456521 431 103875
1678814 355304 431 1133
1678815 355304 431 1138
1678816 355304 431 507
1678817 355304 431 638
1678818 192370 431 75
1678819 192370 431 188
1678820 192370 431 668
1678821 320812 431 365
1678822 320812 431 2520
1678823 37771 431 44
1678824 37771 431 64
1678825 37771 431 138
1678826 37771 431 4446
1678833 1922473 431 103876
1678834 1922473 431 3153
1678835 1922473 431 16156
1678836 456525 431 2585
1678837 72500 431 557
1678838 456526 431 6765
1678839 456526 431 139
1678840 364962 431 2585
1678841 364962 431 2588
1678846 456528 431 4162
1678847 456528 431 1138
1678848 456528 431 11
1678853 15122 431 139
1678854 15122 431 39
1678855 15122 431 1937
1678856 15122 431 311
1678857 15122 431 734
1678858 15122 431 825
1678859 15122 431 12
1678860 128561 431 4446
1678861 128561 431 108
1678862 128561 431 638
1678863 128561 431 527
1678864 128561 431 44
1678865 128561 431 72
1678866 456530 431 2816
1678867 456530 431 6290
1678870 456533 431 2585
1678875 456535 431 894
1678876 456535 431 846
1678877 49606 431 72
1678878 49606 431 70
1678879 456536 431 1821
1678880 456536 431 1698
1678881 456536 431 311
1678882 456536 431 334
1678885 322479 431 2442
1678886 322479 431 12
1678887 456538 431 11
1678888 453818 431 11
1678889 453818 431 139
1678890 453818 431 3358
1678894 465679 431 100
1678895 465679 431 11
1678896 49615 431 72
1678897 49615 431 100
1678898 49615 431 11
1678899 49615 431 1106
1678905 456541 431 6968
1678906 456542 431 311
1678907 456542 431 104
1678908 456542 431 98
1678909 456542 431 287
1678910 456542 431 12
1678911 456542 431 138
1678912 456542 431 274
1678913 456542 431 825
1678914 456542 431 3153
1678915 456542 431 894
1678916 456542 431 734
1678919 456543 431 2709
1678922 456545 431 2816
1678923 46835 431 668
1678924 46835 431 12
1678925 46835 431 1106
1678926 46835 431 638
1678927 46835 431 188
1678928 46835 431 11
1678929 46835 431 189
1678930 46835 431 5987
1678931 46835 431 72
1678932 46835 431 90
1678933 46835 431 825
1678934 46835 431 44
1678935 46835 431 8676
1678936 46835 431 168
1678937 46835 431 139
1678938 46835 431 5988
1678939 456546 431 1138
1678940 456546 431 668
1678941 456547 431 5687
1678942 456547 431 978
1678943 456547 431 188
1678944 456547 431 1679
1678945 352298 431 2525
1678946 352298 431 731
1678951 456550 431 1821
1678952 456550 431 1565
1678953 23001 431 138
1678954 23001 431 44
1678955 23001 431 155
1678956 23001 431 108
1678957 23001 431 527
1678958 23001 431 188
1678959 456551 431 29
1678960 456552 431 311
1678961 456552 431 15455
1678962 456552 431 2709
1678968 456555 431 2602
1678969 456555 431 168
1678970 456555 431 11
1678971 456556 431 100
1678972 456556 431 11
1678973 456556 431 168
1678975 456558 431 606
1678976 456558 431 798
1678977 456558 431 4140
1678978 456559 431 294
1678979 456559 431 11
1678980 456559 431 44
1678981 456559 431 79
1678987 456561 431 6679
1678988 456561 431 2576
1678989 456561 431 72
1678990 456561 431 638
1678991 385450 431 1565
1678992 259586 431 4791
1678993 259586 431 15052
1678994 259586 431 1565
1678995 456562 431 425
1678996 456562 431 16156
1678997 456563 431 125
1678998 456563 431 2217
1678999 456563 431 2201
1679000 456563 431 1565
1679001 456564 431 2993
1679002 1922474 431 425
1679003 1922474 431 1565
1679004 1922474 431 5757
1679005 1922475 431 425
1679006 1922475 431 1565
1679007 1922475 431 5757
1679009 456566 431 2902
1679010 46839 431 11
1679011 46839 431 798
1679012 46839 431 30
1679013 46839 431 1058
1679014 46839 431 877
1679015 46839 431 1127
1679016 46839 431 11432
1679017 46839 431 11550
1679018 171880 431 44
1679019 171880 431 301
1679020 171880 431 12145
1679024 456568 431 894
1679025 456568 431 126
1679026 456569 431 894
1679027 456569 431 11
1679028 456569 431 72
1679029 456569 431 825
1679043 456574 431 35646
1679044 456574 431 791
1679053 8889 431 3153
1679054 8889 431 825
1679055 8889 431 39
1679056 8889 431 139
1679057 8889 431 287
1679058 361783 431 11
1679059 361783 431 4036
1679060 411754 431 3490
1679061 411754 431 104
1679062 411754 431 1937
1679063 411754 431 139
1679073 12047 431 859
1679074 456584 431 1052
1679084 456587 431 77583
1679085 456587 431 4661
1679086 12111 431 2939
1679087 12111 431 2456
1679088 12111 431 507
1679089 12111 431 311
1679090 456588 431 103879
1679091 456589 431 4921
1679092 456589 431 254
1679093 456589 431 367
1679094 456589 431 90
1679095 31841 431 16156
1679096 31841 431 5045
1679097 1922476 431 869
1679111 456594 431 3483
1679112 456594 431 55321
1679119 46857 431 1138
1679120 46857 431 4496
1679121 46857 431 3060
1679122 46857 431 374
1679123 140054 431 168
1679124 140054 431 11
1679125 140054 431 8676
1679126 56750 431 139
1679127 56750 431 1373
1679132 456598 431 6968
1679144 58838 431 44
1679145 58838 431 4446
1679146 58838 431 527
1679147 58838 431 1106
1679148 58838 431 108
1679149 58838 431 1064
1679156 456604 431 1150
1679157 456604 431 425
1679158 456604 431 2236
1679159 384075 431 21
1679160 384075 431 139
1679161 384075 431 894
1679162 384075 431 798
1679167 456606 431 311
1679168 8473 431 557
1679169 8473 431 374
1679170 8473 431 4108
1679171 456607 431 894
1679172 456607 431 4107
1679173 456607 431 825
1679174 456608 431 2846
1679175 456609 431 2124
1679176 456609 431 139
1679177 456609 431 2846
1679178 456609 431 2424
1679179 456609 431 70
1679180 456610 431 2846
1679181 456610 431 70
1679182 456610 431 304
1679183 456611 431 304
1679184 456611 431 2846
1679185 390430 431 11
1679186 456612 431 12
1679187 456612 431 4791
1679188 456612 431 334
1679193 456614 431 1611
1679194 456614 431 6922
1679202 456617 431 139
1679203 456617 431 2993
1679212 456620 431 108
1679219 456624 431 1647
1679220 456624 431 311
1679221 456625 431 894
1679223 456627 431 2585
1679224 456627 431 139
1679229 456630 431 2585
1679230 456631 431 2585
1679231 456632 431 2585
1679232 456632 431 523
1679244 139650 431 2585
1679245 139650 431 2586
1679249 456638 431 2585
1679250 456638 431 1896
1679251 385910 431 12
1679252 385910 431 2585
1679253 385910 431 638
1679254 385910 431 90
1679255 385910 431 72
1679256 385910 431 523
1679257 340093 431 2585
1679258 340093 431 798
1679259 4822 431 2585
1679260 4822 431 2588
1679261 4822 431 72
1679268 456641 431 1191
1679269 456641 431 2424
1679270 456641 431 4174
1679276 456643 431 50686
1679277 456644 431 50686
1679278 456644 431 29
1679279 456645 431 1565
1679280 456645 431 1555
1679281 456646 431 1565
1679282 456647 431 16156
1679283 456647 431 50686
1679284 456648 431 16156
1679285 456648 431 50686
1679286 456649 431 1555
1679292 447671 431 894
1679293 447671 431 1528
1679294 447671 431 700
1679295 447671 431 11
1679296 456650 431 1138
1679297 456650 431 1133
1679298 456650 431 4663
1679303 1922477 431 1528
1679304 456652 431 13957
1679305 456652 431 2456
1679306 456652 431 1052
1679307 456652 431 304
1679308 31899 431 11
1679309 31899 431 44
1679310 31899 431 1133
1679311 31899 431 1335
1679312 31899 431 1007
1679313 31899 431 820
1679314 31899 431 2428
1679315 31899 431 939
1679316 31899 431 100
1679317 31899 431 80
1679318 31899 431 1106
1679319 31899 431 1058
1679320 31899 431 240
1679321 31899 431 4051
1679322 46891 431 16156
1679323 46891 431 4140
1679324 456653 431 2585
1679325 456653 431 28653
1679330 456656 431 4122
1679331 456656 431 8432
1679332 456656 431 11
1679333 456656 431 72
1679334 456657 431 108
1679335 456657 431 8676
1679348 456662 431 15455
1679349 456662 431 2709
1679350 99992 431 301
1679351 99992 431 583
1679352 99992 431 24
1679353 99992 431 72
1679354 99992 431 557
1679355 99992 431 1896
1679356 99992 431 77583
1679357 99992 431 503
1679358 99992 431 1625
1679359 99992 431 334
1679360 99992 431 44
1679361 283626 431 138
1679362 283626 431 6780
1679363 283626 431 1528
1679364 283626 431 44
1679365 283626 431 108
1679366 283626 431 188
1679367 283626 431 527
1679368 456663 431 2585
1679369 456663 431 139
1679370 456663 431 8676
1679371 456664 431 2602
1679372 456664 431 168
1679375 456666 431 2424
1679376 456666 431 1191
1679377 456666 431 4174
1679378 456667 431 4108
1679379 456667 431 374
1679380 456667 431 1565
1679384 456669 431 103880
1679385 456669 431 108
1679401 456674 431 8676
1679404 396389 431 5906
1679405 396389 431 668
1679406 396389 431 188
1679407 276988 431 894
1679408 276988 431 700
1679409 276988 431 2902
1679410 276988 431 12
1679411 456676 431 29
1679416 456679 431 978
1679417 456679 431 276
1679444 456683 431 2680
1679445 456683 431 13564
1679446 192641 431 12
1679447 192641 431 1106
1679448 192641 431 138
1679449 192641 431 40
1679450 192641 431 4791
1679451 192641 431 28
1679452 192641 431 11
1679453 192641 431 139
1679454 192641 431 613
1679455 123643 431 11
1679456 123643 431 894
1679457 456684 431 304
1679458 95724 431 80
1679468 456688 431 29
1679469 456688 431 34528
1679470 456688 431 24830
1679471 456689 431 5987
1679513 456704 431 2602
1679514 456704 431 8676
1679515 456705 431 2602
1679516 456705 431 11
1679521 456708 431 2602
1679522 456708 431 388
1679523 456708 431 5743
1679529 456711 431 10162
1679530 456711 431 1058
1679531 456711 431 8932
1679532 456711 431 4579
1679533 456711 431 894
1679535 456713 431 343
1679536 456713 431 941
1679537 456713 431 1106
1679541 456716 431 894
1679542 456716 431 1739
1679543 456716 431 11
1679544 13367 431 2816
1679545 34304 431 168
1679546 34304 431 11
1679547 34304 431 8676
1679549 456717 431 2236
1679552 456719 431 2602
1679553 456719 431 311
1679558 456721 431 12233
1679559 456722 431 301
1679560 456722 431 2376
1679561 456722 431 5743
1679562 456722 431 5302
1679563 456723 431 1257
1679564 456723 431 2936
1679573 456727 431 12233
1679574 456727 431 894
1679575 456727 431 72
1679576 456728 431 12233
1679577 456728 431 894
1679578 456729 431 12233
1679579 456729 431 894
1679580 456730 431 12233
1679581 194508 431 12233
1679582 194508 431 264
1679583 334241 431 12233
1679584 334241 431 700
1679585 334241 431 4129
1679593 67002 431 11
1679600 456734 431 125
1679601 456734 431 11791
1679602 456734 431 2236
1679603 456734 431 103875
1679604 456734 431 49790
1679605 159019 431 1138
1679606 159019 431 374
1679607 159019 431 7329
1679608 159019 431 57393
1679610 456736 431 6290
1679611 197502 431 2520
1679612 197502 431 104
1679614 456738 431 2525
1679615 456739 431 2585
1679616 456739 431 2588
1679617 456740 431 8437
1679618 456740 431 1555
1679619 456741 431 292
1679620 456741 431 139
1679621 456741 431 39
1679634 456744 431 2442
1679635 456744 431 11
1679636 456744 431 4791
1679637 456744 431 8294
1679638 67074 431 2442
1679639 67074 431 638
1679640 67074 431 5987
1679641 67074 431 139
1679642 67074 431 11
1679643 67074 431 334
1679644 67074 431 254
1679645 67074 431 367
1679646 67074 431 90
1679647 67074 431 72
1679656 314145 431 4137
1679657 456748 431 139
1679658 456748 431 1058
1679663 456750 431 29
1679664 356175 431 668
1679665 356175 431 301
1679666 356175 431 188
1679667 356175 431 11
1679668 356175 431 139
1679669 356175 431 700
1679670 356175 431 825
1679671 356175 431 44
1679672 356175 431 168
1679673 356175 431 6185
1679674 356175 431 189
1679675 456751 431 3811
1679676 456751 431 70
1679684 456752 431 311
1679685 456752 431 15455
1679686 456752 431 2709
1679688 139699 431 139
1679689 139699 431 734
1679690 139699 431 748
1679691 139699 431 6063
1679692 139699 431 846
1679693 139699 431 374
1679694 456754 431 4108
1679695 456754 431 374
1679696 75981 431 29
1679701 60528 431 44
1679703 456758 431 138
1679704 127526 431 2585
1679705 348980 431 894
1679706 348980 431 1122
1679707 348980 431 638
1679708 348980 431 2441
1679709 348980 431 369
1679710 348980 431 846
1679712 337660 431 20083
1679713 337660 431 294
1679714 337660 431 2993
1679715 337660 431 3824
1679729 23607 431 108
1679730 23607 431 90
1679731 23607 431 638
1679739 456764 431 4057
1679740 456764 431 1647
1679741 13803 431 894
1679742 13803 431 139
1679743 13803 431 978
1679748 456766 431 912
1679749 456766 431 425
1679750 456767 431 869
1679751 456767 431 29968
1679752 456767 431 3483
1679753 456767 431 4934
1679754 456767 431 4818
1679755 32031 431 5285
1679756 32031 431 2441
1679757 32031 431 1678
1679758 32031 431 748
1679759 32031 431 1884
1679760 32031 431 734
1679761 13824 431 2902
1679762 13824 431 139
1679769 456770 431 11
1679770 246816 431 467
1679771 246816 431 4791
1679772 246816 431 311
1679773 246816 431 1704
1679774 246816 431 343
1679775 246816 431 583
1679776 246816 431 941
1679777 246816 431 342
1679778 246816 431 29
1679779 246816 431 1565
1679780 456771 431 12
1679781 456771 431 294
1679782 456771 431 1704
1679783 456771 431 583
1679784 456772 431 507
1679785 456772 431 1052
1679786 456772 431 982
1679787 456772 431 4661
1679788 456772 431 1051
1679789 456772 431 20377
1679790 456773 431 2585
1679791 456773 431 507
1679792 25622 431 5045
1679793 25622 431 798
1679794 25622 431 155
1679795 25622 431 44
1679796 2646 431 1808
1679797 2646 431 1257
1679798 2646 431 139
1679799 420383 431 374
1679801 456775 431 139
1679802 456776 431 139
1679803 456776 431 1937
1679807 257122 431 125
1679808 257122 431 1704
1679809 257122 431 2236
1679810 257122 431 334
1679811 257122 431 44
1679812 257122 431 1123
1679813 257125 431 125
1679814 257125 431 8676
1679815 1922481 431 188
1679817 456779 431 2816
1679818 456779 431 343
1679819 456779 431 1704
1679820 456779 431 25682
1679821 456779 431 4791
1679822 456780 431 12074
1679823 456781 431 12074
1679824 456782 431 12074
1679826 456783 431 2816
1679827 456784 431 104
1679828 456784 431 1937
1679829 456784 431 139
1679830 456784 431 507
1679831 456785 431 13999
1679832 456786 431 13999
1679833 456786 431 941
1679834 456786 431 311
1679836 456787 431 16156
1679837 456787 431 941
1679838 323507 431 2902
1679839 323507 431 388
1679843 456788 431 1896
1679844 456788 431 2072
1679845 456789 431 869
1679846 456789 431 4934
1679847 456789 431 3483
1679848 456789 431 29968
1679849 456789 431 4818
1679850 50169 431 294
1679851 50169 431 139
1679852 50169 431 11
1679853 50169 431 254
1679854 50169 431 367
1679856 456791 431 11
1679857 456791 431 334
1679858 456791 431 1138
1679867 22032 431 276
1679868 22032 431 1554
1679869 22032 431 2816
1679870 22032 431 4132
1679871 456795 431 75
1679872 456795 431 11
1679873 456795 431 44
1679874 456795 431 668
1679875 456795 431 188
1679876 456795 431 28
1679877 456795 431 6128
1679878 416307 431 11
1679879 416307 431 139
1679880 416307 431 318
1679881 394071 431 5045
1679890 456801 431 16156
1679891 456801 431 276
1679892 456801 431 1057
1679893 456801 431 28
1679894 14311 431 3153
1679895 14311 431 311
1679896 14311 431 1647
1679897 14311 431 1678
1679898 14311 431 5714
1679899 112857 431 6779
1679900 112857 431 1528
1679901 112857 431 90
1679902 127218 431 3613
1679903 127218 431 188
1679904 127218 431 1383
1679905 127218 431 262
1679915 456802 431 1157
1679916 456802 431 1257
1679917 456803 431 139
1679918 456803 431 103877
1679921 456805 431 1138
1679925 456806 431 1052
1679926 456806 431 311
1679927 456806 431 21412
1679928 456807 431 895
1679929 456807 431 1714
1679930 456807 431 155
1679931 456807 431 44
1679932 456807 431 139
1679935 12959 431 5987
1679936 12959 431 108
1679937 12959 431 8676
1679947 1922483 431 1321
1679948 85239 431 139
1679949 85239 431 2895
1679950 85239 431 774
1679951 85239 431 894
1679952 85239 431 155
1679953 284396 431 2525
1679954 284396 431 80
1679955 284396 431 2236
1679956 284396 431 311
1679957 284396 431 1123
1679958 284396 431 103884
1679961 456811 431 894
1679962 456811 431 748
1679963 456811 431 730
1679964 456811 431 2012
1679965 456811 431 1679
1679966 456811 431 98
1679967 456811 431 369
1679970 456812 431 6968
1679974 456815 431 3483
1679975 456815 431 13999
1679976 1922485 431 425
1679977 47005 431 1528
1679978 47005 431 1138
1679983 183842 431 362
1679984 183842 431 894
1679985 183842 431 276
1679986 183842 431 90
1679987 183842 431 44
1679988 183842 431 8676
1679989 183842 431 139
1679990 183842 431 638
1679991 183842 431 20442
1679992 456817 431 11
1679993 456817 431 4569
1679994 456817 431 188
1679995 456817 431 638
1679996 67658 431 188
1679998 456819 431 1647
1679999 456819 431 311
1680000 456820 431 734
1680001 456820 431 3153
1680002 241189 431 798
1680003 241189 431 11
1680004 241189 431 11550
1680005 241189 431 1058
1680006 241189 431 877
1680007 241189 431 93005
1680008 1189066 431 11
1680009 1189066 431 359
1680015 456823 431 2846
1680016 456823 431 7546
1680017 456823 431 4196
1680018 456823 431 1058
1680019 456823 431 1396
1680020 456823 431 44
1680021 456823 431 11
1680022 185782 431 748
1680023 185782 431 369
1680024 185782 431 6192
1680025 456824 431 996
1680027 456826 431 3153
1680028 456826 431 638
1680029 456826 431 894
1680030 456826 431 11
1680031 456826 431 1133
1680032 456826 431 90
1680033 456826 431 10162
1680038 456828 431 10269
1680039 456828 431 104
1680040 456828 431 731
1680041 387402 431 2585
1680042 387402 431 2586
1680043 387402 431 2588
1680044 387402 431 973
1680045 387402 431 90
1680046 456829 431 1133
1680047 456829 431 1374
1680057 456831 431 6968
1680064 456832 431 8676
1680065 456832 431 5987
1680066 722752 431 8676
1680067 722752 431 5987
1680068 411889 431 527
1680069 411889 431 72
1680070 411889 431 1370
1680071 21737 431 108
1680072 21737 431 155
1680073 21737 431 138
1680074 21737 431 4446
1680075 425242 431 527
1680076 425242 431 72
1680077 425242 431 2902
1680078 425242 431 44
1680079 1922486 431 527
1680080 1922486 431 72
1680081 1922486 431 301
1680082 1922486 431 44
1680083 1922486 431 10296
1680084 1922486 431 5989
1680085 1922486 431 1436
1680087 112888 431 28
1680088 112888 431 527
1680089 112888 431 8776
1680090 112888 431 11
1680091 112888 431 474
1680092 112888 431 700
1680093 112888 431 44
1680100 1922487 431 103876
1680101 1922487 431 16156
1680102 1922488 431 103876
1680103 1922488 431 1133
1680104 1922488 431 28
1680105 1922488 431 1057
1680106 1922488 431 9637
1680107 1922488 431 2909
1680108 1922488 431 40639
1680109 1922488 431 16156
1680110 456834 431 5934
1680111 456834 431 1138
1680112 456834 431 4144
1680113 456834 431 29449
1680114 456835 431 311
1680115 456835 431 301
1680116 456835 431 47241
1680117 456835 431 292
1680118 456835 431 2892
1680121 456836 431 311
1680122 456836 431 583
1680123 456836 431 20768
1680124 456836 431 1565
1680125 456837 431 374
1680126 456837 431 4108
1680129 456839 431 2602
1680130 456839 431 5987
1680133 456841 431 2602
1680134 456841 431 11
1680135 456841 431 4140
1680136 456841 431 798
1680137 157716 431 894
1680138 157716 431 362
1680139 456842 431 1133
1680140 456842 431 103885
1680141 456842 431 4129
1680145 32117 431 2902
1680146 456844 431 8437
1680147 456844 431 4276
1680148 456844 431 1704
1680149 456844 431 39
1680150 456844 431 343
1680151 178326 431 941
1680152 178326 431 11
1680153 178326 431 4791
1680154 178326 431 39
1680155 194706 431 125
1680156 194706 431 301
1680157 194706 431 1896
1680158 194706 431 44
1680159 456845 431 50625
1680160 456846 431 16156
1680161 456846 431 425
1680179 23924 431 188
1680180 23924 431 474
1680192 456854 431 26664
1680193 456854 431 1565
1680194 456854 431 2959
1680195 456854 431 103886
1680196 116044 431 637
1680197 116044 431 39
1680198 116044 431 334
1680199 116044 431 292
1680203 456855 431 5761
1680204 456855 431 90
1680205 456855 431 80
1680206 456855 431 973
1680207 456856 431 311
1680208 456856 431 469
1680209 456856 431 425
1680210 456856 431 1565
1680211 456856 431 35683
1680219 456857 431 2816
1680221 142891 431 1169
1680222 456859 431 16156
1680223 456859 431 469
1680230 456861 431 1116
1680233 456864 431 2602
1680234 456864 431 11
1680235 456865 431 1057
1680236 456865 431 139
1680243 317 431 188
1680244 317 431 72
1680245 456867 431 188
1680246 456867 431 72
1680247 456867 431 169
1680252 456869 431 1565
1680253 456869 431 1555
1680260 97435 431 4791
1680278 456876 431 2236
1680279 456876 431 58623
1680280 456876 431 1898
1680289 337968 431 188
1680290 337968 431 6228
1680291 337968 431 11
1680293 50406 431 98
1680294 50406 431 44
1680295 50406 431 188
1680296 50406 431 11
1680297 50406 431 4107
1680298 191390 431 374
1680307 48336 431 138
1680308 48336 431 941
1680311 456883 431 4791
1680312 456883 431 3483
1680315 1922492 431 1409
1680316 1922492 431 264
1680317 1922492 431 72
1680318 1922492 431 748
1680319 456885 431 734
1680320 456886 431 894
1680321 456886 431 859
1680322 456886 431 155
1680324 178621 431 1257
1680325 178621 431 2936
1680326 178621 431 4046
1680330 456889 431 507
1680331 456889 431 29
1680332 456889 431 98
1680333 281887 431 21412
1680334 281887 431 557
1680335 281887 431 125
1680336 281887 431 1565
1680337 191431 431 334
1680338 191431 431 1896
1680339 456890 431 2428
1680340 456890 431 11
1680341 456890 431 44
1680342 456890 431 75
1680343 456891 431 2585
1680348 456894 431 941
1680349 456894 431 1821
1680351 456897 431 941
1680356 456900 431 125
1680363 32201 431 11
1680364 32201 431 791
1680365 456905 431 125
1680366 456905 431 16156
1680370 68210 431 11
1680371 68210 431 1133
1680372 68210 431 294
1680373 94794 431 973
1680374 94794 431 638
1680375 94794 431 98
1680376 94794 431 72
1680383 456908 431 1565
1680384 456908 431 1555
1680385 456908 431 1559
1680386 456908 431 583
1680387 456908 431 11791
1680397 456910 431 1565
1680398 456910 431 2217
1680399 456910 431 4934
1680400 456910 431 16156
1680401 85523 431 941
1680402 337794 431 301
1680403 337794 431 11
1680404 337794 431 100
1680405 337794 431 276
1680406 337794 431 1819
1680407 337794 431 188
1680408 337794 431 168
1680409 1528 431 139
1680410 1528 431 79
1680411 1528 431 474
1680412 1528 431 798
1680413 1528 431 1610
1680414 1528 431 21
1680422 152798 431 1937
1680423 152798 431 1795
1680424 152798 431 138
1680425 152798 431 367
1680426 152798 431 72
1680427 152798 431 126
1680428 371649 431 75
1680429 371649 431 44
1680430 371649 431 11
1680431 371649 431 27303
1680436 456913 431 3203
1680437 456913 431 2816
1680438 26524 431 2816
1680439 456914 431 301
1680440 456914 431 941
1680441 456915 431 1611
1680442 456915 431 6922
1680443 275866 431 125
1680444 275866 431 1896
1680445 275866 431 8437
1680446 275866 431 104
1680447 275866 431 15052
1680465 456920 431 2602
1680466 456920 431 168
1680470 456922 431 1565
1680471 456922 431 19548
1680475 456924 431 27348
1680476 456924 431 1138
1680477 456924 431 254
1680478 456924 431 1133
1680479 456924 431 8474
1680480 456925 431 894
1680481 456925 431 98
1680482 63908 431 264
1680483 63908 431 139
1680484 63908 431 4107
1680485 63908 431 748
1680486 63908 431 877
1680487 63908 431 894
1680488 63908 431 5123
1680489 456926 431 276
1680490 456926 431 894
1680491 456926 431 139
1680492 456926 431 362
1680493 456926 431 20442
1680494 456927 431 4921
1680495 456927 431 1157
1680496 456927 431 139
1680502 394556 431 894
1680503 394556 431 6840
1680504 456930 431 10189
1680505 456930 431 894
1680506 456930 431 507
1680507 456931 431 4818
1680508 456932 431 239
1680509 456932 431 1133
1680513 87045 431 139
1680514 87045 431 39
1680515 87045 431 637
1680516 87045 431 292
1680517 87045 431 894
1680518 87045 431 618
1680519 456933 431 80
1680520 456933 431 11
1680521 456933 431 819
1680522 456933 431 54652
1680523 456933 431 47349
1680534 70349 431 474
1680535 70349 431 367
1680536 70349 431 72
1680538 456935 431 2936
1680539 456935 431 51674
1680540 456935 431 1112
1680541 456935 431 1257
1680542 456935 431 254
1680548 356908 431 42076
1680549 356908 431 11
1680550 356908 431 72
1680551 456938 431 12233
1680557 456941 431 292
1680558 120565 431 12
1680559 120565 431 292
1680560 120565 431 301
1680561 120565 431 469
1680562 120565 431 225
1680563 87528 431 8676
1680564 55773 431 523
1680567 456943 431 388
1680568 456943 431 2902
1680573 456944 431 941
1680574 456944 431 4791
1680576 456946 431 1565
1680605 456954 431 50686
1680606 456954 431 29
1680607 456954 431 1546
1680608 456955 431 361
1680609 456955 431 1052
1680610 456955 431 4791
1680627 456960 431 557
1680630 456961 431 894
1680631 456961 431 139
1680632 456961 431 155
1680633 456961 431 264
1680636 127464 431 125
1680637 127464 431 1138
1680638 127464 431 557
1680644 456964 431 960
1680645 456964 431 4129
1680646 456964 431 7654
1680647 124460 431 4140
1680648 124460 431 72
1680649 124460 431 11
1680650 124460 431 139
1680651 124460 431 638
1680652 124460 431 798
1680653 124460 431 5987
1680654 124460 431 960
1680655 124460 431 5988
1680669 456967 431 29
1680670 456967 431 56966
1680671 456968 431 8676
1680672 456969 431 941
1680673 456969 431 507
1680682 456973 431 1999
1680683 456973 431 44
1680684 456973 431 523
1680685 456974 431 583
1680686 456974 431 20768
1680687 456974 431 11791
1680688 456974 431 4791
1680691 456976 431 6968
1680692 456977 431 16156
1680693 456977 431 11
1680694 456977 431 557
1680698 456979 431 21412
1680699 456979 431 912
1680700 456980 431 388
1680701 456980 431 138
1680702 456980 431 4791
1680703 456980 431 139
1680704 456980 431 1354
1680705 456980 431 287
1680706 456980 431 825
1680707 456980 431 1123
1680708 456980 431 700
1680710 1922494 431 16156
1680716 24314 431 816
1680717 24314 431 311
1680719 456985 431 895
1680720 456985 431 894
1680721 456985 431 638
1680728 32308 431 4496
1680729 32308 431 3060
1680730 32308 431 11
1680731 32308 431 44
1680732 32308 431 30
1680733 32308 431 4276
1680736 448328 431 42076
1680737 448328 431 28
1680738 448328 431 791
1680739 448328 431 80
1680740 448328 431 11
1680741 448328 431 819
1680742 448328 431 27386
1680743 448328 431 12
1680747 456989 431 125
1680748 456989 431 2236
1680749 456989 431 21931
1680750 456989 431 11791
1680751 456989 431 49790
1680752 456989 431 103875
1680760 27854 431 240
1680761 27854 431 11
1680762 27854 431 139
1680767 456991 431 2324
1680768 456991 431 1396
1680769 456991 431 2441
1680770 456991 431 254
1680771 456991 431 188
1680772 456991 431 44
1680776 456993 431 1627
1680783 16376 431 292
1680784 16376 431 98
1680785 456996 431 11
1680786 456996 431 188
1680787 456996 431 8676
1680788 456996 431 825
1680789 456996 431 6972
1680790 456996 431 103889
1680791 456996 431 6185
1680792 456996 431 1528
1680793 456996 431 700
1680794 456996 431 139
1680795 16780 431 1133
1680796 16780 431 1138
1680797 16780 431 4140
1680798 16780 431 139
1680799 16780 431 638
1680800 16780 431 960
1680801 16780 431 301
1680802 16780 431 12
1680803 16780 431 798
1680804 16780 431 8676
1680805 16780 431 11
1680806 68946 431 294
1680807 68946 431 791
1680808 68946 431 11
1680809 68946 431 5987
1680815 456998 431 4108
1680816 456998 431 374
1680817 17831 431 894
1680818 17831 431 139
1680823 457000 431 254
1680824 457000 431 11
1680825 457000 431 15065
1680831 457001 431 474
1680832 457001 431 367
1680833 159760 431 11
1680834 159760 431 700
1680835 159760 431 168
1680836 159760 431 15052
1680842 457002 431 311
1680843 457002 431 4107
1680844 457002 431 11
1680851 457005 431 1049
1680852 457005 431 941
1680853 457005 431 138
1680854 457005 431 8294
1680855 457005 431 4791
1680856 105620 431 365
1680857 105620 431 4791
1680858 105620 431 3231
1680859 457006 431 894
1680860 457006 431 2625
1680861 457006 431 748
1680862 457007 431 334
1680863 457008 431 474
1680864 457008 431 367
1680882 457013 431 1157
1680883 457013 431 469
1680884 457013 431 343
1680889 186803 431 103890
1680890 186803 431 1565
1680891 186803 431 343
1680892 186803 431 4791
1680893 186803 431 294
1680894 186803 431 2959
1680901 87119 431 618
1680902 87119 431 155
1680909 457020 431 780
1680910 457020 431 1133
1680931 1922496 431 425
1680932 1922496 431 1565
1680933 1922496 431 5757
1680934 32333 431 1138
1680935 457023 431 1335
1680936 457023 431 5988
1680937 457023 431 5987
1680938 457023 431 90
1680939 457023 431 294
1680952 457024 431 2585
1680954 457025 431 2816
1680955 457025 431 44
1680956 457025 431 70
1680962 457027 431 2525
1680963 457027 431 507
1680964 457028 431 6968
1680967 457030 431 6968
1680977 1922499 431 836
1680978 1922499 431 1565
1680979 457035 431 311
1680980 457035 431 334
1680981 457035 431 1565
1680984 443298 431 72
1680985 443298 431 638
1680986 443298 431 748
1680987 443298 431 2990
1680988 443298 431 6670
1680989 443298 431 1127
1680990 443298 431 5987
1680991 443298 431 392
1680992 443298 431 616
1680993 96385 431 1374
1680994 96385 431 798
1680995 96385 431 1335
1680996 96385 431 894
1680997 96385 431 638
1680999 4821 431 2585
1681000 4821 431 72
1681001 4821 431 973
1681002 4821 431 638
1681003 4821 431 2586
1681008 457040 431 894
1681009 457040 431 1133
1681010 457040 431 5987
1681011 457040 431 1058
1681012 457040 431 1884
1681013 457040 431 563
1681014 457040 431 318
1681018 457041 431 1679
1681019 457041 431 2016
1681020 457041 431 98
1681021 457042 431 24
1681022 457042 431 469
1681023 324796 431 11
1681024 324796 431 2902
1681035 457044 431 4122
1681036 457044 431 5987
1681037 457044 431 11
1681038 457044 431 72
1681039 457045 431 2816
1681042 457047 431 103892
1681043 457047 431 1138
1681044 457047 431 1739
1681045 457047 431 7786
1681046 457047 431 305
1681047 457048 431 1565
1681048 457049 431 188
1681049 457049 431 169
1681050 457049 431 668
1681051 457049 431 44
1681052 457049 431 11
1681053 457050 431 44
1681054 457050 431 47241
1681055 457051 431 50603
1681061 457052 431 2816
1681064 457054 431 100
1681065 457054 431 4129
1681066 12177 431 16
1681067 12177 431 72
1681068 12177 431 139
1681069 457055 431 1133
1681070 457055 431 1138
1681071 457055 431 1739
1681072 16942 431 188
1681073 16942 431 189
1681074 16942 431 72
1681075 16942 431 90
1681076 16942 431 44
1681109 457058 431 1133
1681110 457058 431 780
1681111 457058 431 90
1681112 457058 431 507
1681113 457059 431 2902
1681114 457059 431 70
1681115 457060 431 503
1681116 457060 431 1126
1681117 457060 431 1744
1681118 457060 431 928
1681122 457062 431 6841
1681127 457065 431 294
1681128 457065 431 139
1681129 457066 431 11
1681130 457066 431 606
1681131 457066 431 139
1681132 457066 431 188
1681133 457066 431 1611
1681134 457066 431 27348
1681135 457066 431 1058
1681136 457066 431 5073
1681137 457067 431 6181
1681138 457067 431 12348
1681139 457067 431 2303
1681140 457067 431 155
1681141 457068 431 507
1681146 309158 431 6228
1681147 309158 431 72
1681148 28780 431 11
1681149 28780 431 90
1681150 28780 431 638
1681151 28780 431 6228
1681153 114308 431 139
1681154 457072 431 941
1681155 457072 431 125
1681156 32453 431 11
1681157 32453 431 791
1681158 32453 431 5045
1681159 32453 431 64
1681160 32453 431 4791
1681161 32453 431 311
1681162 32453 431 28
1681163 56104 431 941
1681164 56104 431 301
1681171 457075 431 1138
1681172 457075 431 12233
1681173 457076 431 894
1681178 457078 431 13999
1681179 457078 431 311
1681180 371257 431 139
1681181 371257 431 1058
1681182 371257 431 2155
1681186 450162 431 734
1681187 450162 431 894
1681205 79355 431 894
1681206 79355 431 748
1681207 79355 431 730
1681208 79355 431 155
1681209 79355 431 139
1681210 331885 431 6228
1681211 331885 431 1133
1681212 331885 431 155
1681213 331885 431 11
1681214 331885 431 1739
1681215 142254 431 1133
1681216 142254 431 11
1681217 142254 431 44
1681218 142254 431 798
1681219 142254 431 138
1681220 142254 431 301
1681221 142254 431 188
1681222 142254 431 960
1681223 142254 431 1138
1681224 142254 431 4140
1681225 142254 431 825
1681226 32472 431 1133
1681227 32472 431 11
1681228 32472 431 72
1681229 142880 431 1133
1681230 142880 431 6294
1681231 142880 431 11
1681232 142880 431 90
1681233 457083 431 1133
1681234 457083 431 168
1681235 457083 431 4145
1681240 1922500 431 103876
1681241 1922500 431 16156
1681258 357616 431 1133
1681259 357616 431 10162
1681260 357616 431 75
1681261 357616 431 3153
1681262 357616 431 11
1681266 401124 431 125
1681272 457090 431 4921
1681273 457090 431 1808
1681274 457090 431 139
1681275 424120 431 12233
1681276 424120 431 292
1681279 457092 431 2816
1681280 457092 431 2236
1681281 457092 431 6290
1681282 457092 431 20083
1681288 457095 431 1138
1681289 457095 431 374
1681292 457097 431 80
1681293 457097 431 11
1681294 457097 431 343
1681295 457097 431 301
1681297 457099 431 4011
1681298 457099 431 748
1681308 449176 431 820
1681309 449176 431 1679
1681310 449176 431 139
1681311 449176 431 791
1681312 449176 431 4107
1681313 449176 431 825
1681314 449176 431 98
1681317 122850 431 19
1681318 122850 431 44
1681319 122850 431 75
1681320 122850 431 11
1681323 195517 431 125
1681324 195517 431 2816
1681330 457107 431 6671
1681331 457107 431 392
1681332 457107 431 748
1681333 457107 431 72
1681336 457109 431 11
1681337 457109 431 100
1681338 457109 431 311
1681339 457109 431 748
1681340 457109 431 1679
1681341 457109 431 104
1681342 457109 431 276
1681343 457109 431 2012
1681349 956 431 12
1681350 956 431 825
1681351 956 431 39
1681352 956 431 343
1681353 956 431 301
1681354 956 431 80
1681355 956 431 583
1681356 956 431 146
1681357 956 431 292
1681358 956 431 4791
1681359 956 431 8676
1681360 956 431 44
1681361 956 431 5239
1681362 956 431 518
1681368 457110 431 2012
1681369 457111 431 2585
1681370 457111 431 2586
1681371 434889 431 941
1681372 434889 431 311
1681373 434889 431 1565
1681374 434889 431 1267
1681375 434889 431 12
1681376 434889 431 1052
1681377 434889 431 2236
1681378 434889 431 583
1681379 434889 431 523
1681380 434889 431 1704
1681381 434889 431 4934
1681382 434889 431 342
1681383 434889 431 365
1681384 434889 431 2707
1681385 434889 431 2613
1681386 434889 431 2186
1681395 366848 431 1896
1681396 457114 431 6968
1681397 391143 431 1138
1681398 457115 431 4216
1681412 62165 431 29
1681413 62165 431 318
1681414 62165 431 126
1681415 457118 431 791
1681416 457118 431 700
1681424 457121 431 618
1681425 457122 431 2709
1681426 457123 431 16156
1681427 457123 431 1565
1681428 457123 431 583
1681429 457124 431 16156
1681430 457124 431 1565
1681431 457124 431 583
1681432 2426 431 108
1681433 2426 431 527
1681434 2426 431 138
1681435 2426 431 155
1681436 2426 431 44
1681437 127731 431 6922
1681438 127731 431 1611
1681439 179923 431 6765
1681440 179923 431 894
1681447 95106 431 894
1681448 95106 431 1528
1681449 95106 431 139
1681454 457127 431 2816
1681455 457127 431 941
1681456 457128 431 294
1681457 457128 431 798
1681458 27942 431 21
1681459 27942 431 79
1681460 27942 431 44
1681461 27942 431 367
1681463 457130 431 21
1681464 457130 431 139
1681465 457130 431 367
1681466 269098 431 139
1681467 269098 431 12
1681468 269098 431 11
1681469 269098 431 707
1681470 269098 431 4791
1681471 269098 431 138
1681472 457131 431 11
1681475 1922502 431 2709
1681476 457134 431 301
1681477 295993 431 44
1681478 295993 431 188
1681479 295993 431 108
1681480 295993 431 527
1681481 295993 431 189
1681482 295993 431 2742
1681483 295993 431 638
1681486 32536 431 734
1681487 32536 431 1679
1681488 32536 431 139
1681489 32536 431 748
1681490 32536 431 3153
1681491 32536 431 10281
1681492 457136 431 4921
1681493 457136 431 139
1681494 457137 431 301
1681495 457137 431 139
1681496 457137 431 11
1681497 457137 431 100
1681498 457137 431 1819
1681499 457138 431 1021
1681511 457141 431 2816
1681513 395382 431 1133
1681514 395382 431 8776
1681515 395382 431 4802
1681524 193382 431 4140
1681525 193382 431 1335
1681526 193382 431 1374
1681527 193382 431 960
1681528 193382 431 798
1681529 193382 431 155
1681530 193382 431 11
1681536 457147 431 791
1681537 457147 431 820
1681538 457147 431 12
1681539 457147 431 11
1681553 457151 431 11
1681554 457151 431 1138
1681555 457151 431 638
1681560 457154 431 292
1681561 457154 431 138
1681571 45618 431 11
1681574 449342 431 16156
1681575 449342 431 5045
1681576 75990 431 894
1681577 75990 431 2742
1681578 75990 431 1678
1681579 75990 431 730
1681580 75990 431 139
1681581 163808 431 125
1681582 163808 431 44
1681583 163808 431 941
1681584 163808 431 507
1681585 163808 431 523
1681586 163808 431 1896
1681587 457155 431 941
1681588 457155 431 1704
1681589 457155 431 1565
1681590 457155 431 343
1681591 457155 431 15858
1681592 457155 431 1052
1681593 457155 431 3540
1681594 925960 431 941
1681604 457160 431 894
1681605 457160 431 139
1681606 457160 431 1679
1681607 457160 431 3153
1681610 457162 431 2376
1681611 457162 431 1896
1681613 457164 431 2236
1681614 457164 431 26656
1681615 457165 431 8676
1681616 457165 431 8437
1681617 79401 431 1021
1681618 79401 431 748
1681619 457166 431 2220
1681620 457166 431 4
1681621 457166 431 941
1681622 457166 431 12
1681625 457168 431 57612
1681626 457168 431 583
1681627 457168 431 4137
1681628 457168 431 1126
1681629 457168 431 12739
1681630 457168 431 3063
1681631 251295 431 11
1681632 251295 431 638
1681633 57507 431 507
1681634 457169 431 1138
1681635 457169 431 3153
1681636 457169 431 304
1681637 457169 431 6902
1681642 391216 431 6765
1681650 412024 431 125
1681651 412024 431 6290
1681652 412024 431 4216
1681657 457174 431 11
1681658 457174 431 98
1681659 457174 431 10162
1681660 109600 431 100
1681661 109600 431 11
1681662 109600 431 294
1681663 109600 431 5987
1681664 109600 431 700
1681677 457175 431 1679
1681678 457175 431 369
1681679 457176 431 1138
1681680 457176 431 1133
1681681 457176 431 72
1681682 457176 431 507
1681683 457176 431 730
1681684 457176 431 369
1681685 457176 431 4663
1681686 457176 431 6259
1681689 371827 431 100
1681690 371827 431 11
1681695 457179 431 2846
1681696 457179 431 138
1681697 457179 431 139
1681698 457179 431 825
1681699 457179 431 287
1681700 457180 431 1943
1681701 457180 431 2187
1681702 457181 431 80
1681707 62246 431 1795
1681708 62246 431 523
1681709 62246 431 816
1681710 457182 431 29655
1681711 457182 431 2236
1681712 457182 431 2525
1681716 457184 431 1052
1681717 457184 431 4791
1681718 302902 431 4216
1681719 302902 431 6290
1681720 302902 431 24
1681721 302902 431 2816
1681722 302902 431 301
1681723 302902 431 1704
1681724 3142 431 668
1681725 3142 431 189
1681726 3142 431 11
1681727 3142 431 188
1681728 3142 431 44
1681729 3142 431 139
1681730 3142 431 75
1681732 457185 431 98
1681733 457186 431 4027
1681734 457186 431 365
1681735 457186 431 80
1681736 457186 431 563
1681737 457187 431 1169
1681752 457190 431 941
1681753 457190 431 264
1681754 457190 431 276
1681756 457192 431 28
1681757 457192 431 6128
1681758 457192 431 4297
1681763 17385 431 1138
1681764 17385 431 8294
1681767 457195 431 6290
1681770 457197 431 6290
1681771 457197 431 6287
1681772 457197 431 2424
1681773 457197 431 4216
1681774 457198 431 294
1681778 28909 431 2520
1681779 457200 431 11
1681780 457200 431 100
1681781 457200 431 4791
1681782 457201 431 1138
1681783 457201 431 4514
1681788 457203 431 2816
1681789 457203 431 6290
1681794 145434 431 374
1681795 145434 431 139
1681796 145434 431 748
1681816 457208 431 294
1681817 457208 431 20083
1681818 457209 431 583
1681819 457209 431 20768
1681820 457209 431 1565
1681821 457209 431 311
1681831 93164 431 557
1681851 457214 431 6968
1681852 457215 431 1133
1681853 457215 431 7546
1681854 457215 431 20221
1681855 457215 431 1127
1681868 153646 431 1611
1681869 153646 431 618
1681872 457221 431 734
1681873 457221 431 374
1681882 413872 431 816
1681883 413872 431 1795
1681884 413872 431 318
1681885 32642 431 188
1681886 32642 431 1528
1681887 32642 431 6185
1681888 32642 431 11
1681889 32642 431 139
1681890 32642 431 825
1681891 32642 431 44
1681894 457226 431 139
1681895 457226 431 894
1681902 145025 431 895
1681903 145025 431 155
1681904 145025 431 44
1681906 95234 431 374
1681907 95234 431 139
1681909 457231 431 941
1681910 457231 431 254
1681911 457231 431 301
1681913 457233 431 7160
1681916 350283 431 5777
1681917 350283 431 1007
1681918 350283 431 960
1681919 350283 431 4129
1681920 350283 431 4140
1681921 350283 431 798
1681937 457241 431 2902
1681938 457241 431 8676
1681939 457241 431 4791
1681940 457241 431 388
1681941 457241 431 311
1681942 457241 431 108
1681943 457242 431 425
1681944 457242 431 2377
1681948 457244 431 1937
1681949 457244 431 638
1681950 457244 431 104
1681951 457244 431 618
1681952 457244 431 507
1681959 1922506 431 2525
1681960 457246 431 700
1681961 457246 431 30
1681962 36897 431 8676
1681963 36897 431 11
1681969 45712 431 1021
1681970 45712 431 139
1681972 457250 431 1739
1681973 457250 431 1133
1681974 457250 431 1138
1681975 457250 431 7635
1681976 457251 431 374
1681977 457251 431 287
1681986 457254 431 1138
1681987 457254 431 2990
1681988 457255 431 52224
1681989 457255 431 2846
1681990 457255 431 2725
1682005 457260 431 311
1682006 457260 431 15455
1682007 457260 431 2709
1682011 1922508 431 15858
1682012 1922508 431 20110
1682031 457266 431 388
1682032 457266 431 734
1682033 457266 431 748
1682034 457266 431 139
1682035 457266 431 374
1682036 457266 431 126
1682037 457266 431 982
1682038 457266 431 2180
1682039 457266 431 2568
1682040 457267 431 126
1682041 457267 431 11
1682042 457267 431 139
1682043 457267 431 44
1682044 457267 431 388
1682045 457268 431 20796
1682048 457270 431 6922
1682049 457270 431 1611
1682056 457272 431 21412
1682057 457272 431 816
1682058 457272 431 869
1682068 457277 431 11
1682069 457277 431 139
1682070 457277 431 374
1682071 457277 431 978
1682072 457277 431 4577
1682073 457277 431 4496
1682074 457277 431 4276
1682075 457277 431 72
1682076 457277 431 12
1682077 457277 431 1058
1682078 1922510 431 103876
1682079 1922510 431 16156
1682080 32700 431 44
1682081 32700 431 100
1682082 32700 431 11
1682083 32700 431 798
1682084 32700 431 527
1682085 32700 431 4140
1682092 78429 431 7705
1682093 78429 431 44
1682094 78429 431 8676
1682095 78429 431 168
1682096 78429 431 11
1682097 78429 431 301
1682098 78429 431 139
1682099 457280 431 1359
1682100 1922511 431 28
1682101 1922511 431 6780
1682102 1922511 431 779
1682103 457281 431 221
1682104 457281 431 2816
1682105 457281 431 4
1682106 457281 431 941
1682107 457282 431 64
1682108 457282 431 72
1682109 457282 431 825
1682110 457282 431 44
1682118 457284 431 1138
1682119 457284 431 4791
1682120 457284 431 100
1682121 457284 431 11
1682122 457284 431 6972
1682123 457284 431 44
1682124 9073 431 4791
1682125 287759 431 16156
1682126 287759 431 1591
1682127 457285 431 941
1682128 457285 431 334
1682129 457285 431 125
1682130 39952 431 44
1682131 39952 431 4056
1682132 39952 431 388
1682133 39952 431 188
1682134 39952 431 2742
1682135 39952 431 108
1682136 39952 431 189
1682137 39952 431 978
1682138 39952 431 1313
1682139 457286 431 139
1682140 457286 431 11
1682141 457286 431 168
1682142 457286 431 618
1682143 457286 431 8676
1682144 457287 431 301
1682145 457287 431 311
1682146 457287 431 47241
1682147 457288 431 11
1682148 457288 431 791
1682149 457289 431 8676
1682150 250765 431 125
1682151 250765 431 103875
1682152 457290 431 29
1682153 250830 431 125
1682154 250830 431 103875
1682155 354963 431 6779
1682166 457295 431 343
1682167 457295 431 941
1682168 457296 431 12
1682169 457296 431 44
1682170 457296 431 12763
1682171 457296 431 4807
1682172 413290 431 4791
1682173 413290 431 20083
1682183 457300 431 6185
1682184 457300 431 2902
1682185 457300 431 287
1682186 457300 431 1354
1682187 457300 431 1123
1682188 457300 431 8294
1682189 457300 431 139
1682190 457300 431 700
1682191 457300 431 12
1682192 457300 431 16156
1682196 457302 431 4122
1682197 457302 431 155
1682198 457302 431 139
1682199 718609 431 359
1682200 718609 431 4057
1682201 718609 431 139
1682202 718609 431 311
1682203 718609 431 1647
1682204 718609 431 846
1682205 718609 431 2089
1682206 718609 431 3332
1682209 457304 431 825
1682210 457304 431 4216
1682211 457304 431 11
1682212 457304 431 3711
1682216 147065 431 4216
1682217 147065 431 734
1682218 147065 431 104
1682219 147065 431 638
1682220 147065 431 2816
1682225 457309 431 8676
1682226 457309 431 978
1682227 457309 431 27138
1682228 457309 431 311
1682229 457309 431 301
1682230 457309 431 139
1682234 457311 431 1896
1682235 457312 431 139
1682238 457313 431 29
1682239 457314 431 618
1682240 457314 431 1611
1682247 457316 431 3893
1682248 457316 431 8437
1682249 457316 431 791
1682250 457317 431 2990
1682251 457317 431 700
1682252 457318 431 3269
1682253 457318 431 791
1682254 457318 431 1335
1682255 457318 431 4036
1682256 457318 431 11
1682257 457319 431 28
1682258 457319 431 11
1682259 457319 431 139
1682266 457321 431 168
1682267 457321 431 6972
1682268 457322 431 6972
1682269 457322 431 168
1682270 457323 431 1138
1682271 457323 431 57393
1682272 457323 431 7329
1682273 457323 431 374
1682274 457323 431 7455
1682275 457324 431 1138
1682276 457324 431 7455
1682277 457324 431 374
1682279 32760 431 138
1682280 32760 431 64
1682281 32760 431 44
1682282 32760 431 4446
1682283 59808 431 44
1682284 59808 431 188
1682285 59808 431 108
1682286 59808 431 527
1682287 59808 431 4446
1682288 59808 431 72
1682289 59808 431 138
1682290 59808 431 825
1682291 59808 431 458
1682292 457326 431 474
1682293 457326 431 139
1682294 457326 431 367
1682295 35507 431 139
1682296 35507 431 301
1682326 457337 431 474
1682327 457337 431 90
1682328 457337 431 367
1682329 457338 431 474
1682330 457338 431 139
1682331 457338 431 367
1682341 32768 431 1133
1682342 32768 431 1739
1682343 32768 431 7635
1682344 32768 431 2442
1682345 32768 431 474
1682346 32768 431 11
1682347 32768 431 1138
1682348 32768 431 155
1682349 32768 431 139
1682350 32768 431 4144
1682353 457345 431 6972
1682354 457346 431 168
1682355 457346 431 6972
1682356 457347 431 6972
1682357 457347 431 798
1682358 457347 431 4140
1682359 457347 431 8676
1682360 1427106 431 1106
1682361 1427106 431 8312
1682362 1427106 431 11
1682363 1427106 431 72
1682364 1427106 431 1133
1682365 1427106 431 139
1682366 1427106 431 2220
1682367 1427106 431 3063
1682368 1427106 431 1138
1682371 457340 431 1138
1682372 457341 431 4216
1682376 1922515 431 3151
1682377 1922515 431 846
1682378 1922515 431 334
1682379 1922515 431 1647
1682380 1922515 431 125
1682385 25239 431 44
1682386 25239 431 527
1682387 25239 431 72
1682388 25239 431 108
1682389 457348 431 6972
1682390 457348 431 618
1682391 457348 431 11
1682392 457348 431 42748
1682393 457349 431 6972
1682394 457349 431 42748
1682395 457349 431 367
