1685993 457897 433 301
1685994 457897 433 6114
1685995 457897 433 44
1685996 457897 433 1007
1685997 457897 433 1106
1686008 455808 433 703
1686009 455808 433 4293
1686010 455808 433 1779
1686011 455808 433 871
1686012 455808 433 730
1686017 457900 433 1247
1686018 457900 433 894
1686019 457900 433 730
1686020 457900 433 635
1686021 457900 433 139
1686022 457900 433 992
1686023 457900 433 285
1686030 40865 433 12320
1686031 40865 433 825
1686032 40865 433 39
1686033 40865 433 507
1686034 40865 433 46
1686035 457902 433 894
1686036 457902 433 138
1686037 457902 433 139
1686038 457902 433 635
1686047 382883 433 125
1686048 382883 433 6245
1686049 382883 433 374
1686054 360081 433 6245
1686055 360081 433 374
1686056 360081 433 1779
1686057 360081 433 1007
1686058 360081 433 960
1686059 360081 433 369
1686060 18282 433 4575
1686061 18282 433 503
1686062 18282 433 20099
1686065 457905 433 108
1686066 457905 433 285
1686067 457905 433 46
1686068 457905 433 926
1686069 457905 433 290
1686070 457905 433 138
1686071 457905 433 72
1686072 457905 433 1106
1686086 97189 433 1775
1686087 97189 433 125
1686088 97189 433 216
1686089 97189 433 369
1686090 97189 433 638
1686091 11299 433 668
1686092 11299 433 12
1686093 11299 433 125
1686094 11299 433 1106
1686095 11299 433 108
1686096 11299 433 285
1686097 11299 433 46
1686098 11299 433 1058
1686099 52343 433 46
1686100 52343 433 369
1686101 52343 433 1058
1686102 52343 433 138
1686103 52343 433 44
1686104 457906 433 188
1686105 457906 433 668
1686106 457906 433 1886
1686107 457906 433 5939
1686108 457906 433 1125
1686109 457906 433 46
1686110 457906 433 108
1686111 421486 433 3505
1686112 421486 433 138
1686113 421486 433 4421
1686114 421486 433 926
1686115 421486 433 1937
1686116 421486 433 6877
1686117 421486 433 982
1686118 37777 433 1106
1686119 37777 433 8394
1686120 37777 433 1703
1686121 37777 433 108
1686122 37777 433 138
1686123 37777 433 1058
1686124 37777 433 1937
1686125 37777 433 1779
1686126 37777 433 5631
1686127 37777 433 4056
1686128 37777 433 46
1686129 37777 433 978
1686130 37777 433 11099
1686141 457907 433 941
1686142 457907 433 138
1686143 457907 433 20579
1686144 457907 433 32138
1686151 28748 433 125
1686152 28748 433 138
1686153 28748 433 894
1686154 28748 433 1141
1686155 28748 433 139
1686156 28748 433 72
1686157 28748 433 2902
1686158 28748 433 2404
1686159 28748 433 1247
1686160 28748 433 5670
1686161 28748 433 926
1686162 46815 433 3
1686163 46815 433 46
1686164 46815 433 290
1686165 46815 433 285
1686166 46815 433 138
1686167 46815 433 926
1686168 46815 433 44
1686169 421597 433 46
1686170 421597 433 10285
1686171 421597 433 103987
1686175 457908 433 139
1686176 457908 433 46
1686177 457908 433 6765
1686178 457908 433 4436
1686195 38937 433 138
1686196 38937 433 2404
1686197 38937 433 5670
1686198 38937 433 982
1686199 38937 433 2902
1686200 38937 433 126
1686201 421881 433 46
1686202 421881 433 1738
1686203 421881 433 1007
1686204 421881 433 1611
1686205 457910 433 6245
1686206 457910 433 1325
1686237 457913 433 668
1686238 457913 433 138
1686239 457913 433 1058
1686240 457913 433 28
1686241 457913 433 188
1686242 457913 433 77
1686243 457913 433 11
1686244 457913 433 285
1686245 457913 433 44
1686246 457913 433 3
1686247 457913 433 46
1686248 457913 433 1738
1686249 457913 433 10285
1686250 457914 433 2371
1686251 457914 433 1123
1686252 457914 433 1775
1686253 457914 433 369
1686254 457914 433 125
1686255 457914 433 1714
1686277 417367 433 12
1686278 417367 433 108
1686279 417367 433 138
1686280 417367 433 527
1686281 417367 433 46
1686282 417367 433 1738
1686286 325205 433 12
1686287 325205 433 125
1686288 325205 433 254
1686289 325205 433 1560
1686290 325205 433 1257
1686291 325205 433 638
1686292 325205 433 635
1686293 325205 433 90
1686294 325205 433 3355
1686295 325205 433 10290
1686296 325205 433 367
1686297 325205 433 769
1686298 325205 433 369
1686316 322397 433 3835
1686317 322397 433 4053
1686318 322397 433 20704
1686319 322397 433 20702
1686320 322397 433 2236
1686321 322397 433 103988
1686322 22919 433 20
1686323 22919 433 188
1686324 22919 433 11
1686325 22919 433 46
1686326 22919 433 5146
1686327 22919 433 8948
1686328 6 433 12
1686329 6 433 1058
1686330 6 433 11
1686331 6 433 1133
1686332 6 433 10
1686333 183982 433 12
1686334 183982 433 1896
1686335 183982 433 6515
1686336 183982 433 523
1686337 183982 433 17492
1686338 183982 433 8722
1686339 457918 433 992
1686340 457918 433 20442
1686341 457918 433 703
1686342 457918 433 4293
1686343 457918 433 816
1686344 457918 433 5309
1686345 457918 433 90
1686346 457919 433 1116
1686347 457919 433 638
1686348 457919 433 46
1686349 457919 433 527
1686350 457919 433 44
1686351 22949 433 254
1686352 22949 433 240
1686353 22949 433 77
1686354 22949 433 1534
1686355 22949 433 1172
1686356 22949 433 285
1686357 22949 433 1359
1686358 22949 433 139
1686359 22949 433 1007
1686360 22949 433 10290
1686361 453820 433 21287
1686362 453820 433 557
1686363 453820 433 719
1686364 453820 433 656
1686365 453820 433 5734
1686366 453820 433 1327
1686383 457921 433 668
1686384 457921 433 5244
1686385 457921 433 1007
1686386 457921 433 5367
1686387 457921 433 11
1686396 457923 433 668
1686397 457923 433 188
1686398 457923 433 46
1686399 457923 433 305
1686400 457923 433 374
1686401 457923 433 5146
1686402 457923 433 7784
1686403 457923 433 2000
1686408 22562 433 8019
1686409 22562 433 46
1686410 22562 433 290
1686411 22562 433 668
1686418 52592 433 287
1686419 52592 433 46
1686420 52592 433 138
1686421 52592 433 44
1686422 52592 433 1116
1686423 52592 433 386
1686424 52592 433 72
1686425 457926 433 12093
1686426 457926 433 2942
1686427 457926 433 425
1686428 457926 433 100315
1686429 457926 433 84763
1686430 457927 433 294
1686431 457927 433 1896
1686432 457927 433 19039
1686433 457928 433 150
1686434 457928 433 46380
1686435 457928 433 47058
1686436 8215 433 557
1686437 8215 433 21396
1686438 8215 433 1896
1686439 8215 433 2185
1686440 457929 433 1197
1686441 457929 433 2624
1686442 457929 433 3333
1686443 457929 433 27768
1686444 457929 433 1147
1686445 457929 433 21140
1686446 457930 433 11
1686447 457930 433 1058
1686448 457930 433 373
1686449 457930 433 359
1686450 457930 433 39293
1686453 457932 433 734
1686454 457932 433 1136
1686455 457932 433 7155
1686456 457932 433 1007
1686457 457932 433 507
1686461 457933 433 125
1686462 457933 433 15
1686463 457933 433 1896
1686464 457933 433 557
1686465 457933 433 5682
1686466 457933 433 103989
1686467 457933 433 103990
1686468 1922537 433 216
1686469 1922537 433 6229
1686470 1922537 433 982
1686478 457934 433 46
1686479 457934 433 10285
1686480 457934 433 221
1686481 457934 433 1720
1686482 457934 433 301
1686483 457934 433 1049
1686484 88914 433 1049
1686485 88914 433 29481
1686486 88914 433 1704
1686487 88914 433 616
1686488 88914 433 78860
1686489 88914 433 138
1686494 457936 433 103992
1686495 457936 433 6425
1686496 457936 433 4028
1686497 457936 433 46691
1686498 457936 433 2150
1686499 457936 433 50828
1686500 457936 433 40917
1686506 457937 433 2150
1686507 457937 433 941
1686508 457937 433 5776
1686529 457940 433 6245
1686530 457940 433 305
1686531 457940 433 3122
1686532 444971 433 941
1686533 444971 433 11474
1686534 444971 433 125
1686535 444971 433 503
1686536 444971 433 4
1686537 444971 433 1764
1686543 457942 433 2274
1686544 457942 433 10810
1686545 457942 433 103993
1686546 457942 433 507
1686547 457942 433 917
1686548 364377 433 125
1686549 364377 433 2185
1686550 364377 433 16907
1686551 364377 433 1559
1686552 364377 433 103994
1686557 457944 433 10285
1686558 457944 433 78
1686559 457944 433 221
1686560 457944 433 138
1686561 457944 433 540
1686562 457944 433 225
1686563 457944 433 1868
1686564 457944 433 4676
1686565 457944 433 84962
1686566 457945 433 103996
1686567 457945 433 2150
1686568 457945 433 13855
1686569 457946 433 638
1686570 457946 433 1560
1686571 457946 433 5800
1686572 457946 433 103997
1686573 457947 433 1125
1686574 457947 433 6
1686575 457948 433 5937
1686576 457948 433 188
1686577 457948 433 19181
1686578 457948 433 108
1686579 322712 433 5950
1686580 322712 433 103998
1686581 322712 433 103999
1686582 322712 433 46932
1686583 322712 433 1051
1686584 322712 433 1052
1686585 457949 433 15332
1686586 457949 433 2179
1686587 457949 433 104000
1686588 457949 433 104001
1686589 457949 433 104002
1686590 457949 433 8760
1686591 457949 433 104003
1686600 457951 433 557
1686601 457951 433 104
1686602 457951 433 104004
1686603 457951 433 29625
1686604 457952 433 11
1686605 457952 433 730
1686606 457952 433 10162
1686607 457952 433 894
1686608 457952 433 20394
1686609 457952 433 90
1686610 457952 433 294
1686611 457952 433 982
1686612 457952 433 5
1686613 457952 433 992
1686614 457952 433 10161
1686615 43283 433 373
1686616 43283 433 941
1686617 43283 433 138
1686618 43283 433 1058
1686619 43283 433 1322
1686620 43283 433 126
1686621 43283 433 289
1686622 43283 433 3147
1686623 43283 433 3505
1686624 43283 433 926
1686625 43283 433 10419
1686626 43283 433 72
1686627 43283 433 2297
1686628 12151 433 992
1686629 12151 433 982
1686630 12151 433 795
1686631 12151 433 1714
1686632 12151 433 894
1686633 12151 433 703
1686634 12151 433 139
1686635 12151 433 730
1686636 12151 433 77
1686637 262732 433 730
1686638 262732 433 894
1686639 262732 433 72
1686649 37912 433 941
1686650 37912 433 125
1686651 37912 433 1704
1686652 37912 433 1183
1686653 37912 433 1897
1686654 37912 433 311
1686655 37912 433 2236
1686659 457956 433 125
1686675 333468 433 2150
1686676 333468 433 1247
1686677 333468 433 1937
1686678 333468 433 77
1686679 333468 433 498
1686680 333468 433 139
1686681 333468 433 6425
1686682 333468 433 6159
1686683 333468 433 4792
1686703 457958 433 5777
1686704 457958 433 6781
1686705 457958 433 4075
1686706 457958 433 16192
1686707 457958 433 17057
1686708 194294 433 359
1686709 194294 433 104005
1686710 194294 433 2816
1686711 194294 433 700
1686712 194294 433 78
1686713 194294 433 3835
1686714 194294 433 2236
1686715 99034 433 1191
1686716 99034 433 6618
1686717 99034 433 5777
1686718 99034 433 557
1686719 99034 433 4075
1686720 99034 433 11250
1686721 99034 433 18970
1686722 99034 433 1034
1686729 457959 433 638
1686730 457959 433 46806
1686731 457959 433 1560
1686732 457959 433 27993
1686733 457959 433 9333
1686734 457960 433 21140
1686735 457960 433 1897
1686736 457960 433 23776
1686737 457960 433 1939
1686738 457961 433 104006
1686739 457961 433 1764
1686740 457961 433 21396
1686741 10637 433 21396
1686742 10637 433 311
1686743 10637 433 104007
1686744 10637 433 104008
1686745 141688 433 46691
1686746 141688 433 104009
1686747 457962 433 1007
1686748 457962 433 90
1686749 457962 433 960
1686750 457963 433 1127
1686751 457963 433 1058
1686752 457963 433 104
1686753 457963 433 12165
1686754 343369 433 20
1686755 343369 433 46
1686756 1920370 433 10296
1686757 1920370 433 5146
1686758 1920370 433 507
1686759 1920370 433 188
1686760 1920370 433 2781
1686761 1920370 433 90
1686762 1920370 433 108
1686763 256628 433 3394
1686764 256628 433 188
1686765 256628 433 108
1686766 256628 433 527
1686767 23169 433 668
1686768 23169 433 2150
1686769 23169 433 108
1686770 23169 433 138
1686771 23169 433 188
1686772 23169 433 1886
1686773 23169 433 46
1686774 23169 433 6547
1686775 457964 433 1191
1686776 457964 433 2342
1686777 457964 433 46372
1686778 457964 433 24497
1686779 457964 433 1722
1686780 457964 433 4174
1686781 457965 433 1191
1686782 457965 433 2342
1686783 457965 433 104010
1686784 457965 433 46372
1686785 457965 433 24497
1686786 457965 433 1722
1686787 457965 433 4174
1686788 457966 433 1191
1686789 457966 433 1722
1686790 457966 433 24497
1686791 457966 433 46372
1686792 457966 433 2342
1686793 457966 433 39018
1686794 457966 433 4174
1686795 177126 433 2150
1686796 177126 433 941
1686797 177126 433 138
1686798 177126 433 1184
1686799 177126 433 1937
1686800 177126 433 2902
1686801 177126 433 11821
1686802 177126 433 26939
1686803 177126 433 28
1686804 177126 433 3224
1686805 457967 433 1821
1686806 457967 433 311
1686807 457967 433 20538
1686808 457967 433 1567
1686809 457967 433 56208
1686810 457967 433 2560
1686811 457967 433 3384
1686812 457967 433 2424
1686821 99274 433 5777
1686822 99274 433 719
1686823 99274 433 1795
1686824 99274 433 125
1686825 99274 433 2513
1686826 99274 433 1052
1686846 457971 433 13229
1686847 457971 433 13803
1686848 457971 433 79341
1686857 457972 433 46
1686858 457972 433 5146
1686859 457972 433 90
1686860 457973 433 5367
1686861 457973 433 638
1686862 457973 433 188
1686863 457973 433 527
1686864 457973 433 44
1686865 457974 433 5146
1686866 457974 433 188
1686867 457974 433 5960
1686868 457974 433 79806
1686869 457974 433 7305
1686870 457975 433 1647
1686871 457975 433 774
1686872 457975 433 1779
1686873 457975 433 638
1686874 457975 433 637
1686875 457975 433 719
1686876 457975 433 441
1686877 457975 433 7879
1686878 457975 433 369
1686879 457976 433 16371
1686880 457976 433 19267
1686881 457977 433 20363
1686882 457977 433 1821
1686883 457977 433 20046
1686884 457977 433 2592
1686885 457977 433 1183
1686886 457977 433 294
1686896 19689 433 719
1686897 19689 433 523
1686898 19689 433 882
1686899 19689 433 557
1686907 1922539 433 138
1686908 1922539 433 2902
1686909 1922539 433 1183
1686910 1922539 433 2708
1686915 457981 433 21396
1686916 457981 433 19046
1686917 457981 433 2456
1686918 457981 433 503
1686923 110624 433 1123
1686924 110624 433 285
1686925 110624 433 16897
1686926 110624 433 46631
1686927 110624 433 1896
1686938 79628 433 629
1686939 79628 433 1119
1686940 79628 433 1058
1686941 79628 433 638
1686942 79628 433 40
1686943 79628 433 894
1686944 79628 433 730
1686945 79628 433 11
1686946 79628 433 90
1686947 79628 433 20
1686948 79628 433 10162
1686956 36158 433 638
1686957 36158 433 285
1686958 36158 433 44
1686959 36158 433 301
1686960 36158 433 3355
1686961 36158 433 635
1686962 36158 433 139
1686963 36158 433 254
1686964 36158 433 637
1686972 46766 433 259
1686973 46766 433 138
1686974 46766 433 46
1686975 46766 433 290
1686976 46766 433 285
1686977 457986 433 23943
1686978 457986 433 802
1686979 457986 433 1647
1686980 457986 433 3290
1686981 457986 433 20069
1686995 457989 433 1052
1686996 457989 433 104018
1686997 457989 433 1999
1686998 457989 433 3408
1686999 457989 433 104019
1687000 457990 433 3731
1687001 457990 433 2725
1687002 457990 433 104020
1687003 457990 433 46282
1687037 1922540 433 3394
1687038 1922540 433 5146
1687039 1922540 433 1057
1687040 1922540 433 90
1687041 1922540 433 1058
1687042 1922540 433 46
1687043 457994 433 46
1687044 457994 433 104021
1687045 457994 433 1325
1687046 457995 433 7232
1687047 457995 433 734
1687048 457995 433 638
1687049 457995 433 1127
1687050 457995 433 388
1687058 457997 433 978
1687059 457997 433 1739
1687060 457997 433 285
1687061 457997 433 46
1687062 457997 433 8394
1687075 29074 433 1106
1687076 29074 433 138
1687077 29074 433 1058
1687078 29074 433 1247
1687079 29074 433 290
1687080 29074 433 129
1687081 29074 433 46
1687082 29074 433 2742
1687083 29074 433 285
1687084 29074 433 926
1687100 441929 433 46
1687101 441929 433 2404
1687102 441929 433 2902
1687103 441929 433 6180
1687104 52865 433 46
1687105 52865 433 285
1687106 52865 433 1325
1687107 52865 433 1528
1687108 52865 433 138
1687109 52865 433 11
1687110 52865 433 3365
1687128 457999 433 104023
1687129 457999 433 1842
1687130 457999 433 29
1687140 13969 433 699
1687141 13969 433 15
1687142 13969 433 79
1687143 13969 433 2486
1687144 13969 433 3743
1687145 49948 433 5631
1687146 49948 433 10285
1687147 49948 433 10251
1687164 15659 433 629
1687165 15659 433 4362
1687166 15659 433 331
1687167 15659 433 294
1687168 15659 433 150
1687169 15659 433 774
1687170 15659 433 328
1687171 15659 433 730
1687172 15659 433 635
1687173 15659 433 72
1687174 15659 433 139
1687175 15659 433 285
1687176 15659 433 677
1687177 15659 433 474
1687178 15659 433 477
1687179 63706 433 187
1687180 63706 433 216
1687181 63706 433 46
1687182 63706 433 138
1687183 63706 433 125
1687184 63706 433 108
1687185 63706 433 797
1687186 458001 433 68336
1687187 458001 433 1943
1687188 458001 433 503
1687189 458001 433 507
1687190 458001 433 2437
1687193 458003 433 104006
1687194 458003 433 21396
1687195 458003 433 1764
1687229 458010 433 1007
1687230 458010 433 44
1687231 458010 433 11
1687232 458010 433 527
1687233 458010 433 3285
1687234 458010 433 285
1687235 458010 433 138
1687249 458011 433 4028
1687250 458011 433 6425
1687251 458011 433 1937
1687252 458011 433 77
1687253 458011 433 4127
1687254 458011 433 264
1687255 458011 433 47010
1687256 458011 433 347
1687257 458011 433 2150
1687258 458011 433 507
1687259 127089 433 108
1687260 127089 433 70
1687261 127089 433 285
1687262 127089 433 1738
1687263 127089 433 1058
1687264 52270 433 188
1687265 52270 433 668
1687266 52270 433 108
1687267 52270 433 125
1687268 52270 433 46
1687269 52270 433 138
1687270 52270 433 1056
1687271 52270 433 44
1687272 52270 433 15
1687273 52270 433 1775
1687274 52270 433 1647
1687275 30609 433 668
1687276 30609 433 188
1687277 30609 433 46
1687282 458012 433 139
1687283 458012 433 5452
1687284 458012 433 894
1687285 458012 433 2605
1687286 458012 433 635
1687287 458013 433 8722
1687288 458013 433 5757
1687295 458016 433 21396
1687296 458016 433 104006
1687297 458017 433 11474
1687298 458017 433 503
1687299 53023 433 12
1687300 53023 433 1106
1687301 53023 433 1703
1687302 53023 433 138
1687303 53023 433 46
1687304 53023 433 108
1687305 53023 433 4446
1687306 53023 433 104027
1687307 67031 433 1704
1687308 67031 433 2942
1687309 67031 433 425
1687310 67031 433 583
1687311 67031 433 3358
1687312 67031 433 503
1687313 67031 433 17086
1687318 458018 433 507
1687319 458018 433 917
1687320 458018 433 2150
1687321 458018 433 1647
1687322 458018 433 311
1687323 458018 433 104028
1687329 458020 433 1565
1687330 458020 433 2795
1687331 458020 433 16073
1687342 5636 433 941
1687343 5636 433 138
1687344 5636 433 1937
1687345 5636 433 769
1687346 5636 433 638
1687347 5636 433 1183
1687348 5636 433 6
1687349 5636 433 1141
1687350 5636 433 926
1687351 5636 433 46691
1687352 5636 433 369
1687353 5636 433 90
1687354 5636 433 20
1687370 399663 433 503
1687371 399663 433 104030
1687372 399663 433 1943
1687373 399663 433 18988
1687374 399663 433 16583
1687386 458024 433 125
1687387 458024 433 1775
1687388 458024 433 703
1687389 458024 433 992
1687390 458024 433 4362
1687397 73238 433 221
1687398 73238 433 18305
1687399 73238 433 69093
1687400 73238 433 557
1687420 55246 433 108
1687421 55246 433 138
1687422 55246 433 638
1687423 55246 433 527
1687424 55246 433 4446
1687425 55246 433 5716
1687430 53099 433 221
1687431 53099 433 507
1687432 53099 433 2781
1687433 53099 433 77
1687434 53099 433 46
1687435 330649 433 6344
1687436 330649 433 2437
1687437 330649 433 104031
1687438 330649 433 1795
1687439 330649 433 816
1687440 330649 433 1119
1687441 330649 433 9829
1687442 79167 433 138
1687443 79167 433 1560
1687444 79167 433 1937
1687445 79167 433 2902
1687446 79167 433 2605
1687447 79167 433 1123
1687448 79167 433 285
1687449 79758 433 6609
1687450 79758 433 5115
1687451 79758 433 138
1687452 79758 433 982
1687453 79758 433 1937
1687454 79758 433 1183
1687455 79758 433 64
1687456 79758 433 1141
1687457 79758 433 46
1687458 79758 433 926
1687492 301874 433 138
1687493 301874 433 928
1687494 301874 433 307
1687495 301874 433 3505
1687496 301874 433 982
1687497 301874 433 1937
1687498 301874 433 4421
1687499 301874 433 926
1687500 301874 433 1183
1687520 1554 433 629
1687521 1554 433 4362
1687522 1554 433 795
1687523 1554 433 703
1687524 1554 433 77
1687525 1554 433 730
1687526 1554 433 139
1687527 1554 433 4293
1687528 1554 433 982
1687529 1554 433 894
1687530 458029 433 2942
1687531 458029 433 425
1687532 458029 433 1565
1687533 458029 433 523
1687534 458030 433 4529
1687535 458030 433 104032
1687536 458030 433 104016
1687537 458030 433 19404
1687538 458030 433 17400
1687549 95894 433 2187
1687550 95894 433 23776
1687551 95894 433 4053
1687552 95894 433 3816
1687564 458033 433 5541
1687565 458033 433 575
1687566 458033 433 1962
1687567 458033 433 343
1687568 458033 433 3221
1687569 458033 433 86091
1687570 458033 433 2251
1687571 21099 433 77
1687572 21099 433 894
1687573 21099 433 730
1687574 21099 433 1819
1687575 458034 433 703
1687576 458034 433 5229
1687577 458034 433 98
1687578 458034 433 4293
1687579 458035 433 638
1687580 458035 433 894
1687581 458035 433 730
1687582 458035 433 139
1687583 458035 433 10281
1687584 458035 433 369
1687585 458035 433 90
1687586 458035 433 98
1687587 458036 433 1007
1687588 458036 433 960
1687589 458036 433 90
1687590 404276 433 1325
1687591 404276 433 1007
1687592 404276 433 168
1687593 404276 433 46
1687594 404276 433 77
1687606 370582 433 331
1687607 370582 433 361
1687608 370582 433 1052
1687609 370582 433 21375
1687610 370582 433 127
1687611 39051 433 138
1687612 39051 433 10360
1687613 39051 433 1672
1687614 39051 433 285
1687615 39051 433 46
1687616 39051 433 4446
1687617 39051 433 108
1687618 39051 433 926
1687619 458040 433 254
1687620 458040 433 1838
1687621 458040 433 46
1687622 458040 433 138
1687623 458040 433 1325
1687624 458040 433 225
1687625 458040 433 108
1687636 458043 433 276
1687637 458043 433 30
1687638 458043 433 1058
1687639 458043 433 12763
1687640 458044 433 276
1687641 458044 433 11
1687642 458044 433 992
1687643 458044 433 703
1687644 458044 433 4293
1687645 23751 433 6052
1687646 23751 433 20
1687647 23751 433 551
1687648 23751 433 507
1687649 23751 433 5918
1687650 23751 433 638
1687651 23751 433 2150
1687652 23751 433 1247
1687653 23751 433 1937
1687654 23751 433 926
1687655 23751 433 44
1687656 23751 433 6588
1687657 272525 433 100703
1687658 272525 433 941
1687659 272525 433 1404
1687660 272525 433 6573
1687661 272525 433 27768
1687662 272525 433 650
1687666 458045 433 6245
1687667 458045 433 305
1687668 458045 433 10285
1687669 7863 433 469
1687670 7863 433 46691
1687671 7863 433 66161
1687678 458047 433 5734
1687679 458047 433 1209
1687680 458047 433 4469
1687681 458047 433 104039
1687682 458048 433 1560
1687683 458048 433 1702
1687684 458048 433 3510
1687687 458050 433 24981
1687688 458050 433 1235
1687693 82961 433 1560
1687694 82961 433 5777
1687695 82961 433 638
1687696 203144 433 1943
1687697 203144 433 503
1687698 203144 433 24789
1687699 203144 433 76967
1687700 76108 433 3835
1687701 76108 433 1123
1687702 76108 433 1267
1687703 76108 433 4053
1687704 76108 433 3816
1687705 76108 433 2236
1687706 76108 433 44
1687711 458053 433 12
1687712 458053 433 1052
1687713 458053 433 311
1687714 458053 433 1051
1687715 458053 433 104040
1687716 458053 433 47126
1687717 458053 433 104041
1687738 458055 433 188
1687739 458055 433 5960
1687740 458055 433 527
1687741 458055 433 90
1687742 458055 433 1041
1687748 458056 433 5777
1687749 458056 433 23776
1687750 458056 433 3835
1687751 458056 433 50093
1687765 23825 433 638
1687766 23825 433 769
1687767 23825 433 527
1687768 23825 433 11
1687769 23825 433 1738
1687770 23825 433 10285
1687771 23825 433 2990
1687772 23825 433 9930
1687773 23825 433 110
1687792 458060 433 216
1687793 458060 433 46
1687794 458060 433 90
1687795 458060 433 138
1687796 458060 433 6229
1687797 458060 433 638
1687798 458060 433 125
1687809 458063 433 6245
1687810 458063 433 1325
1687811 458063 433 46
1687812 1809468 433 894
1687813 1809468 433 54641
1687814 1809468 433 8493
1687815 1809468 433 4293
1687816 1809468 433 730
1687817 1809468 433 638
1687818 458064 433 46372
1687819 458064 433 1722
1687820 458064 433 24497
1687821 458064 433 2342
1687822 458064 433 1191
1687823 458064 433 57710
1687824 458064 433 4174
1687825 458065 433 1704
1687826 458065 433 301
1687827 458065 433 1321
1687828 458065 433 2373
1687829 458065 433 3301
1687849 6485 433 1939
1687850 6485 433 19364
1687851 6485 433 2187
1687852 6485 433 1897
1687853 6485 433 503
1687854 6485 433 6
1687855 6485 433 3393
1687897 272791 433 6
1687898 272791 433 941
1687899 272791 433 816
1687900 272791 433 1704
1687901 272791 433 19578
1687902 272791 433 150
1687903 272791 433 1897
1687904 272791 433 1886
1687905 458069 433 1565
1687906 458069 433 5751
1687907 458069 433 20028
1687908 458069 433 1559
1687909 458069 433 80449
1687918 127271 433 992
1687919 127271 433 4362
1687920 127271 433 1247
1687921 127271 433 4230
1687922 127271 433 1275
1687923 127271 433 362
1687924 127271 433 305
1687925 127271 433 4639
1687926 127271 433 894
1687927 23874 433 4895
1687928 23874 433 318
1687929 23874 433 961
1687930 23874 433 46
1687931 23874 433 1937
1687932 23874 433 982
1687933 23874 433 138
1687934 23874 433 926
1687935 458071 433 1937
1687936 458071 433 285
1687937 458071 433 139
1687938 458071 433 1897
1687939 458071 433 961
1687940 458071 433 709
1687941 458071 433 2086
1687943 458073 433 108
1687944 458073 433 46
1687945 458073 433 527
1687946 458073 433 4056
1687947 458073 433 11099
1687948 458073 433 5367
1687949 458073 433 10386
1687950 458073 433 1313
1687951 458074 433 108
1687952 458074 433 4056
1687953 458074 433 2846
1687954 458074 433 4446
1687955 458074 433 46
1687956 458074 433 40424
1687957 458075 433 1565
1687958 458075 433 5145
1687968 145611 433 4028
1687969 145611 433 727
1687970 145611 433 2150
1687971 145611 433 6808
1687972 145611 433 2373
1687973 145611 433 1937
1687974 145611 433 40917
1687975 145611 433 50828
1687987 6655 433 503
1687988 6655 433 1943
1687989 6655 433 19717
1687990 6655 433 2150
1687991 6655 433 873
1687992 6655 433 2993
1688004 57130 433 108
1688005 57130 433 46
1688006 57130 433 138
1688007 57130 433 1106
1688008 57130 433 639
1688009 57130 433 369
1688010 57130 433 769
1688011 458076 433 2437
1688012 458076 433 15734
1688013 458076 433 1750
1688014 458076 433 1564
1688015 458076 433 3291
1688016 458077 433 1052
1688017 458077 433 24103
1688018 458077 433 104043
1688019 458077 433 22888
1688020 56374 433 4362
1688021 56374 433 1184
1688022 56374 433 1247
1688023 56374 433 1937
1688024 56374 433 1183
1688025 56374 433 4421
1688026 56374 433 894
1688027 56374 433 3160
1688028 56374 433 77
1688029 56374 433 730
1688030 56374 433 139
1688031 56374 433 285
1688032 56374 433 46
1688033 56374 433 3505
1688034 56374 433 182
1688041 458079 433 104044
1688042 458079 433 100348
1688043 458079 433 3367
1688044 458079 433 54276
1688045 458079 433 4368
1688057 407086 433 1058
1688058 407086 433 80
1688059 407086 433 11
1688060 407086 433 72
1688061 407086 433 926
1688062 407086 433 139
1688063 407086 433 90
1688064 407086 433 20
1688065 407086 433 507
1688066 407086 433 46
1688067 407086 433 1738
1688068 407086 433 1133
1688069 407086 433 10
1688073 88219 433 992
1688074 88219 433 125
1688075 88219 433 1775
1688076 88219 433 15
1688077 88219 433 1325
1688078 88219 433 108
1688079 88219 433 216
1688080 88219 433 3394
1688081 88219 433 305
1688082 88219 433 6229
1688083 88219 433 797
1688084 88219 433 46
1688085 88219 433 3122
1688097 94762 433 294
1688098 94762 433 3835
1688099 94762 433 2236
1688100 94762 433 90996
1688101 94762 433 1123
1688102 458085 433 3760
1688103 458085 433 104045
1688104 458085 433 41512
1688105 458085 433 3794
1688106 458085 433 104046
1688107 458085 433 4174
1688117 25089 433 1738
1688118 25089 433 46
1688119 25089 433 825
1688120 25089 433 11
1688121 25089 433 188
1688137 458089 433 5146
1688138 458089 433 1041
1688139 458089 433 188
1688140 46680 433 5146
1688141 46680 433 7219
1688147 339020 433 5146
1688148 339020 433 188
1688149 339020 433 1134
1688150 339020 433 286
1688151 339020 433 4518
1688152 339020 433 108
1688153 24006 433 188
1688154 24006 433 46
1688155 24006 433 5146
1688164 337772 433 125
1688165 337772 433 15
1688166 337772 433 32850
1688167 337772 433 1162
1688168 337772 433 39
1688169 337772 433 5947
1688170 337772 433 1119
1688176 458092 433 1627
1688177 458092 433 3294
1688178 458092 433 4682
1688179 458093 433 4791
1688180 458093 433 1052
1688181 458093 433 104048
1688187 458096 433 359
1688188 458096 433 221
1688189 458096 433 2816
1688190 458096 433 104050
1688191 458096 433 1128
1688192 458096 433 4251
1688202 318848 433 125
1688203 318848 433 15
1688204 318848 433 583
1688205 318848 433 4
1688206 318848 433 343
1688207 89203 433 1282
1688208 89203 433 1367
1688209 89203 433 6
1688210 89203 433 44693
1688211 291573 433 5541
1688212 291573 433 90
1688213 291573 433 139
1688214 291573 433 72
1688224 458101 433 1703
1688225 458101 433 138
1688226 458101 433 1560
1688227 458101 433 1702
1688228 458102 433 4028
1688229 458102 433 6
1688230 458102 433 816
1688231 458102 433 2150
1688232 458102 433 104054
1688236 458104 433 6245
1688237 53499 433 992
1688238 53499 433 20838
1688239 53499 433 104055
1688240 53499 433 703
1688241 53499 433 4293
1688242 53499 433 72
1688243 53499 433 700
1688244 89218 433 3717
1688245 89218 433 469
1688246 89218 433 503
1688247 458105 433 25322
1688248 458105 433 557
1688249 458105 433 1565
1688250 458105 433 104056
1688251 458105 433 24450
1688252 458106 433 2187
1688253 458106 433 1703
1688254 458106 433 2486
1688255 458106 433 276
1688256 458106 433 1653
1688257 458106 433 9829
1688258 458106 433 503
1688259 458106 433 1126
1688260 458106 433 39
1688261 458106 433 3
1688262 458106 433 3517
1688263 458106 433 4418
1688264 458106 433 307
1688265 458106 433 9405
1688266 458107 433 21790
1688267 458107 433 2520
1688268 458107 433 46340
1688269 458107 433 3390
1688270 458107 433 1616
1688271 458107 433 2449
1688272 68327 433 583
1688273 68327 433 503
1688274 68327 433 425
1688275 68327 433 2795
1688276 68327 433 836
1688277 68327 433 104057
1688283 458110 433 156
1688284 458110 433 3394
1688285 458110 433 2816
1688286 458110 433 8
1688287 458110 433 67490
1688293 458112 433 2236
1688294 458112 433 72
1688295 458112 433 469
1688296 458112 433 1123
1688297 458112 433 941
1688298 458112 433 21
1688299 458112 433 3835
1688300 458112 433 67960
1688313 407355 433 6245
1688314 407355 433 90
1688315 407355 433 1007
1688316 407355 433 104060
1688323 458114 433 72
1688324 458114 433 33318
1688325 263599 433 29
1688326 263599 433 2247
1688327 263599 433 127
1688328 263599 433 4909
1688329 263599 433 7089
1688330 458115 433 21099
1688331 458115 433 3835
1688332 458115 433 104061
1688333 458115 433 104062
1688334 458115 433 1627
1688335 458115 433 24644
1688345 87528 433 23790
1688346 87528 433 1157
1688347 87528 433 292
1688348 87528 433 518
1688349 9588 433 16
1688350 9588 433 125
1688351 9588 433 1775
1688352 9588 433 2247
1688353 9588 433 4909
1688354 51974 433 221
1688355 51974 433 2902
1688356 51974 433 7979
1688357 51974 433 46
1688358 51974 433 2404
1688359 51974 433 108
1688360 51974 433 188
1688361 51974 433 138
1688362 51974 433 1116
1688372 458117 433 5777
1688373 458117 433 1704
1688374 458117 433 2236
1688375 458117 433 1052
1688376 458117 433 23776
1688377 458117 433 2628
1688378 458118 433 1939
1688379 458118 433 2232
1688380 458118 433 1678
1688381 458118 433 1897
1688382 458118 433 1937
1688383 458119 433 8048
1688384 458119 433 104065
1688385 458119 433 21169
1688386 458119 433 90
1688387 458119 433 638
1688392 458120 433 12
1688393 458120 433 311
1688394 458120 433 1627
1688395 458120 433 1889
1688396 458120 433 104066
1688397 24263 433 1739
1688398 24263 433 4056
1688399 24263 433 978
1688400 24263 433 285
1688401 24263 433 1058
1688402 24263 433 46
1688403 24263 433 139
1688412 458121 433 259
1688413 458121 433 16583
1688414 458121 433 503
1688415 458121 433 4963
1688416 458121 433 39
1688417 458122 433 1367
1688418 458122 433 29281
1688419 458122 433 104067
1688420 458123 433 125
1688421 458123 433 1565
1688447 458127 433 19404
1688448 458127 433 4529
1688449 458127 433 16308
1688450 458128 433 4529
1688451 458128 433 3256
1688452 458128 433 1704
1688453 458129 433 188
1688454 458129 433 1056
1688455 458129 433 5960
1688456 458129 433 527
1688457 458129 433 1117
1688468 80005 433 100
1688469 80005 433 1937
1688470 80005 433 286
1688471 80005 433 11
1688472 80005 433 894
1688473 80005 433 139
1688474 80005 433 138
1688475 80005 433 730
1688480 105573 433 2187
1688481 105573 433 1943
1688482 105573 433 503
1688483 105573 433 507
1688484 105573 433 167
1688485 105573 433 1126
1688486 105573 433 40
1688487 105573 433 1052
1688488 105573 433 2456
1688489 105573 433 441
1688490 431340 433 138
1688491 431340 433 1058
1688492 431340 433 2816
1688493 431340 433 359
1688494 431340 433 894
1688495 431340 433 730
1688496 431340 433 11
1688497 431340 433 1762
1688498 431340 433 6291
1688499 458133 433 719
1688500 458133 433 84730
1688501 458133 433 5757
1688502 458133 433 60777
1688503 458133 433 47218
1688506 87102 433 1175
1688507 87102 433 996
1688508 87102 433 1062
1688509 87102 433 25834
1688510 87102 433 1869
1688511 87102 433 638
1688512 87102 433 1868
1688513 87102 433 769
1688536 56305 433 477
1688537 56305 433 2236
1688538 56305 433 5
1688539 56305 433 1247
1688540 56305 433 474
1688541 56305 433 72
1688542 56305 433 3835
1688543 56305 433 292
1688544 56305 433 926
1688545 78121 433 40
1688546 78121 433 1169
1688547 78121 433 370
1688548 78121 433 7089
1688549 78121 433 331
1688550 78121 433 81
1688551 78121 433 1122
1688552 78121 433 292
1688553 78121 433 127
1688554 78121 433 77
1688555 78121 433 926
1688556 78121 433 72
1688557 78121 433 1247
1688558 458136 433 294
1688559 458136 433 1793
1688560 458136 433 221
1688561 458136 433 2179
1688562 17831 433 894
1688563 17831 433 139
1688564 17831 433 77
1688565 17831 433 730
1688566 17831 433 629
1688567 17831 433 795
1688568 85838 433 77
1688569 85838 433 359
1688570 85838 433 2816
1688571 85838 433 982
1688572 85838 433 795
1688576 458137 433 301
1688577 458137 433 216
1688578 458137 433 67630
1688591 458139 433 3151
1688592 458139 433 2155
1688593 458139 433 9022
1688594 458139 433 1169
1688595 458139 433 441
1688603 458142 433 507
1688604 458142 433 46675
1688605 458142 433 39
1688606 458142 433 503
1688607 458142 433 16615
1688608 458142 433 5298
1688609 458143 433 254
1688610 458143 433 2373
1688611 458143 433 340
1688612 458143 433 4308
1688613 458143 433 369
1688614 458143 433 338
1688615 458143 433 638
1688616 458143 433 138
1688617 458143 433 72
1688618 458144 433 2150
1688619 458144 433 138
1688620 458144 433 1184
1688621 458144 433 221
1688622 458144 433 1183
1688623 458144 433 3567
1688624 458144 433 2392
1688633 38533 433 108
1688634 38533 433 4446
1688635 38533 433 46
1688636 38533 433 138
1688637 38533 433 144
1688638 38533 433 6031
1688674 458148 433 53638
1688675 458148 433 503
1688676 458148 433 1125
1688677 458148 433 1821
1688678 458148 433 1923
1688679 458148 433 19046
1688688 111219 433 1141
1688689 111219 433 90
1688690 111219 433 638
1688691 111219 433 9920
1688692 111219 433 7273
1688693 38542 433 638
1688694 38542 433 1937
1688695 38542 433 1141
1688696 38542 433 20
1688697 38542 433 90
1688698 38542 433 6
1688699 458150 433 11
1688700 458150 433 816
1688701 458150 433 13855
1688702 458151 433 1007
1688703 458151 433 20
1688710 458153 433 1775
1688711 458153 433 1597
1688712 458153 433 1299
1688713 458153 433 635
1688714 458153 433 139
1688715 458153 433 3
1688716 458153 433 367
1688717 458153 433 44
1688718 96364 433 361
1688719 96364 433 125
1688720 96364 433 1704
1688721 96364 433 39
1688722 458154 433 2816
1688723 458154 433 104073
1688724 458154 433 77
1688725 458155 433 21
1688726 458155 433 1937
1688727 458155 433 1897
1688728 458155 433 8659
1688729 458155 433 311
1688730 458156 433 8659
1688731 458156 433 21140
1688732 458156 433 1119
1688733 458156 433 557
1688734 458156 433 3394
1688735 458156 433 992
1688736 458156 433 4065
1688737 458156 433 6515
1688746 425770 433 216
1688747 425770 433 797
1688748 425770 433 125
1688749 425770 433 138
1688750 425770 433 46
1688751 425770 433 6229
1688752 425770 433 1775
1688753 425770 433 108
1688754 425770 433 15
1688755 425770 433 1106
1688756 425770 433 1058
1688757 425770 433 982
1688780 56040 433 941
1688781 56040 433 5927
1688782 56040 433 138
1688783 56040 433 1937
1688784 56040 433 1183
1688785 56040 433 1897
1688786 56040 433 6
1688787 56040 433 1141
1688788 56040 433 90
1688789 56040 433 20
1688790 56040 433 46
1688791 56040 433 638
1688792 56040 433 1560
1688793 56040 433 1184
1688794 56040 433 816
1688795 56040 433 72
1688796 32376 433 2331
1688797 32376 433 527
1688798 32376 433 29893
1688799 32376 433 1056
1688800 32376 433 46
1688801 32376 433 867
1688802 32376 433 44
1688803 458159 433 125
1688804 458159 433 104075
1688805 42114 433 108
1688806 42114 433 46
1688807 42114 433 138
1688808 42114 433 90
1688809 42114 433 369
1688810 42114 433 638
1688811 42114 433 1106
1688812 42114 433 1058
1688813 42114 433 301
1688814 458160 433 46
1688815 458160 433 1937
1688816 458160 433 290
1688817 458160 433 9906
1688818 74849 433 2456
1688819 74849 433 1052
1688820 74849 433 3294
1688821 74849 433 507
1688822 74849 433 1565
1688823 74849 433 311
1688832 458161 433 46
1688833 458161 433 734
1688834 458161 433 5631
1688835 458161 433 104076
1688836 458161 433 285
1688837 458161 433 139
1688849 407759 433 108
1688850 407759 433 138
1688851 407759 433 1058
1688852 407759 433 1779
1688853 407759 433 638
1688854 407759 433 527
1688855 407759 433 26255
1688856 407759 433 46
1688857 407759 433 90
1688858 407759 433 7219
1688859 407759 433 44
1688860 407759 433 1738
1688861 458162 433 311
1688862 458162 433 13822
1688863 458162 433 20753
1688870 144835 433 100
1688871 144835 433 11
1688872 144835 433 11474
1688873 144835 433 1764
1688874 144835 433 503
1688875 144835 433 139
1688876 144835 433 3145
1688877 144835 433 1058
1688878 144835 433 3153
1688879 144835 433 373
1688880 458164 433 188
1688881 458164 433 5367
1688882 458164 433 1738
1688889 458166 433 20281
1688890 458166 433 6684
1688891 458167 433 1118
1688892 458167 433 5936
1688893 458167 433 10828
1688894 458167 433 5930
1688899 458169 433 125
1688900 458169 433 2247
1688901 458169 433 557
1688902 458169 433 2520
1688903 458170 433 2247
1688904 458170 433 4909
1688905 458170 433 1615
1688906 94705 433 953
1688907 94705 433 557
1688908 94705 433 292
1688909 94705 433 873
1688910 94705 433 2993
1688911 94705 433 1795
1688912 94705 433 1842
1688913 94705 433 2185
1688914 94705 433 29
1688915 94705 433 5741
1688916 94705 433 908
1688917 94705 433 727
1688918 79339 433 188
1688919 79339 433 1937
1688920 79339 433 46
1688921 79339 433 1738
1688922 79339 433 474
1688923 79339 433 3505
1688943 56088 433 138
1688944 56088 433 1169
1688945 56088 433 2902
1688946 266183 433 1007
1688947 266183 433 11
1688948 266183 433 5960
1688949 266183 433 168
1688950 266183 433 169
1688951 78841 433 2520
1688952 78841 433 7372
1688953 78841 433 557
1688954 78841 433 5922
1688955 78841 433 6030
1688956 78841 433 5947
1688957 78841 433 1896
1688958 78841 433 1162
1688959 93014 433 11
1688960 93014 433 23277
1688961 93014 433 311
1688962 93014 433 359
1688989 458174 433 139
1688990 458174 433 76
1688991 458174 433 4293
1689000 299102 433 1247
1689001 299102 433 2816
1689002 299102 433 77
1689003 299102 433 7412
1689004 299102 433 5541
1689005 299102 433 3164
1689006 299102 433 104078
1689007 458175 433 77
1689008 458175 433 1172
1689009 458175 433 474
1689010 458175 433 6344
1689011 458175 433 816
1689012 458175 433 342
1689013 458176 433 125
1689014 458176 433 138
1689015 458176 433 1183
1689016 458176 433 941
1689017 458176 433 2520
1689018 458176 433 2404
1689019 458176 433 15
1689020 458176 433 1704
1689021 458176 433 1184
1689022 458176 433 1052
1689023 458176 433 5670
1689024 458176 433 719
1689025 458176 433 1738
1689026 458176 433 46
1689027 458176 433 44
1689028 458176 433 2902
1689029 458176 433 926
1689030 458176 433 3567
1689031 458176 433 894
1689032 458176 433 2150
1689033 458176 433 2392
1689034 458176 433 953
1689035 458176 433 1247
1689036 458176 433 1886
1689037 458176 433 557
1689038 458177 433 104006
1689044 1922544 433 216
1689045 1922544 433 254
1689046 1922544 433 6229
1689062 458179 433 12
1689063 458179 433 125
1689064 458179 433 4791
1689065 458179 433 1247
1689066 458179 433 3593
1689067 458179 433 311
1689068 458179 433 2120
1689069 458179 433 292
1689070 458179 433 1565
1689071 458179 433 2161
1689072 458179 433 374
1689073 458179 433 54841
1689074 458179 433 3311
1689090 458182 433 216
1689091 458182 433 1325
1689092 458182 433 104081
1689093 458182 433 104082
1689094 65027 433 46
1689095 65027 433 20
1689096 65027 433 11
1689097 65027 433 154
1689098 65027 433 926
1689099 65027 433 10285
1689100 65027 433 138
1689101 65027 433 1738
1689102 65027 433 12
1689103 65027 433 1058
1689104 65027 433 39
1689105 65027 433 72
1689106 65027 433 81
1689107 65027 433 188
1689108 65027 433 90
1689109 458183 433 1897
1689110 458183 433 523
1689111 458183 433 6
1689112 458183 433 503
1689113 458183 433 17492
1689114 458183 433 104083
1689115 458184 433 150
1689116 458184 433 6
1689117 458184 433 1052
1689118 458184 433 507
1689132 53824 433 46
1689133 53824 433 138
1689134 53824 433 287
1689135 53824 433 825
1689136 53824 433 187
1689145 458187 433 5777
1689146 458187 433 104087
1689147 458187 433 719
1689148 458187 433 523
1689149 56183 433 6
1689150 56183 433 311
1689151 56183 433 125
1689152 56183 433 816
1689153 56183 433 4057
1689154 56183 433 1125
1689155 56183 433 941
1689156 56183 433 15
1689174 458190 433 894
1689175 458190 433 734
1689176 458190 433 104088
1689177 458191 433 139
1689178 458191 433 2016
1689179 458191 433 1007
1689180 458191 433 318
1689181 458191 433 104089
1689182 458191 433 46
1689183 458192 433 125
1689184 458192 433 869
1689196 95106 433 894
1689197 95106 433 139
1689198 95106 433 1528
1689199 95106 433 730
1689200 95106 433 77
1689201 95106 433 46
1689202 95106 433 4362
1689203 95106 433 629
1689204 95106 433 1058
1689205 95106 433 703
1689221 24689 433 29
1689222 24689 433 139
1689223 24689 433 77
1689224 24689 433 127
1689225 24689 433 2781
1689226 24689 433 2004
1689227 24689 433 342
1689228 24689 433 1169
1689242 104194 433 1704
1689243 104194 433 311
1689244 104194 433 2236
1689245 104194 433 1820
1689246 458201 433 4075
1689247 458201 433 3750
1689248 458201 433 8659
1689249 458201 433 1367
1689250 458201 433 21140
1689251 458201 433 1284
1689255 264087 433 557
1689256 264087 433 523
1689257 264087 433 1565
1689258 264087 433 33623
1689259 458202 433 92050
1689260 458202 433 68434
1689261 458203 433 79
1689262 458203 433 104092
1689263 458203 433 2152
1689264 458204 433 769
1689265 458204 433 311
1689266 458204 433 816
1689267 458204 433 20557
1689268 458204 433 1924
1689269 458204 433 54754
1689270 458204 433 2134
1689271 458204 433 2707
1689272 458204 433 39524
1689273 458204 433 503
1689281 458205 433 104093
1689282 24726 433 138
1689283 24726 433 1678
1689284 24726 433 795
1689285 24726 433 1247
1689286 24726 433 1937
1689287 24726 433 3153
1689288 24726 433 3
1689289 24726 433 10285
1689290 24726 433 1738
1689291 24726 433 110
1689292 24726 433 290
1689293 24726 433 285
1689294 24726 433 64
1689295 458206 433 216
1689296 458206 433 6229
1689297 458206 433 125
1689298 458207 433 108
1689299 458207 433 2742
1689300 458207 433 138
1689301 458207 433 49201
1689302 25564 433 108
1689303 25564 433 46
1689304 25564 433 138
1689305 25564 433 90
1689306 25564 433 1058
1689307 25564 433 1738
1689308 458209 433 108
1689309 458209 433 188
1689310 458209 433 72
1689311 458210 433 216
1689312 458210 433 108
1689313 458210 433 2940
1689314 458210 433 46
1689315 458210 433 44
1689316 458210 433 17439
1689317 458210 433 386
1689318 458210 433 527
1689348 458214 433 503
1689349 458214 433 104094
1689350 458214 433 104095
1689351 458214 433 1923
1689352 458215 433 2761
1689353 458215 433 47032
1689354 458215 433 503
1689355 458215 433 9803
1689356 458215 433 4216
1689366 26309 433 144
1689367 26309 433 129
1689368 26309 433 982
1689369 26309 433 138
1689370 26309 433 46
1689371 26309 433 44
1689372 169078 433 2520
1689373 169078 433 941
1689374 169078 433 1184
1689375 169078 433 638
1689376 169078 433 90
1689377 169078 433 1183
1689378 169078 433 2150
1689379 169078 433 2392
1689380 169078 433 311
1689381 364145 433 2724
1689382 364145 433 23776
1689383 364145 433 719
1689384 364145 433 1052
1689385 364145 433 376
1689386 108220 433 1560
1689387 108220 433 638
1689388 108220 433 3151
1689389 108220 433 3141
1689390 108220 433 25043
1689391 108220 433 503
1689392 108220 433 1703
1689393 10434 433 503
1689394 10434 433 21396
1689395 10434 433 469
1689396 10434 433 81615
1689397 10434 433 104096
1689398 1922546 433 58719
1689399 1922546 433 2416
1689400 1922546 433 1751
1689401 1922546 433 4057
1689402 10961 433 1116
1689403 10961 433 1106
1689404 10961 433 2373
1689405 10961 433 4129
1689406 10961 433 6181
1689407 10961 433 11
1689408 10961 433 1058
1689409 10961 433 139
1689410 458218 433 4053
1689411 458218 433 21
1689412 458218 433 3835
1689413 458218 433 451
1689414 458218 433 59964
1689415 458218 433 781
1689416 62249 433 730
1689417 62249 433 139
1689418 62249 433 3
1689419 62249 433 894
1689420 62249 433 79
1689421 62249 433 156
1689422 62249 433 818
1689428 458219 433 188
1689429 458219 433 46
1689430 458219 433 10285
1689431 458219 433 5146
1689432 458221 433 29
1689433 458221 433 425
1689434 458221 433 1704
1689435 458221 433 12093
1689436 458221 433 311
1689445 458224 433 23795
1689446 458224 433 1052
1689447 458224 433 311
1689448 458225 433 941
1689449 458225 433 477
1689450 458225 433 16615
1689451 458226 433 104097
1689452 458226 433 29
1689460 458227 433 6245
1689461 458227 433 1007
1689462 458227 433 11
1689463 458227 433 13001
1689464 458227 433 1775
1689465 458227 433 125
1689466 458228 433 1704
1689467 458228 433 311
1689468 458228 433 557
1689469 458228 433 4909
1689470 458228 433 127
1689471 458228 433 29
1689472 458228 433 104098
1689482 458230 433 188
1689483 458230 433 46
1689484 458230 433 6245
1689485 458230 433 5146
1689497 458231 433 93776
1689498 458231 433 104099
1689499 458231 433 813
1689500 458231 433 1169
1689501 458232 433 2964
1689502 458232 433 557
1689503 458233 433 21396
1689504 458233 433 104100
1689505 458233 433 503
1689506 458234 433 638
1689507 458234 433 44
1689508 458234 433 46
1689509 458234 433 188
1689510 458234 433 104101
1689520 273375 433 359
1689521 273375 433 894
1689522 273375 433 80983
1689523 273375 433 18513
1689524 273375 433 2251
1689525 458237 433 104102
1689526 458237 433 104103
1689527 458237 433 1234
1689528 458237 433 104104
1689529 458237 433 104105
1689530 458237 433 16814
1689531 458237 433 20576
1689532 458237 433 3562
1689533 93164 433 557
1689534 93164 433 507
1689535 93164 433 44
1689538 338525 433 104106
1689539 338525 433 4613
1689540 338525 433 29714
1689541 458240 433 4075
1689542 458240 433 125
1689543 458240 433 5777
1689544 458240 433 11250
1689545 458241 433 6245
1689546 458241 433 6229
1689547 458241 433 75
1689551 458243 433 125
1689552 458243 433 1704
1689553 458243 433 5777
1689554 458243 433 23776
1689555 458243 433 2236
1689556 458243 433 941
1689585 53988 433 46
1689586 53988 433 1141
1689587 53988 433 90
1689588 53988 433 1937
1689589 53988 433 104055
1689590 42368 433 108
1689591 42368 433 75
1689592 42368 433 46
1689593 42368 433 138
1689594 42368 433 1781
1689595 42368 433 44
1689596 42368 433 4442
1689597 458247 433 2404
1689598 458247 433 982
1689599 458247 433 926
1689600 458247 433 138
1689601 458247 433 5670
1689602 458247 433 2902
1689612 458249 433 941
1689613 458249 433 125
1689614 458249 433 1808
1689615 458249 433 311
1689616 458249 433 1793
1689617 59725 433 108
1689618 59725 433 138
1689619 59725 433 1058
1689620 59725 433 527
1689621 59725 433 1064
1689622 59725 433 46
1689623 59725 433 1106
1689624 59725 433 75
1689625 59725 433 2902
1689626 59725 433 700
1689627 80280 433 941
1689628 80280 433 138
1689629 80280 433 6
1689630 80280 433 816
1689631 80280 433 6809
1689632 80280 433 72
1689633 80280 433 90
1689634 80280 433 645
1689635 80280 433 638
1689645 458252 433 4028
1689646 458252 433 941
1689647 458252 433 6425
1689648 458252 433 6808
1689649 458252 433 1937
1689650 458252 433 1141
1689651 458252 433 90
1689652 458252 433 6117
1689653 458252 433 104110
1689654 458253 433 1007
1689655 458253 433 90
1689656 458253 433 156
1689657 458253 433 30
1689668 332523 433 941
1689669 332523 433 6047
1689670 332523 433 928
1689671 332523 433 1162
1689672 332523 433 6550
1689673 332523 433 557
1689683 458254 433 3015
1689684 458254 433 1244
1689685 458254 433 2185
1689686 458254 433 503
1689687 458254 433 8446
1689688 458254 433 20609
1689689 38808 433 1738
1689690 38808 433 46
1689691 38808 433 44
1689692 38808 433 3333
1689693 38808 433 10251
1689694 38808 433 5631
1689713 426269 433 10285
1689714 426269 433 1738
1689715 426269 433 46
1689716 426269 433 44
1689717 426269 433 4591
1689718 426269 433 7838
1689719 458257 433 23776
1689720 458257 433 104112
1689721 458257 433 104113
1689722 458258 433 1999
1689723 458258 433 700
1689724 458258 433 941
1689725 458258 433 276
1689726 458258 433 11291
1689727 46771 433 46
1689728 46771 433 11
1689729 46771 433 44
1689730 46771 433 1738
1689731 46771 433 108
1689732 46771 433 188
1689733 46771 433 5146
1689734 170712 433 507
1689735 170712 433 39
1689736 170712 433 139
1689737 170712 433 4418
1689738 44693 433 4028
1689739 44693 433 1247
1689740 44693 433 2816
1689741 44693 433 359
1689742 44693 433 77
1689743 44693 433 1126
1689744 44693 433 139
1689745 25013 433 46
1689746 25013 433 108
1689747 25013 433 369
1689748 27069 433 6588
1689749 27069 433 20
1689750 27069 433 507
1689751 27069 433 90
1689752 27069 433 638
1689753 27069 433 2150
1689754 27069 433 92956
1689755 27069 433 13855
1689756 27069 433 6808
1689757 27069 433 1247
1689758 458259 433 8722
1689759 458259 433 441
1689760 458259 433 917
1689761 59753 433 668
1689762 59753 433 1106
1689763 59753 433 138
1689764 59753 433 188
1689765 59753 433 7219
1689766 59753 433 4308
1689767 59753 433 11
1689768 59753 433 2016
1689769 59753 433 39
1689770 59753 433 507
1689771 59753 433 44
1689772 59753 433 6547
1689773 59753 433 221
1689774 59753 433 917
1689775 59753 433 13009
1689815 458262 433 221
1689816 458262 433 359
1689817 458262 433 68767
1689825 121800 433 2857
1689826 121800 433 311
1689827 121800 433 80
1689843 282427 433 276
1689844 282427 433 3835
1689845 282427 433 187
1689846 282427 433 8907
1689847 282427 433 3408
1689848 282427 433 1123
1689849 282427 433 307
1689850 127954 433 3
1689851 127954 433 668
1689852 127954 433 557
1689853 127954 433 1896
1689854 127954 433 44
1689855 127954 433 1162
1689861 458266 433 188
1689862 458266 433 1041
1689877 458267 433 46
1689878 57628 433 46
1689879 57628 433 23009
1689880 57628 433 961
1689881 57628 433 1937
1689882 57628 433 982
1689883 57628 433 4895
1689884 57628 433 44
1689892 73122 433 15799
1689893 73122 433 18305
1689894 73122 433 16615
1689899 458268 433 1267
1689900 458268 433 2520
1689901 458268 433 749
1689902 458268 433 104114
1689903 458268 433 2207
1689904 458269 433 5734
1689905 458269 433 2404
1689906 458269 433 44
1689907 458269 433 108
1689908 458269 433 11
1689909 196435 433 21
1689910 196435 433 72
1689911 196435 433 81
1689912 196435 433 40
1689913 196435 433 2247
1689914 458270 433 104115
1689928 458274 433 81651
1689929 458274 433 6
1689930 458274 433 4028
1689931 458274 433 8407
1689932 458274 433 28
1689943 79460 433 311
1689944 79460 433 127
1689945 79460 433 29
1689946 79460 433 77
1689947 79460 433 469
1689948 79460 433 72
1689949 79460 433 1247
1689950 79460 433 2215
1689951 79460 433 331
1689963 458277 433 4028
1689964 458277 433 719
1689965 458277 433 27768
1689966 62467 433 668
1689967 62467 433 4362
1689968 62467 433 1643
1689969 62467 433 3
1689970 62467 433 79
1689971 62467 433 285
1689972 54322 433 108
1689973 54322 433 5367
1689974 54322 433 10285
1689975 458278 433 188
1689976 458278 433 6079
1689977 458278 433 668
1689978 458278 433 20
1689979 458278 433 46
1689980 458279 433 108
1689981 458279 433 188
1689982 458279 433 8246
1689983 458279 433 2742
1689984 458279 433 46
1689985 458279 433 5946
1689986 458279 433 138
1689987 458279 433 668
1689988 458279 433 1106
1689989 458279 433 527
1689990 64121 433 125
1689991 64121 433 15
1689992 64121 433 108
1689993 64121 433 138
1689994 64121 433 1058
1689995 64121 433 221
1689996 64121 433 638
1689997 64121 433 8246
1689998 64121 433 188
1689999 64121 433 46
1690000 64121 433 527
1690001 64121 433 90
1690002 96932 433 1704
1690003 96932 433 79
1690004 96932 433 3
1690005 96932 433 1450
1690006 96932 433 80
1690007 96932 433 2371
1690008 458280 433 216
1690009 458280 433 3147
1690010 458280 433 1937
1690011 458280 433 75580
1690012 458281 433 6245
1690013 458281 433 305
1690014 458281 433 2371
1690015 458281 433 5960
1690016 458281 433 41967
1690017 458281 433 1338
1690018 458281 433 1325
1690019 458282 433 6245
1690020 458282 433 13001
1690021 458282 433 41967
1690022 458283 433 6245
1690023 458283 433 3122
1690024 458283 433 318
1690025 458283 433 104117
1690026 458283 433 305
1690032 458285 433 104118
1690033 458285 433 216
1690034 458285 433 10285
1690035 458285 433 797
1690042 57649 433 216
1690043 57649 433 46
1690044 57649 433 1738
1690045 57649 433 20
1690046 458287 433 216
1690047 458287 433 3122
1690048 458287 433 305
1690049 458287 433 1775
1690050 458287 433 2623
1690051 458287 433 79
1690052 458287 433 540
1690053 458287 433 1323
1690054 458288 433 6245
1690055 458288 433 1325
1690056 458288 433 6229
1690057 458288 433 1058
1690058 51221 433 125
1690059 51221 433 1775
1690060 51221 433 15
1690061 51221 433 138
1690062 51221 433 1528
1690063 51221 433 216
1690064 51221 433 290
1690065 51221 433 797
1690066 51221 433 46
1690067 51221 433 285
1690068 51221 433 6229
1690069 51221 433 108
1690070 35843 433 216
1690071 35843 433 90
1690072 35843 433 1779
1690073 35843 433 46
1690074 35843 433 1325
1690075 35843 433 6229
1690076 35843 433 108
1690077 458289 433 4418
1690078 458289 433 285
1690079 458289 433 139
1690080 458289 433 1534
1690088 458293 433 1231
1690089 458293 433 26858
1690109 311913 433 557
1690110 311913 433 523
1690111 311913 433 2629
1690123 458296 433 629
1690124 458296 433 4362
1690125 458296 433 1703
1690126 458296 433 894
1690127 458296 433 730
1690128 458296 433 139
1690129 458296 433 285
1690130 458296 433 2605
1690131 458296 433 709
1690132 458297 433 638
1690133 458297 433 90
1690134 458297 433 4797
1690135 458297 433 44891
1690163 456495 433 668
1690164 456495 433 125
1690165 456495 433 1106
1690166 456495 433 108
1690167 456495 433 138
1690168 456495 433 46
1690169 456495 433 20
1690170 456495 433 527
1690171 456495 433 1738
1690192 458305 433 7777
1690193 458305 433 4075
1690194 458305 433 638
1690195 458305 433 6618
1690196 458306 433 583
1690197 458306 433 4075
