1690209 458309 434 254
1690210 458309 434 1007
1690211 458309 434 4252
1690212 458309 434 104121
1690213 54331 434 638
1690214 54331 434 941
1690215 54331 434 2061
1690216 54331 434 816
1690217 54331 434 90
1690218 54331 434 1807
1690219 54331 434 3151
1690229 458310 434 1560
1690230 458310 434 1367
1690231 458310 434 2445
1690232 458310 434 15518
1690233 458310 434 1303
1690234 458310 434 638
1690235 458310 434 1807
1690236 458310 434 2061
1690237 458310 434 816
1690238 431217 434 2297
1690239 431217 434 1113
1690240 431217 434 104122
1690241 431217 434 982
1690242 431217 434 1937
1690243 431217 434 1897
1690244 431217 434 961
1690245 431217 434 46
1690246 429945 434 48
1690247 429945 434 3130
1690248 429945 434 2216
1690249 429945 434 57187
1690250 429945 434 5191
1690251 429945 434 23863
1690252 429945 434 25439
1690253 429945 434 451
1690261 458311 434 1896
1690262 458311 434 941
1690263 458311 434 1937
1690264 458311 434 21
1690265 458311 434 5922
1690266 458311 434 1183
1690267 458311 434 2675
1690268 458311 434 1184
1690315 405868 434 125
1690316 405868 434 1058
1690317 405868 434 11
1690318 405868 434 1133
1690319 405868 434 15
1690320 405868 434 1138
1690321 405868 434 10
1690322 458314 434 2445
1690323 458314 434 15518
1690324 458315 434 29
1690325 458315 434 638
1690326 458315 434 47083
1690327 84800 434 1299
1690328 84800 434 635
1690329 84800 434 6818
1690330 84800 434 1560
1690331 84800 434 285
1690332 84800 434 5756
1690333 84800 434 639
1690334 326994 434 24
1690335 326994 434 638
1690336 326994 434 996
1690337 326994 434 16710
1690338 326994 434 1704
1690339 326994 434 451
1690340 326994 434 1728
1690345 458317 434 941
1690346 458317 434 2520
1690361 264617 434 1136
1690362 264617 434 5229
1690363 264617 434 730
1690364 264617 434 960
1690365 264617 434 1007
1690366 264617 434 638
1690367 264617 434 894
1690368 18595 434 44
1690369 18595 434 3743
1690370 18595 434 1313
1690371 18595 434 318
1690372 18595 434 1653
1690373 18595 434 307
1690374 18595 434 276
1690384 458320 434 1722
1690385 458320 434 1723
1690398 458322 434 6291
1690399 458322 434 359
1690400 458322 434 3779
1690401 458322 434 1261
1690402 458322 434 982
1690403 458322 434 72
1690404 65646 434 46
1690405 65646 434 3
1690406 65646 434 668
1690414 458324 434 307
1690415 458324 434 3743
1690416 458324 434 228
1690424 276917 434 668
1690425 276917 434 1133
1690426 276917 434 1138
1690427 276917 434 188
1690428 276917 434 11
1690429 276917 434 1738
1690430 276917 434 4287
1690431 22562 434 668
1690432 22562 434 961
1690433 22562 434 290
1690434 22562 434 46
1690435 22562 434 285
1690436 22562 434 1143
1690437 22562 434 8019
1690438 132243 434 108
1690439 132243 434 138
1690440 132243 434 44
1690441 132243 434 6174
1690442 132243 434 1738
1690443 132243 434 6864
1690444 132243 434 46
1690445 458326 434 4356
1690446 458326 434 2675
1690447 458326 434 4460
1690455 458328 434 2100
1690456 458328 434 1808
1690457 458328 434 79904
1690458 458328 434 1703
1690459 458328 434 3451
1690460 458328 434 367
1690461 458328 434 5947
1690462 170303 434 894
1690463 170303 434 139
1690464 170303 434 730
1690465 170303 434 507
1690466 170303 434 5196
1690467 170303 434 2513
1690468 170303 434 285
1690476 458330 434 451
1690477 458330 434 19167
1690488 458332 434 1191
1690489 458332 434 1933
1690490 458332 434 2445
1690491 458332 434 2579
1690492 458332 434 302
1690493 458332 434 27548
1690494 458332 434 4154
1690495 108832 434 221
1690496 108832 434 2150
1690497 108832 434 1896
1690498 108832 434 557
1690499 108832 434 1703
1690500 108832 434 507
1690501 108832 434 1128
1690502 458333 434 1136
1690503 458333 434 1007
1690504 458333 434 960
1690505 458333 434 734
1690506 458333 434 285
1690507 458333 434 44
1690508 458333 434 1127
1690509 458334 434 1191
1690510 458334 434 1722
1690511 458334 434 1723
1690512 458334 434 13907
1690513 458334 434 125
1690514 458334 434 15
1690515 458334 434 138
1690530 458336 434 894
1690531 458336 434 72
1690532 458336 434 734
1690533 458336 434 10781
1690534 458336 434 5452
1690535 458336 434 992
1690536 458336 434 638
1690547 458339 434 451
1690548 458339 434 1564
1690549 458339 434 2971
1690550 458340 434 638
1690551 458340 434 1807
1690552 458340 434 1560
1690553 458340 434 21324
1690558 458341 434 362
1690559 458341 434 138
1690560 458341 434 825
1690561 458341 434 287
1690562 458341 434 3
1690563 172177 434 5076
1690564 172177 434 21993
1690565 172177 434 458
1690566 172177 434 285
1690567 172177 434 188
1690568 172177 434 164
1690569 172177 434 319
1690581 458344 434 9637
1690582 458344 434 120
1690583 458344 434 5917
1690584 458344 434 1138
1690585 458344 434 1133
1690586 458344 434 97787
1690587 458344 434 44
1690597 36420 434 359
1690598 36420 434 77
1690599 36420 434 982
1690600 36420 434 2587
1690601 36420 434 2816
1690602 36420 434 139
1690603 283069 434 359
1690604 283069 434 1284
1690605 283069 434 4356
1690606 283069 434 1560
1690607 243569 434 72470
1690608 243569 434 61760
1690609 458346 434 97097
1690610 458346 434 19896
1690611 458346 434 5142
1690640 132426 434 254
1690641 132426 434 285
1690642 132426 434 10291
1690643 132426 434 44
1690644 132426 434 139
1690645 132426 434 4252
1690646 132426 434 138
1690647 355657 434 1138
1690648 355657 434 1133
1690649 355657 434 39047
1690650 355657 434 7445
1690651 355657 434 369
1690652 355657 434 527
1690653 355657 434 10
1690661 393529 434 1138
1690662 393529 434 305
1690663 393529 434 5827
1690664 393529 434 1133
1690665 393529 434 1738
1690666 393529 434 11
1690674 15402 434 129
1690675 15402 434 75
1690676 15402 434 46
1690677 15402 434 138
1690678 15402 434 4446
1690679 15402 434 285
1690680 15402 434 44
1690700 1922548 434 474
1690701 1922548 434 1138
1690702 1922548 434 1133
1690703 1922548 434 4271
1690704 458352 434 477
1690705 458352 434 74080
1690706 458352 434 941
1690707 458352 434 982
1690708 458352 434 474
1690709 458352 434 637
1690710 458352 434 294
1690711 362559 434 1726
1690712 362559 434 2236
1690713 362559 434 2647
1690714 362559 434 23914
1690715 362559 434 51735
1690716 362559 434 23776
1690717 362559 434 8907
1690727 106606 434 1771
1690728 106606 434 912
1690729 106606 434 3182
1690730 106606 434 1019
1690731 106606 434 2627
1690732 106606 434 318
1690733 106606 434 1690
1690741 81275 434 2797
1690742 81275 434 362
1690743 81275 434 1703
1690744 81275 434 138
1690745 81275 434 1128
1690746 81275 434 10491
1690747 81275 434 8572
1690748 81275 434 1643
1690749 81275 434 8293
1690777 59825 434 188
1690778 59825 434 5576
1690779 59825 434 668
1690780 59825 434 46
1690781 59825 434 1897
1690782 59825 434 138
1690783 59825 434 154
1690792 458361 434 1191
1690793 458361 434 104137
1690794 458361 434 104125
1690809 458363 434 1560
1690810 458363 434 48736
1690811 458363 434 846
1690812 458363 434 3151
1690813 458363 434 4729
1690814 458363 434 21549
1690819 458365 434 1560
1690820 458365 434 27241
1690838 458369 434 451
1690839 458370 434 1183
1690840 458370 434 941
1690841 458370 434 1704
1690842 458370 434 557
1690843 458370 434 125
1690844 458370 434 6042
1690845 458370 434 6515
1690874 458375 434 259
1690875 458375 434 138
1690876 458375 434 44
1690877 458375 434 46
1690878 458375 434 108
1690879 458375 434 72
1690880 458375 434 527
1690897 458377 434 1565
1690898 458377 434 2056
1690899 458377 434 1947
1690900 458377 434 4484
1690901 458377 434 72
1690902 458377 434 13396
1690903 458377 434 1932
1690904 458378 434 1722
1690905 458378 434 29535
1690906 458378 434 1191
1690923 74987 434 1034
1690924 74987 434 19534
1690925 74987 434 4156
1690926 74987 434 20207
1690927 74987 434 24474
1690928 74987 434 104138
1690929 74987 434 1502
1690937 1922550 434 29651
1690938 1922550 434 61593
1690939 1922550 434 54442
1690940 1922550 434 1723
1690941 1922550 434 4174
1690942 1922550 434 1191
1690943 1922550 434 1724
1690944 115214 434 1560
1690945 115214 434 1807
1690946 115214 434 1303
1690947 115214 434 1281
1690948 115214 434 5481
1690949 115214 434 1913
1690950 115214 434 2061
1690951 458382 434 108
1690952 458382 434 188
1690953 458382 434 1138
1690954 458382 434 20
1690955 376711 434 1133
1690956 376711 434 780
1690957 376711 434 1138
1690958 376711 434 11
1690959 376711 434 90
1690960 376711 434 638
1690961 376711 434 2940
1690976 458384 434 108
1690977 458384 434 138
1690978 458384 434 44
1690991 27646 434 108
1690992 27646 434 138
1690993 27646 434 46
1690994 27646 434 90
1690995 27646 434 20
1690996 27646 434 44
1690997 27646 434 527
1691005 23357 434 26868
1691006 23357 434 9873
1691007 23357 434 9674
1691008 23357 434 4028
1691009 23357 434 104143
1691010 23357 434 4699
1691011 458386 434 1191
1691012 458386 434 1722
1691013 458386 434 9709
1691014 458386 434 1716
1691015 458386 434 4154
1691016 458386 434 15215
1691036 100232 434 1299
1691037 100232 434 1560
1691038 100232 434 2288
1691039 100232 434 635
1691040 100232 434 637
1691041 100232 434 12297
1691042 100232 434 72
1691046 458389 434 1565
1691047 458389 434 43473
1691048 458389 434 2176
1691049 458390 434 16704
1691050 458390 434 19512
1691051 458390 434 294
1691058 67896 434 286
1691059 67896 434 138
1691060 67896 434 125
1691061 67896 434 292
1691062 67896 434 2486
1691063 67896 434 941
1691064 67896 434 39
1691079 77645 434 4156
1691080 77645 434 1034
1691081 77645 434 817
1691082 77645 434 1229
1691083 77645 434 41634
1691084 77645 434 39
1691085 77645 434 5947
1691109 15654 434 16
1691110 15654 434 668
1691111 15654 434 457
1691112 15654 434 188
1691113 15654 434 285
1691114 15654 434 44
1691115 15654 434 168
1691120 458397 434 125
1691121 458397 434 789
1691122 458397 434 1000
1691123 458397 434 104145
1691124 169188 434 311
1691125 169188 434 557
1691126 169188 434 1704
1691127 169188 434 4057
1691128 169188 434 10837
1691129 169188 434 8407
1691130 169188 434 65173
1691153 148040 434 1867
1691154 148040 434 996
1691155 148040 434 1062
1691156 148040 434 1864
1691157 148040 434 369
1691158 148040 434 1191
1691159 148040 434 125
1691177 458403 434 1367
1691178 458403 434 1896
1691179 458403 434 104148
1691180 458403 434 816
1691181 458403 434 557
1691182 458403 434 44
1691183 458403 434 2247
1691190 458406 434 1560
1691191 458406 434 1191
1691192 458406 434 2445
1691193 458406 434 125
1691194 458406 434 15518
1691213 458409 434 104149
1691214 458409 434 2816
1691215 458409 434 4192
1691231 143690 434 982
1691232 143690 434 46
1691233 143690 434 2404
1691234 143690 434 926
1691239 458413 434 1133
1691240 458413 434 44
1691241 458413 434 1138
1691242 458413 434 77
1691243 458413 434 290
1691244 458413 434 1359
1691245 458413 434 2016
1691246 458413 434 8441
1691247 458413 434 4177
1691248 458413 434 41057
1691249 458413 434 8563
1691250 458414 434 2971
1691251 458414 434 1561
1691252 458414 434 1564
1691253 458414 434 3257
1691254 458414 434 3281
1691255 458414 434 43282
1691256 458414 434 1565
1691257 458414 434 451
1691258 458414 434 503
1691276 458419 434 668
1691277 458419 434 189
1691278 458419 434 7219
1691279 458420 434 1933
1691280 458420 434 15215
1691299 23483 434 618
1691300 23483 434 139
1691301 23483 434 4371
1691302 23483 434 4148
1691303 23483 434 1172
1691304 23483 434 1058
1691305 23483 434 11
1691306 458421 434 294
1691307 458421 434 24670
1691308 458421 434 1564
1691309 458421 434 9709
1691310 458421 434 5153
1691311 458421 434 1242
1691312 458421 434 2445
1691313 458421 434 15518
1691314 458421 434 638
1691315 458421 434 2276
1691316 458421 434 1716
1691317 458421 434 1933
1691318 458421 434 1491
1691319 458422 434 125
1691320 458422 434 996
1691321 458422 434 57536
1691322 458422 434 503
1691323 458422 434 33424
1691324 458422 434 15
1691325 66978 434 3
1691326 66978 434 668
1691327 66978 434 44
1691328 66978 434 139
1691329 66978 434 285
1691330 66978 434 72
1691331 66978 434 1714
1691346 132941 434 108
1691347 132941 434 138
1691348 132941 434 44
1691349 132941 434 46
1691350 132941 434 1738
1691351 132941 434 527
1691352 132941 434 72
1691353 132941 434 638
1691354 458424 434 1722
1691355 458424 434 1723
1691356 458424 434 104154
1691357 458424 434 1191
1691363 458425 434 1191
1691364 458425 434 15
1691365 458425 434 254
1691366 458425 434 24670
1691371 458428 434 46364
1691372 458428 434 1957
1691373 458428 434 4529
1691381 21984 434 961
1691382 21984 434 138
1691383 21984 434 982
1691384 21984 434 1937
1691385 21984 434 46
1691386 21984 434 44
1691387 21984 434 1897
1691388 458429 434 104156
1691393 458431 434 5153
1691423 297476 434 2100
1691424 297476 434 1034
1691425 297476 434 4156
1691426 297476 434 318
1691427 297476 434 15422
1691428 297476 434 44
1691429 297476 434 1703
1691437 458436 434 1722
1691438 458436 434 1560
1691439 458436 434 1128
1691440 458436 434 638
1691441 458436 434 1723
1691442 458436 434 14058
1691443 458437 434 2568
1691444 458437 434 3731
1691445 458437 434 104157
1691446 458438 434 21851
1691447 458438 434 992
1691448 458438 434 104125
1691452 23596 434 221
1691453 23596 434 127
1691454 23596 434 2781
1691455 23596 434 29
1691456 23596 434 331
1691457 23596 434 44
1691458 23596 434 46
1691459 115588 434 894
1691460 115588 434 730
1691461 115588 434 139
1691462 115588 434 992
1691463 115588 434 6737
1691464 115588 434 8125
1691465 115588 434 369
1691480 13803 434 894
1691481 13803 434 730
1691482 13803 434 978
1691483 13803 434 139
1691484 13803 434 992
1691485 13803 434 44
1691486 13803 434 10132
1691487 458441 434 413
1691488 458441 434 27577
1691489 458441 434 92
1691490 458441 434 3129
1691491 458441 434 55
1691499 127155 434 139
1691500 127155 434 982
1691501 127155 434 730
1691502 127155 434 894
1691503 127155 434 5670
1691504 127155 434 709
1691513 458444 434 1242
1691514 458444 434 29237
1691515 458445 434 1191
1691516 458445 434 1723
1691517 458445 434 3
1691518 458445 434 1722
1691519 458445 434 79
1691520 458445 434 4174
1691521 458445 434 818
1691522 458446 434 16797
1691523 458446 434 2709
1691524 458446 434 52623
1691525 458446 434 311
1691526 458446 434 2461
1691527 458446 434 37472
1691528 458446 434 2949
1691534 458448 434 65199
1691535 458448 434 19675
1691536 458448 434 4633
1691537 458449 434 47337
1691538 458449 434 27664
1691539 458449 434 27665
1691540 458449 434 380
1691541 458449 434 799
1691542 458449 434 1751
1691543 458449 434 40982
1691556 55296 434 982
1691557 55296 434 908
1691558 55296 434 35
1691559 55296 434 780
1691560 55296 434 285
1691561 55296 434 182
1691562 55296 434 1115
1691563 458450 434 29
1691564 458450 434 29766
1691565 458450 434 982
1691573 458451 434 982
1691574 458451 434 17472
1691575 458452 434 638
1691576 458452 434 79851
1691577 458452 434 15712
1691578 458453 434 1172
1691579 458453 434 285
1691585 458456 434 3085
1691586 458456 434 1171
1691587 458456 434 7834
1691588 458456 434 1157
1691589 458456 434 15788
1691590 458456 434 2276
1691591 458456 434 451
1691592 458457 434 2276
1691593 458458 434 2579
1691594 458458 434 9709
1691595 458458 434 24670
1691596 458459 434 104161
1691597 458459 434 4872
1691598 458459 434 104162
1691599 458459 434 18990
1691600 458459 434 20166
1691601 458459 434 16411
1691602 458460 434 1560
1691603 458460 434 285
1691631 458464 434 125
1691632 458464 434 2445
1691633 458464 434 5153
1691634 458464 434 1716
1691645 458467 434 5153
1691646 458467 434 1934
1691647 458467 434 1169
1691648 458467 434 9709
1691656 46977 434 1138
1691657 46977 434 4832
1691658 46977 434 1133
1691659 46977 434 6207
1691660 46977 434 305
1691661 46977 434 10
1691662 46977 434 104165
1691663 458469 434 5153
1691664 458469 434 9709
1691665 458469 434 125
1691666 458469 434 4406
1691667 458470 434 18892
1691668 323514 434 1257
1691669 323514 434 1808
1691670 323514 434 125
1691671 323514 434 637
1691672 323514 434 16767
1691673 323514 434 15
1691674 323514 434 638
1691675 123281 434 15701
1691676 123281 434 1560
1691677 123281 434 1191
1691678 123281 434 1744
1691679 123281 434 52952
1691680 123281 434 638
1691681 123281 434 1715
1691689 458474 434 10491
1691690 458474 434 1034
1691691 458474 434 104125
1691699 458475 434 359
1691700 458475 434 5080
1691704 69947 434 1191
1691705 69947 434 125
1691706 69947 434 1722
1691707 69947 434 1723
1691708 69947 434 78181
1691709 69947 434 29615
1691710 69947 434 29237
1691714 458477 434 4057
1691715 458477 434 8148
1691716 458477 434 2520
1691717 458477 434 20642
1691718 458477 434 59859
1691719 458477 434 4096
1691720 458477 434 1897
1691721 45201 434 668
1691722 45201 434 276
1691723 45201 434 188
1691724 45201 434 4145
1691725 45201 434 168
1691726 45201 434 11
1691727 45201 434 7630
1691728 17891 434 276
1691729 17891 434 307
1691730 17891 434 1653
1691731 17891 434 125
1691732 17891 434 1779
1691733 17891 434 15
1691734 17891 434 4132
1691738 46996 434 1133
1691739 46996 434 1134
1691740 46996 434 276
1691741 46996 434 1138
1691742 46996 434 935
1691743 46996 434 30
1691744 46996 434 1135
1691745 161362 434 2056
1691746 161362 434 15423
1691747 161362 434 4010
1691748 161362 434 1034
1691749 161362 434 20166
1691750 161362 434 817
1691751 161362 434 4156
1691758 263285 434 70
1691759 263285 434 1383
1691760 263285 434 188
1691761 263285 434 53
1691762 263285 434 262
1691763 263285 434 100
1691764 263285 434 304
1691769 458481 434 1560
1691770 458481 434 17965
1691771 458481 434 72146
1691772 458481 434 23998
1691773 458481 434 638
1691774 458481 434 2061
1691775 458481 434 1807
1691776 458482 434 1723
1691777 458482 434 4174
1691778 458482 434 20847
1691779 458482 434 22168
1691801 458485 434 3760
1691802 458485 434 311
1691803 458485 434 1723
1691804 458485 434 21556
1691805 458485 434 104170
1691820 14316 434 188
1691821 14316 434 668
1691822 14316 434 4287
1691823 14316 434 168
1691824 14316 434 44
1691825 14316 434 11
1691826 14316 434 1738
1691827 14316 434 638
1691828 14316 434 90
1691829 458486 434 29
1691830 458486 434 4356
1691831 458486 434 2592
1691836 36601 434 1819
1691837 36601 434 369
1691838 36601 434 637
1691839 36601 434 2990
1691840 36601 434 276
1691841 36601 434 635
1691842 36601 434 638
1691843 458488 434 4230
1691844 458488 434 29
1691845 458488 434 2908
1691846 458488 434 264
1691847 458488 434 638
1691848 458488 434 127
1691849 458488 434 1882
1691850 48318 434 894
1691851 48318 434 734
1691852 48318 434 730
1691853 48318 434 11923
1691854 48318 434 139
1691855 48318 434 2442
1691856 48318 434 451
1691866 458490 434 5153
1691867 458490 434 1560
1691868 458490 434 2276
1691869 458490 434 285
1691870 458490 434 638
1691871 458490 434 1807
1691872 458490 434 72
1691896 458493 434 2441
1691897 458493 434 10243
1691898 458493 434 254
1691899 458493 434 44
1691900 458493 434 4343
1691901 458493 434 285
1691902 458493 434 139
1691903 248502 434 18398
1691904 248502 434 5670
1691905 248502 434 2404
1691906 248502 434 51686
1691907 248502 434 20842
1691918 458495 434 1564
1691919 458495 434 2276
1691920 458495 434 14075
1691921 458495 434 1932
1691922 458495 434 638
1691923 161416 434 307
1691924 161416 434 311
1691925 161416 434 1554
1691926 161416 434 3083
1691927 161416 434 982
1691928 161416 434 4132
1691929 161416 434 1937
1691930 458496 434 2816
1691931 458496 434 359
1691932 458496 434 2247
1691933 458496 434 104173
1691934 458496 434 104174
1691935 242203 434 46209
1691936 242203 434 104175
1691937 242203 434 5486
1691938 321208 434 11
1691939 321208 434 635
1691940 321208 434 1058
1691941 321208 434 139
1691942 321208 434 138
1691943 321208 434 5045
1691944 321208 434 12
1691952 248548 434 127
1691953 248548 434 29
1691966 279419 434 359
1691967 279419 434 4102
1691968 279419 434 3200
1691969 279419 434 138
1691970 279419 434 2816
1691971 279419 434 982
1691976 458500 434 638
1691977 458500 434 10298
1691985 1922551 434 69366
1691986 1922551 434 5015
1691987 1922551 434 2705
1691988 1922551 434 16480
1691989 1922551 434 27282
1691990 1922551 434 104178
1691991 1922551 434 1723
1691992 1922551 434 4174
1691993 1922551 434 1191
1691994 1922551 434 1722
1691995 1922551 434 125
1691996 1922551 434 20380
1692014 458503 434 104180
1692022 438126 434 635
1692023 438126 434 1299
1692024 438126 434 367
1692025 438126 434 254
1692026 438126 434 1303
1692027 438126 434 369
1692028 438126 434 1744
1692029 124072 434 29442
1692030 124072 434 1560
1692031 124072 434 15518
1692032 124072 434 638
1692033 124072 434 42087
1692034 124072 434 1303
1692035 124072 434 2445
1692036 458505 434 1313
1692037 458505 434 62101
1692038 458505 434 2437
1692039 458505 434 1560
1692040 458505 434 1128
1692041 458505 434 1703
1692042 458505 434 1807
1692043 1922553 434 1722
1692044 1922553 434 15701
1692045 1922553 434 13907
1692046 1922553 434 4174
1692047 1922553 434 1723
1692048 1922553 434 29363
1692049 458506 434 1722
1692050 458506 434 29535
1692051 458507 434 2657
1692052 458507 434 2592
1692053 458507 434 104181
1692054 435960 434 996
1692055 435960 434 638
1692056 435960 434 1062
1692057 435960 434 2373
1692058 435960 434 369
1692059 435960 434 1175
1692060 70057 434 996
1692061 70057 434 41277
1692062 70057 434 1878
1692063 70057 434 1062
1692064 70057 434 2700
1692065 70057 434 27449
1692066 70057 434 3318
1692067 458508 434 638
1692068 458508 434 3640
1692069 458508 434 72
1692070 458508 434 2709
1692071 458508 434 104182
1692072 458508 434 369
1692073 458508 434 5765
1692074 67757 434 254
1692075 67757 434 1808
1692076 67757 434 4267
1692077 67757 434 638
1692078 67757 434 2637
1692079 67757 434 1257
1692080 67757 434 451
1692093 458510 434 21762
1692094 458510 434 1560
1692095 458510 434 638
1692096 458510 434 9333
1692097 458510 434 2061
1692098 458510 434 1303
1692099 458510 434 637
1692100 198161 434 276
1692101 198161 434 307
1692102 198161 434 1653
1692103 198161 434 638
1692104 198161 434 188
1692105 198161 434 1106
1692106 198161 434 285
1692114 67772 434 3367
1692115 67772 434 1779
1692116 67772 434 168
1692117 67772 434 638
1692118 67772 434 4132
1692119 67772 434 307
1692120 67772 434 276
1692121 458511 434 46
1692122 458511 434 7219
1692123 458511 434 189
1692153 458514 434 780
1692154 458514 434 1007
1692155 458514 434 527
1692156 458514 434 6938
1692157 458514 434 77
1692158 458514 434 1738
1692159 458514 434 982
1692164 458517 434 2187
1692165 458517 434 1126
1692166 458517 434 3393
1692179 458518 434 1738
1692180 458518 434 108
1692181 458518 434 138
1692182 458518 434 44
1692183 458518 434 46
1692184 6593 434 795
1692185 6593 434 139
1692186 6593 434 709
1692187 6593 434 982
1692188 6593 434 285
1692189 6593 434 72
1692190 458519 434 47083
1692191 458519 434 29
1692192 458519 434 2247
1692193 458519 434 638
1692194 458519 434 90
1692195 458519 434 72
1692202 86993 434 638
1692203 86993 434 2156
1692204 86993 434 2922
1692205 86993 434 1703
1692206 86993 434 72
1692207 86993 434 1128
1692208 75640 434 22913
1692209 75640 434 2156
1692210 75640 434 638
1692211 75640 434 72
1692212 75640 434 2922
1692213 75640 434 1128
1692214 75640 434 27310
1692215 394265 434 1133
1692216 394265 434 4639
1692217 394265 434 362
1692218 394265 434 1138
1692219 394265 434 11
1692220 394265 434 474
1692221 394265 434 285
1692222 394265 434 10
1692223 458520 434 1133
1692224 458520 434 20222
1692225 458520 434 12643
1692226 458520 434 7630
1692227 458520 434 58375
1692228 458520 434 76
1692229 297946 434 821
1692230 297946 434 1937
1692231 297946 434 291
1692232 297946 434 474
1692233 297946 434 1138
1692234 297946 434 13776
1692235 297946 434 6361
1692296 458527 434 3394
1692297 458527 434 1943
1692298 458527 434 359
1692299 458527 434 1277
1692300 458527 434 11
1692301 458527 434 1058
1692302 458527 434 1122
1692303 392351 434 677
1692304 392351 434 847
1692305 392351 434 48094
1692306 392351 434 103563
1692307 392351 434 859
1692308 392351 434 992
1692317 96075 434 2936
1692318 96075 434 1257
1692319 96075 434 16767
1692320 96075 434 523
1692321 96075 434 5947
1692322 96075 434 1808
1692323 96075 434 254
1692332 32166 434 3394
1692333 32166 434 188
1692334 32166 434 668
1692335 32166 434 11
1692336 32166 434 108
1692337 32166 434 44
1692338 32166 434 992
1692346 458530 434 2247
1692347 458531 434 1034
1692348 458531 434 104125
1692349 458531 434 39055
1692350 458531 434 104190
1692358 265596 434 5146
1692359 265596 434 8797
1692360 265596 434 362
1692361 265596 434 188
1692362 265596 434 11815
1692363 265596 434 4877
1692364 265596 434 3122
1692375 458533 434 70
1692376 458533 434 29482
1692384 458534 434 6280
1692385 458534 434 287
1692386 458534 434 4292
1692387 458534 434 46
1692388 458534 434 356
1692389 458534 434 285
1692390 458534 434 5728
1692405 458535 434 1128
1692406 458535 434 869
1692407 458535 434 40986
1692408 458535 434 61272
1692419 456900 434 125
1692420 456900 434 1367
1692421 456900 434 138
1692422 456900 434 221
1692423 456900 434 3
1692424 456900 434 941
1692425 456900 434 1128
1692434 458537 434 172
1692435 263494 434 1565
1692436 263494 434 41321
1692437 263494 434 1896
1692438 263494 434 1627
1692439 263494 434 125
1692440 263494 434 2185
1692441 263494 434 1628
1692442 284926 434 21399
1692443 284926 434 19617
1692444 284926 434 29251
1692445 96115 434 4371
1692446 96115 434 6192
1692447 96115 434 730
1692448 96115 434 894
1692449 96115 434 139
1692450 96115 434 1058
1692451 96115 434 285
1692455 458539 434 451
1692482 279234 434 14066
1692483 279234 434 1138
1692484 279234 434 1133
1692485 279234 434 10
1692486 279234 434 46
1692487 279234 434 527
1692495 458540 434 975
1692496 458540 434 138
1692497 458540 434 285
1692498 458540 434 3
1692499 458540 434 9930
1692500 458540 434 2990
1692501 458540 434 668
1692508 246945 434 15693
1692509 246945 434 638
1692510 246945 434 1303
1692511 246945 434 369
1692512 246945 434 637
1692513 246945 434 1932
1692514 246945 434 635
1692515 458542 434 1007
1692516 458542 434 46
1692517 458542 434 44
1692518 458542 434 1795
1692528 51954 434 941
1692529 51954 434 6
1692530 51954 434 125
1692531 51954 434 1215
1692532 51954 434 3749
1692533 51954 434 816
1692534 51954 434 1128
1692535 76193 434 637
1692536 76193 434 635
1692537 76193 434 639
1692538 76193 434 4392
1692539 76193 434 1299
1692540 76193 434 1744
1692541 76193 434 638
1692542 1922556 434 1191
1692543 1922556 434 4154
1692544 1922556 434 1112
1692545 1922556 434 2797
1692546 1922556 434 64135
1692547 1922556 434 1133
1692548 1922556 434 139
1692549 1922556 434 29535
1692550 458544 434 23713
1692551 458544 434 9709
1692552 458544 434 2579
1692568 458547 434 4406
1692569 458547 434 1126
1692570 458547 434 3487
1692571 458547 434 53825
1692572 321358 434 38955
1692573 321358 434 5678
1692574 321358 434 4165
1692575 321358 434 1678
1692576 321358 434 1262
1692597 16501 434 5229
1692598 16501 434 730
1692599 16501 434 894
1692600 16501 434 41047
1692601 16501 434 992
1692602 16501 434 638
1692603 16501 434 4069
1692604 458551 434 1625
1692605 458551 434 1565
1692606 458551 434 1491
1692607 458551 434 523
1692608 458551 434 2690
1692609 398270 434 734
1692610 398270 434 139
1692611 398270 434 709
1692612 398270 434 285
1692613 398270 434 388
1692614 398270 434 982
1692615 398270 434 2442
1692616 458552 434 104195
1692617 458552 434 5304
1692618 458552 434 53619
1692619 458552 434 8696
1692620 458552 434 2918
1692621 458552 434 7147
1692622 458552 434 104196
1692623 458552 434 730
1692624 458552 434 894
1692625 458553 434 1723
1692626 458553 434 104197
1692627 458554 434 1560
1692628 458554 434 3151
1692629 458554 434 2061
1692630 458554 434 638
1692631 458554 434 1313
1692632 458554 434 1147
1692633 458554 434 1162
1692648 458556 434 1560
1692649 458556 434 15693
1692650 458556 434 7215
1692668 458560 434 2276
1692669 458560 434 638
1692670 458560 434 3654
1692671 458560 434 1728
1692672 458560 434 1128
1692673 458560 434 17806
1692674 458560 434 67167
1692697 458561 434 21989
1692698 458561 434 4174
1692699 458561 434 1191
1692700 458561 434 1722
1692701 458561 434 21556
1692702 458561 434 19507
1692710 458562 434 1133
1692711 458562 434 1138
1692712 458562 434 294
1692713 458562 434 10
1692714 458562 434 21
1692715 458562 434 1738
1692716 458562 434 11
1692734 458563 434 22839
1692735 458563 434 43534
1692736 458563 434 1723
1692737 458563 434 4174
1692738 458563 434 638
1692739 458563 434 1191
1692740 458563 434 1722
1692741 458564 434 1896
1692742 458564 434 557
1692743 458564 434 6
1692744 458564 434 311
1692745 458564 434 1897
1692746 458564 434 1125
1692747 458564 434 1820
1692748 458564 434 2072
1692749 458564 434 38337
1692750 458564 434 16627
1692751 458564 434 20125
1692752 458564 434 15290
1692777 458569 434 46910
1692778 458569 434 22506
1692779 83433 434 13822
1692780 83433 434 1896
1692781 83433 434 557
1692782 83433 434 816
1692783 83433 434 5733
1692784 83433 434 2072
1692785 83433 434 1897
1692786 79267 434 1133
1692787 79267 434 75
1692788 79267 434 28144
1692789 79267 434 11
1692790 79267 434 1058
1692791 79267 434 1138
1692792 79267 434 30
1692794 458571 434 15215
1692795 458571 434 2445
1692796 458571 434 72
1692797 458571 434 104155
1692798 458572 434 1937
1692799 458572 434 1138
1692800 458572 434 1133
1692801 458572 434 908
1692827 68569 434 44
1692828 68569 434 1160
1692829 68569 434 139
1692830 68569 434 643
1692831 68569 434 285
1692832 68569 434 138
1692833 68569 434 1007
1692840 25481 434 2404
1692841 25481 434 138
1692842 25481 434 2902
1692843 25481 434 982
1692844 25481 434 5670
1692845 25481 434 941
1692846 25481 434 3822
1692855 458580 434 16196
1692856 458580 434 1383
1692857 458580 434 4909
1692858 458581 434 2592
1692859 458581 434 40
1692860 458581 434 1257
1692861 458581 434 81
1692862 458581 434 1808
1692863 458581 434 1034
1692868 400586 434 5008
1692869 400586 434 6
1692870 400586 434 285
1692871 400586 434 5925
1692872 400586 434 1896
1692873 400586 434 1128
1692874 400586 434 941
1692877 458584 434 2556
1692878 458584 434 359
1692879 458584 434 3200
1692880 458584 434 6291
1692881 349562 434 821
1692882 349562 434 11
1692883 349562 434 294
1692884 349562 434 1247
1692885 349562 434 5
1692886 349562 434 21
1692887 349562 434 780
1692889 458586 434 894
1692890 458586 434 730
1692891 458586 434 992
1692892 458586 434 638
1692893 458586 434 125
1692894 458586 434 8603
1692895 458586 434 507
1692897 263680 434 15
1692898 263680 434 125
1692899 263680 434 1052
1692900 263680 434 5279
1692901 263680 434 1896
1692902 263680 434 1128
1692903 263680 434 3497
1692923 458591 434 1715
1692924 458591 434 15262
1692925 458592 434 1133
1692926 458592 434 1138
1692927 458592 434 104200
1692931 458594 434 1133
1692932 458594 434 15
1692933 458594 434 104201
1692934 458594 434 125
1692935 458594 434 1138
1692936 458594 434 11
1692937 31277 434 108
1692938 31277 434 188
1692939 31277 434 6174
1692940 31277 434 44
1692941 31277 434 638
1692942 31277 434 138
1692943 31277 434 46
1692944 16713 434 79
1692945 16713 434 3
1692946 16713 434 54
1692947 16713 434 44
1692948 16713 434 139
1692949 16713 434 668
1692950 16713 434 285
1692951 458595 434 46364
1692952 458595 434 1957
1692953 458595 434 4529
1692968 458599 434 2816
1692969 458599 434 359
1692975 79169 434 254
1692976 79169 434 5367
1692977 79169 434 982
1692978 79169 434 3640
1692979 79169 434 1040
1692980 79169 434 126
1692981 79169 434 2637
1692983 458601 434 59447
1692984 458601 434 614
1692992 451988 434 1133
1692993 451988 434 1138
1692994 451988 434 11
1692995 451988 434 90
1692996 451988 434 1738
1692997 451988 434 44
1692998 451988 434 1058
1692999 458602 434 104202
1693000 458603 434 15467
1693001 458603 434 29261
1693002 458603 434 254
1693003 458603 434 8932
1693004 458603 434 5471
1693005 458603 434 5217
1693006 458603 434 1034
1693025 458605 434 29442
1693033 68991 434 639
1693034 68991 434 1303
1693035 68991 434 1299
1693036 68991 434 637
1693037 68991 434 635
1693038 68991 434 369
1693039 68991 434 15693
1693042 60791 434 347
1693043 60791 434 734
1693044 60791 434 795
1693045 60791 434 104205
1693046 60791 434 285
1693047 60791 434 4329
1693048 60791 434 982
1693068 458609 434 2729
1693069 458609 434 3151
1693070 458609 434 139
1693071 458609 434 104206
1693072 458609 434 1560
1693073 458609 434 104
1693074 458610 434 1722
1693075 458610 434 1723
1693076 458610 434 50599
1693077 458610 434 1191
1693078 458610 434 104154
1693079 1920300 434 10296
1693080 1920300 434 95603
1693081 1920300 434 41908
1693082 1920300 434 188
1693083 1920300 434 88152
1693086 458612 434 1191
1693087 458612 434 1034
1693088 458612 434 24474
1693089 458612 434 104139
1693090 175728 434 557
1693091 175728 434 719
1693092 175728 434 2220
1693093 175728 434 1052
1693094 175728 434 1802
1693095 175728 434 9471
1693096 390016 434 99589
1693097 390016 434 910
1693098 390016 434 9333
1693099 390016 434 1128
1693100 390016 434 214
1693101 390016 434 4356
1693102 390016 434 1560
1693113 277872 434 734
1693114 277872 434 709
1693115 277872 434 139
1693116 277872 434 4329
1693117 277872 434 10990
1693118 277872 434 846
1693119 277872 434 285
1693127 458616 434 1191
1693128 458616 434 1303
1693129 458616 434 637
1693130 458616 434 1715
1693131 458616 434 1932
1693132 458616 434 15788
1693133 458616 434 15262
1693134 458616 434 1862
1693135 420019 434 81
1693136 420019 434 28
1693137 420019 434 795
1693138 420019 434 77
1693139 420019 434 3722
1693140 420019 434 139
1693141 420019 434 15289
1693142 458617 434 4192
1693143 458617 434 139
1693144 458617 434 29729
1693145 458617 434 1299
1693153 458618 434 6312
1693154 458618 434 638
1693155 458618 434 1560
1693156 458618 434 15563
1693157 458618 434 1807
1693158 458618 434 1359
1693159 458618 434 1128
1693181 1916252 434 10296
1693182 1916252 434 46565
1693183 1916252 434 6274
1693184 1916252 434 3666
1693185 1916252 434 138
1693186 1916252 434 527
1693187 1916252 434 72
1693188 1916252 434 926
1693189 1916252 434 285
1693216 458623 434 816
1693217 458623 434 982
1693218 458623 434 1897
1693219 458623 434 1795
1693220 458623 434 1125
1693221 458623 434 104207
1693222 458623 434 6
1693223 458624 434 1007
1693224 458624 434 100
1693225 458624 434 1058
1693226 458624 434 638
1693229 762133 434 80209
1693230 762133 434 4003
1693231 762133 434 79346
1693232 762133 434 104208
1693233 762133 434 28979
1693234 762133 434 104209
1693235 762133 434 4668
1693240 295867 434 362
1693241 295867 434 44
1693242 295867 434 139
1693243 295867 434 77
1693244 295867 434 285
1693245 295867 434 635
1693246 295867 434 1007
1693254 458627 434 17124
1693261 74786 434 1299
1693262 74786 434 635
1693263 74786 434 637
1693264 74786 434 285
1693265 74786 434 35
1693266 74786 434 639
1693267 74786 434 1560
1693275 57354 434 138
1693276 57354 434 8527
1693277 57354 434 15274
1693278 57354 434 3240
1693279 57354 434 941
1693280 57354 434 302
1693281 57354 434 254
1693289 458630 434 22367
1693290 458630 434 1546
1693291 94994 434 70
1693292 94994 434 1430
1693293 94994 434 139
1693294 94994 434 304
1693295 94994 434 3239
1693296 94994 434 44
1693297 94994 434 978
1693314 458633 434 1191
1693315 458633 434 42280
1693316 458634 434 9637
1693317 458634 434 9128
1693318 458634 434 1133
1693319 458634 434 3153
1693320 458634 434 28
1693321 458634 434 104210
1693322 458634 434 11
1693343 170138 434 1126
1693344 170138 434 941
1693345 170138 434 1584
1693354 458636 434 359
1693355 458636 434 6291
1693356 458636 434 1123
1693357 458637 434 4144
1693358 458637 434 859
1693359 458637 434 139
1693360 16942 434 108
1693361 16942 434 228
1693362 16942 434 44
1693363 16942 434 527
1693364 16942 434 46
1693365 16942 434 138
1693366 16942 434 1738
1693381 61190 434 3867
1693382 61190 434 20167
1693383 61190 434 10
1693384 61190 434 13787
1693385 61190 434 11
1693386 61190 434 1138
1693387 61190 434 1133
1693403 431383 434 139
1693404 431383 434 894
1693405 431383 434 125
1693406 431383 434 1775
1693407 431383 434 730
1693408 431383 434 1528
1693409 431383 434 285
1693412 458642 434 6618
1693413 458642 434 1560
1693414 458642 434 941
1693415 458642 434 8572
1693416 458642 434 138
1693417 458642 434 2816
1693418 458643 434 1242
1693419 458643 434 4154
1693420 458643 434 104155
1693421 263921 434 1560
1693422 263921 434 6
1693423 263921 434 7608
1693424 263921 434 138
1693425 263921 434 941
1693426 263921 434 1128
1693427 263921 434 638
1693451 458647 434 1242
1693452 458647 434 29237
1693453 458647 434 27548
1693454 1922557 434 1722
1693455 1922557 434 1191
1693456 1922557 434 4174
1693457 1922557 434 1723
1693458 1922557 434 10428
1693459 458648 434 1723
1693460 458648 434 1722
1693461 458648 434 17913
1693476 29627 434 108
1693477 29627 434 5374
1693478 29627 434 46
1693479 29627 434 161
1693480 29627 434 138
1693481 29627 434 5367
1693482 29627 434 525
1693483 29627 434 104214
1693488 458650 434 4715
1693489 458650 434 10
1693490 458650 434 3
1693491 458650 434 668
1693492 458650 434 639
1693493 458650 434 1172
1693494 458651 434 18278
1693495 458651 434 15284
1693496 458651 434 24897
1693497 458651 434 557
1693508 458653 434 8527
1693509 458653 434 3151
1693510 458653 434 17671
1693511 458653 434 7608
1693512 458653 434 638
1693513 458653 434 16125
1693514 458653 434 2061
1693515 252768 434 1565
1693516 252768 434 1625
1693517 252768 434 16118
1693518 252768 434 1626
1693519 252768 434 523
1693520 252768 434 386
1693521 252768 434 1828
1693545 70793 434 1191
1693546 70793 434 125
1693547 70793 434 17124
1693548 70793 434 1219
1693549 70793 434 181
1693550 70793 434 1723
1693551 70793 434 4767
1693572 496550 434 104215
1693573 496550 434 1406
1693574 496550 434 1739
1693575 496550 434 1133
1693576 496550 434 1446
1693577 241488 434 1133
1693578 241488 434 11
1693579 241488 434 72
1693580 241488 434 1267
1693581 241488 434 1138
1693582 241488 434 10
1693583 241488 434 44
1693591 458662 434 960
1693592 458662 434 4326
1693593 458662 434 369
1693594 458662 434 1058
1693595 25550 434 1133
1693596 25550 434 11
1693597 25550 434 1138
1693598 25550 434 44
1693599 25550 434 1058
1693600 25550 434 75
1693601 25550 434 1738
1693621 407966 434 1133
1693622 407966 434 734
1693623 407966 434 6156
1693624 407966 434 12643
1693625 407966 434 10
1693626 407966 434 15
1693627 407966 434 1058
1693628 407966 434 4061
1693629 407966 434 4144
1693630 458665 434 1133
1693631 458665 434 4061
1693632 458665 434 4144
1693633 458665 434 734
1693651 338002 434 1133
1693652 338002 434 3811
1693653 338002 434 11
1693654 338002 434 64
1693655 338002 434 1138
1693656 338002 434 57795
1693657 338002 434 138
1693658 338002 434 362
1693659 458669 434 1191
1693660 458669 434 104155
1693661 8036 434 4308
1693662 8036 434 5939
1693663 8036 434 188
1693664 8036 434 44
1693665 8036 434 285
1693666 8036 434 129
1693667 157533 434 668
1693668 157533 434 1007
1693669 157533 434 188
1693670 157533 434 4287
1693671 157533 434 11
1693672 157533 434 44
1693673 157533 434 168
1693681 263984 434 4722
1693682 263984 434 276
1693683 263984 434 8651
1693684 263984 434 557
1693685 263984 434 1128
1693686 413098 434 1325
1693687 413098 434 125
1693688 413098 434 302
1693689 413098 434 44
1693690 413098 434 139
1693691 413098 434 240
1693692 413098 434 285
1693705 42224 434 12535
1693706 42224 434 5905
1693707 42224 434 668
1693708 42224 434 474
1693709 42224 434 53
1693710 42224 434 6079
1693711 42224 434 305
1693714 28497 434 6056
1693715 28497 434 982
1693716 28497 434 2902
1693717 28497 434 138
1693718 28497 434 5670
1693719 28497 434 46
1693720 28497 434 318
1693724 458672 434 1896
1693725 458672 434 982
1693726 458672 434 29
1693727 458672 434 557
1693728 458672 434 127
1693729 458672 434 2520
1693730 458672 434 331
1693731 458672 434 2150
1693732 458672 434 126
1693733 458672 434 912
1693734 458672 434 38337
1693735 458672 434 2392
1693736 458672 434 1690
1693737 458672 434 104217
1693738 458672 434 46254
1693739 458672 434 22434
1693740 458672 434 5927
1693741 458672 434 17307
1693743 331995 434 4140
1693744 331995 434 1347
1693745 331995 434 104218
1693746 70852 434 1191
1693747 70852 434 125
1693748 70852 434 1722
1693749 70852 434 15
1693750 70852 434 17124
1693751 70852 434 1724
1693752 70852 434 302
1693753 458674 434 500
1693754 458674 434 1723
1693755 458674 434 4174
1693756 458674 434 1191
1693757 458674 434 104219
1693760 458675 434 29629
1693761 458675 434 20380
1693762 458675 434 82289
1693763 458675 434 26819
1693764 458675 434 20137
1693765 458675 434 104220
1693766 458675 434 21668
1693770 458677 434 7290
1693778 436590 434 72
1693779 436590 434 127
1693780 436590 434 342
1693781 436590 434 331
1693782 436590 434 29
1693783 436590 434 507
1693784 436590 434 318
1693785 179901 434 108
1693786 179901 434 527
1693787 179901 434 46
1693788 179901 434 138
1693789 179901 434 9969
1693790 179901 434 1738
1693791 179901 434 44
1693792 458678 434 8493
1693793 458678 434 10
1693794 458678 434 1138
1693795 458678 434 20301
1693796 458678 434 1133
1693797 458678 434 638
1693798 458678 434 1033
1693799 458678 434 20302
1693800 458678 434 29837
1693801 458679 434 1191
1693802 458679 434 1723
1693803 458679 434 29416
1693804 458680 434 46900
1693805 458680 434 104125
1693812 255345 434 425
1693813 255345 434 6515
1693814 255345 434 1565
1693817 458683 434 9709
1693818 458683 434 16067
1693819 458683 434 1720
1693820 458683 434 1884
1693821 458683 434 29276
1693822 458683 434 1325
1693823 458683 434 15701
1693824 162244 434 5153
1693825 162244 434 15215
1693826 162244 434 21
1693827 162244 434 72
1693828 162244 434 982
1693829 162244 434 1933
1693830 162244 434 104221
1693831 458684 434 4445
1693832 458684 434 734
1693833 458684 434 139
1693846 458686 434 125
1693847 458686 434 9709
1693848 458686 434 1565
1693849 458686 434 104222
1693883 458692 434 1716
1693884 458692 434 3748
1693885 458692 434 5153
1693886 458692 434 1191
1693887 458692 434 15215
1693888 458692 434 254
1693889 458692 434 1715
1693891 1922559 434 5748
1693892 1922559 434 9764
1693893 1922559 434 941
1693898 146972 434 1133
1693899 146972 434 527
1693900 146972 434 8563
1693901 146972 434 9990
1693902 146972 434 1058
1693903 146972 434 285
1693904 146972 434 1138
1693905 458695 434 2187
1693906 458695 434 20887
1693907 458695 434 32736
1693908 458695 434 1359
1693909 458695 434 638
1693910 458695 434 362
1693911 458695 434 15329
1693926 136379 434 1062
1693927 136379 434 996
1693928 136379 434 1175
1693929 35799 434 6
1693930 35799 434 1560
1693931 35799 434 638
1693932 35799 434 10223
1693933 35799 434 10206
1693934 35799 434 90
1693935 35799 434 6547
1693943 111371 434 285
1693944 111371 434 637
1693945 111371 434 15348
1693957 369952 434 24355
1693958 369952 434 748
1693959 369952 434 1843
1693960 458697 434 2568
1693961 458697 434 374
1693962 458698 434 4230
1693963 458698 434 29
1693964 458698 434 4212
1693965 458698 434 139
1693966 458698 434 894
1693967 458698 434 1021
1693968 458698 434 1122
1693969 458699 434 44
1693970 458699 434 138
1693971 458699 434 285
1693972 458699 434 46
1693973 458699 434 1106
1693974 458699 434 155
1693975 458699 434 978
1693976 458699 434 926
1693977 458699 434 10285
1693978 458699 434 2441
1693979 458699 434 2605
1693980 458700 434 9709
1693981 458700 434 1716
1693982 458700 434 1933
1693983 458700 434 104202
1693984 458700 434 99793
1693998 357884 434 5919
1693999 357884 434 6685
1694000 357884 434 2514
1694001 357884 434 104228
1694002 357884 434 2605
1694003 357884 434 1051
1694011 108175 434 1284
1694012 108175 434 35
1694013 108175 434 1128
1694014 108175 434 941
1694015 108175 434 8572
1694016 108175 434 4356
1694017 108175 434 1807
1694018 108175 434 1560
1694019 108175 434 86307
1694020 449386 434 70
1694021 449386 434 262
1694022 449386 434 53
1694023 449386 434 11229
1694024 449386 434 2746
1694025 449386 434 978
1694026 449386 434 139
1694030 458703 434 108
1694031 458703 434 44
1694032 458703 434 2746
1694033 458703 434 527
1694034 458703 434 46
1694035 458703 434 138
1694036 458703 434 188
1694044 266426 434 1117
1694045 266426 434 1455
1694046 266426 434 108
1694047 266426 434 894
1694048 266426 434 730
1694049 266426 434 1058
1694050 266426 434 155
1694066 1922560 434 29363
1694067 1922560 434 1722
1694068 1922560 434 1715
1694069 1922560 434 15701
1694070 1922560 434 2276
1694071 1922560 434 877
1694072 1922560 434 104229
1694073 1922560 434 82647
1694074 1922560 434 39507
1694075 65393 434 9974
1694076 65393 434 1779
1694077 65393 434 369
1694078 65393 434 635
1694079 65393 434 44
1694080 65393 434 4366
1694081 65393 434 108
1694092 60946 434 72
1694093 60946 434 3666
1694094 60946 434 11
1694095 60946 434 638
1694096 60946 434 9612
1694097 60946 434 90
1694105 458709 434 2247
1694106 458709 434 953
1694107 458709 434 557
1694108 458709 434 1896
1694116 458711 434 72337
1694117 458711 434 2526
1694118 458711 434 125
1694119 458711 434 941
1694128 27965 434 1325
1694129 27965 434 139
1694130 27965 434 125
1694131 27965 434 44
1694132 27965 434 15711
1694133 27965 434 1007
1694134 27965 434 1775
1694142 78915 434 307
1694143 78915 434 2140
1694144 78915 434 2186
1694145 78915 434 2115
1694146 78915 434 4477
1694147 78915 434 928
1694148 78915 434 787
1694155 458714 434 138
1694156 458714 434 1303
1694157 458714 434 1716
1694158 458714 434 1932
1694159 458714 434 1049
1694160 458714 434 15788
1694161 458714 434 15262
1694164 17375 434 1703
1694165 17375 434 774
1694166 17375 434 507
1694167 17375 434 21
1694168 17375 434 638
1694169 17375 434 1128
1694170 17375 434 294
1694171 458716 434 557
1694172 458716 434 104233
1694173 458716 434 4234
1694174 458716 434 2990
1694175 458716 434 138
1694176 458716 434 285
1694177 458716 434 5367
1694194 124973 434 1191
1694195 124973 434 614
1694196 124973 434 1722
1694197 124973 434 638
1694198 124973 434 4174
1694199 124973 434 90
1694200 124973 434 8527
1694208 59708 434 108
1694209 59708 434 90
1694210 59708 434 44
1694211 59708 434 138
1694212 59708 434 72
1694213 59708 434 20
1694214 59708 434 527
1694226 458722 434 7089
1694227 458722 434 104234
1694228 458722 434 1717
1694229 458723 434 5036
1694230 458723 434 4936
1694231 458723 434 4818
1694232 458723 434 5055
1694233 458723 434 5051
1694234 458723 434 639
1694235 458723 434 2587
1694236 458723 434 1172
1694237 458723 434 1704
1694238 458723 434 254
1694239 458723 434 40472
1694240 458723 434 10933
1694255 458726 434 29535
1694256 458727 434 25953
1694257 458727 434 214
1694258 458727 434 1560
1694259 458727 434 638
1694260 458727 434 9333
1694261 458727 434 35
1694262 458727 434 3148
1694263 458728 434 47083
1694267 458730 434 1723
1694268 458730 434 8705
1694269 458731 434 1723
1694277 458733 434 1191
1694278 458733 434 88060
1694287 1922562 434 20380
1694288 1922562 434 1191
1694289 1922562 434 4174
1694290 1922562 434 1723
1694291 1922562 434 4088
1694292 1922562 434 38495
1694293 1922562 434 5801
1694294 1922562 434 94777
1694295 1922562 434 29370
1694308 458737 434 23713
1694309 458737 434 82889
1694310 458737 434 104155
1694314 17503 434 307
1694315 17503 434 125
1694316 17503 434 1554
1694317 17503 434 3743
1694318 17503 434 4023
1694319 17503 434 4132
1694320 17503 434 15
1694328 458739 434 1275
1694329 458739 434 127
1694330 458739 434 982
1694331 458739 434 126
1694332 458739 434 4057
1694333 458739 434 5808
1694334 458739 434 1261
1694335 458740 434 638
1694336 458740 434 1723
1694380 458743 434 4174
1694381 458743 434 104239
1694382 458743 434 104240
1694392 458746 434 104155
1694393 458746 434 18587
1694394 458747 434 474
1694395 458747 434 29
1694396 458747 434 3303
1694397 458747 434 3649
1694398 458748 434 104125
1694399 458748 434 27449
1694400 458748 434 2700
1694410 58536 434 941
1694411 58536 434 138
1694412 58536 434 6
1694413 58536 434 1937
1694414 58536 434 285
1694415 58536 434 1703
1694416 58536 434 1125
1694417 458750 434 2276
1694418 458750 434 2936
1694419 458750 434 1157
1694420 458750 434 3085
1694421 458750 434 7834
1694422 458750 434 4882
1694423 458750 434 2733
1694424 458750 434 3593
1694425 458750 434 1934
1694426 458750 434 1716
1694427 458750 434 451
1694428 458750 434 27476
1694429 458750 434 3479
1694430 458750 434 2275
1694431 458751 434 138
1694432 458751 434 557
1694433 458751 434 941
1694434 458751 434 1128
1694435 458751 434 1937
1694436 458751 434 6515
1694437 458751 434 1896
1694438 311237 434 1560
1694439 311237 434 16343
1694440 311237 434 1939
1694441 311237 434 104125
1694449 458752 434 1560
1694450 458752 434 2187
1694451 458752 434 104241
1694452 458752 434 638
1694453 458752 434 503
1694454 458752 434 22667
1694455 458752 434 2061
1694456 1922564 434 1049
1694457 1922564 434 21
1694458 1922564 434 1703
1694459 1922564 434 474
1694460 1922564 434 877
1694461 458753 434 3281
1694462 458753 434 43282
1694463 458753 434 1565
1694464 458753 434 1561
1694465 458753 434 451
1694466 458753 434 3593
1694467 458753 434 1564
1694468 458754 434 1723
1694484 53981 434 29907
1694485 53981 434 797
1694486 53981 434 677
1694487 53981 434 730
1694488 53981 434 681
1694489 53981 434 6229
1694490 53981 434 138
1694491 458758 434 941
1694492 458758 434 9333
1694493 458758 434 1229
1694505 36889 434 1771
1694506 36889 434 3182
1694507 36889 434 1019
1694508 36889 434 2627
1694509 36889 434 318
1694510 36889 434 29
1694511 36889 434 4622
1694519 458761 434 43282
1694520 458761 434 1716
1694521 458761 434 104242
1694522 123038 434 458
1694523 123038 434 869
1694524 123038 434 307
1694525 123038 434 3
1694526 123038 434 285
1694527 123038 434 1367
1694528 123038 434 44
1694529 264323 434 911
1694530 264323 434 4418
1694531 264323 434 635
1694532 264323 434 643
1694533 264323 434 1115
1694534 264323 434 155
1694535 458762 434 6684
1694536 458762 434 8722
1694537 458762 434 214
1694538 458762 434 35
1694539 458762 434 2494
1694540 458762 434 1213
1694541 458762 434 13822
1694542 458763 434 1138
1694543 458763 434 10
1694544 458763 434 1133
1694545 458763 434 20
1694546 458763 434 90
1694547 458763 434 11
1694548 458763 434 380
1694549 410767 434 717
1694550 410767 434 2442
1694551 410767 434 9612
1694552 410767 434 2471
1694553 410767 434 2373
1694554 410767 434 884
1694555 410767 434 347
1694560 96818 434 2520
1694561 96818 434 20002
1694562 96818 434 6291
1694563 96818 434 3200
1694564 96818 434 1896
1694565 96818 434 557
1694566 96818 434 7372
1694572 458767 434 1007
1694573 458767 434 77
1694574 458767 434 3394
1694575 458767 434 3367
1694617 391315 434 5936
1694618 391315 434 4056
1694619 391315 434 12762
1694620 391315 434 2846
1694621 391315 434 7091
1694634 458770 434 709
1694635 458770 434 1115
1694636 458770 434 1007
1694637 458770 434 8768
1694638 458771 434 98
1694639 458771 434 638
1694649 24981 434 362
1694650 24981 434 4044
1694651 24981 434 44
1694652 24981 434 79
1694653 24981 434 76
1694654 24981 434 285
1694655 24981 434 54
1694663 96835 434 359
1694664 96835 434 4075
1694665 96835 434 2816
1694666 96835 434 6290
1694667 96835 434 44
1694668 96835 434 11250
1694669 96835 434 5947
1694670 458775 434 3743
1694671 458775 434 35
1694672 458775 434 307
1694673 458776 434 390
1694674 458776 434 1738
1694678 160374 434 734
1694679 160374 434 369
1694680 160374 434 11746
1694681 160374 434 3594
1694682 160374 434 72
1694683 160374 434 2442
1694684 160374 434 8396
1694699 39161 434 3505
1694700 39161 434 1937
1694701 39161 434 2081
1694702 39161 434 285
1694703 39161 434 138
1694704 39161 434 982
1694705 39161 434 139
1694706 458779 434 38207
1694707 458779 434 13817
1694708 458779 434 4951
1694709 458779 434 29437
1694710 458779 434 27213
1694726 38829 434 4371
1694727 38829 434 894
1694728 38829 434 730
1694729 38829 434 6192
1694730 38829 434 139
1694731 38829 434 285
1694732 38829 434 4293
1694740 458783 434 1560
1694741 458783 434 638
1694742 458783 434 2061
1694743 458783 434 72
1694744 458783 434 4057
1694745 458783 434 311
1694746 458783 434 17965
1694747 28748 434 2404
1694748 28748 434 982
1694749 28748 434 138
1694750 28748 434 2902
1694751 28748 434 5670
1694752 28748 434 926
1694753 28748 434 44
1694754 458784 434 104247
1694755 458784 434 27664
1694756 458784 434 47337
1694757 458784 434 27665
1694758 458784 434 799
1694759 458784 434 1751
1694760 458784 434 16451
1694761 458784 434 40982
1694762 458784 434 104125
1694763 458785 434 50599
1694764 458785 434 1722
1694765 458785 434 1723
1694778 158 434 108
1694779 158 434 46
1694780 158 434 44
1694781 158 434 138
1694782 158 434 72
1694783 158 434 527
1694784 158 434 1058
1694802 458790 434 6333
1694803 458790 434 104249
1694814 458792 434 38242
1694815 458792 434 20002
1694816 458792 434 1896
1694817 458792 434 3275
1694818 458792 434 11940
1694819 458792 434 7004
1694820 458792 434 557
1694828 458794 434 1191
1694829 458794 434 1034
1694830 458794 434 4154
1694831 458794 434 15215
1694832 458794 434 302
1694833 458794 434 88060
1694834 458794 434 2023
1694835 458794 434 24465
1694836 458794 434 4872
1694837 458795 434 70947
1694838 458795 434 104250
1694839 458795 434 104251
1694840 274031 434 614
1694841 274031 434 1191
1694842 274031 434 557
1694843 274031 434 1722
1694844 274031 434 1723
1694845 274031 434 1820
1694846 274031 434 4174
1694852 458807 434 1191
1694853 458807 434 1723
1694854 458807 434 29615
1694855 458807 434 125
1694856 458807 434 78181
1694857 458807 434 29237
1694858 458807 434 15
1694859 458808 434 2579
1694860 458808 434 9709
1694861 458808 434 1720
1694876 136907 434 362
1694877 136907 434 3
1694878 136907 434 6302
1694879 136907 434 635
1694880 136907 434 285
1694881 136907 434 668
1694882 136907 434 895
1694883 195651 434 813
1694884 195651 434 29
1694885 195651 434 4057
1694886 195651 434 10837
1694887 195651 434 1004
1694888 458798 434 104252
1694889 458798 434 7007
1694890 458798 434 1762
1694891 458798 434 285
1694892 458798 434 307
1694893 458798 434 3200
1694894 458798 434 6291
1694895 458799 434 1058
1694896 458799 434 825
1694897 458799 434 287
1694898 458799 434 286
1694899 458799 434 44
1694900 458799 434 46
1694901 458799 434 2661
1694902 458799 434 698
1694903 458799 434 10019
1694904 309210 434 557
1694905 309210 434 24250
1694906 309210 434 719
1694907 309210 434 1896
1694908 309210 434 331
1694909 309210 434 507
1694910 309210 434 92011
1694911 125202 434 108
1694912 125202 434 138
1694913 125202 434 46
1694914 125202 434 154
1694915 125202 434 90
1694916 125202 434 638
1694917 125202 434 1738
1694918 458800 434 104125
1694919 338258 434 1723
1694920 338258 434 1191
1694921 338258 434 1722
1694922 338258 434 57710
1694923 108606 434 53
1694924 108606 434 70
1694925 108606 434 69490
1694926 108606 434 5914
1694947 25142 434 139
1694948 25142 434 221
1694949 25142 434 4308
1694950 25142 434 90
1694951 25142 434 285
1694952 25142 434 982
1694953 25142 434 795
1694955 458804 434 104255
1694956 458805 434 1560
1694957 458805 434 2624
1694958 458805 434 104125
1694959 458809 434 82109
1694960 458809 434 1560
1694961 458809 434 72
1694962 458809 434 638
1694963 458809 434 1049
1694964 458809 434 10184
1694965 458809 434 20033
1694972 458812 434 1764
1694973 458812 434 104256
1694974 96956 434 359
1694975 96956 434 1564
1694976 96956 434 5788
1694977 96956 434 3281
1694978 96956 434 1561
1694979 96956 434 1716
1694980 96956 434 2816
1695001 160504 434 668
1695002 160504 434 1354
1695003 160504 434 3
1695004 160504 434 1123
1695005 160504 434 285
1695006 160504 434 2642
1695007 160504 434 44
1695008 458815 434 1191
1695009 458815 434 4154
1695010 458815 434 1716
1695011 458815 434 125
1695012 458815 434 1564
1695013 458815 434 1723
1695014 458815 434 104257
1695019 59798 434 6185
1695020 59798 434 29996
1695021 59798 434 40852
1695022 59798 434 40853
1695023 59798 434 275
1695024 59798 434 40854
1695025 59798 434 528
1695033 458817 434 1896
1695034 458817 434 503
1695035 458817 434 104258
1695036 458817 434 557
1695037 458817 434 2520
1695038 458817 434 8714
1695039 411183 434 311
1695040 411183 434 1565
1695041 411183 434 2983
1695042 411183 434 4618
1695043 411183 434 1327
