1699594 459382 436 941
1699595 459382 436 10815
1699596 459382 436 104490
1699597 459382 436 68415
1699607 459385 436 2631
1699608 459385 436 1896
1699609 459385 436 1565
1699610 459385 436 104493
1699619 459387 436 523
1699620 459387 436 1896
1699621 459387 436 104496
1699622 459387 436 1794
1699623 459387 436 91079
1699624 259198 436 1896
1699625 259198 436 276
1699626 259198 436 356
1699632 459389 436 1896
1699633 459390 436 311
1699634 459390 436 104497
1699635 459390 436 87765
1699636 459390 436 3269
1699637 459390 436 2376
1699641 459392 436 1896
1699642 459392 436 10269
1699643 459392 436 104498
1699644 459392 436 104499
1699645 459392 436 104500
1699646 459392 436 104501
1699653 459394 436 104503
1699654 459394 436 128
1699655 459394 436 29
1699656 459394 436 441
1699657 459394 436 11050
1699658 459394 436 5741
1699662 459397 436 912
1699663 75205 436 1896
1699664 75205 436 48946
1699665 75205 436 4356
1699666 459398 436 1565
1699667 459398 436 1555
1699668 459398 436 104504
1699672 459399 436 1896
1699673 459399 436 1565
1699674 459399 436 1555
1699675 459400 436 1999
1699676 459400 436 1896
1699677 459400 436 301
1699681 459401 436 6000
1699682 459401 436 225
1699695 459405 436 51397
1699696 459405 436 4033
1699697 459405 436 3816
1699698 375208 436 342
1699699 127951 436 128
1699700 127951 436 127
1699701 127951 436 25641
1699702 459406 436 20177
1699703 459406 436 1896
1699704 203290 436 104508
1699705 203290 436 1647
1699706 203290 436 359
1699707 203290 436 53568
1699708 203290 436 104509
1699709 203290 436 104510
1699710 203290 436 104511
1699735 459412 436 3463
1699736 459412 436 359
1699737 459412 436 2520
1699738 459412 436 104508
1699739 459412 436 104519
1699740 459412 436 104520
1699741 459413 436 1191
1699742 459413 436 1896
1699743 459413 436 5985
1699752 459414 436 7048
1699758 459416 436 125
1699759 459416 436 1896
1699776 459419 436 104508
1699777 459419 436 1305
1699778 459419 436 11321
1699786 10507 436 104524
1699787 10507 436 12313
1699788 10507 436 359
1699789 10507 436 67186
1699793 459423 436 2627
1699794 459423 436 1745
1699795 459423 436 2671
1699796 459423 436 639
1699797 459424 436 2371
1699798 459424 436 2175
1699799 459424 436 1823
1699800 459424 436 1794
1699801 459424 436 503
1699802 459424 436 10273
1699803 459424 436 1820
1699827 1922616 436 26382
1699828 1922616 436 1896
1699829 1922616 436 1751
1699830 1922616 436 1284
1699831 1922616 436 441
1699832 1922616 436 917
1699847 80542 436 2371
1699848 80542 436 2072
1699849 80542 436 1820
1699850 80542 436 1794
1699869 459438 436 3816
1699870 459438 436 1745
1699871 459438 436 3758
1699872 459438 436 1943
1699873 138990 436 29
1699874 138990 436 79657
1699875 138990 436 4096
1699876 138990 436 104508
1699877 459439 436 1889
1699878 459439 436 15930
1699879 459439 436 10269
1699880 459439 436 1627
1699881 197128 436 503
1699882 197128 436 4123
1699883 197128 436 104529
1699884 197128 436 104530
1699885 459440 436 1896
1699886 459440 436 388
1699887 459440 436 104531
1699888 459440 436 458
1699895 8100 436 12313
1699896 8100 436 104532
1699897 8100 436 104524
1699898 8100 436 3485
1699899 8100 436 1779
1699900 459441 436 1560
1699901 459441 436 2793
1699902 459441 436 1703
1699903 244163 436 4537
1699904 244163 436 1625
1699905 244163 436 311
1699906 244163 436 2964
1699927 459446 436 104525
1699928 459446 436 84851
1699929 459446 436 104534
1699930 459446 436 1119
1699931 459447 436 1284
1699932 8577 436 311
1699933 8577 436 1119
1699934 459448 436 1126
1699935 459448 436 53257
1699936 459448 436 1119
1699937 459448 436 1703
1699943 459450 436 996
1699944 459450 436 21463
1699945 459450 436 16750
1699946 459450 436 46705
1699947 11523 436 311
1699948 11523 436 503
1699949 11523 436 19478
1699950 11523 436 1745
1699956 325335 436 5757
1699957 325335 436 104536
1699958 325335 436 2415
1699959 325335 436 4935
1699960 459451 436 5083
1699961 459452 436 104508
1699962 459452 436 104524
1699963 459452 436 104537
1699964 459452 436 1305
1699969 194060 436 5922
1699970 194060 436 1896
1699971 459454 436 816
1699975 459456 436 912
1699976 459456 436 4297
1699977 459456 436 54872
1699978 459456 436 104539
1699984 459457 436 1751
1699985 459457 436 47337
1699986 459457 436 638
1699987 459457 436 82163
1699988 459457 436 104541
1699991 11601 436 1171
1699992 11601 436 4381
1699993 11601 436 996
1699994 11601 436 638
1699995 11601 436 24521
1699996 11601 436 104542
1699999 194077 436 1651
1700000 194077 436 15930
1700001 194077 436 503
1700002 325642 436 441
1700003 325642 436 3816
1700004 325642 436 1625
1700005 325642 436 4033
1700006 325642 436 1572
1700013 361177 436 638
1700014 361177 436 104
1700015 361177 436 374
1700016 454445 436 992
1700017 454445 436 816
1700018 454445 436 104524
1700019 454445 436 10114
1700020 459461 436 5083
1700021 459461 436 104545
1700022 459461 436 104546
1700023 459461 436 104547
1700024 72398 436 1560
1700025 72398 436 5547
1700026 72398 436 285
1700027 72398 436 1115
1700028 459462 436 21423
1700029 459462 436 52409
1700030 459462 436 1767
1700031 459463 436 912
1700032 459463 436 4027
1700033 459463 436 104490
1700034 459463 436 3816
1700035 459463 436 104548
1700036 459464 436 311
1700037 459464 436 1704
1700038 459464 436 3806
1700039 459464 436 467
1700040 459464 436 302
1700041 459465 436 80
1700042 459465 436 311
1700043 459465 436 104549
1700044 459465 436 104384
1700045 459465 436 2902
1700053 459468 436 1565
1700054 459468 436 10269
1700055 459468 436 104550
1700062 189360 436 816
1700063 189360 436 1126
1700064 459471 436 992
1700065 459471 436 4998
1700066 459471 436 254
1700067 459471 436 1647
1700068 459472 436 1147
1700069 459472 436 29
1700070 459472 436 1119
1700076 459474 436 2392
1700077 459474 436 104552
1700078 459474 436 912
1700079 459475 436 1896
1700080 459475 436 2217
1700081 459475 436 53435
1700082 459475 436 4075
1700100 459478 436 941
1700101 459478 436 68415
1700102 459478 436 104547
1700103 459478 436 104554
1700107 459480 436 1896
1700108 459480 436 912
1700109 459480 436 104555
1700113 459481 436 5346
1700114 459481 436 638
1700115 459481 436 1565
1700116 459481 436 1555
1700117 459482 436 1171
1700120 459484 436 3804
1700121 459484 436 6269
1700122 459484 436 4039
1700123 459484 436 2955
1700124 459485 436 1751
1700125 459485 436 138
1700126 459485 436 104557
1700127 459485 436 3125
1700130 399042 436 1918
1700131 399042 436 29
1700132 459487 436 1331
1700133 459487 436 29
1700134 459487 436 2514
1700135 459487 436 1119
1700136 459488 436 816
1700137 459488 436 503
1700138 459488 436 1126
1700139 459488 436 2187
1700144 459489 436 1751
1700145 459489 436 47337
1700146 459489 436 2163
1700147 459489 436 104490
1700148 459490 436 1751
1700149 459490 436 3508
1700150 459490 436 104490
1700151 459490 436 3125
1700152 459491 436 1751
1700153 459491 436 638
1700154 459491 436 68415
1700155 459491 436 104559
1700156 459491 436 69263
1700165 459494 436 816
1700166 459494 436 1911
1700167 459494 436 21172
1700168 459494 436 104561
1700169 459494 436 41743
1700170 459495 436 1751
1700171 459495 436 68415
1700172 459495 436 104562
1700173 459495 436 104563
1700174 459495 436 1911
1700181 459497 436 29
1700182 459497 436 441
1700183 459497 436 104490
1700184 459497 436 104508
1700185 459497 436 104524
1700186 459497 436 104497
1700187 459497 436 4102
1700188 459497 436 15080
1700189 459497 436 3796
1700190 459497 436 104564
1700197 459498 436 21423
1700198 459498 436 104565
1700199 459498 436 1560
1700200 459498 436 68415
1700201 256676 436 127
1700202 256676 436 29
1700203 459499 436 104566
1700204 459500 436 38124
1700205 459500 436 1751
1700206 459501 436 941
1700207 459501 436 1794
1700208 459501 436 3790
1700209 1922617 436 29
1700210 1922617 436 441
1700211 1922617 436 4102
1700212 1922617 436 104567
1700221 459503 436 638
1700222 459503 436 29
1700223 459503 436 2627
1700252 459509 436 912
1700253 459510 436 2456
1700254 459510 436 3463
1700255 459510 436 441
1700256 459511 436 503
1700257 459511 436 4123
1700258 459511 436 3291
1700259 459511 436 2971
1700260 371166 436 816
1700261 371166 436 503
1700262 371166 436 1126
1700263 9831 436 11088
1700264 9831 436 1794
1700265 9831 436 503
1700266 459512 436 2584
1700267 459512 436 2520
1700268 459512 436 941
1700269 459512 436 43744
1700270 459512 436 2837
1700276 12111 436 104524
1700277 12111 436 2939
1700278 12111 436 1052
1700279 12111 436 12313
1700284 459515 436 1751
1700285 459515 436 912
1700286 459515 436 104572
1700287 459515 436 104525
1700288 459515 436 104573
1700289 459516 436 29
1700290 459516 436 441
1700291 459516 436 2927
1700292 459516 436 104574
1700293 459516 436 104575
1700294 459516 436 104524
1700295 459516 436 104576
1700296 459517 436 29
1700297 459517 436 104490
1700298 459517 436 3576
1700299 459517 436 20861
1700300 459518 436 1191
1700301 459518 436 104562
1700302 459518 436 78225
1700305 459520 436 1147
1700306 459520 436 1119
1700307 459521 436 1751
1700308 459521 436 68415
1700309 459521 436 104578
1700310 459521 436 638
1700326 459523 436 1555
1700327 459523 436 1896
1700328 459523 436 91079
1700329 459523 436 104579
1700330 459524 436 80
1700331 459524 436 1805
1700332 459524 436 1896
1700333 459524 436 104580
1700340 459527 436 104581
1700341 459527 436 1751
1700342 459527 436 68415
1700343 459527 436 104547
1700344 459527 436 719
1700345 459527 436 441
1700346 459527 436 104582
1700347 459528 436 5083
1700348 459528 436 104522
1700349 459528 436 104583
1700350 459528 436 104584
1700351 459528 436 104547
1700352 459528 436 104545
1700353 459529 436 4123
1700354 459529 436 25881
1700355 459529 436 104585
1700356 459530 436 1751
1700357 459530 436 68415
1700358 459530 436 104547
1700359 459530 436 55284
1700369 102141 436 1565
1700370 102141 436 1555
1700371 102141 436 1896
1700372 102141 436 104586
1700377 459534 436 1896
1700378 459534 436 19513
1700379 459534 436 311
1700380 459534 436 3294
1700381 459534 436 2392
1700382 459534 436 441
1700383 459534 436 104512
1700392 459536 436 4123
1700393 459536 436 104588
1700394 459536 436 1751
1700395 459536 436 26934
1700396 459537 436 1703
1700397 459537 436 4123
1700398 459537 436 15275
1700399 459537 436 18573
1700427 104566 436 20377
1700428 104566 436 719
1700429 104566 436 29
1700437 459543 436 155
1700438 94373 436 638
1700439 94373 436 655
1700440 94373 436 29
1700441 459544 436 1147
1700442 459544 436 1823
1700443 459544 436 24887
1700444 459544 436 2390
1700445 459545 436 3593
1700446 459545 436 846
1700447 459545 436 20083
1700448 459545 436 1119
1700449 459545 436 503
1700460 459547 436 359
1700461 459547 436 311
1700462 459547 436 1714
1700463 459547 436 425
1700468 322868 436 1896
1700469 322868 436 1162
1700479 168976 436 254
1700480 168976 436 2940
1700481 168976 436 3816
1700482 168976 436 104593
1700483 168976 436 28013
1700484 168976 436 104594
1700485 459550 436 104569
1700486 459550 436 1896
1700487 459550 436 1565
1700488 459550 436 1555
1700492 274241 436 1896
1700493 274241 436 1565
1700494 274241 436 1555
1700499 459553 436 1896
1700500 459553 436 29
1700501 459553 436 49836
1700502 459553 436 104596
1700503 459554 436 1896
1700504 459554 436 441
1700505 459554 436 77079
1700506 459554 436 104597
1700507 459554 436 104524
1700508 459554 436 2631
1700534 459561 436 1191
1700535 459561 436 5734
1700539 459563 436 359
1700540 459563 436 221
1700541 459564 436 912
1700542 459564 436 2631
1700543 459564 436 1565
1700544 459565 436 1918
1700545 459565 436 2709
1700546 459565 436 1565
1700547 459565 436 2631
1700548 459565 436 1917
1700549 459566 436 2631
1700550 459566 436 1565
1700551 459566 436 374
1700552 459566 436 2161
1700553 459567 436 10269
1700554 459567 436 1823
1700555 459567 436 104602
1700556 459567 436 104603
1700557 459567 436 1565
1700558 459567 436 2631
1700559 459567 436 51970
1700560 459568 436 1896
1700566 459570 436 1751
1700567 459570 436 4123
1700568 459570 436 1823
1700569 459570 436 21722
1700570 459571 436 1889
1700571 459571 436 1565
1700572 459571 436 1555
1700573 459572 436 104604
1700574 459572 436 104605
1700575 459572 436 816
1700592 459577 436 104608
1700593 271217 436 1119
1700594 271217 436 2230
1700595 271217 436 846
1700596 271217 436 104609
1700597 1922619 436 816
1700598 1922619 436 2793
1700599 1922619 436 2631
1700600 1922619 436 1767
1700601 1922619 436 1651
1700613 459581 436 2793
1700614 459581 436 104530
1700615 459581 436 4123
1700616 459581 436 17805
1700627 127378 436 29
1700628 127378 436 6269
1700629 127378 436 1698
1700630 127378 436 104613
1700631 127378 436 441
1700632 459582 436 1896
1700633 459582 436 91079
1700634 459583 436 29
1700635 459583 436 104497
1700636 459583 436 54129
1700637 459583 436 18499
1700638 459583 436 4027
1700642 459585 436 1751
1700643 459585 436 25489
1700644 459585 436 1560
1700645 459585 436 638
1700646 459585 436 86692
1700647 459585 436 104614
1700660 459587 436 441
1700661 459587 436 1896
1700662 459587 436 2072
1700663 459587 436 301
1700664 459587 436 104490
1700665 459587 436 104615
1700666 459587 436 311
1700667 459588 436 29
1700668 459588 436 912
1700669 459590 436 1896
1700670 459590 436 4661
1700671 459590 436 719
1700672 459590 436 104616
1700689 459595 436 1647
1700690 459595 436 311
1700691 459595 436 12313
1700692 459595 436 104512
1700693 459595 436 104617
1700697 459597 436 11050
1700698 459597 436 29
1700717 459599 436 4122
1700718 459599 436 4065
1700723 459601 436 104524
1700724 459601 436 254
1700725 459601 436 4122
1700726 459601 436 359
1700727 459601 436 12313
1700745 49883 436 3332
1700746 49883 436 1779
1700747 49883 436 104
1700748 49883 436 139
1700749 49883 436 734
1700750 459605 436 104598
1700751 174216 436 2627
1700769 459609 436 4435
1700770 459609 436 29
1700771 459609 436 4349
1700772 459609 436 8577
1700773 459609 436 21235
1700774 459609 436 441
1700775 459610 436 638
1700776 459610 436 992
1700777 459610 436 3394
1700778 459610 436 4230
1700785 459611 436 1896
1700786 459611 436 91079
1700787 459611 436 104621
1700788 459611 436 1565
1700789 459611 436 2631
1700790 459612 436 1565
1700791 459612 436 2631
1700792 459612 436 6262
1700793 459612 436 104622
1700794 459612 436 1823
1700799 459614 436 104512
1700800 459614 436 104525
1700801 459614 436 47126
1700802 459614 436 47125
1700803 459614 436 2725
1700804 459614 436 941
1700805 459614 436 1183
1700806 459614 436 20642
1700807 274497 436 2709
1700808 274497 436 2371
1700809 274497 436 719
1700810 274497 436 104524
1700814 459616 436 2161
1700815 459616 436 391
1700816 459616 436 374
1700817 459617 436 82260
1700818 459617 436 3816
1700819 459617 436 912
1700824 459619 436 1896
1700825 459619 436 1779
1700826 459619 436 17169
1700827 459619 436 1565
1700828 459619 436 2631
1700831 459621 436 719
1700832 459621 436 104508
1700833 459621 436 104524
1700834 459621 436 104623
1700835 459621 436 1664
1700836 459621 436 104624
1700837 459622 436 1751
1700838 459622 436 43731
1700839 459622 436 1823
1700840 459622 436 20744
1700848 459623 436 1896
1700849 459623 436 91079
1700850 459623 436 19395
1700851 459624 436 523
1700852 459624 436 10269
1700853 459624 436 1555
1700854 459624 436 1823
1700855 459624 436 104586
1700856 459624 436 104625
1700866 459627 436 1560
1700867 459627 436 1331
1700868 459627 436 29
1700869 459627 436 1794
1700870 459628 436 1775
1700871 459628 436 65729
1700872 459628 436 7430
1700876 459629 436 941
1700903 459633 436 3490
1700904 459633 436 638
1700905 459633 436 104
1700906 459633 436 72
1700907 459634 436 1191
1700908 459634 436 104501
1700909 459635 436 1896
1700910 459635 436 5748
1700911 243951 436 1896
1700912 243951 436 1565
1700913 243951 436 2185
1700914 243951 436 1555
1700915 243951 436 104630
1700916 459636 436 15
1700917 459636 436 2609
1700918 459636 436 16
1700919 459637 436 21235
1700920 459637 436 29
1700921 459637 436 3796
1700922 459637 436 104490
1700923 459637 436 104631
1700924 459637 436 20915
1700925 459637 436 127
1700931 459639 436 221
1700932 459639 436 1331
1700933 459639 436 68660
1700934 327316 436 1565
1700935 327316 436 1555
1700936 327316 436 1889
1700937 327316 436 104497
1700938 327316 436 104633
1700939 327316 436 15177
1700940 459640 436 1751
1700941 459640 436 254
1700942 459640 436 104490
1700943 459640 436 41870
1700944 459641 436 1565
1700945 459641 436 1555
1700954 458963 436 80
1700955 458963 436 21633
1700956 458963 436 1191
1700957 458963 436 104562
1700958 458963 436 104512
1700966 459643 436 1896
1700967 459643 436 10269
1700968 459643 436 91079
1700969 459643 436 104560
1700970 459643 436 104635
1700971 459643 436 5603
1700972 97243 436 104636
1700973 97243 436 1119
1700974 459644 436 1560
1700975 459644 436 104530
1700976 459644 436 18573
1700977 459644 436 1703
1700978 459644 436 3814
1700979 459644 436 104637
1700986 459646 436 1331
1700987 459646 436 11050
1700988 459646 436 29
1700989 459646 436 441
1700994 104136 436 29
1700995 104136 436 441
1700996 104136 436 104642
1700997 104136 436 6279
1701009 459649 436 1565
1701010 459649 436 1555
1701011 459649 436 10269
1701012 459649 436 104531
1701013 459649 436 2364
1701017 459652 436 1896
1701018 459652 436 91079
1701019 459652 436 80
1701020 459652 436 21287
1701021 459652 436 20846
1701036 197352 436 318
1701037 197352 436 7459
1701038 459657 436 15
1701039 459657 436 2376
1701040 459657 436 1119
1701041 459657 436 216
1701050 459659 436 1751
1701051 459659 436 68415
1701052 459659 436 104490
1701053 459659 436 104645
1701054 459659 436 9445
1701055 459659 436 78422
1701056 459659 436 104646
1701057 459659 436 80
1701058 459659 436 21633
1701062 297307 436 80644
1701063 297307 436 1896
1701064 297307 436 1565
1701065 297307 436 1555
1701072 459661 436 104647
1701073 459661 436 359
1701074 459661 436 50995
1701098 459665 436 2631
1701099 459665 436 1896
1701100 459665 436 1565
1701101 459665 436 1823
1701102 459666 436 1896
1701103 459666 436 104650
1701104 459666 436 55645
1701105 459666 436 4297
1701106 459666 436 912
1701107 459666 436 441
1701116 459669 436 1565
1701117 459669 436 1555
1701118 459669 436 1896
1701119 459669 436 2371
1701120 459670 436 2631
1701121 459670 436 104652
1701122 459670 436 1565
1701123 459671 436 1565
1701124 459671 436 1555
1701125 459672 436 2072
1701126 459672 436 19167
1701127 459672 436 1823
1701128 263215 436 1896
1701129 263215 436 21907
1701132 327614 436 1896
1701133 327614 436 9797
1701134 327614 436 1565
1701135 327614 436 104653
1701136 459674 436 1896
1701137 459674 436 1823
1701138 459674 436 3463
1701139 459674 436 1821
1701140 274819 436 5083
1701141 274819 436 104654
1701142 274819 436 39315
1701143 274819 436 1119
1701155 459677 436 1932
1701156 459677 436 29
1701157 459677 436 2627
1701158 459678 436 18707
1701159 459678 436 1823
1701160 459678 436 374
1701161 459678 436 2072
1701168 82117 436 1779
1701169 82117 436 1560
1701170 82117 436 3816
1701171 82117 436 104656
1701172 82117 436 6618
1701173 82117 436 1764
1701178 459682 436 941
1701179 459682 436 104657
1701180 459682 436 19513
1701181 459682 436 2793
1701182 459682 436 2778
1701183 459682 436 104512
1701184 459683 436 1565
1701185 459683 436 1896
1701186 459683 436 91079
1701187 459683 436 68091
1701190 1922622 436 68415
1701191 1922622 436 1119
1701192 1922622 436 3125
1701193 1922622 436 72
1701194 459685 436 50995
1701195 459685 436 94295
1701196 459685 436 4933
1701197 459685 436 104658
1701203 459687 436 996
1701204 459688 436 29516
1701205 459688 436 60390
1701206 459688 436 1703
1701207 459688 436 5549
1701208 459688 436 5052
1701213 459690 436 104525
1701214 459690 436 104660
1701215 459690 436 104661
1701216 459690 436 1751
1701217 459690 436 26149
1701218 459691 436 21423
1701219 459691 436 2341
1701220 459691 436 1890
1701221 364700 436 22622
1701222 364700 436 1565
1701223 364700 436 1555
1701244 459697 436 104663
1701245 459697 436 18287
1701246 459697 436 13723
1701247 459697 436 912
1701248 459697 436 11321
1701249 459698 436 1751
1701250 459698 436 912
1701251 459698 436 104508
1701252 459698 436 104524
1701253 459698 436 104664
1701254 459699 436 104490
1701255 459699 436 941
1701256 459699 436 29
1701257 459699 436 21235
1701258 459700 436 311
1701259 459700 436 1119
1701260 459700 436 104512
1701261 459700 436 1751
1701262 459700 436 2793
1701266 459703 436 1191
1701267 459703 436 311
1701268 459703 436 1239
1701269 459703 436 1555
1701270 459703 436 3806
1701273 459705 436 311
1701274 459705 436 104512
1701275 459705 436 26055
1701276 459705 436 1555
1701277 459705 436 3553
1701283 459706 436 311
1701284 459706 436 3281
1701285 459706 436 20424
1701286 459706 436 104490
1701287 459707 436 285
1701288 459707 436 68415
1701289 459707 436 638
1701291 459709 436 638
1701292 459709 436 68415
1701293 459709 436 104665
1701294 459709 436 1751
1701300 198793 436 1779
1701301 198793 436 104
1701302 198793 436 1367
1701303 198793 436 2609
1701319 82123 436 1191
1701320 82123 436 1896
1701321 82123 436 638
1701322 82123 436 4174
1701323 82123 436 9486
1701324 82123 436 77805
1701337 459714 436 1751
1701338 459714 436 2631
1701339 459714 436 104667
1701340 459714 436 9445
1701358 459719 436 1751
1701359 459719 436 9445
1701360 459719 436 3283
1701361 459719 436 1896
1701364 459721 436 1751
1701365 459721 436 104508
1701366 459721 436 104608
1701367 459722 436 1751
1701368 459722 436 104670
1701369 459722 436 104513
1701370 459722 436 104666
1701371 459722 436 3125
1701372 459723 436 1896
1701373 459723 436 91079
1701374 459723 436 1565
1701375 459723 436 1555
1701376 459723 436 104671
1701377 459723 436 1802
1701383 459725 436 104524
1701384 459725 436 2313
1701385 459725 436 29
1701394 459728 436 2514
1701398 459730 436 104581
1701399 459730 436 1647
1701400 459730 436 992
1701401 459730 436 104524
1701402 459730 436 104674
1701403 459730 436 104675
1701404 459731 436 1762
1701405 459731 436 4123
1701406 459731 436 104530
1701407 459731 436 869
1701408 459732 436 1751
1701409 459732 436 72
1701410 459732 436 638
1701411 459732 436 104512
1701412 459732 436 104525
1701413 459732 436 104490
1701414 459732 436 3125
1701415 459732 436 104676
1701429 459737 436 1751
1701430 459737 436 68415
1701431 459737 436 104679
1701432 459737 436 104547
1701440 13394 436 359
1701441 13394 436 12313
1701442 13394 436 1119
1701454 459742 436 1896
1701455 459742 436 10269
1701456 334723 436 285
1701457 334723 436 307
1701463 459743 436 29
1701464 459743 436 1896
1701465 459743 436 104490
1701481 459747 436 1331
1701482 459747 436 1794
1701483 459748 436 941
1701484 459748 436 1764
1701485 459748 436 1560
1701486 459748 436 3816
1701487 459748 436 1703
1701500 297678 436 16615
1701501 297678 436 3816
1701502 297678 436 94295
1701507 459753 436 1751
1701508 459753 436 441
1701509 459753 436 917
1701510 459753 436 104572
1701511 459753 436 104525
1701512 459753 436 104681
1701513 25022 436 1819
1701514 25022 436 104682
1701515 25022 436 1779
1701521 459755 436 816
1701522 459755 436 104683
1701523 459755 436 1367
1701524 459755 436 81470
1701528 459757 436 1896
1701529 459757 436 80644
1701530 459757 436 91079
1701531 459758 436 1751
1701532 459758 436 816
1701533 459758 436 104684
1701534 459758 436 4027
1701535 127212 436 1597
1701536 127212 436 276
1701537 82500 436 1896
1701538 459759 436 104490
1701539 459759 436 29
1701540 459759 436 1717
1701541 459760 436 22073
1701542 459760 436 359
1701543 459760 436 6208
1701550 459763 436 359
1701560 459765 436 29
1701561 459765 436 11414
1701565 459767 436 359
1701566 459767 436 6208
1701567 459767 436 80949
1701568 459767 436 618
1701569 459768 436 359
1701570 459768 436 6208
1701571 459768 436 3290
1701574 459770 436 992
1701575 459770 436 1597
1701576 459770 436 1147
1701577 459770 436 2460
1701578 459770 436 1823
1701583 288080 436 1896
1701584 288080 436 719
1701585 288080 436 104686
1701586 288080 436 104687
1701587 459772 436 1751
1701588 459772 436 68415
1701589 459772 436 104547
1701590 459772 436 9445
1701591 459772 436 104688
1701592 459772 436 441
1701593 291113 436 941
1701594 291113 436 638
1701595 291113 436 503
1701596 459773 436 1191
1701597 459773 436 1896
1701598 459774 436 359
1701599 459774 436 23915
1701605 459776 436 311
1701606 459776 436 104513
1701607 459776 436 4053
1701608 459776 436 29
1701609 459776 436 1191
1701622 459780 436 441
1701623 459780 436 1896
1701624 459780 436 3816
1701625 459780 436 3779
1701626 459780 436 655
1701627 459780 436 12800
1701635 459783 436 8273
1701636 459783 436 72
1701637 459783 436 1115
1701638 459784 436 8273
1701639 459784 436 311
1701640 459784 436 1793
1701641 459785 436 1896
1701642 459785 436 33607
1701643 459786 436 1261
1701644 459786 436 342
1701645 459786 436 523
1701646 459786 436 307
1701647 459786 436 1565
1701651 244604 436 912
1701652 244604 436 5830
1701653 244604 436 104690
1701654 363530 436 6269
1701655 363530 436 4186
1701656 459788 436 1751
1701657 459788 436 311
1701658 459788 436 104512
1701659 459788 436 2541
1701660 459788 436 19513
1701661 459789 436 1751
1701662 459789 436 638
1701663 459789 436 19907
1701669 459791 436 2631
1701670 459791 436 311
1701671 459791 436 912
1701672 272671 436 104524
1701673 272671 436 221
1701674 272671 436 1896
1701675 272671 436 12313
1701678 459793 436 1896
1701679 459793 436 1565
1701680 459793 436 2631
1701681 459793 436 104691
1701682 459793 436 104692
1701688 459796 436 1896
1701689 459796 436 2415
1701690 459796 436 20081
1701691 459796 436 19513
1701692 459796 436 104693
1701693 459796 436 1651
1701694 459797 436 81470
1701710 459800 436 29
1701711 459800 436 1560
1701712 459801 436 104527
1701713 459801 436 4102
1701714 459801 436 638
1701715 459801 436 1808
1701716 459802 436 29
1701717 459802 436 2514
1701718 459802 436 638
1701719 459802 436 15
1701726 459804 436 5083
1701727 459804 436 638
1701728 459804 436 374
1701729 459805 436 1751
1701730 459805 436 104508
1701731 459805 436 78593
1701732 459805 436 78225
1701733 459805 436 104698
1701734 169545 436 1896
1701735 169545 436 2236
1701736 169545 436 104699
1701737 169545 436 22914
1701738 459806 436 1775
1701739 459806 436 30674
1701740 459806 436 2861
1701741 459806 436 1565
1701754 459809 436 1751
1701755 459809 436 104525
1701756 459809 436 23636
1701757 459809 436 20653
1701758 459809 436 104700
1701759 459810 436 5083
1701760 459810 436 638
1701761 459810 436 1560
1701762 459810 436 97193
1701763 459810 436 104701
1701764 459810 436 104547
1701771 11459 436 941
1701772 11459 436 1896
1701773 459812 436 1565
1701774 459812 436 1555
1701775 459812 436 10269
1701776 459812 436 5153
1701777 459812 436 1191
1701778 459812 436 26240
1701779 459812 436 104702
1701780 459812 436 4381
1701781 459812 436 80644
1701786 459814 436 2690
1701787 459814 436 1823
1701788 459814 436 4027
1701792 459816 436 1751
1701793 459816 436 638
1701794 459816 436 68415
1701795 127247 436 503
1701796 127247 436 895
1701819 459821 436 16513
1701820 459821 436 1565
1701821 459821 436 104705
1701841 459823 436 638
1701842 459823 436 3151
1701843 459823 436 1560
1701855 459826 436 5083
1701856 459826 436 104547
1701857 459826 436 638
1701858 459826 436 104545
1701859 459826 436 20654
1701860 459827 436 638
1701861 459827 436 9333
1701862 459827 436 3151
1701863 459827 436 639
1701864 459828 436 638
1701865 459828 436 68415
1701866 459828 436 41365
1701867 459828 436 104490
1701868 178251 436 10457
1701869 178251 436 20858
1701870 178251 436 1191
1701871 178251 436 638
1701872 178251 436 4174
1701873 459829 436 1751
1701874 459829 436 68415
1701875 459829 436 638
1701876 459830 436 1751
1701877 459830 436 638
1701878 459830 436 1187
1701879 459830 436 104708
1701880 276204 436 15518
1701881 276204 436 1779
1701882 276204 436 941
1701883 276204 436 5776
1701884 276204 436 638
1701896 14574 436 638
1701897 14574 436 4425
1701898 14574 436 4256
1701899 14574 436 29
1701900 14574 436 254
1701901 14574 436 4102
1701902 14574 436 1560
1701903 360519 436 1745
1701904 360519 436 1126
1701905 360519 436 41898
1701906 360519 436 104709
1701907 360519 436 16615
1701915 459833 436 22446
1701916 459833 436 2460
1701917 459833 436 67989
1701918 459833 436 1823
1701919 459833 436 638
1701920 459833 436 1794
1701921 459833 436 10269
1701922 459834 436 638
1701923 459834 436 5603
1701924 459834 436 6
1701925 323756 436 311
1701926 323756 436 40
1701927 459835 436 1896
1701928 459835 436 91079
1701932 459837 436 1896
1701933 459837 436 941
1701934 459837 436 22622
1701935 459837 436 31
1701936 459837 436 1605
1701937 459837 436 187
1701943 459839 436 1751
1701944 459839 436 104490
1701945 459839 436 1119
1701946 459839 436 4123
1701947 459839 436 21594
1701948 196652 436 941
1701949 196652 436 3816
1701950 196652 436 1284
1701951 196652 436 24392
1701964 459844 436 104713
1701965 459844 436 11268
1701966 459844 436 4736
1701967 459845 436 3681
1701968 459845 436 4075
1701975 10339 436 1191
1701976 10339 436 55622
1701977 10339 436 1794
1701978 279859 436 104524
1701979 279859 436 1896
1701980 279859 436 359
1701981 459846 436 24887
1701982 459846 436 26542
1701983 459846 436 1896
1701997 459850 436 1794
1701998 459850 436 1565
1701999 459850 436 2964
1702000 459850 436 1793
1702006 250970 436 816
1702007 250970 436 1126
1702011 459854 436 1751
1702012 459854 436 104490
1702013 459854 436 2969
1702014 459854 436 4550
1702015 459854 436 104717
1702016 459854 436 104718
1702017 459855 436 912
1702018 459855 436 441
1702019 459855 436 104508
1702020 459855 436 3463
1702021 459855 436 104719
1702022 459855 436 104720
1702038 272901 436 359
1702049 459860 436 1896
1702050 459860 436 104722
1702051 459860 436 21985
1702054 459862 436 1052
1702055 459862 436 3463
1702056 459862 436 21289
1702057 459862 436 4280
1702058 459862 436 104524
1702065 459865 436 1565
1702066 459865 436 1555
1702067 459865 436 1896
1702068 459865 436 104723
1702069 459866 436 1896
1702070 459866 436 104508
1702071 459866 436 5769
1702072 459866 436 23739
1702073 459866 436 912
1702074 459867 436 1896
1702075 459867 436 104723
1702076 459867 436 1565
1702077 459867 436 1628
1702078 459867 436 1555
1702079 459867 436 33607
1702080 459868 436 992
1702081 459868 436 1896
1702082 459868 436 8659
1702093 459872 436 1565
1702094 459872 436 1896
1702095 459872 436 1555
1702096 459872 436 1889
1702097 459872 436 80644
1702098 459873 436 1889
1702099 459873 436 816
1702100 459874 436 33607
1702101 459874 436 1627
1702102 459874 436 1651
1702103 459874 436 21633
1702104 459874 436 80
1702105 459874 436 1555
1702106 459874 436 1889
1702110 459876 436 1794
1702111 459877 436 29
1702112 459877 436 15080
1702113 459877 436 104562
1702114 459877 436 311
1702115 459877 436 20424
1702119 298019 436 1896
1702120 459878 436 18573
1702121 459878 436 9333
1702122 459878 436 1560
1702123 459878 436 638
1702124 459879 436 24887
1702125 459879 436 4123
1702126 459879 436 1119
1702127 459880 436 1896
1702128 459880 436 104728
1702129 459880 436 2376
1702132 459882 436 4230
1702133 459882 436 127
1702134 459882 436 285
1702138 459883 436 29
1702139 459883 436 104524
1702140 459883 436 5741
1702141 459883 436 3463
1702142 459883 436 104730
1702143 459884 436 1896
1702144 459884 436 2376
1702145 459884 436 25905
1702156 459887 436 1751
1702157 459887 436 104496
1702158 459888 436 1751
1702159 459888 436 9445
1702160 459888 436 104734
1702161 459889 436 29
1702162 459889 436 1675
1702163 459889 436 507
1702164 459889 436 4742
1702165 459889 436 104508
1702166 459889 436 56012
1702167 459890 436 29
1702168 459890 436 441
1702169 459890 436 56012
1702170 459890 436 104490
1702179 179953 436 1764
1702180 179953 436 1119
1702191 459894 436 10269
1702192 459894 436 1896
1702193 459894 436 11268
1702194 459894 436 1555
1702195 459894 436 4185
1702196 298051 436 125
1702197 298051 436 11
1702198 298051 436 76
1702203 375258 436 104735
1702204 375258 436 1794
1702205 375258 436 1119
1702206 277490 436 1698
1702207 277490 436 125
1702208 277490 436 1565
1702209 277490 436 1555
1702210 270849 436 82260
1702211 270849 436 3816
1702212 270849 436 912
1702213 273067 436 82260
1702214 273067 436 3816
1702215 273067 436 912
1702216 97435 436 11
1702217 97435 436 139
1702218 97435 436 734
1702239 459899 436 29
1702240 459899 436 441
1702241 459899 436 2927
1702242 459899 436 104525
1702243 459899 436 917
1702244 459900 436 29
1702245 459900 436 104490
1702246 459900 436 20861
1702247 459900 436 104738
1702249 459901 436 125
1702250 459902 436 2520
1702251 459902 436 104739
1702252 459902 436 104740
1702253 459902 436 104492
1702254 459903 436 50995
1702255 459903 436 912
1702256 459903 436 22275
1702257 459903 436 22358
1702258 199125 436 4435
1702259 459904 436 2072
1702260 459904 436 503
1702261 459904 436 1565
1702262 459904 436 104741
1702267 459905 436 29
1702268 459905 436 4742
1702269 459905 436 104508
1702270 459906 436 941
1702271 459906 436 6327
1702272 459906 436 21235
1702273 178611 436 2793
1702274 178611 436 2371
1702275 178611 436 1651
1702276 178611 436 639
1702277 178611 436 50972
1702280 459908 436 104524
1702281 459908 436 1565
1702282 459908 436 1555
1702285 459910 436 72
1702286 459910 436 734
1702292 459911 436 29
1702293 459911 436 2927
1702294 459911 436 46303
1702295 459911 436 1305
1702296 459911 436 104508
1702297 459911 436 104742
1702298 169730 436 1823
1702299 169730 436 55622
1702300 169730 436 104743
1702301 169730 436 3294
1702302 169730 436 1567
1702303 169730 436 1597
1702304 169730 436 46282
1702305 459912 436 53435
1702306 459912 436 912
1702307 459912 436 104744
1702308 459913 436 1751
1702309 459913 436 68415
1702310 459913 436 638
1702317 459916 436 29
1702318 459916 436 1119
1702319 459916 436 24488
1702320 459916 436 104
1702337 459921 436 29
1702338 459921 436 441
1702339 459921 436 2456
1702340 459921 436 104490
1702341 459921 436 20464
1702342 459921 436 104748
1702343 434785 436 104642
1702344 434785 436 127
1702345 434785 436 29
1702346 1922623 436 1751
1702347 1922623 436 68415
1702348 1922623 436 104547
1702349 1922623 436 104525
1702350 1922623 436 104490
1702351 1922623 436 104749
1702352 1922623 436 53435
1702361 459924 436 2390
1702362 459924 436 20817
1702363 459924 436 1141
1702364 459924 436 3681
1702365 459924 436 10269
1702366 68199 436 16
1702367 68199 436 1779
1702368 68199 436 285
1702369 459925 436 3151
1702370 459925 436 1779
1702371 459925 436 638
1702372 459925 436 13800
1702373 459925 436 72
1702374 459925 436 1560
1702375 248809 436 29
1702376 248809 436 46303
1702377 248809 436 104752
1702378 248809 436 2330
1702379 248809 436 104753
1702382 459926 436 1702
1702383 459926 436 58933
1702384 459926 436 3822
1702386 324102 436 29
1702387 459928 436 1896
1702388 459928 436 816
1702389 459928 436 11321
1702390 459929 436 941
1702391 459929 436 3283
1702392 459929 436 104754
1702395 133466 436 1115
1702396 133466 436 2605
1702397 133466 436 318
1702398 133466 436 276
1702399 133466 436 638
1702413 459932 436 2236
1702414 459932 436 3806
1702415 459932 436 104755
1702416 459932 436 20960
1702417 459932 436 941
1702418 459932 436 1703
1702419 459932 436 4027
1702420 459933 436 11268
1702421 459933 436 334
1702422 459933 436 104756
1702425 459935 436 503
1702426 459935 436 2460
1702427 459935 436 311
1702428 459935 436 55593
1702429 459935 436 1896
1702442 459938 436 374
1702443 459938 436 992
1702444 459938 436 3731
1702447 459940 436 125
1702448 459940 436 1126
1702449 327539 436 1896
1702450 327539 436 104650
1702451 327539 436 2456
1702452 327539 436 311
1702453 327539 436 80
1702454 327539 436 365
1702455 459941 436 2568
1702456 459941 436 3731
1702457 459941 436 374
1702458 459941 436 391
1702459 459941 436 104531
1702460 459942 436 2072
1702461 459942 436 3463
1702462 459942 436 1823
1702463 908904 436 2631
1702464 908904 436 4033
1702465 908904 436 104758
1702466 908904 436 156
1702467 908904 436 7484
1702475 242829 436 104524
1702476 242829 436 9333
1702477 242829 436 1431
1702478 242829 436 53568
1702495 459947 436 1565
1702496 459947 436 1555
1702497 459947 436 33607
1702498 459948 436 80644
1702499 459948 436 1896
1702500 459948 436 1565
1702501 459948 436 1555
1702504 459950 436 1565
1702505 459950 436 1896
1702506 459950 436 1555
1702507 459950 436 104762
1702508 459950 436 23727
1702554 459955 436 1823
1702555 459955 436 1565
1702556 459955 436 2631
1702557 459955 436 81091
1702558 459955 436 33701
1702565 459958 436 2631
1702566 459958 436 4102
1702567 459958 436 4909
1702568 459958 436 29
1702569 32260 436 1896
1702570 32260 436 3867
1702571 32260 436 78225
1702575 459959 436 1889
1702576 459959 436 1565
1702577 459959 436 4027
1702578 459960 436 1565
1702579 459960 436 1889
1702580 459960 436 1555
1702581 459960 436 2631
1702595 373585 436 1119
1702596 373585 436 104531
1702597 373585 436 1917
1702598 373585 436 58842
1702599 373585 436 51382
1702600 373585 436 1823
1702601 373585 436 10269
1702602 459964 436 1565
1702603 459964 436 2631
1702604 459964 436 2217
1702605 459964 436 23812
1702606 459965 436 311
1702607 459965 436 11414
1702608 459965 436 29
1702609 459965 436 104562
1702610 459965 436 2133
1702611 459966 436 912
1702612 459966 436 2392
1702613 459966 436 2584
1702614 459966 436 104768
1702615 459966 436 104769
1702616 459967 436 1896
1702617 459967 436 1565
1702618 459967 436 1555
1702619 459967 436 2631
1702620 459967 436 912
1702621 459967 436 104770
1702622 459967 436 104692
1702647 263837 436 1191
1702648 263837 436 104501
1702649 263837 436 873
1702650 263837 436 66461
1702651 459972 436 1191
1702652 459972 436 12806
1702653 459972 436 104771
1702654 459972 436 2371
1702655 459973 436 138
1702656 459973 436 1197
1702657 459973 436 1303
1702658 459973 436 1560
1702659 459974 436 29
1702660 459974 436 46303
1702661 459974 436 104772
1702662 459974 436 1331
1702663 459975 436 1331
1702664 459975 436 29
1702665 459975 436 104773
1702666 459975 436 46351
1702667 459975 436 11050
1702668 459975 436 104525
1702669 459975 436 4297
1702670 459976 436 1191
1702671 459976 436 27282
1702672 459976 436 968
1702673 459976 436 3824
1702674 459976 436 873
1702675 459977 436 4186
1702689 459982 436 816
1702690 459982 436 503
1702691 459982 436 1126
1702716 459989 436 21423
1702717 459989 436 104776
1702718 459990 436 1896
1702719 459990 436 1802
1702720 459991 436 1896
1702721 459991 436 10269
1702722 459991 436 91079
1702723 459992 436 254
1702724 459992 436 1257
1702725 459992 436 3463
1702726 459992 436 104777
1702727 459992 436 104778
1702728 459992 436 104779
1702736 459995 436 11414
1702737 459995 436 311
1702738 459995 436 29
1702751 276267 436 1896
1702752 276267 436 91079
1702753 276267 436 104780
1702754 459998 436 29
1702755 459998 436 11050
1702756 459998 436 3185
1702757 459998 436 38421
1702758 169914 436 1896
1702759 169914 436 1794
1702760 169914 436 13822
1702761 169914 436 2072
1702762 169914 436 1823
1702763 169914 436 1820
1702764 169914 436 4027
1702779 460002 436 1126
1702797 23942 436 1819
1702798 23942 436 2609
1702801 460007 436 2631
1702802 460007 436 3893
1702803 460007 436 1126
1702804 460007 436 1119
1702809 460010 436 992
1702810 460010 436 1119
1702811 460010 436 1122
1702812 460010 436 1147
1702820 460013 436 3816
1702821 460013 436 22765
1702833 24293 436 5678
1702834 24293 436 221
1702835 24293 436 523
1702838 460018 436 1896
1702839 460018 436 719
1702840 460018 436 104784
1702841 460018 436 21752
1702842 460019 436 1565
1702843 460019 436 1555
1702844 460019 436 1261
1702845 460019 436 2392
1702846 460019 436 1896
1702847 460019 436 104785
1702848 460020 436 29576
1702849 460020 436 1896
1702850 460020 436 719
1702851 460020 436 91079
1702859 272282 436 29
1702860 272282 436 285
1702861 272282 436 38218
1702862 272282 436 104786
1702863 272282 436 53307
1702864 10484 436 391
1702865 10484 436 1823
1702866 298398 436 1889
1702867 298398 436 1119
1702868 298398 436 1555
1702869 298398 436 3716
1702870 460021 436 4065
1702871 460021 436 1794
1702872 460022 436 104490
1702873 460022 436 311
1702874 460022 436 1565
1702875 460022 436 1555
1702885 460025 436 1896
1702886 460025 436 91079
1702887 460025 436 5751
1702890 460027 436 104787
1702891 460027 436 29
1702892 460027 436 1842
1702897 460029 436 1896
1702898 460029 436 91079
1702899 203149 436 941
1702900 203149 436 5776
1702901 203149 436 1239
1702902 460030 436 10269
1702903 460030 436 1896
1702904 460030 436 91079
1702905 85784 436 311
1702906 85784 436 29
1702907 85784 436 816
1702908 460031 436 503
1702909 460031 436 2347
1702910 460031 436 1565
1702911 460031 436 1555
1702912 460032 436 1896
1702913 460032 436 91079
1702914 460032 436 1555
1702915 460032 436 104586
1702916 460033 436 1896
1702917 460033 436 31
1702918 460033 436 19180
1702919 460033 436 2072
1702920 460033 436 3294
1702925 460035 436 1896
1702926 460035 436 1823
1702927 460035 436 1751
1702928 460035 436 2072
1702929 460035 436 1802
1702937 460038 436 104608
1702938 460038 436 1052
1702941 276249 436 104490
1702942 276249 436 3463
1702943 276249 436 719
1702944 7946 436 1896
1702945 7946 436 503
1702946 7946 436 1591
1702947 7946 436 1823
1702948 460040 436 104581
1702949 460040 436 1647
1702950 460040 436 104
1702951 460040 436 829
1702952 460040 436 66461
1702957 1922625 436 912
1702958 1922625 436 1555
1702959 1922625 436 104790
1702963 460043 436 441
1702964 460043 436 38473
1702965 460043 436 104508
1702966 460043 436 104524
1702967 460043 436 1121
1702968 282466 436 503
1702969 282466 436 583
1702970 282466 436 2795
1702971 282466 436 33701
1702972 460044 436 1751
1702973 460044 436 1794
1702986 321556 436 104512
1702987 321556 436 104524
1702988 321556 436 941
1702989 321556 436 359
1702996 258496 436 941
1702997 258496 436 104794
1702998 258496 436 1896
1702999 258496 436 1764
1703000 460050 436 869
1703001 375550 436 1119
1703002 375550 436 84851
1703003 375550 436 1779
1703004 375550 436 19476
1703015 460053 436 1751
1703016 460053 436 1821
1703017 460053 436 81750
1703018 460053 436 1823
1703025 460056 436 1896
1703026 460056 436 104560
1703036 460057 436 1751
1703037 460057 436 1119
1703038 460057 436 65945
1703039 460057 436 1715
1703040 460057 436 21594
1703041 460058 436 1794
1703052 460061 436 1751
1703053 460061 436 29
1703054 460061 436 816
1703059 460063 436 816
1703060 460063 436 104544
1703061 460063 436 68415
1703062 460063 436 104801
1703063 460065 436 941
1703064 460065 436 20455
1703065 460065 436 104802
1703066 460065 436 47650
1703067 460065 436 53887
1703068 460066 436 1896
1703069 460066 436 1565
1703070 460066 436 1555
1703078 460068 436 29
1703079 460068 436 1896
1703080 460068 436 5541
1703081 460068 436 20046
1703082 460068 436 311
1703083 460068 436 3275
1703091 460071 436 638
1703092 460071 436 10269
1703093 460071 436 1823
1703094 460071 436 54262
1703095 460071 436 503
1703110 248799 436 359
1703111 248799 436 1779
1703112 460073 436 359
1703113 460073 436 1651
1703114 460073 436 4791
1703115 460073 436 5557
1703116 460073 436 1565
1703117 460073 436 33607
1703145 460078 436 359
1703146 460078 436 311
1703147 460078 436 26055
1703148 460078 436 104512
1703154 460080 436 1896
1703155 460080 436 1565
1703156 460080 436 1555
1703158 460082 436 1896
1703159 460082 436 4033
1703160 460082 436 101670
1703161 460082 436 2613
1703162 460082 436 104811
1703163 460082 436 22622
1703164 460082 436 104812
1703165 460082 436 11864
1703166 460082 436 104813
1703171 460084 436 1147
1703172 460084 436 1178
1703173 460084 436 1119
1703174 460085 436 359
1703175 460085 436 4167
1703176 460085 436 19507
1703177 460085 436 1779
1703178 460085 436 51710
1703183 460087 436 4167
1703184 460087 436 19507
1703185 460087 436 29
1703186 460087 436 104815
1703187 460087 436 8577
1703198 460090 436 2236
1703199 460090 436 104816
1703202 460091 436 3835
1703203 460091 436 3816
1703204 460091 436 58396
1703205 460092 436 1896
1703206 460092 436 2793
1703207 460093 436 1565
1703208 460093 436 2631
1703209 460093 436 23888
1703210 460093 436 104817
1703211 460093 436 1823
1703212 313567 436 503
1703213 313567 436 1943
1703214 313567 436 18162
1703215 313567 436 2187
1703217 460094 436 1119
1703218 460094 436 21423
1703219 460094 436 1703
1703220 460094 436 3531
1703221 348621 436 29
1703222 348621 436 104490
1703223 348621 436 3796
1703224 348621 436 104818
1703245 460098 436 1896
1703246 460098 436 441
1703247 460099 436 29
1703248 460099 436 74069
1703249 460099 436 311
1703250 460099 436 3790
1703251 460099 436 11050
1703256 460101 436 816
1703257 460101 436 29
1703258 460101 436 1305
1703259 460101 436 104508
1703260 460101 436 44912
1703270 460104 436 3835
1703271 460104 436 2236
1703272 460104 436 1123
1703273 460104 436 8294
1703274 460104 436 47126
1703275 460104 436 104525
1703276 460104 436 104812
1703281 203985 436 359
1703282 203985 436 104827
1703283 203985 436 6208
1703284 460106 436 912
1703285 11778 436 104490
1703286 11778 436 3816
1703287 11778 436 912
1703288 11778 436 24392
1703289 11778 436 1896
1703290 11778 436 873
1703291 11778 436 643
1703292 11778 436 4334
1703293 127647 436 125
1703294 127647 436 342
1703295 127647 436 104598
1703296 274501 436 342
1703297 274501 436 81470
1703298 460107 436 1896
1703299 460107 436 2520
1703300 460107 436 941
1703301 460107 436 104828
1703302 460107 436 4736
1703303 460107 436 4552
1703304 460108 436 1896
1703305 460108 436 359
1703306 460108 436 4057
1703311 288671 436 127
1703312 288671 436 285
1703313 460110 436 719
1703314 460110 436 15536
1703315 460110 436 104513
1703316 460110 436 104829
1703317 460110 436 1764
1703318 460110 436 1703
1703319 460110 436 3816
1703320 460111 436 104512
1703321 460111 436 941
1703322 460111 436 1751
1703323 460111 436 19904
1703324 460111 436 638
1703333 460113 436 1147
1703334 460113 436 1779
1703335 460113 436 1122
1703336 460113 436 104
1703337 460114 436 2520
1703338 460114 436 655
1703339 460114 436 1896
1703340 460114 436 104830
1703341 460114 436 47125
1703342 460115 436 1751
1703343 460115 436 68415
1703344 460115 436 104831
1703345 460115 436 104832
1703346 460116 436 1896
1703347 460116 436 912
1703348 460116 436 5749
1703349 460116 436 104833
1703350 460116 436 104834
1703351 460117 436 1565
1703352 460117 436 2631
1703353 460117 436 23888
1703354 460117 436 104817
1703355 460117 436 104692
1703356 460117 436 1896
1703360 460119 436 1896
1703361 460119 436 19583
1703362 460119 436 2631
1703363 460119 436 104835
1703364 460119 436 1651
1703365 460119 436 104692
1703366 460120 436 1565
1703367 460120 436 1896
1703368 460120 436 2631
1703369 460120 436 104731
1703370 460121 436 1565
1703371 460121 436 2631
1703372 460121 436 104731
1703373 460121 436 1896
1703382 460124 436 2861
1703383 460124 436 1565
1703384 460124 436 1261
1703385 460125 436 29
1703386 460125 436 2631
1703387 460125 436 47075
1703388 460125 436 53435
1703389 460125 436 104508
1703390 460126 436 1751
1703391 460126 436 311
1703392 460126 436 3806
1703393 460126 436 3531
1703399 460128 436 3463
1703400 460128 436 941
1703401 460128 436 104547
1703402 460128 436 104490
1703403 460129 436 104581
1703404 460129 436 1751
1703405 460129 436 68415
1703406 460129 436 1823
1703407 460129 436 81750
1703408 460129 436 15678
1703409 460129 436 5072
1703410 460129 436 104837
1703411 460129 436 441
1703412 460129 436 917
1703422 460133 436 55622
1703423 460133 436 1565
1703424 460133 436 1627
1703425 460133 436 104838
1703435 205266 436 1775
1703436 205266 436 1918
1703437 205266 436 29
1703438 205266 436 2627
1703448 460136 436 1896
1703449 460136 436 57881
1703450 460136 436 91079
1703453 460138 436 1779
1703454 460139 436 29
1703455 460139 436 912
1703456 460139 436 47075
1703457 347992 436 1565
1703458 347992 436 1555
1703459 347992 436 2032
1703460 347992 436 17946
1703461 347992 436 104839
1703462 347992 436 104840
1703463 347992 436 104841
1703464 347992 436 80644
1703467 460141 436 1889
1703468 460141 436 1794
1703471 460143 436 941
1703472 460143 436 1794
1703473 460144 436 1896
1703474 460144 436 26055
1703483 460147 436 1794
1703484 460147 436 2072
1703485 460147 436 104700
1703490 460149 436 21
1703491 460149 436 4053
1703492 460149 436 2371
1703493 460149 436 719
1703494 460149 436 3816
1703495 460149 436 20083
1703496 460149 436 81470
1703505 460151 436 3835
1703506 460151 436 3816
1703507 460152 436 2072
1703508 460152 436 1896
1703509 460152 436 44696
1703510 460152 436 104844
1703511 460152 436 1823
1703516 460154 436 563
1703517 460154 436 1896
1703518 460154 436 13723
1703519 460154 436 912
1703523 315900 436 503
1703524 315900 436 1126
1703525 315900 436 21562
1703551 172464 436 16615
1703552 172464 436 104609
1703553 172464 436 4053
1703554 172464 436 4261
1703555 172464 436 58418
1703556 172464 436 2330
1703557 172464 436 39
1703558 460158 436 1896
1703559 460158 436 11864
1703560 460159 436 80
1703561 460159 436 1123
1703572 460161 436 1115
1703573 460161 436 2907
1703574 460161 436 734
1703588 460164 436 359
1703589 460164 436 6208
1703590 460164 436 816
1703591 460164 436 1239
1703601 460166 436 104581
1703602 460166 436 1331
1703603 460166 436 26323
1703604 460166 436 71134
1703605 460166 436 29
1703606 460166 436 441
1703607 460166 436 104846
1703617 460169 436 29
1703618 460169 436 8062
1703619 460169 436 104497
1703620 460169 436 10269
1703621 460170 436 19583
1703622 460170 436 11268
1703623 460170 436 2964
1703624 460170 436 4283
1703640 460174 436 1896
1703641 460174 436 10269
1703642 460174 436 2072
1703643 460174 436 104849
1703644 460174 436 1555
1703656 276060 436 104560
1703664 257573 436 51382
1703665 257573 436 1917
1703666 257573 436 127
1703671 460179 436 1126
1703672 460179 436 104619
1703685 460182 436 2520
1703686 460182 436 2072
1703687 460182 436 20516
1703688 460182 436 6770
1703689 460182 436 503
1703698 460185 436 15080
1703699 460185 436 11050
1703700 460185 436 29
1703706 460187 436 3050
1703707 460187 436 104513
1703708 460187 436 816
1703709 460187 436 2778
1703713 460189 436 2631
1703714 460189 436 4123
1703715 460189 436 10780
1703730 460191 436 503
1703731 460191 436 4123
1703732 460191 436 1119
1703733 460191 436 21193
1703734 460191 436 1565
1703735 460191 436 104855
1703736 460191 436 104510
1703741 460192 436 1751
1703742 460192 436 816
1703743 460192 436 85875
1703744 460193 436 81470
1703750 460195 436 21063
1703751 460196 436 104524
1703752 460196 436 359
1703753 460196 436 1331
1703754 460197 436 1896
1703755 460197 436 29
1703762 278853 436 1767
1703763 278853 436 104856
1703764 278853 436 10815
1703765 460199 436 82260
1703766 460199 436 719
1703767 460199 436 3816
1703768 460199 436 5748
1703769 460199 436 24392
1703770 460199 436 912
1703771 460200 436 11088
1703772 460200 436 1823
1703784 460203 436 1896
1703785 460203 436 10269
1703786 460203 436 1823
1703787 460203 436 1555
1703788 460203 436 1565
1703789 460203 436 23727
1703799 348041 436 304
1703800 348041 436 285
1703801 460205 436 1751
1703802 460205 436 68415
1703803 460205 436 104547
1703804 460205 436 20654
1703805 460206 436 503
1703806 460206 436 22550
1703807 460206 436 638
1703808 460206 436 68415
1703809 460206 436 1751
1703810 460206 436 3867
1703811 460207 436 1918
1703812 460207 436 1917
1703813 460207 436 3731
1703814 460207 436 127
1703815 460207 436 2627
1703816 460207 436 104858
1703817 460208 436 1751
1703818 460208 436 68415
1703819 460208 436 638
1703820 460209 436 16052
1703821 460209 436 19768
1703822 460209 436 4123
1703824 460211 436 8877
1703825 460211 436 1126
1703826 460211 436 1119
1703837 1922627 436 29
1703838 1922627 436 1958
1703839 1922627 436 104490
1703840 1922627 436 46303
1703841 1922627 436 104861
1703842 460215 436 104490
1703843 460215 436 311
1703844 460215 436 1565
1703845 460215 436 1555
1703849 285415 436 1896
1703850 285415 436 15671
1703851 285415 436 91079
1703852 355133 436 1775
1703853 355133 436 127
1703861 116718 436 80
1703862 116718 436 1896
1703863 116718 436 1123
1703864 116718 436 2371
1703865 348051 436 1565
1703866 348051 436 1628
1703867 348051 436 1555
1703875 262854 436 9464
1703876 262854 436 4102
1703877 262854 436 29
1703878 401568 436 1049
1703879 401568 436 5547
1703880 401568 436 104863
1703881 401568 436 1560
1703882 401568 436 27226
1703883 401568 436 638
1703884 401568 436 4713
1703885 401568 436 16067
1703886 460221 436 11048
1703887 460221 436 311
1703888 460221 436 503
1703889 460221 436 3531
1703890 460221 436 2837
1703897 72285 436 2330
1703898 72285 436 2313
1703899 72285 436 2371
1703900 72285 436 1896
1703901 72285 436 26261
1703902 72285 436 342
1703903 72285 436 4027
1703904 72285 436 1823
1703910 460225 436 104490
1703911 460225 436 104524
1703912 460225 436 1958
1703913 460225 436 221
1703914 460225 436 29
1703915 460225 436 21235
1703926 460228 436 2936
1703927 460228 436 343
1703928 460228 436 4951
1703929 460228 436 1565
1703930 460228 436 1261
1703931 460228 436 104865
1703932 460228 436 15284
1703933 460228 436 27092
1703934 460228 436 42966
1703946 460232 436 29
1703947 460232 436 11414
1703948 460232 436 441
1703949 460232 436 104866
1703950 460232 436 104867
1703958 460235 436 1751
1703959 460235 436 719
1703974 460238 436 1896
1703975 460238 436 813
1703976 460238 436 4057
1703977 460239 436 719
1703982 460241 436 29
1703983 460241 436 10601
1703984 460241 436 25641
1703985 460241 436 104868
1703986 460241 436 104869
1703987 460242 436 19180
1703988 460242 436 2072
1703989 460242 436 816
1703990 460242 436 6618
1703991 460242 436 5733
1703992 460242 436 1823
1704007 460246 436 29
1704008 460246 436 1717
1704009 460246 436 39
1704010 460246 436 4587
1704011 460247 436 29
1704012 460247 436 104524
1704013 460247 436 23356
1704014 460247 436 3867
1704015 460247 436 104795
1704016 13190 436 12313
1704017 13190 436 311
1704018 13190 436 1647
1704019 13190 436 104490
1704020 13190 436 104508
1704021 13190 436 104524
1704022 460248 436 1896
1704023 460248 436 3816
1704024 460248 436 4027
1704025 460248 436 104656
1704026 460248 436 58418
1704041 460251 436 311
1704042 460251 436 104562
1704043 460251 436 104512
1704044 460251 436 19513
1704045 460251 436 104872
1704050 460253 436 104508
1704051 460253 436 221
1704052 460253 436 1896
1704053 460253 436 719
1704054 460254 436 1191
1704055 460254 436 55622
1704056 460254 436 1794
1704067 460257 436 1751
1704068 460257 436 4123
1704069 460257 436 44033
1704070 460257 436 47337
1704071 460257 436 68415
1704072 460257 436 104645
1704073 460258 436 917
1704074 460258 436 441
1704075 460258 436 29
1704076 460258 436 57713
1704077 460258 436 1331
1704086 460260 436 2631
1704087 460260 436 1565
1704088 460260 436 1119
1704093 460262 436 1828
1704094 460262 436 1896
1704095 460262 436 1565
1704096 460262 436 1555
1704097 460263 436 1751
1704098 460263 436 68415
1704099 460263 436 104547
1704100 460263 436 104544
1704101 460263 436 11268
1704102 460264 436 1751
1704103 460264 436 719
1704104 460264 436 68415
1704105 460264 436 104642
1704106 460265 436 638
1704107 460265 436 1751
1704108 460265 436 68415
1704109 460265 436 104874
1704110 460265 436 27482
1704111 460266 436 1751
1704112 460266 436 68415
1704113 460266 436 67989
1704114 460266 436 2793
1704115 279550 436 359
1704116 279550 436 734
1704117 279550 436 388
1704118 279550 436 3203
1704119 279550 436 311
1704120 279550 436 12313
1704126 460268 436 359
1704127 460268 436 3816
1704135 460270 436 1751
1704136 460270 436 68415
1704137 460270 436 5913
1704138 460270 436 311
1704143 257364 436 3811
1704144 257364 436 941
1704145 257364 436 816
1704146 460272 436 719
1704147 460272 436 9997
1704148 460272 436 104877
1704155 460273 436 359
1704156 460273 436 6208
1704157 460273 436 1779
1704158 460273 436 638
1704159 460273 436 3484
1704162 460275 436 9445
1704163 460275 436 311
1704164 460275 436 104525
1704165 460275 436 1751
1704166 460275 436 104878
1704167 460276 436 104562
1704168 460276 436 104512
1704169 460276 436 68415
1704170 460276 436 3050
1704171 296330 436 20689
1704172 296330 436 1794
1704173 296330 436 1565
1704174 296330 436 104879
1704175 279826 436 25909
1704176 279826 436 127
1704177 279826 436 29
1704178 460277 436 29
1704179 460277 436 655
1704180 460277 436 29822
1704181 460278 436 29
1704202 460283 436 104525
1704203 460283 436 1751
1704204 460283 436 69384
1704205 460283 436 5489
1704206 460283 436 1555
1704207 460283 436 104880
1704208 460284 436 359
1704209 460284 436 6208
1704210 460284 436 311
1704211 460284 436 104497
1704212 460285 436 108
1704213 460285 436 359
1704214 460285 436 188
1704215 460285 436 7430
1704222 460286 436 1794
1704223 460286 436 425
1704224 460286 436 869
1704225 460286 436 104700
1704231 460288 436 1896
1704232 460288 436 441
1704233 460288 436 41504
1704238 460291 436 1896
1704239 460291 436 91079
1704240 460291 436 80
1704241 460292 436 1896
1704242 460292 436 104609
1704243 272860 436 1896
1704244 460293 436 1896
1704245 460293 436 2627
1704246 460293 436 1918
1704247 460293 436 2392
1704248 460293 436 104882
1704253 460295 436 1244
1704254 460295 436 1794
1704255 460295 436 104560
1704256 460296 436 1751
1704257 460296 436 29
1704258 460296 436 12957
1704259 460296 436 68415
1704260 460296 436 731
1704261 460296 436 24957
1704262 460296 436 9003
1704263 460297 436 311
1704264 460297 436 3806
1704265 460297 436 2836
1704266 460297 436 2707
1704267 460297 436 3816
1704268 199196 436 2392
1704269 199196 436 1704
1704270 199196 436 912
1704271 460298 436 1896
1704272 460298 436 91079
1704273 460299 436 3283
1704274 460299 436 9445
1704275 460300 436 3463
1704276 460300 436 503
1704277 460300 436 104883
1704303 281760 436 104512
1704304 281760 436 104525
1704305 281760 436 104490
1704306 281760 436 104508
1704307 281760 436 1751
1704321 460310 436 3835
1704322 460310 436 3816
1704323 460311 436 84851
1704324 460311 436 1147
1704325 460311 436 359
1704326 460312 436 5083
1704327 460312 436 104546
1704328 460312 436 39025
1704329 460312 436 104562
1704330 460312 436 104530
1704331 460313 436 503
1704332 460313 436 1628
1704338 460315 436 1896
1704339 460315 436 1126
1704340 460316 436 23500
1704341 460316 436 30674
1704342 460316 436 2709
1704343 460316 436 1565
1704344 460316 436 2631
1704345 460316 436 2707
1704346 293892 436 104490
1704347 293892 436 311
1704348 293892 436 1126
1704355 460317 436 104490
1704356 460317 436 1751
1704357 460317 436 1560
1704358 460317 436 6331
1704359 460317 436 68415
1704360 460318 436 1565
1704361 460318 436 1896
1704362 460318 436 1555
1704363 460318 436 104723
1704364 460318 436 80644
1704367 460320 436 3816
1704368 460320 436 912
1704379 460323 436 29
1704380 460323 436 15080
1704381 460323 436 104490
1704382 460323 436 104538
1704383 460323 436 2133
1704394 460325 436 1896
1704395 460325 436 21691
1704396 460325 436 1191
1704397 460325 436 21751
1704398 460325 436 51685
1704399 460326 436 1565
1704400 460326 436 1555
1704401 460326 436 388
1704402 460326 436 104890
1704416 460329 436 503
1704417 460329 436 1126
1704418 460330 436 1823
1704419 460330 436 941
1704420 460330 436 22032
1704421 460330 436 2525
1704422 460330 436 104892
1704430 337040 436 29
1704431 460331 436 1794
1704447 460335 436 3283
1704448 460335 436 1119
1704449 460336 436 1896
1704450 460336 436 11321
1704466 282343 436 1565
1704467 282343 436 1555
1704468 282343 436 1896
1704469 282343 436 20699
1704470 282343 436 20700
1704471 282343 436 104790
1704480 433787 436 80644
1704481 433787 436 80418
1704482 433787 436 1555
1704483 433787 436 104598
1704488 460339 436 1751
1704489 460339 436 2371
1704490 460339 436 51970
1704491 460340 436 1191
1704492 460340 436 1794
1704512 460344 436 1896
1704513 460344 436 41504
1704521 459317 436 1121
1704522 459317 436 912
1704523 459317 436 1999
1704524 459317 436 441
1704530 460346 436 1896
1704531 460346 436 91079
1704532 460347 436 1567
1704533 460347 436 719
1704534 460347 436 1565
1704561 460353 436 359
1704567 136498 436 1169
1704568 136498 436 127
1704569 136498 436 583
1704570 136498 436 2236
1704571 136498 436 104901
1704572 136498 436 4523
1704581 1922628 436 359
1704582 1922628 436 2525
1704583 1922628 436 2251
1704584 1922628 436 104549
1704585 1922628 436 2236
1704596 460361 436 3510
1704597 460361 436 1896
1704598 460361 436 68660
1704599 148724 436 1896
1704600 148724 436 91079
1704601 148724 436 16615
1704602 148724 436 26270
1704603 148724 436 4057
1704626 460366 436 1751
1704627 460366 436 441
1704628 460366 436 2330
1704629 460366 436 104837
1704630 460366 436 104905
1704631 460366 436 1896
1704648 460370 436 941
1704649 460370 436 5777
1704650 460370 436 104906
1704651 460370 436 104907
1704652 1922629 436 2907
1704653 1922629 436 734
1704654 1922629 436 4155
1704655 1922629 436 22227
1704661 460372 436 1116
1704662 460372 436 361
1704663 460372 436 11474
1704664 460372 436 1119
1704665 460373 436 719
1704666 460373 436 941
1704667 460373 436 1703
1704668 460373 436 104908
1704681 460378 436 1751
1704682 460378 436 4123
1704683 460378 436 68415
1704684 460378 436 21594
1704691 460380 436 374
1704692 460380 436 2690
1704693 460380 436 33607
1704694 460380 436 1823
1704695 460380 436 1555
1704696 460381 436 22275
1704697 460381 436 23517
1704698 460381 436 3816
1704699 460381 436 22358
1704700 460381 436 104910
1704715 460384 436 1560
1704716 460384 436 2155
1704717 460384 436 4435
1704718 460384 436 1779
1704719 460384 436 638
1704722 10998 436 503
1704723 10998 436 19046
1704724 10998 436 21396
1704725 10998 436 1802
1704726 10998 436 104911
1704727 460386 436 1896
1704728 460386 436 10269
1704729 460386 436 3681
1704730 460386 436 104524
1704735 460389 436 1119
1704736 460389 436 359
1704737 460389 436 1917
1704738 460389 436 10269
1704739 460390 436 941
1704740 460390 436 359
1704741 460390 436 104524
1704742 460390 436 1431
1704743 460390 436 17169
1704744 460390 436 370
1704745 460390 436 104912
1704746 460390 436 6096
1704749 460391 436 441
1704750 460391 436 359
1704751 460391 436 1896
1704752 460391 436 1651
1704768 460396 436 1896
1704769 460396 436 4075
1704771 460397 436 3463
1704772 460397 436 359
1704781 1922631 436 719
1704782 1922631 436 2456
1704783 1922631 436 104914
1704784 1922631 436 104915
1704788 460399 436 1565
1704789 460399 436 1555
1704790 460399 436 2631
1704791 460399 436 4951
1704792 460399 436 104916
1704793 460399 436 19612
1704798 460401 436 2313
1704799 460401 436 25448
1704800 460401 436 1565
1704801 460401 436 1555
1704802 460402 436 1191
1704803 460402 436 4961
1704804 460402 436 4123
1704805 460402 436 1555
1704829 460409 436 1751
1704830 460409 436 816
1704831 460409 436 104513
1704832 460409 436 16067
1704833 460410 436 1191
1704834 460411 436 29
1704835 460411 436 441
1704836 460411 436 104490
1704837 460411 436 104525
1704838 460411 436 2927
1704839 183276 436 441
1704840 183276 436 1896
1704841 183276 436 3303
1704842 183276 436 21
1704854 460413 436 441
1704855 460413 436 29
1704856 460413 436 26323
1704857 460413 436 26322
1704858 460413 436 917
1704859 75908 436 2627
1704860 75908 436 76
1704861 75908 436 1771
1704862 75908 436 912
1704867 460415 436 4435
1704868 460415 436 1126
1704869 460415 436 104543
1704879 297546 436 4186
1704880 297546 436 1565
1704881 297546 436 1555
1704882 297546 436 80643
1704889 95290 436 3463
1704890 95290 436 1565
1704891 95290 436 1555
1704894 460420 436 1896
1704895 460420 436 10773
1704896 460420 436 1565
1704897 460421 436 643
1704898 460421 436 719
1704899 460421 436 311
1704900 460421 436 1823
1704901 460423 436 1896
1704902 460423 436 104923
1704903 460423 436 1555
1704904 460423 436 2520
1704916 460427 436 29
1704917 460427 436 1794
1704918 460427 436 813
1704919 460427 436 53422
1704927 460429 436 29
1704928 460429 436 1820
1704929 460429 436 104924
1704930 460429 436 1331
1704931 460429 436 2371
1704932 460430 436 29
1704933 460430 436 10286
1704934 460430 436 20383
1704935 460430 436 655
1704936 460430 436 10097
1704937 460431 436 29
1704938 460431 436 29576
1704939 460431 436 1958
1704940 460431 436 23520
1704941 460431 436 104925
1704950 460433 436 29
1704951 460433 436 1565
1704952 460433 436 1896
1704953 460433 436 21064
1704954 460433 436 2364
1704955 460433 436 53682
1704956 460434 436 1565
1704957 460434 436 2631
1704958 460434 436 104927
1704966 244216 436 1896
1704967 244216 436 53568
1704968 86602 436 301
1704969 86602 436 1119
1704971 460439 436 8659
1704972 460440 436 1191
1704973 460440 436 1453
1704974 460440 436 6372
1704975 460440 436 104928
1704979 460441 436 1896
1704980 460441 436 359
1704981 460441 436 104929
1704982 460441 436 104930
1704986 39952 436 7430
1704987 460443 436 1896
1704988 460443 436 1823
1704989 460443 436 104931
1704999 460446 436 11088
1705000 460446 436 10063
1705001 460446 436 1896
1705002 460447 436 503
1705005 389634 436 1896
1705006 389634 436 523
1705007 389634 436 1794
1705008 460449 436 1896
1705009 271162 436 2631
1705010 271162 436 1565
1705018 460452 436 104560
1705027 460455 436 1745
1705028 460455 436 26149
1705029 460455 436 225
1705030 460455 436 4791
1705032 460457 436 1751
1705033 460457 436 4185
1705034 460457 436 1896
1705035 460457 436 91079
1705036 253586 436 2725
1705037 253586 436 1896
1705038 253586 436 869
1705052 460459 436 2072
1705053 460459 436 1896
1705054 460460 436 1751
1705055 460460 436 5541
1705056 460460 436 1779
1705057 460460 436 1431
1705059 460462 436 1775
1705060 460462 436 3816
1705061 460462 436 58396
1705062 460462 436 19207
1705063 460463 436 21
1705064 460463 436 1123
1705065 460463 436 58396
1705066 460463 436 3816
1705067 460463 436 3835
1705068 460463 436 16615
1705069 460464 436 1889
1705070 460464 436 1555
1705071 460464 436 1627
1705080 460467 436 29
1705081 460467 436 20700
1705082 460467 436 24392
1705083 460467 436 912
1705084 460467 436 441
1705085 460467 436 1823
1705086 460467 436 104859
1705091 460468 436 7274
1705092 460468 436 734
1705093 460469 436 1751
1705094 460469 436 68415
1705095 460469 436 104525
1705106 11179 436 941
1705107 11179 436 1794
1705108 11179 436 3814
1705109 460472 436 1751
1705110 460472 436 1794
1705111 460472 436 20521
1705120 460474 436 2631
1705121 460474 436 1191
1705122 460474 436 42482
1705123 460474 436 29
1705124 460474 436 23888
1705125 460474 436 2630
1705126 460475 436 3463
1705127 460475 436 1794
1705131 297142 436 2392
1705132 297142 436 104930
1705133 297142 436 1823
1705134 297142 436 1555
1705137 460478 436 10269
1705138 460478 436 20019
1705139 460478 436 1896
1705140 460478 436 91079
1705144 252729 436 104525
1705145 252729 436 127
1705146 252729 436 813
1705147 252729 436 20814
1705148 252729 436 20815
1705149 252729 436 3816
1705150 460479 436 4435
1705151 460479 436 1584
1705152 460479 436 68429
1705153 460479 436 104935
1705154 460479 436 1119
1705155 460480 436 1191
1705156 460480 436 912
1705167 460484 436 1191
1705168 460484 436 104936
1705169 460484 436 1794
1705170 460484 436 15807
1705171 460485 436 523
1705172 460485 436 104569
1705173 460485 436 342
1705174 460486 436 1764
1705175 460486 436 1119
1705176 460487 436 1126
1705177 460488 436 1896
1705178 460489 436 4186
1705179 460489 436 1794
1705183 1922633 436 359
1705184 1922633 436 2725
1705185 1922633 436 361
1705186 1922633 436 6665
1705187 1922633 436 54126
1705194 460492 436 104581
1705195 460492 436 1896
1705196 460492 436 29
1705197 460492 436 3816
1705198 460492 436 20699
1705199 460492 436 3275
1705200 460492 436 441
1705201 460492 436 917
1705202 460492 436 3237
1705203 460493 436 10269
1705204 460493 436 91079
1705205 460493 436 1555
1705206 460493 436 5815
1705329 460507 436 441
1705330 460507 436 10815
1705331 460507 436 3050
1705332 460507 436 2964
