1786977 477065 448 276
1786978 477065 448 458
1786979 477065 448 6691
1786980 477065 448 220
1786981 477065 448 10231
1786982 477066 448 1703
1786983 477066 448 54524
1786984 477066 448 80230
1786985 1921448 448 2642
1786986 1921448 448 1896
1786987 1921448 448 1125
1786988 1921448 448 2902
1786989 1921448 448 138
1786990 359810 448 106979
1786991 359810 448 2045
1786992 359810 448 167
1786993 359810 448 1744
1786994 477067 448 5923
1786995 477067 448 18529
1786996 477067 448 4297
1787011 477069 448 1062
1787012 477069 448 1056
1787013 477069 448 996
1787014 477069 448 1175
1787015 477069 448 12
1787016 372056 448 825
1787017 372056 448 138
1787018 372056 448 287
1787019 372056 448 1738
1787020 301322 448 287
1787021 301322 448 138
1787022 301322 448 44
1787023 301322 448 1738
1787024 301322 448 4
1787025 301322 448 4446
1787026 37771 448 106980
1787027 37771 448 138
1787028 37771 448 64
1787029 37771 448 44
1787030 37771 448 4446
1787031 37771 448 1738
1787032 37771 448 287
1787042 243169 448 1126
1787043 243169 448 6
1787044 243169 448 1560
1787045 243169 448 503
1787046 477071 448 276
1787047 477071 448 4297
1787048 477071 448 4575
1787049 477071 448 2155
1787050 477071 448 3451
1787055 477072 448 1453
1787056 477072 448 2630
1787057 477072 448 4213
1787058 477072 448 1209
1787059 264558 448 106982
1787060 264558 448 1171
1787061 264558 448 2587
1787062 264558 448 254
1787067 325125 448 13822
1787068 325125 448 5733
1787069 1923352 448 29968
1787070 1923352 448 869
1787071 1923352 448 2707
1787072 1923352 448 5769
1787073 360181 448 106983
1787074 360181 448 1136
1787075 360181 448 44
1787076 360181 448 1127
1787077 360181 448 98
1787078 477074 448 507
1787079 477074 448 1896
1787080 477074 448 12427
1787081 477074 448 106984
1787082 477074 448 2630
1787088 421447 448 108
1787089 421447 448 10231
1787090 421447 448 1738
1787091 421447 448 1058
1787103 69157 448 7274
1787104 69157 448 1819
1787105 69157 448 276
1787106 367980 448 825
1787107 367980 448 187
1787108 367980 448 138
1787109 367980 448 507
1787110 367980 448 287
1787111 451473 448 138
1787112 451473 448 20008
1787113 451473 448 1738
1787114 885021 448 1896
1787115 885021 448 125
1787122 477079 448 4715
1787123 477079 448 1932
1787124 477079 448 106985
1787125 477079 448 1051
1787126 477079 448 39205
1787127 421723 448 1744
1787128 421723 448 40
1787133 360284 448 216
1787134 360284 448 797
1787135 360284 448 138
1787136 38937 448 138
1787137 38937 448 2404
1787138 38937 448 982
1787139 8930 448 6000
1787140 8930 448 285
1787141 8930 448 1738
1787151 360331 448 108
1787152 360331 448 1738
1787153 360331 448 138
1787154 360331 448 187
1787155 421946 448 1890
1787156 421946 448 10231
1787157 421946 448 734
1787158 421946 448 2373
1787159 421946 448 846
1787160 421946 448 120
1787183 296390 448 10
1787184 296390 448 1007
1787185 296390 448 11
1787186 296390 448 12
1787187 54421 448 125
1787188 54421 448 188
1787189 54421 448 189
1787190 54421 448 668
1787191 54421 448 530
1787198 106368 448 5969
1787199 106368 448 10231
1787200 106368 448 507
1787201 453750 448 10231
1787202 453750 448 1209
1787203 453750 448 1191
1787204 477087 448 507
1787205 477087 448 5957
1787206 477087 448 11973
1787207 477087 448 1703
1787208 477088 448 8655
1787209 477088 448 4462
1787210 477088 448 1555
1787211 477088 448 68783
1787212 477088 448 882
1787213 477088 448 29281
1787214 477088 448 61682
1787220 477089 448 2631
1787221 477089 448 29282
1787222 477089 448 53888
1787223 477089 448 2630
1787224 477089 448 57028
1787229 477091 448 8655
1787230 477091 448 91760
1787231 477091 448 12
1787247 393318 448 64
1787248 393318 448 188
1787249 393318 448 10231
1787250 477094 448 21427
1787251 477094 448 12
1787252 477094 448 1704
1787253 477094 448 21
1787254 477094 448 1303
1787255 477095 448 138
1787256 477095 448 4270
1787257 477095 448 106997
1787258 477095 448 1738
1787259 477096 448 1738
1787260 477096 448 527
1787261 477096 448 719
1787262 477096 448 8913
1787263 477097 448 287
1787264 477097 448 1739
1787265 477097 448 1738
1787266 477097 448 138
1787267 477097 448 12
1787268 35865 448 727
1787269 35865 448 523
1787270 35865 448 125
1787271 35865 448 3
1787272 35865 448 1738
1787279 477100 448 106998
1787280 477101 448 8655
1787281 477101 448 106999
1787282 477101 448 83435
1787283 477101 448 882
1787284 477101 448 6372
1787288 477104 448 12
1787289 477104 448 3640
1787290 477104 448 276
1787291 477104 448 5907
1787296 477107 448 1453
1787297 477107 448 29429
1787298 477107 448 952
1787299 477107 448 12
1787300 477107 448 29394
1787301 477108 448 1988
1787302 477108 448 107001
1787303 477108 448 15256
1787304 477108 448 996
1787305 477109 448 46701
1787306 477109 448 1303
1787307 477109 448 731
1787308 477109 448 1187
1787309 477109 448 25853
1787321 477111 448 10828
1787322 477111 448 11099
1787323 477111 448 388
1787324 477111 448 828
1787325 477111 448 457
1787326 477112 448 188
1787327 477112 448 10231
1787328 477112 448 189
1787329 477112 448 1738
1787330 477112 448 1106
1787331 477113 448 1453
1787332 477113 448 29429
1787333 477113 448 19905
1787334 477113 448 12
1787335 477113 448 57028
1787336 477113 448 2631
1787342 477114 448 3594
1787343 477114 448 98
1787344 477114 448 13771
1787345 477115 448 92016
1787346 477115 448 2630
1787347 477115 448 57028
1787348 477115 448 107004
1787349 477115 448 1453
1787350 477115 448 29429
1787364 477119 448 39
1787365 477119 448 1176
1787366 477119 448 10231
1787367 477119 448 107006
1787368 477120 448 992
1787369 477120 448 39
1787370 477120 448 1176
1787371 477120 448 1147
1787372 477121 448 125
1787373 477121 448 466
1787374 477121 448 13767
1787375 477121 448 458
1787376 477122 448 264
1787377 477122 448 1127
1787378 477122 448 1739
1787379 477122 448 44
1787402 477127 448 8655
1787403 477127 448 10650
1787404 477127 448 29398
1787409 477129 448 2100
1787410 477129 448 1838
1787411 477129 448 451
1787412 402549 448 40151
1787413 402549 448 2100
1787414 402549 448 982
1787415 402549 448 1738
1787416 477130 448 5969
1787417 477130 448 107009
1787418 477130 448 2515
1787419 477130 448 221
1787426 477132 448 1565
1787427 477132 448 1257
1787428 477132 448 1261
1787429 477132 448 311
1787430 477132 448 1555
1787431 477132 448 3258
1787432 477132 448 3256
1787433 1923353 448 1049
1787434 1923353 448 26722
1787435 1923353 448 4532
1787438 477134 448 107010
1787439 477134 448 1453
1787440 477134 448 107011
1787441 477134 448 882
1787442 477134 448 57028
1787443 477134 448 107012
1787444 477134 448 107013
1787454 1923354 448 1453
1787455 1923354 448 20040
1787456 1923354 448 12
1787457 477137 448 5969
1787458 477137 448 11336
1787459 477137 448 139
1787468 4204 448 1703
1787469 4204 448 2150
1787470 4204 448 221
1787471 4204 448 1896
1787472 477139 448 107017
1787473 477139 448 846
1787474 477139 448 2373
1787475 477139 448 82271
1787476 477139 448 4124
1787487 477142 448 1932
1787488 477142 448 138
1787489 477142 448 46793
1787490 477142 448 107008
1787491 477143 448 2445
1787492 477143 448 1303
1787493 477143 448 187
1787494 477143 448 6948
1787495 477143 448 27261
1787496 477144 448 106986
1787497 477144 448 6948
1787498 477144 448 187
1787499 477144 448 59189
1787500 477144 448 138
1787501 477144 448 107018
1787502 477144 448 107008
1787503 149396 448 5969
1787504 149396 448 1141
1787505 149396 448 139
1787506 149396 448 39
1787507 1923356 448 1918
1787508 1923356 448 2709
1787509 1923356 448 2710
1787510 1923356 448 1917
1787511 1923356 448 992
1787512 1923356 448 6729
1787517 477146 448 12
1787518 477146 448 276
1787519 477146 448 318
1787520 477146 448 458
1787521 477146 448 523
1787522 477147 448 1453
1787523 477147 448 12418
1787524 373980 448 4469
1787525 373980 448 1171
1787526 373980 448 769
1787527 373980 448 4462
1787528 373980 448 15262
1787529 1915445 448 1053
1787530 1915445 448 912
1787531 1915445 448 1704
1787532 1915445 448 12
1787535 477150 448 29
1787536 477150 448 68171
1787537 477150 448 4124
1787538 477150 448 2514
1787539 477150 448 6968
1787540 455850 448 51845
1787541 455850 448 1896
1787542 455850 448 1703
1787543 477151 448 8655
1787544 477151 448 107019
1787545 477151 448 80311
1787546 477151 448 2631
1787547 477151 448 4297
1787548 477151 448 57028
1787549 477151 448 107020
1787554 477153 448 107021
1787555 477153 448 138
1787556 477153 448 4869
1787557 477153 448 1239
1787558 477153 448 60756
1787559 477154 448 107022
1787560 477154 448 10770
1787561 477154 448 458
1787562 477155 448 27279
1787563 477155 448 56914
1787564 477155 448 107008
1787565 477156 448 40
1787566 477156 448 26098
1787567 477156 448 4696
1787568 477156 448 787
1787569 477157 448 1552
1787570 477157 448 1591
1787571 477157 448 503
1787572 477157 448 15256
1787573 28986 448 8334
1787574 28986 448 108
1787575 28986 448 188
1787576 28986 448 1007
1787577 28986 448 10231
1787581 477159 448 4537
1787582 477159 448 507
1787583 477159 448 1703
1787592 477161 448 1453
1787593 477161 448 12
1787594 477161 448 2631
1787595 477161 448 57028
1787597 383731 448 1896
1787598 383731 448 614
1787599 383731 448 1738
1787602 477163 448 107024
1787603 477163 448 6359
1787604 477163 448 37239
1787605 477163 448 24645
1787613 194257 448 4462
1787614 194257 448 28539
1787615 194257 448 28602
1787616 270888 448 523
1787617 270888 448 16513
1787618 270888 448 2630
1787619 270888 448 57028
1787620 477166 448 1932
1787621 477166 448 2630
1787622 477166 448 1049
1787623 477166 448 15571
1787626 477168 448 1703
1787627 477168 448 1125
1787628 477168 448 4027
1787629 477168 448 2729
1787630 477168 448 3517
1787631 477168 448 6
1787632 477168 448 4533
1787633 477169 448 156
1787634 477169 448 3357
1787635 477169 448 523
1787636 477170 448 4323
1787637 477170 448 635
1787638 477170 448 367
1787645 31135 448 1141
1787646 31135 448 10231
1787647 477172 448 13907
1787648 477172 448 138
1787649 477172 448 107029
1787650 477172 448 187
1787651 477172 448 107008
1787652 477173 448 668
1787653 477173 448 108
1787654 477173 448 1058
1787655 477173 448 189
1787656 477173 448 169
1787657 477174 448 107030
1787658 477174 448 2631
1787659 477174 448 915
1787660 477174 448 18051
1787661 477174 448 6725
1787662 477175 448 29
1787663 477175 448 5831
1787664 477175 448 90630
1787665 477176 448 1049
1787666 477176 448 5245
1787667 477176 448 1932
1787668 42912 448 458
1787669 42912 448 10231
1787670 42912 448 1738
1787671 42912 448 120
1787697 477180 448 107034
1787698 477180 448 12
1787699 477180 448 2556
1787700 477180 448 1209
1787701 477180 448 2630
1787702 477180 448 107035
1787703 477180 448 49124
1787704 477180 448 92741
1787705 477181 448 23989
1787706 477181 448 26240
1787707 477181 448 107036
1787708 477181 448 52145
1787709 477181 448 29251
1787710 477181 448 107037
1787711 477181 448 17951
1787712 477182 448 6
1787713 477182 448 869
1787714 477182 448 9950
1787715 477182 448 2583
1787716 477182 448 1821
1787717 1898355 448 107038
1787718 1898355 448 7492
1787719 1898355 448 1007
1787720 1898355 448 90
1787721 942073 448 5246
1787722 942073 448 5245
1787723 942073 448 1049
1787724 942073 448 1715
1787725 942073 448 42039
1787739 477185 448 107032
1787740 477185 448 26405
1787741 477185 448 4462
1787742 477185 448 28539
1787743 477186 448 1197
1787744 477186 448 107040
1787745 477186 448 23580
1787746 477186 448 4027
1787747 477187 448 294
1787748 477187 448 2556
1787749 477187 448 20520
1787750 477187 448 1049
1787759 21637 448 1703
1787760 21637 448 107041
1787761 477189 448 8655
1787762 477189 448 107005
1787763 477189 448 4462
1787764 477189 448 67776
1787765 477190 448 125
1787766 477190 448 57028
1787767 477190 448 2630
1787768 477190 448 29282
1787769 477190 448 53888
1787770 477190 448 2631
1787771 477191 448 1564
1787772 477191 448 1303
1787773 477191 448 2437
1787774 477191 448 107042
1787775 477192 448 108
1787776 477192 448 1738
1787791 477195 448 3760
1787792 477195 448 2630
1787793 477195 448 12
1787794 477195 448 2556
1787801 477198 448 8655
1787802 477198 448 107005
1787803 477198 448 2631
1787804 477198 448 57028
1787805 477198 448 40
1787813 94384 448 1560
1787814 94384 448 963
1787815 94384 448 1690
1787820 477201 448 5675
1787821 477201 448 458
1787822 477201 448 125
1787823 477201 448 1738
1787824 477201 448 188
1787825 477201 448 10231
1787831 398153 448 963
1787832 398153 448 39
1787833 398153 448 5023
1787834 398153 448 1647
1787835 477203 448 20520
1787836 477203 448 138
1787837 477203 448 2630
1787838 477203 448 187
1787839 477203 448 1049
1787840 477203 448 15571
1787841 477203 448 107044
1787842 477203 448 107045
1787847 477205 448 23989
1787848 477205 448 46372
1787849 477205 448 2342
1787850 477205 448 58832
1787851 477205 448 107046
1787852 477205 448 17951
1787853 477205 448 107047
1787854 477205 448 21083
1787855 477205 448 107036
1787862 477206 448 12
1787863 477206 448 15457
1787864 477206 448 28602
1787865 477206 448 4587
1787866 477206 448 4462
1787870 371386 448 5969
1787871 371386 448 150
1787872 371386 448 11993
1787873 371386 448 882
1787874 477208 448 2008
1787875 477208 448 23953
1787876 477208 448 1141
1787877 477208 448 139
1787878 477208 448 2515
1787884 477210 448 1728
1787885 477210 448 81
1787886 477210 448 5219
1787887 477210 448 12
1787888 477211 448 1867
1787889 477211 448 2761
1787890 477211 448 1175
1787891 477211 448 20847
1787895 477213 448 2631
1787896 477213 448 107049
1787897 477213 448 23996
1787898 477213 448 1555
1787899 477214 448 107050
1787900 477214 448 20424
1787901 477214 448 2631
1787902 477214 448 3281
1787903 477214 448 1561
1787916 477218 448 391
1787917 477218 448 47421
1787918 477218 448 1160
1787919 477218 448 2631
1787967 279247 448 5969
1787968 279247 448 107009
1787969 279247 448 19670
1787970 279247 448 769
1787971 279247 448 2515
1787972 477229 448 5969
1787973 477229 448 107009
1787974 477229 448 19670
1787975 477229 448 769
1787976 477229 448 2515
1787981 477231 448 22652
1787982 477231 448 4627
1787983 477231 448 107052
1787984 477231 448 39113
1787985 33453 448 1738
1787986 33453 448 374
1787987 33453 448 1007
1787994 477234 448 276
1787995 477234 448 458
1787996 477235 448 71743
1787997 477235 448 5748
1787998 477235 448 41438
1787999 477235 448 6618
1788000 477235 448 90
1788013 1923359 448 13822
1788014 1923359 448 37913
1788015 1923359 448 816
1788016 477239 448 13822
1788017 477239 448 503
1788018 477239 448 3357
1788019 477240 448 2729
1788020 477240 448 523
1788021 477240 448 2630
1788051 477248 448 40
1788052 477248 448 1453
1788053 477248 448 107055
1788054 477248 448 3145
1788055 477248 448 57028
1788056 477248 448 18281
1788057 477248 448 2631
1788058 81402 448 17380
1788059 81402 448 5984
1788060 81402 448 4174
1788061 81402 448 21851
1788062 275958 448 978
1788063 275958 448 894
1788064 275958 448 318
1788065 275958 448 10231
1788066 477249 448 1049
1788067 477249 448 20520
1788068 477249 448 15093
1788069 1912015 448 1453
1788070 1912015 448 1191
1788071 1912015 448 2556
1788072 1912015 448 2630
1788073 477250 448 1610
1788074 477250 448 458
1788075 477250 448 457
1788076 477250 448 466
1788077 477250 448 391
1788078 477251 448 1561
1788079 477251 448 15329
1788080 477251 448 1715
1788081 477252 448 8655
1788082 477252 448 107005
1788083 477252 448 125
1788084 477252 448 80311
1788085 477252 448 2837
1788086 477252 448 35069
1788087 477253 448 8655
1788088 477253 448 107005
1788089 477253 448 2837
1788090 477253 448 80311
1788091 477253 448 35069
1788092 477253 448 125
1788093 477254 448 8655
1788094 477254 448 107005
1788095 477254 448 125
1788096 477254 448 35069
1788097 477254 448 2837
1788098 477254 448 107056
1788099 477254 448 80311
1788100 477255 448 4174
1788101 477255 448 500
1788102 477255 448 8705
1788103 477255 448 17285
1788104 477255 448 6372
1788105 477255 448 91770
1788118 477260 448 1049
1788119 477260 448 27827
1788120 477260 448 15093
1788121 477260 448 20520
1788122 477260 448 4540
1788134 477264 448 2630
1788135 477264 448 307
1788136 477264 448 107058
1788142 396283 448 108
1788143 396283 448 10231
1788144 396283 448 1779
1788149 326866 448 138
1788150 326866 448 1896
1788151 326866 448 254
1788152 326866 448 2931
1788153 477267 448 1564
1788154 477267 448 12
1788155 477267 448 2437
1788156 477267 448 3291
1788174 975120 448 507
1788175 975120 448 30
1788176 975120 448 1367
1788177 975120 448 816
1788178 975120 448 638
1788179 975120 448 1106
1788180 110634 448 39
1788181 110634 448 731
1788182 110634 448 15449
1788183 110634 448 846
1788187 477272 448 13907
1788188 477272 448 20520
1788189 477272 448 12
1788193 477273 448 6579
1788194 477273 448 9732
1788195 477274 448 4683
1788196 477274 448 305
1788197 477274 448 15
1788204 477275 448 138
1788205 477275 448 1738
1788206 477275 448 125
1788219 477277 448 1896
1788220 477277 448 69079
1788221 477277 448 29268
1788222 477277 448 507
1788223 477277 448 799
1788224 477277 448 91844
1788225 477277 448 8048
1788226 72746 448 1896
1788227 72746 448 2185
1788228 72746 448 1703
1788229 477278 448 10231
1788230 477278 448 264
1788231 477278 448 992
1788232 477278 448 730
1788233 477279 448 10231
1788234 477279 448 22652
1788235 477279 448 3151
1788236 477280 448 1049
1788237 477280 448 1715
1788238 477280 448 23721
1788239 477280 448 138
1788244 477282 448 138
1788245 477282 448 1049
1788246 477282 448 1197
1788247 477282 448 5245
1788248 477282 448 1302
1788249 477282 448 10223
1788254 200124 448 451
1788255 200124 448 29
1788256 200124 448 458
1788257 200124 448 1917
1788258 200124 448 125
1788259 477284 448 873
1788260 477284 448 1442
1788261 477285 448 4683
1788262 477285 448 10231
1788263 477285 448 13229
1788264 477285 448 1007
1788265 477285 448 1738
1788270 477287 448 5142
1788271 477287 448 31099
1788272 477287 448 1715
1788273 477287 448 1561
1788274 477287 448 4237
1788275 477287 448 5126
1788282 477289 448 26069
1788283 477289 448 1690
1788284 477289 448 10231
1788285 477289 448 3290
1788286 477289 448 3312
1788287 477290 448 4511
1788288 477290 448 367
1788289 477290 448 276
1788290 477291 448 107063
1788291 477291 448 1453
1788292 477291 448 91760
1788293 477291 448 4462
1788302 477292 448 188
1788303 477292 448 107065
1788304 477292 448 1106
1788305 477292 448 1738
1788306 477292 448 1453
1788310 477294 448 1896
1788311 477294 448 1703
1788312 477294 448 26866
1788313 477295 448 23989
1788314 477295 448 12
1788315 477295 448 17951
1788316 477295 448 38950
1788317 477295 448 1191
1788318 477295 448 19668
1788319 477296 448 10428
1788320 477296 448 1191
1788321 477296 448 1722
1788322 61506 448 139
1788323 61506 448 44
1788324 61506 448 4418
1788325 477297 448 15520
1788326 477297 448 107066
1788327 477297 448 1560
1788328 477297 448 13907
1788329 477297 448 138
1788330 477297 448 107008
1788331 477298 448 46571
1788332 477298 448 2631
1788333 477298 448 1555
1788334 477298 448 107049
1788335 477298 448 1034
1788336 477298 448 12
1788348 277734 448 108
1788349 277734 448 1738
1788350 277734 448 23628
1788351 277734 448 926
1788352 406392 448 108
1788353 406392 448 4056
1788354 406392 448 1738
1788355 406392 448 72
1788356 477300 448 1738
1788357 477300 448 1779
1788358 477300 448 108
1788363 25564 448 108
1788364 25564 448 10231
1788365 22591 448 188
1788366 22591 448 10231
1788367 22591 448 1738
1788368 22591 448 108
1788369 192608 448 10231
1788370 192608 448 138
1788371 192608 448 108
1788374 153389 448 5387
1788375 153389 448 2161
1788376 153389 448 139
1788377 153389 448 10231
1788378 153389 448 15061
1788379 153389 448 869
1788380 153389 448 12
1788386 330313 448 138
1788387 330313 448 125
1788388 330313 448 287
1788389 330313 448 391
1788390 330313 448 156
1788391 477303 448 458
1788392 477303 448 466
1788393 477303 448 13767
1788394 477303 448 125
1788395 477304 448 107069
1788396 477304 448 4174
1788397 477304 448 1191
1788400 477306 448 41438
1788401 477306 448 6618
1788402 477306 448 1745
1788412 477309 448 1565
1788413 477309 448 125
1788414 477309 448 4587
1788415 477309 448 107071
1788416 477309 448 49524
1788417 477310 448 15
1788418 477310 448 138
1788419 477310 448 4297
1788420 477310 448 458
1788421 15653 448 189
1788422 15653 448 1738
1788423 15653 448 1129
1788449 477314 448 457
1788450 477314 448 55159
1788451 477314 448 13767
1788452 477315 448 457
1788453 477315 448 55159
1788454 477315 448 13767
1788455 477316 448 457
1788456 477316 448 55159
1788457 477316 448 13767
1788461 477317 448 13767
1788462 477317 448 457
1788463 477317 448 523
1788464 477317 448 2556
1788465 477317 448 540
1788466 477317 448 466
1788467 477317 448 367
1788468 477317 448 26459
1788469 477318 448 457
1788470 477318 448 55159
1788471 477318 448 13767
1788472 477319 448 2631
1788473 477319 448 57028
1788474 477319 448 15710
1788475 477319 448 29
1788476 477319 448 11997
1788477 477319 448 2630
1788512 13156 448 4028
1788513 13156 448 4699
1788514 13156 448 8799
1788515 13156 448 5906
1788518 477325 448 1565
1788519 477325 448 2709
1788520 477325 448 19962
1788521 477325 448 12
1788522 477325 448 1555
1788523 477325 448 1628
1788524 477325 448 19377
1788528 477327 448 107043
1788532 477329 448 992
1788533 477329 448 1896
1788534 477329 448 2185
1788535 477329 448 507
1788536 477329 448 388
1788537 477329 448 1122
1788553 477332 448 1889
1788554 477332 448 4587
1788555 477332 448 1555
1788556 477332 448 1565
1788557 477332 448 12
1788562 477334 448 799
1788563 477334 448 25843
1788564 477334 448 25271
1788565 477334 448 27665
1788566 477334 448 1715
1788567 290557 448 150
1788568 290557 448 882
1788569 477335 448 5969
1788570 477335 448 107077
1788571 477335 448 1025
1788572 477336 448 138
1788573 477336 448 125
1788574 55093 448 5969
1788575 55093 448 15
1788576 55093 448 10231
1788579 477338 448 331
1788580 477338 448 2514
1788581 477338 448 10231
1788582 75981 448 29
1788583 75981 448 39
1788600 477340 448 27556
1788601 477340 448 49999
1788602 477340 448 912
1788603 477340 448 41310
1788604 477340 448 4053
1788609 477342 448 668
1788610 477342 448 189
1788611 477342 448 125
1788612 477342 448 10231
1788613 477342 448 1738
1788614 477343 448 169
1788615 477343 448 1738
1788616 477343 448 72
1788617 477343 448 304
1788618 477343 448 188
1788619 477343 448 189
1788629 477346 448 39
1788630 477346 448 287
1788631 477346 448 4
1788632 477347 448 2028
1788633 477347 448 4056
1788634 477347 448 388
1788635 477347 448 978
1788636 477347 448 5936
1788637 477348 448 1191
1788638 477348 448 2630
1788639 477348 448 57028
1788640 477348 448 1209
1788641 477348 448 12
1788642 5272 448 5969
1788643 5272 448 107009
1788644 5272 448 882
1788645 5272 448 2863
1788646 477349 448 365
1788647 477349 448 10231
1788648 477349 448 1707
1788660 477351 448 1896
1788661 477351 448 8714
1788662 477351 448 5922
1788663 477352 448 8722
1788664 477352 448 13822
1788665 477352 448 107081
1788674 1915290 448 507
1788675 1915290 448 107082
1788676 1915290 448 1896
1788677 1915290 448 3141
1788678 1915290 448 25043
1788679 1915290 448 19943
1788684 127089 448 108
1788685 127089 448 262
1788686 127089 448 70
1788687 127089 448 1738
1788693 34304 448 668
1788694 34304 448 72
1788695 34304 448 189
1788696 34304 448 1738
1788697 477355 448 12
1788698 477355 448 138
1788699 477355 448 10231
1788700 477355 448 1738
1788705 477357 448 8655
1788706 477357 448 107019
1788707 477357 448 12
1788708 477357 448 4462
1788709 477357 448 90846
1788710 477357 448 882
1788711 477357 448 68783
1788712 477357 448 1555
1788713 477357 448 91760
1788714 477358 448 65231
1788715 477358 448 44
1788716 477358 448 2630
1788717 477358 448 57028
1788718 477358 448 5891
1788719 477358 448 138
1788720 477358 448 2631
1788721 477358 448 5120
1788722 477358 448 107063
1788726 197423 448 451
1788727 197423 448 1565
1788728 197423 448 4791
1788729 477360 448 8655
1788730 477360 448 106364
1788731 477360 448 29370
1788732 477360 448 4
1788733 477360 448 10231
1788734 477360 448 107014
1788735 59176 448 188
1788736 59176 448 1738
1788737 59176 448 10231
1788738 68143 448 15854
1788739 68143 448 10231
1788740 68143 448 1722
1788741 1915152 448 1932
1788742 1915152 448 1049
1788743 1915152 448 2630
1788744 1915152 448 5245
1788745 477361 448 90
1788746 477361 448 1367
1788747 477361 448 6
1788748 477361 448 5939
1788751 477362 448 8655
1788752 477362 448 107005
1788753 477362 448 17336
1788754 477362 448 21403
1788759 477363 448 1703
1788760 477363 448 22652
1788761 477363 448 1779
1788762 477363 448 107084
1788763 477365 448 8655
1788764 477365 448 22052
1788765 477365 448 107079
1788766 477365 448 72
1788788 477368 448 4657
1788789 477368 448 1191
1788790 477368 448 2631
1788791 477368 448 2556
1788797 477371 448 188
1788798 477371 448 1738
1788799 477371 448 10231
1788800 477371 448 4044
1788801 477371 448 189
1788808 23536 448 1325
1788809 23536 448 1007
1788810 23536 448 107093
1788811 23536 448 960
1788812 477374 448 1932
1788813 477374 448 2630
1788814 477374 448 107094
1788815 1923365 448 4470
1788816 1923365 448 1049
1788817 1923365 448 11544
1788818 1923365 448 19794
1788819 1923365 448 20744
1788826 477376 448 391
1788827 477376 448 47421
1788828 477376 448 523
1788829 477376 448 57028
1788837 477377 448 1672
1788838 477377 448 81080
1788839 477377 448 3292
1788840 477377 448 285
1788841 477377 448 107096
1788842 477378 448 5969
1788843 477378 448 12817
1788844 477378 448 1141
1788864 477381 448 107100
1788865 477381 448 107101
1788866 477381 448 5831
1788867 477381 448 941
1788868 477381 448 50170
1788869 477381 448 4469
1788870 477381 448 1705
1788871 29211 448 138
1788872 29211 448 164
1788873 29211 448 961
1788876 477383 448 107032
1788877 477383 448 3355
1788878 477383 448 4302
1788879 477384 448 107030
1788880 477384 448 17374
1788881 477384 448 107102
1788882 477384 448 43358
1788883 477384 448 458
1788884 477384 448 2297
1788885 477384 448 1257
1788886 477384 448 3474
1788887 477385 448 8655
1788888 477385 448 2631
1788889 477385 448 57028
1788890 477385 448 91760
1788891 477386 448 10985
1788892 477386 448 734
1788908 271859 448 1116
1788909 271859 448 53
1788910 271859 448 70
1788911 271859 448 1738
1788912 477387 448 3558
1788913 477387 448 188
1788914 477387 448 70
1788915 477387 448 2846
1788916 1915207 448 73610
1788917 1915207 448 107107
1788918 1915207 448 29
1788919 1915207 448 363
1788920 1915207 448 5309
1788924 477389 448 12145
1788925 477389 448 1738
1788926 477389 448 4446
1788929 477390 448 5969
1788930 477390 448 10231
1788931 477390 448 221
1788932 477390 448 2515
1788952 477394 448 13822
1788953 477394 448 107108
1788954 477394 448 1367
1788955 477395 448 5969
1788956 477395 448 107016
1788957 477395 448 6536
1788958 477395 448 29
1788959 477395 448 1305
1788960 477396 448 5969
1788961 477396 448 107016
1788962 477396 448 6536
1788963 477396 448 13822
1788964 477397 448 5969
1788965 477397 448 107016
1788966 477397 448 6536
1788967 477398 448 5969
1788968 477398 448 107016
1788969 477398 448 6536
1788970 477398 448 4886
1788971 477399 448 15784
1788972 477399 448 311
1788973 477399 448 15290
1788974 477400 448 5969
1788975 477400 448 10231
1788976 477400 448 1367
1788977 477400 448 221
1788978 477401 448 5969
1788979 477401 448 1367
1788983 477403 448 1561
1788984 477403 448 26155
1788985 477404 448 104
1788986 477404 448 139
1788987 477404 448 1021
1788988 477404 448 107109
1788989 477404 448 3153
1788994 477406 448 12
1788995 477406 448 4462
1788996 477406 448 28539
1788997 477406 448 1555
1788998 477406 448 2729
1788999 477407 448 4430
1789000 477407 448 1738
1789001 477407 448 137
1789002 477407 448 13942
1789003 477407 448 5493
1789004 477407 448 189
1789010 477409 448 81413
1789011 477409 448 2393
1789012 477409 448 107111
1789013 477409 448 507
1789014 477409 448 1896
1789015 477409 448 107112
1789016 477410 448 1122
1789017 477410 448 12
1789018 477410 448 719
1789019 477410 448 107113
1789027 477413 448 1794
1789028 477413 448 28539
1789029 477414 448 4462
1789030 477414 448 1367
1789031 477414 448 1703
1789032 477414 448 78369
1789033 477414 448 523
1789034 477414 448 816
1789035 477414 448 20743
1789036 477414 448 28539
1789037 477415 448 69318
1789038 477415 448 799
1789039 477415 448 18367
1789040 477415 448 1715
1789041 477415 448 1561
1789042 477415 448 6963
1789043 73318 448 90
1789044 73318 448 1141
1789045 477416 448 8655
1789046 477416 448 4462
1789047 477416 448 91760
1789048 477416 448 1555
1789049 477416 448 125
1789064 43774 448 12
1789065 43774 448 1239
1789066 43774 448 15318
1789067 43774 448 107115
1789068 477422 448 4297
1789069 477422 448 1453
1789070 477422 448 29298
1789071 477422 448 107116
1789076 477424 448 1896
1789077 477424 448 5927
1789078 477424 448 287
1789079 477425 448 254
1789080 477425 448 39957
1789081 477425 448 138
1789093 260859 448 1703
1789094 260859 448 507
1789095 260859 448 6917
1789096 260859 448 4696
1789097 477428 448 829
1789098 477428 448 104
1789099 477428 448 6665
1789100 477428 448 107117
1789101 477428 448 23909
1789105 477430 448 1122
1789106 477430 448 331
1789107 477430 448 799
1789108 477430 448 813
1789109 477431 448 5969
1789110 477431 448 19840
1789111 477431 448 10231
1789112 477431 448 10091
1789115 477433 448 276
1789116 477433 448 70
1789117 477433 448 1118
1789118 477433 448 254
1789125 477435 448 60566
1789126 477435 448 10231
1789127 477436 448 39964
1789128 477436 448 5394
1789129 477436 448 1918
1789130 477436 448 29
1789131 477436 448 254
1789132 477436 448 2631
1789137 334723 448 30
1789138 334723 448 2631
1789139 334723 448 1058
1789140 334723 448 4971
1789141 334723 448 1554
1789142 334723 448 4023
1789143 16005 448 30
1789144 16005 448 307
1789145 16005 448 10231
1789146 16005 448 458
1789147 16005 448 90
1789148 1923366 448 1053
1789149 1923366 448 912
1789150 1923366 448 307
1789151 1923366 448 1554
1789152 1923366 448 3083
1789156 477439 448 4044
1789157 477439 448 90
1789158 477439 448 188
1789159 1912019 448 869
1789160 1912019 448 2707
1789161 1912019 448 4237
1789162 1912019 448 4379
1789163 1912019 448 4405
1789164 1912019 448 4540
1789165 1912019 448 19794
1789170 14096 448 1058
1789171 14096 448 53
1789172 14096 448 1738
1789173 14096 448 70
1789180 477444 448 6025
1789181 477444 448 4469
1789182 477444 448 12
1789183 428876 448 100983
1789184 428876 448 22652
1789185 428876 448 331
1789186 428876 448 29
1789187 428876 448 3394
1789188 428876 448 39
1789227 477453 448 2630
1789228 477453 448 12
1789229 477453 448 2056
1789230 477453 448 29325
1789231 477453 448 38234
1789232 477453 448 107120
1789233 477453 448 107059
1789250 1923367 448 12
1789251 1923367 448 1896
1789252 1923367 448 469
1789253 477457 448 2631
1789254 477457 448 19881
1789255 477457 448 2630
1789256 477457 448 57028
1789257 477457 448 1191
1789258 477459 448 388
1789259 477459 448 308
1789265 477460 448 4633
1789266 477460 448 1230
1789267 477460 448 2935
1789268 477460 448 2587
1789269 477460 448 2613
1789270 477461 448 4462
1789271 477461 448 276
1789272 477461 448 3451
1789285 477464 448 125
1789286 477464 448 220
1789287 477464 448 318
1789288 477464 448 458
1789289 477465 448 276
1789290 477465 448 1808
1789291 477465 448 4793
1789292 477465 448 3269
1789293 477465 448 21
1789294 477465 448 474
1789295 477465 448 12
1789296 283587 448 8655
1789297 283587 448 107005
1789298 283587 448 1442
1789299 477467 448 8655
1789300 477467 448 2631
1789301 477467 448 29398
1789307 477469 448 1703
1789308 477469 448 507
1789309 477469 448 107112
1789310 477469 448 1564
1789327 477474 448 189
1789328 477474 448 90
1789329 477474 448 668
1789330 477475 448 39
1789331 477475 448 374
1789332 477475 448 1779
1789333 477475 448 4851
1789342 21459 448 125
1789343 21459 448 1779
1789344 21459 448 1703
1789345 21459 448 846
1789354 477480 448 31363
1789355 477480 448 4251
1789356 477480 448 107128
1789357 477480 448 507
1789362 477483 448 4462
1789363 477483 448 16522
1789364 477483 448 1281
1789365 477483 448 41381
1789366 477483 448 107129
1789371 477485 448 8655
1789372 477485 448 4594
1789373 477485 448 4462
1789374 477485 448 5831
1789375 477485 448 107086
1789376 477485 448 91760
1789382 1923368 448 1049
1789383 1923368 448 138
1789384 1923368 448 4105
1789385 1923368 448 5290
1789386 1923368 448 1716
1789387 1923368 448 1715
1789402 477490 448 29282
1789403 477490 448 2630
1789404 477490 448 107131
1789405 477490 448 107132
1789427 477495 448 391
1789428 477495 448 727
1789429 477495 448 156
1789436 477497 448 138
1789437 477497 448 98553
1789438 477497 448 1999
1789439 477497 448 42253
1789449 112549 448 1932
1789450 112549 448 1049
1789451 112549 448 374
1789452 112549 448 107133
1789457 477500 448 2630
1789458 477500 448 27543
1789459 477500 448 107134
1789465 477502 448 12
1789466 477502 448 3141
1789467 477502 448 1564
1789468 477502 448 3602
1789469 477502 448 523
1789470 477502 448 61005
1789471 477502 448 15329
1789476 477504 448 5146
1789477 477504 448 305
1789478 477504 448 4044
1789479 477504 448 7271
1789480 477504 448 188
1789481 477504 448 1738
1789501 477509 448 107032
1789502 477509 448 6279
1789503 477509 448 4462
1789504 477509 448 450
1789505 477509 448 28539
1789513 477510 448 32388
1789514 477510 448 19040
1789515 477510 448 1564
1789516 477510 448 1561
1789517 477510 448 3281
1789518 396822 448 138
1789519 396822 448 1896
1789520 396822 448 5922
1789521 396822 448 1738
1789522 477511 448 33634
1789523 477511 448 10231
1789524 477511 448 6262
1789532 477512 448 12
1789533 477512 448 2115
1789534 477512 448 1703
1789535 1923371 448 221
1789536 1923371 448 1160
1789537 1923371 448 1738
1789541 281778 448 26423
1789542 281778 448 869
1789543 281778 448 1555
1789547 477515 448 10231
1789554 477517 448 795
1789555 477517 448 980
1789556 477517 448 19403
1789557 477517 448 732
1789558 477517 448 507
1789559 477517 448 3769
1789560 477517 448 20
1789561 477518 448 3394
1789562 477518 448 1738
1789563 477518 448 1057
1789564 477518 448 90
1789565 477518 448 7492
1789566 477518 448 1007
1789571 477520 448 536
1789572 477520 448 996
1789573 477520 448 1191
1789574 73653 448 10231
1789575 73653 448 18279
1789576 73653 448 799
1789577 1912022 448 107136
1789578 1912022 448 367
1789579 477521 448 27279
1789580 477521 448 1932
1789581 477521 448 25853
1789582 477521 448 507
1789583 477521 448 107137
1789584 477522 448 27279
1789585 477522 448 25853
1789586 477522 448 107138
1789587 477522 448 56914
1789588 477523 448 21481
1789589 477523 448 638
1789590 477523 448 10231
1789591 477523 448 11018
1789592 1912023 448 1224
1789593 1912023 448 29556
1789594 1912023 448 1191
1789595 1912023 448 869
1789596 1912023 448 2837
1789597 477524 448 29
1789598 477524 448 90
1789599 477524 448 3394
1789600 477524 448 27332
1789601 477524 448 992
1789602 477524 448 4230
1789603 1923372 448 107139
1789604 1923372 448 1191
1789605 1923372 448 638
1789606 1923372 448 24041
1789607 1923372 448 4174
1789608 1923372 448 1560
1789609 105132 448 5969
1789610 105132 448 2868
1789611 105132 448 10231
1789614 477526 448 1932
1789615 477526 448 19907
1789616 477526 448 107140
1789617 477526 448 20520
1789618 477527 448 540
1789619 477527 448 8294
1789620 477527 448 391
1789621 477527 448 156
1789622 477527 448 4385
1789623 477527 448 1704
1789624 477527 448 301
1789625 477527 448 138
1789626 477528 448 12
1789627 477528 448 2403
1789628 429048 448 391
1789629 429048 448 1896
1789630 429048 448 5922
1789631 477529 448 1565
1789632 477529 448 4587
1789633 477529 448 12
1789634 477529 448 425
1789635 417776 448 10231
1789636 417776 448 6
1789637 404799 448 11016
1789638 404799 448 2587
1789639 404799 448 1171
1789640 404799 448 106982
1789641 477530 448 894
1789642 477530 448 1313
1789643 477530 448 730
1789644 477530 448 24282
1789645 477530 448 2290
1789646 477530 448 90
1789647 477530 448 768
1789648 477531 448 78636
1789649 477531 448 1453
1789650 477531 448 4696
1789651 477531 448 254
1789657 477532 448 2161
1789658 477532 448 2709
1789659 477532 448 1555
1789660 477532 448 6
1789665 477534 448 829
1789666 477534 448 264
1789667 477534 448 104
1789668 477534 448 734
1789669 477534 448 748
1789670 477534 448 2908
1789675 1923373 448 2150
1789676 1923373 448 5675
1789677 1923373 448 528
1789678 1923373 448 12909
1789679 477536 448 457
1789680 477536 448 55159
1789681 477536 448 13767
1789685 330952 448 13822
1789686 330952 448 507
1789687 330952 448 1896
1789688 477541 448 1051
1789689 477541 448 13911
1789690 477541 448 107142
1789691 477542 448 15777
1789692 477542 448 60756
1789693 477542 448 1303
1789694 477542 448 187
1789695 477542 448 1049
1789696 477542 448 107143
1789697 477543 448 8655
1789698 477543 448 107005
1789699 477543 448 10231
1789700 477544 448 1430
1789701 477544 448 1147
1789702 477544 448 285
1789703 477544 448 2373
1789704 477544 448 1703
1789705 477544 448 846
1789706 477544 448 43139
1789707 477545 448 8655
1789708 477545 448 107144
1789709 477545 448 107145
1789710 477545 448 100482
1789711 477545 448 57028
1789712 477546 448 106981
1789713 477546 448 10780
1789714 477546 448 5831
1789715 477546 448 4736
1789716 41698 448 1703
1789717 41698 448 2922
1789718 41698 448 106769
1789719 477548 448 1738
1789720 477548 448 69644
1789721 477548 448 304
1789722 477548 448 1118
1789728 477550 448 5936
1789729 477550 448 2846
1789730 477550 448 978
1789731 477550 448 108
1789732 477550 448 1738
1789733 87498 448 4056
1789734 87498 448 125
1789735 87498 448 388
1789736 87498 448 978
1789747 477551 448 2931
1789748 477551 448 225
1789749 477551 448 4462
1789750 477551 448 29319
1789760 477553 448 8655
1789761 477553 448 29394
1789762 477553 448 4
1789763 477553 448 10231
1789764 477553 448 29429
1789765 477553 448 29370
1789766 477553 448 107146
1789767 477553 448 107014
1789768 477554 448 8655
1789769 477554 448 107144
1789770 477554 448 974
1789771 477554 448 100482
1789772 477554 448 57028
1789773 477554 448 107145
1789779 477556 448 5969
1789780 477556 448 150
1789781 477556 448 1025
1789782 477556 448 107077
1789783 477557 448 4356
1789784 477557 448 29
1789785 477557 448 20913
1789786 477558 448 4713
1789787 477558 448 1555
1789788 477558 448 6725
1789789 477558 448 1157
1789790 477558 448 4715
1789799 1923374 448 29651
1789800 1923374 448 2630
1789801 1923374 448 1722
1789802 1923374 448 1723
1789803 477561 448 1257
1789804 477561 448 1808
1789805 477561 448 4643
1789806 477561 448 4462
1789807 477561 448 1555
1789808 477561 448 12
1789809 477561 448 25985
1789810 477562 448 107149
1789811 477562 448 4373
1789812 477562 448 1932
1789813 477562 448 1049
1789814 477562 448 1313
1789815 477562 448 104059
1789818 477563 448 36855
1789819 477563 448 5891
1789820 477563 448 27261
1789821 477563 448 2445
1789822 477563 448 1049
1789823 477564 448 1561
1789824 477564 448 1715
1789825 477565 448 1049
1789826 477565 448 49616
1789827 477565 448 1303
1789832 477567 448 18367
1789833 477567 448 1049
1789834 477567 448 138
1789835 477567 448 5246
1789836 477567 448 1715
1789837 477568 448 11544
1789838 477568 448 138
1789839 477568 448 1564
1789840 477568 448 2437
1789841 477569 448 15329
1789842 477569 448 1561
1789843 477569 448 1715
1789844 477569 448 1564
1789845 477570 448 4469
1789846 477570 448 20520
1789847 477570 448 1049
1789848 477570 448 1932
1789849 477571 448 1049
1789850 477571 448 21428
1789851 477572 448 91278
1789852 477572 448 1049
1789853 477572 448 1715
1789854 477572 448 138
1789855 477572 448 2642
1789856 477573 448 53937
1789857 477573 448 5906
1789858 477574 448 1049
1789859 477574 448 138
1789860 477574 448 19712
1789861 477574 448 49616
1789862 302095 448 4469
1789863 302095 448 72002
1789864 302095 448 20520
1789865 302095 448 15571
1789866 302095 448 1049
1789867 302095 448 1932
1789868 477575 448 92397
1789869 477575 448 4869
1789870 477575 448 138
1789871 477575 448 1049
1789872 477575 448 1715
1789873 477575 448 4540
1789874 397926 448 1561
1789875 397926 448 1715
1789876 397926 448 10494
1789877 397926 448 1563
1789878 397926 448 93028
1789879 477576 448 72238
1789880 477576 448 1049
1789881 477576 448 1932
1789882 477577 448 1049
1789883 477577 448 138
1789884 477577 448 1564
1789885 477577 448 1932
1789886 477577 448 5769
1789887 477578 448 1049
1789888 477579 448 1323
1789889 477579 448 4975
1789890 477579 448 4144
1789900 477582 448 107122
1789901 477582 448 38234
1789902 477582 448 107120
1789903 477582 448 12
1789904 477582 448 107059
1789905 477583 448 1453
1789906 477583 448 29429
1789907 477583 448 107150
1789908 477583 448 12
1789913 477585 448 829
1789914 477585 448 104
1789915 477585 448 107117
1789916 477585 448 104088
1789917 477585 448 23909
1789918 477587 448 27279
1789919 477587 448 638
1789920 477587 448 61223
1789921 477587 448 107151
1789922 477587 448 51726
1789923 477588 448 7333
1789924 477588 448 829
1789925 477589 448 1703
1789926 477589 448 10231
1789927 477589 448 1176
1789928 477589 448 1147
1789940 477592 448 23996
1789941 477592 448 2892
1789955 477595 448 8655
1789956 477595 448 2631
1789957 477595 448 57028
1789961 1923375 448 3394
1789962 1923375 448 507
1789963 1923375 448 1051
1789969 477598 448 1057
1789970 477598 448 1112
1789971 477598 448 2631
1789972 477598 448 2199
1789973 477598 448 3394
1789974 477598 448 67346
1789975 477599 448 3394
1789976 477599 448 1738
1789977 477599 448 6686
1789978 196256 448 3394
1789979 196256 448 1058
1789980 196256 448 72
1789981 196256 448 926
1789982 196256 448 1738
1789983 477600 448 3394
1789984 477600 448 6737
1789985 477600 448 10231
1789986 477600 448 264
1789987 477600 448 1176
1789988 477600 448 6729
1789992 477602 448 182
1789993 477602 448 825
1789994 477602 448 44
1789995 477602 448 276
1789996 477603 448 1453
1789997 477603 448 107153
1789998 477603 448 107068
1789999 477603 448 92016
1790000 477603 448 91760
1790001 477603 448 57028
1790002 477603 448 107013
1790003 477604 448 388
1790004 477604 448 458
1790005 477604 448 4297
1790006 477604 448 12
1790007 477604 448 107154
1790008 477604 448 318
1790009 477604 448 276
1790016 477606 448 1453
1790017 477606 448 1722
1790018 477606 448 1191
1790019 477606 448 12
1790020 477607 448 1717
1790021 477607 448 1331
1790022 477607 448 2456
1790023 477607 448 1051
1790024 942080 448 91770
1790025 942080 448 507
1790026 942080 448 8705
1790027 942080 448 107155
1790028 942080 448 1242
1790029 477608 448 1561
1790030 477608 448 15329
1790031 477608 448 1126
1790032 477608 448 503
1790033 477608 448 1564
1790034 477608 448 1715
1790035 477608 448 361
1790036 477608 448 3517
1790037 477609 448 816
1790038 477609 448 125
1790039 477609 448 90597
1790040 477609 448 107156
1790041 477609 448 5831
1790045 185276 448 4044
1790046 185276 448 1781
1790047 185276 448 188
1790048 185276 448 11
1790053 477611 448 72
1790054 477611 448 528
1790055 477611 448 519
1790063 477614 448 1703
1790064 477614 448 15903
1790065 477614 448 507
1790106 477623 448 107021
1790107 477623 448 4297
1790108 477623 448 1896
1790109 337989 448 11
1790110 337989 448 76
1790111 337989 448 1335
1790112 337989 448 56
1790113 337989 448 188
1790132 36671 448 5146
1790133 36671 448 1135
1790134 36671 448 1738
1790135 36671 448 825
1790136 36671 448 305
1790137 36671 448 935
1790138 16364 448 56
1790139 16364 448 107157
1790140 16364 448 926
1790141 16364 448 7271
1790142 16364 448 458
1790143 16364 448 188
1790144 16364 448 668
1790149 467280 448 56
1790150 467280 448 188
1790151 467280 448 1455
1790152 467280 448 1738
1790167 477629 448 12905
1790168 477629 448 996
1790169 477629 448 3689
1790170 1923378 448 29
1790171 1923378 448 24420
1790172 1923378 448 2556
1790173 477630 448 107032
1790174 477630 448 26405
1790175 477630 448 1281
1790176 477630 448 28539
1790177 477630 448 4462
1790178 22379 448 106981
1790179 22379 448 4462
1790180 22379 448 28539
1790181 22379 448 107162
1790182 22379 448 138
1790183 22379 448 1738
1790188 477632 448 941
1790189 477632 448 57028
1790190 477632 448 2630
1790191 477632 448 1185
1790192 477632 448 5831
1790193 477632 448 2631
1790194 477633 448 1147
1790195 477633 448 5245
1790196 477633 448 1197
1790197 477633 448 13822
1790198 477634 448 10091
1790199 477634 448 2515
1790200 477634 448 1025
1790201 477634 448 150
1790202 477636 448 29
1790203 477636 448 5831
1790204 477636 448 12431
1790205 477636 448 107164
1790206 477637 448 106981
1790207 477637 448 2155
1790208 477637 448 5831
1790209 477637 448 28539
1790210 477637 448 4462
1790211 477638 448 107165
1790212 477638 448 2355
1790213 477638 448 80301
1790214 477638 448 1896
1790215 477638 448 5503
1790216 477639 448 107166
1790217 477639 448 77152
1790218 477639 448 107167
1790219 477639 448 24227
1790220 477639 448 2631
1790221 477639 448 1703
1790222 477639 448 5733
1790227 477641 448 41719
1790228 477641 448 107007
1790229 477641 448 17042
1790230 477641 448 2729
1790231 477641 448 107168
1790236 1912026 448 13907
1790237 1912026 448 6806
1790238 1912026 448 20520
1790239 1912026 448 138
1790240 1912026 448 107008
1790241 477643 448 13907
1790242 477643 448 20520
1790243 477643 448 187
1790244 477643 448 1932
1790245 1912027 448 13907
1790246 1912027 448 20520
1790247 1912027 448 138
1790248 1912027 448 107008
1790256 477645 448 507
1790257 477645 448 46845
1790258 477645 448 5733
1790259 477645 448 458
1790260 477646 448 5733
1790261 477646 448 13848
1790262 477646 448 1795
1790263 477647 448 13822
1790264 1923379 448 29
1790265 1923379 448 24420
1790266 1923379 448 100983
1790267 1923379 448 2556
1790268 477648 448 27279
1790269 477648 448 107138
1790270 477648 448 25853
1790275 477650 448 1896
1790276 477650 448 5733
1790277 477650 448 4696
1790278 477650 448 2072
1790279 477650 448 20121
1790309 477656 448 8655
1790310 477656 448 29370
1790315 477658 448 138
1790316 477658 448 78089
1790317 477658 448 107008
1790318 8638 448 1123
1790319 8638 448 125
1790320 8638 448 21
1790321 8638 448 727
1790329 477660 448 1191
1790330 477660 448 22589
1790331 477660 448 69217
1790332 477660 448 106308
1790337 477662 448 107067
1790338 477662 448 1453
1790339 477662 448 57028
1790340 477662 448 2556
1790341 477662 448 6279
1790342 246847 448 3083
1790343 246847 448 307
1790344 246847 448 1565
1790345 477663 448 1932
1790346 477663 448 2630
1790347 477663 448 2437
1790348 477663 448 62541
1790349 477664 448 28615
1790350 477664 448 10231
1790351 477665 448 1284
1790352 477665 448 1702
1790353 134314 448 5969
1790354 134314 448 1141
1790355 134314 448 10231
1790356 477666 448 5969
1790357 477666 448 107009
1790358 477666 448 19670
1790359 477666 448 769
1790370 477669 448 8799
1790371 477669 448 4067
1790372 477669 448 107174
1790373 477670 448 1565
1790374 477670 448 24
1790375 477670 448 3362
1790376 477670 448 1728
1790377 477670 448 12
1790378 477670 448 3357
1790382 477672 448 107175
1790383 477672 448 507
1790384 477672 448 48989
1790385 1915209 448 99190
1790386 1915209 448 107176
1790387 1915209 448 107177
1790388 1915209 448 182
1790399 477675 448 3312
1790400 477675 448 40942
1790401 477675 448 2630
1790402 477675 448 57028
1790403 477675 448 912
1790404 477676 448 992
1790405 477676 448 507
1790406 477676 448 1703
1790407 477676 448 1999
1790408 477676 448 225
1790409 477677 448 80
1790410 477677 448 107178
1790411 477677 448 38760
1790412 477677 448 6322
1790420 477680 448 4202
1790421 477680 448 107053
1790422 477680 448 1233
1790423 477680 448 2920
1790424 477681 448 7492
1790425 477681 448 1007
1790426 477681 448 5367
1790427 133734 448 137
1790428 133734 448 1738
1790429 133734 448 10231
1790430 133734 448 138
1790431 1915453 448 5246
1790432 1915453 448 5245
1790433 1915453 448 1049
1790437 477683 448 963
1790438 477683 448 912
1790439 477683 448 1703
1790440 477684 448 1703
1790441 477684 448 138
1790442 477684 448 1738
1790443 477684 448 1058
1790447 16464 448 44
1790448 16464 448 5367
1790449 16464 448 287
1790450 16464 448 137
1790451 16464 448 138
1790452 477686 448 5969
1790453 477686 448 107179
1790454 477686 448 1141
1790455 477686 448 10231
1790462 68352 448 992
1790463 68352 448 1034
1790464 68352 448 10231
1790465 68352 448 894
1790471 477688 448 3594
1790472 477688 448 894
1790473 477688 448 730
1790474 477688 448 107181
1790480 477690 448 3814
1790481 477690 448 20520
1790482 477690 448 107183
1790483 477690 448 20380
1790488 477691 448 6665
1790489 477691 448 1127
1790490 477691 448 342
1790491 477691 448 104
1790492 477691 448 829
1790493 477691 448 107117
1790494 477692 448 15586
1790495 477692 448 367
1790496 477692 448 10231
1790497 477692 448 12
1790506 477695 448 1127
1790507 477695 448 39
1790508 477695 448 1738
1790509 477696 448 2708
1790510 477696 448 2837
1790511 477696 448 2707
1790512 477696 448 4132
1790513 477696 448 86130
1790514 477696 448 1224
1790515 477696 448 107185
1790516 477697 448 8655
1790517 477697 448 307
1790518 477697 448 29281
1790523 477699 448 2630
1790524 477699 448 17025
1790525 477699 448 53888
1790526 477699 448 57028
1790527 477699 448 107186
1790528 477699 448 2631
1790529 477700 448 4715
1790530 477700 448 2630
1790531 477701 448 46793
1790532 477701 448 1197
1790542 477704 448 24
1790543 477704 448 107187
1790544 477704 448 2186
1790545 477705 448 8655
1790546 477705 448 4462
1790547 477705 448 20456
1790548 477705 448 107090
1790549 477705 448 76443
1790550 477705 448 107188
1790551 477705 448 92016
1790552 477705 448 91760
1790566 477709 448 107189
1790567 477709 448 1453
1790568 477709 448 523
1790569 477709 448 57028
1790579 1923380 448 79
1790580 1923380 448 39
1790581 1923380 448 318
1790582 1923380 448 523
1790583 477713 448 388
1790584 477713 448 139
1790585 477714 448 107190
1790586 477714 448 5309
1790587 477714 448 11099
1790588 477714 448 978
1790589 477714 448 388
1790593 477716 448 139
1790594 477716 448 388
1790595 477717 448 507
1790596 477717 448 1453
1790597 477717 448 1896
1790598 477717 448 2346
1790599 477717 448 17878
1790603 477719 448 8655
1790604 477719 448 107019
1790605 477719 448 12
1790606 477719 448 2657
1790607 477719 448 1555
1790608 477719 448 107192
1790609 477719 448 29429
1790610 477719 448 92016
1790611 477719 448 75176
1790612 477719 448 311
1790613 477719 448 107193
1790614 477719 448 4462
1790615 477720 448 4297
1790616 477720 448 107034
1790617 477720 448 2630
1790618 477720 448 8865
1790619 477720 448 107194
1790625 477721 448 2494
1790626 477721 448 3609
1790627 477721 448 24728
1790628 477721 448 105894
1790629 477722 448 2630
1790630 477722 448 107196
1790631 477722 448 57028
1790632 477723 448 894
1790633 477723 448 107197
1790634 477723 448 5304
1790648 477728 448 2631
1790649 477728 448 57028
1790650 477728 448 53888
1790651 477728 448 2630
1790652 477729 448 2073
1790653 477729 448 3357
1790654 477729 448 107198
1790668 1912029 448 6192
1790669 1912029 448 4371
1790670 1912029 448 1021
1790671 1912029 448 638
1790672 1912029 448 104
1790673 1912029 448 748
1790674 1912029 448 11255
1790675 249477 448 127
1790676 249477 448 518
1790677 249477 448 255
1790678 249477 448 29
1790679 249477 448 139
1790680 249477 448 331
1790681 249477 448 734
1790685 281987 448 107199
1790686 281987 448 6
1790687 281987 448 1703
1790688 281987 448 13822
1790689 477734 448 304
1790690 477734 448 2642
1790691 477734 448 107200
1790692 477734 448 2630
1790693 477734 448 80105
1790694 59487 448 8655
1790695 59487 448 6694
1790696 59487 448 139
1790697 59487 448 44
1790698 59487 448 1738
1790699 59487 448 388
1790706 366631 448 4055
1790707 366631 448 305
1790708 59491 448 3613
1790709 59491 448 978
1790710 59491 448 1313
1790711 59491 448 1739
1790712 59491 448 13005
1790713 59491 448 1738
1790714 59491 448 894
1790715 2768 448 941
1790716 2768 448 28245
1790717 2768 448 1244
1790718 279714 448 5969
1790719 279714 448 107016
1790720 279714 448 125
1790721 279714 448 1367
1790722 279714 448 57028
1790723 279714 448 2630
1790724 477737 448 29
1790725 477737 448 1717
1790726 477737 448 11229
1790727 477738 448 294
1790728 477738 448 125
1790729 477738 448 2592
1790730 477738 448 1703
1790731 477738 448 2185
1790733 54158 448 4056
1790734 54158 448 978
1790735 54158 448 5909
1790736 54158 448 1738
1790751 477742 448 291
1790752 477742 448 1939
1790753 477742 448 340
1790754 477742 448 138
1790755 477742 448 1896
1790756 477742 448 5934
1790757 477743 448 106982
1790758 477743 448 10231
1790759 477743 448 15
1790760 477743 448 78384
1790761 477744 448 125
1790762 477744 448 458
1790763 477744 448 5282
1790796 477754 448 458
1790797 477754 448 39
1790798 477754 448 107207
1790799 477754 448 318
1790800 477754 448 11
1790801 477754 448 30
1790809 477756 448 8655
1790810 477756 448 2631
1790811 477756 448 1191
1790812 477756 448 18281
1790813 477756 448 57028
1790814 477757 448 3394
1790815 477757 448 26501
1790816 477757 448 1584
1790817 477757 448 25429
1790818 477758 448 458
1790819 477758 448 107091
1790820 477758 448 318
1790821 477758 448 125
1790827 477761 448 466
1790828 477761 448 13767
1790829 477761 448 523
1790830 477761 448 458
1790837 127483 448 17025
1790838 127483 448 125
1790839 429875 448 2709
1790840 429875 448 6
1790841 429875 448 2949
1790842 477763 448 12
1790843 477763 448 1715
1790844 477763 448 1564
1790845 477763 448 5153
1790846 477763 448 4532
1790847 477763 448 17025
1790848 477764 448 138
1790849 477764 448 1561
1790850 477764 448 1715
1790851 477764 448 1716
1790852 477764 448 3748
1790853 477764 448 10494
1790855 477766 448 28416
1790856 477766 448 523
1790863 477767 448 12
1790864 477767 448 3357
1790865 477767 448 503
1790866 477767 448 1732
1790867 477767 448 635
1790870 194997 448 164
1790871 194997 448 168
1790872 194997 448 926
1790873 194997 448 44
1790874 477769 448 8655
1790875 477769 448 2631
1790876 477769 448 57028
1790877 477769 448 107086
1790878 477769 448 91760
1790879 477769 448 107153
1790880 477769 448 107013
1790893 477772 448 1561
1790894 477772 448 90606
1790895 477772 448 1796
1790896 477772 448 107211
1790897 477773 448 4323
1790898 477773 448 992
1790899 477773 448 15
1790917 337893 448 7271
1790918 337893 448 107157
1790919 337893 448 926
1790920 337893 448 188
1790926 477780 448 5969
1790927 477780 448 1367
1790928 477781 448 3141
1790929 477781 448 1561
1790930 477781 448 2437
1790931 477781 448 61005
1790932 477781 448 1563
1790933 477782 448 255
1790934 477782 448 53385
1790935 477782 448 5282
1790936 477783 448 451
1790937 477783 448 978
1790938 477783 448 276
1790939 477783 448 287
1790940 477783 448 285
1790941 477783 448 138
1790942 477783 448 44
1790943 477783 448 1738
1790944 1923383 448 2185
1790945 1923383 448 1896
1790946 1923383 448 3640
1790947 1923383 448 21399
1790948 1923383 448 23775
1790949 1923383 448 2023
1790950 1923383 448 1918
1790951 1923383 448 17891
1790958 39096 448 527
1790959 39096 448 1738
1790960 39096 448 4056
1790961 39096 448 108
1790962 324558 448 29
1790963 324558 448 6
1790964 324558 448 4297
1790965 324558 448 20913
1790966 477786 448 3357
1790967 477786 448 1191
1790968 477786 448 996
1790974 253490 448 668
1790975 253490 448 189
1790976 253490 448 10231
1790977 253490 448 1738
1790982 477789 448 19922
1790983 477789 448 5398
1790984 477789 448 3151
1790985 477789 448 331
1790986 477790 448 1007
1790987 477790 448 168
1790988 477790 448 90
1790989 477790 448 10231
1790996 477791 448 80794
1790997 477791 448 57028
1790998 477791 448 2631
1790999 477791 448 2056
1791000 477791 448 25853
1791001 477791 448 27279
1791002 477792 448 1453
1791003 477792 448 57028
1791004 477792 448 2631
1791005 477792 448 4846
1791009 477794 448 1126
1791010 477794 448 869
1791011 477794 448 2188
1791012 477794 448 4587
1791013 477794 448 503
1791014 477794 448 1584
1791015 477795 448 1565
1791016 477795 448 1257
1791017 477795 448 3256
1791018 477795 448 4882
1791019 265984 448 3394
1791020 265984 448 1738
1791021 265984 448 318
1791022 265984 448 458
1791023 265984 448 125
1791024 265984 448 5675
1791046 477799 448 15809
1791047 477799 448 12
1791048 477799 448 4882
1791049 477800 448 20160
1791050 477800 448 976
1791051 477800 448 2990
1791052 477801 448 8655
1791053 477801 448 107005
1791054 477801 448 12
1791055 477801 448 523
1791056 477801 448 67776
1791065 477803 448 56914
1791066 477803 448 107216
1791067 477803 448 27279
1791068 477803 448 25853
1791069 477803 448 1932
1791070 477804 448 8655
1791071 477804 448 2631
1791072 477804 448 18281
1791073 477804 448 91760
1791074 477804 448 57028
1791080 477807 448 523
1791081 477807 448 12
1791082 477807 448 4696
1791083 477807 448 1565
1791084 477807 448 107034
1791085 477808 448 28245
1791086 477808 448 107217
1791087 477808 448 450
1791088 292223 448 635
1791089 292223 448 1738
1791090 292223 448 107218
1791091 477809 448 6783
1791092 477809 448 4065
1791093 477809 448 107219
1791094 477809 448 27111
1791095 477809 448 1178
1791096 477810 448 787
1791097 477810 448 2630
1791098 477810 448 12
1791099 477810 448 60311
1791100 467680 448 4265
1791101 467680 448 17152
1791102 467680 448 39
1791103 477811 448 69217
1791104 477811 448 2810
1791105 477811 448 1191
1791106 477811 448 2630
1791107 477812 448 2630
1791108 477812 448 1715
1791109 477812 448 1049
1791110 477812 448 107220
1791115 477814 448 125
1791116 477814 448 2631
1791117 477814 448 2630
1791123 942082 448 28019
1791124 942082 448 3058
1791125 942082 448 1838
1791126 942082 448 374
1791127 942082 448 8474
1791128 942082 448 254
1791129 942082 448 5387
1791130 942082 448 4417
1791131 42831 448 11
1791132 42831 448 1738
1791133 42831 448 1007
1791154 477819 448 4174
1791155 477819 448 500
1791156 477819 448 17951
1791157 477819 448 5801
1791158 477819 448 1191
1791159 285825 448 457
1791160 285825 448 47464
1791161 285825 448 138
1791162 1003265 448 1335
1791163 1003265 448 104
1791164 1003265 448 98
1791165 1003265 448 1446
1791166 1003265 448 42242
1791167 1003265 448 748
1791168 1915211 448 1561
1791169 1915211 448 2345
1791170 1915211 448 1584
1791171 1915211 448 1715
1791172 1915211 448 503
1791177 477820 448 1257
1791178 477820 448 1157
1791179 477820 448 1555
1791180 477820 448 1565
1791181 477820 448 3256
1791186 477822 448 8655
1791187 477822 448 107005
1791188 477822 448 4462
1791189 477822 448 4278
1791190 477823 448 6
1791191 477823 448 2709
1791192 477823 448 2949
1791203 477826 448 1141
1791204 477826 448 1267
1791205 477826 448 1701
1791206 477826 448 963
1791207 477826 448 125
1791208 477827 448 5969
1791209 477827 448 1141
1791210 477827 448 10231
1791211 292290 448 6
1791212 292290 448 1141
1791213 292290 448 125
1791224 477830 448 1127
1791225 477830 448 1738
1791226 477830 448 1007
1791227 477830 448 992
1791228 477831 448 1007
1791229 477831 448 168
1791230 477831 448 72
1791231 477831 448 1738
1791235 477832 448 12
1791236 477832 448 1175
1791237 477832 448 21649
1791238 477832 448 4992
1791243 477834 448 188
1791244 477834 448 2846
1791245 477834 448 4056
1791246 477834 448 527
1791247 27418 448 894
1791248 27418 448 3613
1791249 27418 448 3122
1791250 27418 448 978
1791261 477837 448 29
1791262 477837 448 9946
1791263 477837 448 4
1791264 477837 448 5394
1791265 477837 448 3357
1791266 477837 448 8941
1791267 477837 448 254
1791268 477838 448 84017
1791269 477838 448 5246
1791270 477838 448 1049
1791271 477839 448 1049
1791272 477839 448 1197
1791273 477839 448 3814
1791274 477839 448 5245
1791275 477839 448 5246
1791279 477841 448 6665
1791280 477841 448 1429
1791281 477841 448 5943
1791282 477842 448 107230
1791283 477842 448 26217
1791284 477842 448 469
1791285 477842 448 25853
1791286 477843 448 1703
1791287 477843 448 915
1791290 64067 448 5969
1791291 64067 448 1267
1791305 477848 448 1564
1791306 477848 448 1313
1791307 477848 448 26062
1791308 477848 448 799
1791316 477849 448 29429
1791317 477849 448 1453
1791318 477849 448 29394
1791319 477849 448 25429
1791320 477849 448 19905
1791329 477852 448 1049
1791330 477852 448 5246
1791331 477852 448 125
1791332 477852 448 107211
1791333 477852 448 1932
1791334 477852 448 138
1791335 477852 448 39078
1791336 477853 448 23989
1791337 477853 448 12
1791338 477853 448 38950
1791339 477853 448 1191
1791340 477853 448 19668
1791341 477853 448 17951
1791342 477854 448 1923
1791343 477854 448 1728
1791344 477854 448 1703
1791354 477857 448 34778
1791355 477857 448 29429
1791356 477857 448 1453
1791357 477857 448 12
1791358 477857 448 10231
1791374 179584 448 10231
1791375 179584 448 1738
1791376 179584 448 2486
1791377 179584 448 935
1791378 179584 448 908
1791379 179584 448 108
1791380 179584 448 527
1791381 179584 448 90
1791382 179584 448 125
1791383 477861 448 1738
1791384 477861 448 2150
1791385 477861 448 138
1791386 477861 448 10132
1791387 477861 448 5748
1791388 477861 448 108
1791389 42156 448 108
1791390 42156 448 1738
1791391 477862 448 75
1791392 477862 448 39
1791393 477862 448 960
1791394 477862 448 1007
1791406 1328143 448 20281
1791407 1328143 448 359
1791408 1328143 448 978
1791409 1328143 448 4028
1791410 477864 448 1191
1791411 477864 448 23989
1791412 477864 448 1722
1791413 477864 448 17951
1791414 477864 448 1745
1791422 477868 448 29651
1791423 477868 448 2630
1791424 477868 448 1191
1791425 477868 448 4657
1791426 477868 448 882
1791427 412207 448 668
1791428 412207 448 189
1791429 412207 448 10231
1791430 412207 448 90
1791431 412207 448 1738
1791432 477869 448 1555
1791433 477869 448 107234
1791434 477869 448 1257
1791435 477869 448 2631
1791464 1912032 448 1453
1791465 1912032 448 107235
1791466 477876 448 8655
1791467 477876 448 107019
1791468 477876 448 2631
1791469 477876 448 91760
1791470 477876 448 57028
1791471 477877 448 125
1791472 477877 448 1728
1791473 477877 448 20022
1791474 477877 448 15069
1791475 477877 448 107236
1791476 477877 448 4002
1791482 477879 448 107237
1791483 477879 448 846
1791484 477879 448 2373
1791485 477879 448 3290
1791486 477879 448 882
1791487 477880 448 29
1791488 477880 448 2341
1791489 477880 448 71266
1791490 477880 448 20443
1791491 477880 448 1125
1791492 477880 448 16727
1791493 467853 448 4371
1791494 467853 448 6192
1791495 467853 448 98
1791496 467853 448 638
1791497 477881 448 1564
1791498 477881 448 1716
1791499 477881 448 26956
1791500 477882 448 1453
1791501 477882 448 29429
1791502 477882 448 369
1791503 477882 448 107062
1791504 477882 448 31733
1791512 477884 448 107238
1791513 477884 448 107239
1791514 477884 448 107240
1791515 477884 448 647
1791523 477887 448 107061
1791524 477887 448 3357
1791525 477887 448 12
1791526 477887 448 107241
1791527 477887 448 1453
1791528 477887 448 4934
1791540 59616 448 188
1791541 59616 448 107157
1791542 59616 448 7271
1791543 59616 448 926
1791544 477892 448 9946
1791545 477892 448 29
1791546 477892 448 39
1791557 477893 448 869
1791558 477893 448 4627
1791559 477893 448 29314
1791563 477895 448 19640
1791564 477895 448 14055
1791565 477895 448 2373
1791566 477895 448 846
1791567 477895 448 2730
1791568 477895 448 107242
1791579 1915455 448 451
1791580 1915455 448 107243
1791581 1915455 448 80
1791582 1915455 448 1704
1791598 477901 448 15520
1791599 477901 448 107066
1791600 477901 448 1560
1791601 477901 448 17950
1791602 477901 448 13907
1791603 477901 448 138
1791604 477901 448 107008
1791605 1923387 448 9732
1791606 1923387 448 18260
1791607 1923387 448 2630
1791608 1923387 448 107122
1791609 1923387 448 3562
1791610 1915212 448 107244
1791611 1915212 448 107063
1791612 1915212 448 3798
1791613 1915212 448 4502
1791614 1915212 448 1999
1791615 1915212 448 4676
1791616 1915212 448 138
1791617 1915212 448 2630
1791618 1915212 448 107013
1791619 38275 448 4056
1791620 38275 448 5936
1791621 38275 448 5930
1791622 38275 448 1058
1791623 38275 448 10231
1791627 336494 448 992
1791628 336494 448 188
1791629 336494 448 3613
1791630 336494 448 139
1791631 477903 448 106981
1791632 477903 448 107162
1791633 477903 448 1244
1791634 477903 448 28245
1791635 477903 448 221
1791642 477905 448 23989
1791643 477905 448 55546
1791644 477905 448 17951
1791645 477905 448 23008
1791646 477905 448 29300
1791647 477905 448 107036
1791648 70813 448 107022
1791655 477907 448 4462
1791656 477907 448 1703
1791657 477907 448 28539
1791658 477907 448 1555
1791659 477907 448 1406
1791660 477907 448 107245
1791663 477909 448 941
1791664 477909 448 4462
1791665 477909 448 1244
1791666 477909 448 28539
1791667 477910 448 15571
1791668 477910 448 20520
1791669 477910 448 1049
1791670 477910 448 816
1791671 477910 448 4469
1791672 477910 448 138
1791673 1915456 448 16522
1791674 1915456 448 5769
1791675 1915456 448 20753
1791676 1915456 448 41904
1791677 1915456 448 8659
1791678 477911 448 107246
1791684 477912 448 40
1791685 477912 448 57028
1791686 477912 448 81
1791687 477913 448 8655
1791688 477913 448 107005
1791689 477913 448 19905
1791690 477913 448 704
1791691 477914 448 8655
1791692 477914 448 107005
1791693 477914 448 1843
1791694 477914 448 29370
1791695 477914 448 6579
1791696 477914 448 29394
1791705 1915294 448 29836
1791706 1915294 448 32767
1791707 1915294 448 1253
1791708 1915294 448 6113
1791715 17920 448 278
1791730 477922 448 1738
1791731 477922 448 39
1791732 477922 448 1230
1791733 477922 448 139
1791734 477922 448 3633
1791735 477923 448 5096
1791736 477923 448 26035
1791737 477923 448 23888
1791738 477923 448 523
1791739 477923 448 2631
1791740 477923 448 44551
1791741 477923 448 12
1791742 477924 448 13822
1791743 477924 448 13848
1791744 477924 448 21774
1791745 477924 448 107249
1791753 477927 448 4462
1791754 477927 448 28539
1791755 477927 448 1555
1791756 477927 448 1209
1791757 477927 448 41643
1791758 438925 448 882
1791759 438925 448 29
1791766 477928 448 3205
1791767 477928 448 926
1791771 477930 448 13907
1791772 477930 448 20520
1791773 477930 448 2630
1791774 477930 448 5418
1791775 477930 448 107008
1791776 477930 448 1932
1791777 477931 448 2631
1791778 477931 448 2404
1791779 477931 448 138
1791780 477931 448 57028
1791781 477931 448 2630
1791782 477931 448 2902
1791783 477932 448 25837
1791784 477932 448 20893
1791789 477934 448 388
1791790 477934 448 125
1791791 477934 448 734
1791800 408169 448 138
1791801 408169 448 3394
1791802 408169 448 1057
1791803 408169 448 44
1791804 477937 448 38850
1791805 477937 448 27111
1791806 477937 448 26501
1791815 1328144 448 107251
1791816 1328144 448 41103
1791817 1328144 448 2630
1791818 1328144 448 6948
1791819 1328144 448 3814
1791832 477942 448 1738
1791833 477942 448 81313
1791834 477942 448 1335
1791835 477942 448 107252
1791836 477942 448 4292
1791843 477947 448 1118
1791844 477947 448 108
1791845 477947 448 1436
1791846 477947 448 4444
1791847 477948 448 1738
1791848 477948 448 188
1791849 477948 448 189
1791850 477948 448 992
1791858 477951 448 5969
1791859 477951 448 27346
1791860 477951 448 10231
1791868 477952 448 19403
1791869 477952 448 19756
1791870 477952 448 1690
1791871 477952 448 139
1791872 477952 448 107253
1791876 477954 448 1057
1791877 477954 448 15329
1791878 477954 448 1715
1791879 477954 448 1932
1791880 477954 448 1049
1791881 477955 448 1561
1791882 477955 448 15329
1791883 477955 448 26027
1791884 477955 448 5914
1791885 477956 448 2100
1791886 477956 448 29940
1791887 477956 448 1917
1791888 477956 448 21
1791889 1125437 448 5969
1791890 1125437 448 107009
1791891 1125437 448 2515
1791892 1125437 448 769
1791893 1125437 448 19670
1791894 477957 448 5969
1791895 477957 448 107009
1791896 477957 448 19670
1791897 477957 448 769
1791898 477957 448 2515
1791921 124860 448 61005
1791922 124860 448 10494
1791923 124860 448 1561
1791932 477964 448 2631
1791933 477964 448 107256
1791934 477964 448 2630
1791935 477964 448 57028
1791936 477964 448 17025
1791937 477964 448 41103
1791938 477965 448 13003
1791939 477965 448 3141
1791940 477965 448 1715
1791941 477966 448 3046
1791942 477966 448 941
1791943 477966 448 36881
1791944 477966 448 5820
1791945 477966 448 138
1791954 477968 448 10231
1791955 477968 448 1123
1791956 477968 448 8988
1791957 134255 448 276
1791958 134255 448 220
1791959 134255 448 39
1791960 134255 448 97400
1791961 477969 448 2631
1791962 477969 448 57028
1791963 477969 448 12169
1791964 477969 448 2630
1791965 477969 448 19668
1791966 477970 448 26285
1791967 477970 448 107257
1791968 477970 448 107043
1791969 477970 448 2964
1791970 477971 448 1896
1791971 477971 448 507
1791972 477971 448 963
1791973 477972 448 1056
1791974 477972 448 458
1791975 477972 448 1738
1791976 477973 448 15329
1791977 477973 448 1561
1791978 477973 448 61005
1791979 477973 448 3141
1791980 477974 448 125
1791981 477974 448 106982
1791982 477974 448 2587
1791983 477975 448 156
1791984 477975 448 1160
1791985 477975 448 3357
1791986 477976 448 29931
1791987 477976 448 2023
1791988 477976 448 12
1791989 477976 448 1191
1791996 477978 448 503
1791997 477978 448 1744
1791998 477978 448 167
1791999 477978 448 2045
1792000 1912034 448 2206
1792001 1912034 448 992
1792002 1912034 448 3394
1792003 1912034 448 3807
1792004 1912034 448 1616
1792005 87608 448 81
1792006 87608 448 873
1792007 87608 448 11
1792008 477979 448 107043
1792012 477981 448 1176
1792013 477981 448 24785
1792014 477981 448 301
1792015 477981 448 1979
1792016 477981 448 107258
1792017 477981 448 107259
1792028 477984 448 1197
1792029 477984 448 2630
1792030 477984 448 5245
1792031 477984 448 138
1792032 63287 448 107260
1792033 63287 448 108
1792034 63287 448 138
1792035 63287 448 10231
1792045 24742 448 3633
1792046 24742 448 139
1792047 24742 448 77
1792048 24742 448 1534
1792049 24742 448 285
1792059 1923389 448 74566
1792060 1923389 448 39373
1792061 1923389 448 13907
1792062 1923389 448 1191
1792067 477989 448 5245
1792068 477989 448 1049
1792069 477989 448 2630
1792073 350070 448 1738
1792074 350070 448 108
1792075 350070 448 1118
1792076 350070 448 894
1792077 350070 448 3613
1792078 477990 448 57028
1792079 477990 448 44551
1792080 477990 448 2631
1792081 477991 448 1555
1792082 477991 448 2729
1792083 477991 448 41719
1792084 477991 448 10815
1792085 477991 448 4462
1792086 477992 448 4462
1792087 477992 448 10815
1792088 477992 448 41719
1792089 477992 448 1555
1792090 477992 448 2729
1792091 477993 448 4462
1792092 477993 448 41719
1792093 477993 448 10815
1792094 477993 448 2729
1792095 477993 448 1555
1792096 477994 448 107032
1792097 477994 448 26867
1792098 477994 448 4462
1792099 477994 448 1564
1792100 477994 448 18990
1792101 477994 448 28539
1792102 477995 448 12169
1792103 477995 448 4345
1792104 477995 448 1191
1792110 477996 448 996
1792111 477996 448 1191
1792112 477996 448 19668
1792113 477996 448 2342
1792114 477996 448 1715
1792115 477996 448 2631
1792125 478000 448 5367
1792126 478000 448 527
1792127 478000 448 7492
1792128 478000 448 90
1792129 478001 448 7492
1792130 478001 448 10316
1792131 478001 448 1738
1792132 478001 448 5367
1792133 478001 448 1007
1792138 1923391 448 107261
1792139 1923391 448 125
1792140 1923391 448 1453
1792141 1923391 448 29429
1792142 1923391 448 107262
1792143 1923391 448 107241
1792144 478003 448 8655
1792145 478003 448 91760
1792146 478003 448 107263
1792147 478003 448 107264
1792148 478003 448 4462
1792149 478004 448 76797
1792150 478004 448 146
1792151 478004 448 4753
1792152 478004 448 1007
1792153 478005 448 12
1792154 478005 448 1662
1792155 478005 448 23403
1792156 478005 448 1722
1792157 478005 448 22589
1792158 478005 448 1191
1792159 478006 448 125
1792160 478006 448 5282
1792161 478006 448 458
1792166 241904 448 8714
1792167 241904 448 39
1792168 241904 448 23834
1792169 241904 448 24439
1792173 17274 448 39
1792174 17274 448 125
1792175 134345 448 523
1792176 134345 448 458
1792177 134345 448 13767
1792178 134345 448 466
1792179 478009 448 1058
1792180 478009 448 11
1792181 478009 448 70
1792182 478009 448 53
1792187 24784 448 108
1792188 24784 448 10231
1792189 24784 448 1738
1792190 24784 448 189
1792191 108214 448 507
1792192 108214 448 3
1792193 108214 448 2908
1792200 478014 448 8655
1792201 478014 448 107005
1792202 478014 448 2631
1792203 478014 448 225
1792216 395517 448 2486
1792217 395517 448 727
1792218 395517 448 6025
1792219 395517 448 4
1792220 395517 448 6
1792221 1328145 448 3312
1792222 1328145 448 6828
1792223 1328145 448 769
1792224 1328145 448 1690
1792225 1328145 448 912
1792226 1923392 448 9732
1792227 1923392 448 65310
1792228 1923392 448 3562
1792229 1923392 448 72
1792230 76232 448 5927
1792231 76232 448 13672
1792232 332282 448 1703
1792233 332282 448 6
1792234 332282 448 869
1792235 478016 448 318
1792236 478016 448 276
1792237 93502 448 1896
1792238 93502 448 8714
1792239 93502 448 5922
1792240 93502 448 11543
1792241 93502 448 16994
1792242 259089 448 12
1792243 259089 448 138
1792244 259089 448 523
1792250 478018 448 107265
1792251 478018 448 1943
1792252 478018 448 167
1792253 478018 448 503
1792254 478018 448 12
1792255 478019 448 12
1792256 478019 448 187
1792257 478019 448 4278
1792258 478019 448 138
1792259 478019 448 4818
1792260 478020 448 5675
1792261 478020 448 188
1792262 478020 448 1738
1792263 478020 448 10231
1792273 478023 448 2630
1792274 478023 448 1049
1792275 478023 448 5245
1792282 478024 448 72656
1792283 478024 448 86085
1792284 478024 448 725
1792285 478024 448 912
1792286 478024 448 84787
1792292 1912036 448 29249
1792293 1912036 448 7215
1792294 1912036 448 1191
1792295 1912036 448 1728
1792296 478026 448 15215
1792297 478026 448 727
1792298 478026 448 66890
1792299 478026 448 1034
1792300 478027 448 1896
1792301 478027 448 1555
1792302 478027 448 1565
1792303 478027 448 4272
1792307 478029 448 1896
1792308 478029 448 1118
1792309 478029 448 3613
1792310 478029 448 107267
1792311 478029 448 4056
1792312 478029 448 4444
1792313 478029 448 2603
1792314 478030 448 4797
1792315 478030 448 1007
1792316 478030 448 77
1792317 478030 448 1325
1792318 478030 448 90
1792319 332250 448 11
1792320 332250 448 125
1792323 1923393 448 3760
1792324 1923393 448 225
1792325 1923393 448 13640
1792326 478032 448 107268
1792327 478032 448 107269
1792328 478032 448 32949
1792329 478033 448 10428
1792330 478033 448 1722
1792331 478033 448 6579
1792332 478033 448 1191
1792333 478033 448 23989
1792334 1923394 448 507
1792335 1923394 448 88560
1792336 1923394 448 2630
1792337 1923394 448 16513
1792338 1923394 448 5765
1792339 877222 448 49633
1792340 877222 448 15910
1792341 877222 448 187
1792342 877222 448 8960
1792343 877222 448 5252
1792344 877222 448 4618
1792352 478035 448 39
1792353 478035 448 527
1792354 478036 448 1453
1792355 478036 448 29429
1792356 478036 448 107270
1792357 478036 448 12
1792358 478036 448 4297
1792359 478036 448 10231
1792360 316569 448 138
1792361 316569 448 187
1792369 478038 448 1932
1792370 478038 448 1715
1792371 478038 448 10231
1792372 478038 448 1564
1792373 478039 448 29
1792374 478039 448 90630
1792375 478039 448 4102
1792376 321092 448 3394
1792377 321092 448 8907
1792378 321092 448 1896
1792385 284014 448 12
1792386 284014 448 46785
1792387 284014 448 1564
1792388 284014 448 3281
1792389 284014 448 43282
1792400 478041 448 190
1792401 478041 448 1868
1792402 478041 448 27543
1792403 478041 448 2630
1792404 478041 448 1703
1792405 478042 448 2494
1792406 478042 448 1888
1792407 478042 448 1896
1792415 478044 448 40
1792416 478044 448 370
1792417 478044 448 467
1792418 478044 448 12
1792419 478044 448 523
1792420 478044 448 25985
1792421 478045 448 8655
1792422 478045 448 3807
1792423 478045 448 877
1792427 478046 448 8655
1792428 478046 448 107005
1792429 478046 448 107014
1792430 478046 448 125
1792431 478047 448 107272
1792432 478047 448 57028
1792433 478047 448 26956
1792434 478047 448 2631
1792435 478047 448 107273
1792436 478047 448 941
1792440 478049 448 1126
1792441 478049 448 1943
1792442 478049 448 12
1792443 478049 448 4053
1792444 478049 448 32564
1792445 478049 448 1627
1792446 478049 448 451
1792447 478050 448 4520
1792448 478050 448 107274
1792449 478050 448 9950
1792450 478050 448 26099
1792451 478050 448 29
1792457 283991 448 8655
1792458 283991 448 882
1792459 283991 448 125
1792460 478051 448 1565
1792461 478051 448 3357
1792462 478051 448 12
1792463 478051 448 1555
1792468 478053 448 9419
1792469 478053 448 5748
1792470 478053 448 21104
1792471 478053 448 507
1792472 478054 448 8714
1792473 478054 448 5922
1792474 478054 448 22275
1792475 478054 448 3790
1792479 478056 448 138
1792480 478056 448 5678
1792481 478056 448 1007
1792482 478056 448 458
1792483 478056 448 4450
1792484 397972 448 359
1792485 397972 448 107275
1792486 397972 448 10231
1792487 397972 448 1703
1792488 405727 448 12
1792489 405727 448 108
1792490 405727 448 1738
1792491 405727 448 138
1792492 405727 448 1897
1792493 405727 448 5631
1792494 405727 448 4165
1792495 1923395 448 1049
1792496 1923395 448 4469
1792497 1923395 448 15565
1792498 1923395 448 107276
1792499 1923395 448 92397
1792508 478059 448 125
1792509 478059 448 1171
1792510 478059 448 11
1792511 478059 448 139
1792512 478060 448 188
1792513 478060 448 458
1792514 478060 448 10231
1792515 478060 448 12
1792519 478061 448 13822
1792520 89517 448 1703
1792521 89517 448 1896
1792522 89517 448 1191
1792523 89517 448 125
1792527 478062 448 2631
1792528 478062 448 38534
1792529 478062 448 1191
1792530 478062 448 19881
1792531 478062 448 57028
1792532 478062 448 2630
1792537 71061 448 1728
1792538 71061 448 24
1792539 71061 448 3217
1792544 478064 448 107022
1792545 478065 448 635
1792546 478065 448 2373
1792547 478065 448 10231
1792555 478067 448 2964
1792556 478067 448 12
1792557 478067 448 21849
1792558 478067 448 996
1792559 478067 448 3050
1792560 478068 448 8655
1792561 478068 448 107005
1792562 478068 448 10231
1792563 478068 448 15854
1792570 174946 448 12
1792571 174946 448 27610
1792572 174946 448 44
1792573 174946 448 17084
1792574 478070 448 16732
1792575 478070 448 82539
1792576 478070 448 24227
1792577 478070 448 20589
1792578 478070 448 22902
1792579 478070 448 1191
1792580 478070 448 6195
1792581 478070 448 6
1792591 478073 448 20496
1792592 478073 448 41077
1792593 478073 448 125
1792594 478073 448 29325
1792595 478074 448 1192
1792596 478074 448 107280
1792597 478074 448 107281
1792598 478074 448 5948
1792599 478074 448 99162
1792600 478075 448 12
1792601 478075 448 523
1792602 478075 448 2729
1792603 478075 448 2631
1792604 478076 448 2631
1792605 478076 448 57028
1792606 478076 448 1112
1792607 478076 448 4713
1792608 478076 448 1257
1792609 478076 448 2630
1792610 478077 448 12
1792611 478077 448 2631
1792612 478077 448 5769
1792613 478078 448 8655
1792614 478078 448 1049
1792615 478078 448 107282
1792616 478079 448 8655
1792617 478079 448 12
1792618 478079 448 107055
1792619 478079 448 10231
1792620 478079 448 1209
1792621 478080 448 1257
1792622 478080 448 17617
1792623 478080 448 16441
1792624 478081 448 12
1792625 478081 448 1732
1792626 478081 448 523
1792627 478082 448 12
1792628 478082 448 2630
1792629 478082 448 2729
1792630 478082 448 57028
1792631 478082 448 2631
1792632 368442 448 23989
1792633 368442 448 8705
1792634 368442 448 9700
1792635 368442 448 5192
1792636 368442 448 17951
1792637 478083 448 57028
1792638 478083 448 107283
1792639 478083 448 23996
1792640 478083 448 2630
1792641 478084 448 8655
1792642 478084 448 2631
1792643 478084 448 57028
1792644 478084 448 523
1792645 478084 448 12
1792646 478085 448 20395
1792647 478085 448 15457
1792648 478086 448 17025
1792649 478086 448 1049
1792650 478087 448 8655
1792651 478087 448 2026
1792652 478087 448 28416
1792653 478088 448 107284
1792654 478088 448 86130
1792655 478088 448 28602
1792656 478088 448 2630
1792657 478089 448 523
1792658 478089 448 2631
1792659 478090 448 2631
1792660 478090 448 57028
1792661 478090 448 61005
1792662 478090 448 15329
1792663 478090 448 1561
1792664 478091 448 523
1792665 478091 448 61005
1792666 478091 448 57028
1792667 478091 448 12
1792668 478092 448 8655
1792669 478092 448 12
1792670 478092 448 107090
1792671 478092 448 882
1792672 478092 448 107263
1792673 478092 448 107088
1792674 478092 448 107079
1792675 478093 448 2631
1792676 478093 448 57028
1792677 478093 448 1561
1792678 478093 448 61005
1792679 478093 448 15329
1792680 478094 448 2630
1792681 478094 448 28602
1792682 478094 448 57028
1792683 478094 448 2631
1792684 478095 448 8655
1792685 478095 448 107019
1792686 478095 448 12
1792687 478095 448 107285
1792688 478095 448 57028
1792689 478095 448 107286
1792690 478095 448 2631
1792691 478095 448 107086
1792692 478096 448 2729
1792693 478096 448 2631
1792694 478096 448 15066
1792695 478096 448 57028
1792696 478096 448 2630
1792697 478097 448 2630
1792698 478097 448 57028
1792699 478097 448 523
1792700 478097 448 1303
1792701 478097 448 2631
1792702 478097 448 12
1792703 478098 448 2630
1792704 478098 448 17025
1792705 478098 448 53888
1792706 478099 448 8655
1792707 478099 448 2631
1792708 478099 448 1209
1792709 478099 448 57028
1792710 478099 448 2630
1792711 478100 448 107120
1792712 478100 448 107059
1792713 478101 448 38234
1792714 478101 448 107120
1792715 478101 448 12
1792716 478101 448 29282
1792717 478101 448 2975
1792718 478101 448 107287
1792719 478102 448 12
1792720 478102 448 107120
1792721 478102 448 107059
1792722 478103 448 12
1792723 478103 448 1191
1792724 478103 448 23989
1792725 478103 448 69217
1792726 478104 448 29
1792727 478104 448 22652
1792728 478104 448 90
1792729 478104 448 39
1792735 1923396 448 1994
1792736 1923396 448 3357
1792737 1923396 448 1591
1792738 478106 448 41246
1792739 478106 448 8651
1792740 478106 448 16706
1792741 478106 448 2920
1792742 478106 448 5733
1792756 322528 448 1141
1792757 322528 448 1703
1792758 322528 448 816
1792759 1827692 448 3394
1792760 1827692 448 23517
1792761 1827692 448 992
1792762 1827692 448 1147
1792763 1827692 448 915
1792768 332403 448 5927
1792769 332403 448 1896
1792770 332403 448 1555
1792771 332403 448 1565
1792779 478112 448 6948
1792780 478112 448 18422
1792781 478112 448 4373
1792782 478112 448 20520
1792783 478113 448 8655
1792784 478113 448 12
1792785 478113 448 2837
1792786 478113 448 53325
1792787 478113 448 1112
1792788 478113 448 9946
1792789 478113 448 4528
1792790 418202 448 3811
1792791 418202 448 1703
1792812 478118 448 2642
1792813 478118 448 3292
1792814 134541 448 125
1792815 134541 448 138
1792816 153670 448 1732
1792817 153670 448 15721
1792818 153670 448 1191
1792826 478121 448 1007
1792827 478121 448 10231
1792828 478121 448 374
1792829 478121 448 11
1792834 80348 448 2630
1792835 80348 448 15710
1792836 80348 448 816
1792837 80348 448 15
1792838 1923397 448 2630
1792839 1923397 448 1049
1792840 1923397 448 125
1792841 1923397 448 5245
1792848 478124 448 2630
1792849 478124 448 4469
1792850 478124 448 4587
1792851 478124 448 125
1792857 478126 448 1453
1792858 478126 448 2556
1792859 478126 448 57028
1792860 478126 448 107067
1792861 478126 448 6279
1792862 478126 448 92063
1792863 478126 448 107068
1792875 1923398 448 2630
1792876 1923398 448 1703
1792877 1923398 448 12
1792884 478130 448 2631
1792885 478130 448 4633
1792886 478130 448 2630
1792887 478130 448 523
1792888 478131 448 276
1792889 478131 448 1779
1792890 478131 448 307
1792891 478131 448 2630
1792892 478131 448 1323
1792893 478131 448 57028
1792894 478132 448 2631
1792895 478132 448 2630
1792896 478132 448 29282
1792897 478132 448 307
1792898 478132 448 57028
1792899 478132 448 276
1792910 478135 448 8655
1792911 478135 448 2631
1792912 478135 448 877
1792913 478135 448 2630
1792914 478135 448 57028
1792915 942083 448 2729
1792916 942083 448 2630
1792917 942083 448 2631
1792918 942083 448 57028
1792919 942083 448 1564
1792920 942083 448 15066
1792921 478136 448 2729
1792922 478136 448 2631
1792923 478136 448 15066
1792924 478136 448 57028
1792925 478136 448 2630
1792936 478138 448 2630
1792937 478138 448 13864
1792938 478138 448 15275
1792939 478139 448 8820
1792940 478139 448 29282
1792941 478139 448 2630
1792942 478140 448 869
1792943 478140 448 107292
1792944 478140 448 6
1792952 45696 448 5387
1792953 45696 448 139
1792954 45696 448 734
1792955 45696 448 77
1792962 478144 448 107043
1792963 478145 448 5984
1792964 478145 448 107295
1792965 478145 448 22861
1792966 478146 448 304
1792967 478146 448 39
1792968 478146 448 10231
1792969 478146 448 90
1792970 478146 448 11
1792984 478150 448 125
1792985 478150 448 39
1792986 478150 448 156
1792987 478151 448 8655
1792988 478151 448 61682
1792989 478151 448 29281
1792990 478151 448 1555
1792991 478151 448 4462
1792992 478151 448 4528
1792993 478151 448 12
1792994 269538 448 941
1792995 269538 448 107296
1792996 478152 448 90
1792997 478152 448 829
1792998 478152 448 8067
1792999 478153 448 4945
1793000 478153 448 2964
1793001 478154 448 125
1793002 478154 448 4462
1793003 478154 448 458
1793004 478155 448 3394
1793005 478155 448 27111
1793006 478155 448 26501
1793007 478155 448 963
1793008 478156 448 1932
1793009 478156 448 17336
1793010 478156 448 138
1793011 478156 448 1049
1793012 478156 448 39452
1793013 877472 448 457
1793014 877472 448 540
1793015 877472 448 466
1793016 877472 448 638
1793022 478157 448 8655
1793023 478157 448 53325
1793024 478157 448 2058
1793028 478158 448 107297
1793029 478158 448 734
1793030 478158 448 1779
1793031 478158 448 388
1793032 478159 448 138
1793033 478159 448 5245
1793034 478159 448 1896
1793035 478159 448 6
1793036 478159 448 12431
1793037 478159 448 125
1793038 478159 448 1704
1793039 478159 448 1049
1793040 478159 448 1233
1793041 478160 448 1690
1793042 478160 448 4378
1793043 478160 448 24
1793044 478160 448 503
1793045 478160 448 5330
1793046 478160 448 12
1793047 478160 448 523
1793048 282396 448 107147
1793049 282396 448 1704
1793050 282396 448 1894
1793051 282396 448 12
1793052 282396 448 106381
1793053 282396 448 29
1793054 282396 448 4746
1793055 478161 448 8722
1793056 478161 448 1703
1793057 478161 448 1896
1793058 478161 448 816
1793059 478162 448 1896
1793060 478162 448 2567
1793061 478163 448 53888
1793062 478163 448 17025
1793063 478163 448 1745
1793064 478164 448 20923
1793065 478164 448 26820
1793066 478164 448 503
1793067 478164 448 507
1793068 426269 448 27129
1793069 478165 448 8655
1793070 478165 448 32418
1793071 478165 448 18673
1793072 478165 448 19040
1793073 478165 448 2709
1793074 478165 448 107189
1793075 478165 448 29919
1793081 478167 448 1703
1793082 478167 448 39
1793083 478167 448 1896
1793091 478169 448 869
1793092 478169 448 9950
1793093 478169 448 982
1793094 478169 448 769
1793095 478170 448 39
1793096 478170 448 98
1793097 478170 448 3594
1793098 478171 448 188
1793099 478171 448 1738
1793100 478171 448 10231
1793104 478173 448 4511
1793105 478173 448 367
1793106 478173 448 19794
1793107 478173 448 24794
1793108 478174 448 8655
1793109 478174 448 107005
1793110 478174 448 386
1793118 478175 448 83510
1793119 478175 448 15518
1793120 478175 448 1560
1793121 478175 448 2445
1793122 478175 448 138
1793123 478175 448 78089
1793136 478180 448 507
1793137 478180 448 1896
1793138 478180 448 1703
1793139 478180 448 4075
1793140 478181 448 6192
1793141 478181 448 107300
1793142 478181 448 11255
1793143 478181 448 1136
1793144 478181 448 104
1793145 478181 448 748
1793170 478188 448 1565
1793171 478188 448 1555
1793172 478188 448 4773
1793173 135744 448 107303
1793174 135744 448 107304
1793180 478190 448 21633
1793181 478190 448 294
1793182 478190 448 80
1793183 478190 448 2556
1793184 478191 448 4002
1793185 478191 448 21325
1793186 478191 448 523
1793187 478192 448 458
1793188 478192 448 4587
1793189 478192 448 2587
1793190 478193 448 29
1793191 478193 448 22652
1793192 478193 448 8982
1793193 478193 448 1281
1793194 1923401 448 107305
1793195 1923401 448 8865
1793196 1923401 448 507
1793197 1923401 448 1896
1793198 1923401 448 9783
1793199 1923401 448 107306
1793200 1923401 448 13911
1793201 478194 448 1057
1793202 478194 448 1738
1793203 478194 448 527
1793204 478194 448 108
1793205 478195 448 4297
1793206 478195 448 1546
1793207 478195 448 107307
1793208 478195 448 29
1793209 478195 448 4506
1793214 478196 448 2216
1793215 478196 448 507
1793216 478196 448 3
1793217 478196 448 917
1793219 478198 448 5283
1793220 478198 448 318
1793221 478198 448 44
1793222 478198 448 458
1793223 478199 448 12
1793224 478199 448 318
1793225 478199 448 458
1793226 478200 448 108
1793227 478200 448 188
1793228 478200 448 189
1793229 478200 448 72
1793230 478200 448 1738
1793231 478200 448 44
1793232 22465 448 189
1793233 22465 448 1738
1793234 22465 448 188
1793235 22465 448 108
1793236 22465 448 3558
1793244 478202 448 5120
1793245 478202 448 2155
1793246 478202 448 458
1793247 478202 448 1738
1793248 44679 448 3748
1793249 44679 448 125
1793250 1923402 448 107308
1793251 1923402 448 29
1793252 1923402 448 507
1793253 478203 448 107309
1793254 478203 448 107310
1793255 478203 448 27552
1793256 478203 448 4174
1793257 478204 448 1453
1793258 478204 448 107311
1793259 478204 448 4462
1793260 478204 448 2810
1793261 478204 448 107087
1793287 17779 448 30
1793288 17779 448 458
1793289 478210 448 107313
1793290 478210 448 6725
1793291 478210 448 1555
1793292 478210 448 24000
1793293 478211 448 2631
1793294 478211 448 4379
1793295 478211 448 1565
1793296 478211 448 2186
1793297 93458 448 2149
1793298 93458 448 1106
1793299 93458 448 11
1793300 93458 448 1896
1793306 478213 448 12
1793307 478213 448 1962
1793308 478213 448 2186
1793309 478213 448 4
1793313 478215 448 65744
1793314 478215 448 1049
1793315 478215 448 26722
1793316 478215 448 17025
1793317 478216 448 1453
1793318 478216 448 12
1793319 478216 448 2631
1793320 478216 448 2556
1793321 478217 448 57028
1793322 478217 448 20440
1793323 478217 448 2630
1793324 478217 448 53888
1793325 478217 448 17025
1793326 1915362 448 4527
1793327 1915362 448 941
1793328 1915362 448 2630
1793329 1915362 448 4976
1793330 1923403 448 29
1793331 1923403 448 1808
1793332 1923403 448 5393
1793333 1923403 448 254
1793334 478218 448 719
1793335 478218 448 48667
1793336 478218 448 1728
1793337 478218 448 4820
1793338 478219 448 992
1793339 478219 448 4417
1793340 478219 448 12
1793348 123107 448 2592
1793349 123107 448 2725
1793350 123107 448 12
1793354 332678 448 4973
1793355 332678 448 1058
1793356 332678 448 3518
1793357 332678 448 225
1793358 478222 448 1561
1793359 478222 448 61005
1793360 478222 448 4511
1793365 1923404 448 88152
1793366 1923404 448 992
1793367 1923404 448 3290
1793368 1923404 448 811
1793369 1923404 448 2373
1793370 332679 448 1453
1793371 332679 448 4846
1793372 332679 448 68783
1793373 332679 448 2658
1793374 332679 448 3217
1793379 438679 448 1178
1793380 438679 448 107314
1793381 438679 448 1896
1793382 438679 448 38234
1793404 478226 448 107297
1793405 478226 448 734
1793406 478226 448 1779
1793407 478226 448 388
1793412 478228 448 1453
1793413 478228 448 4462
1793414 478228 448 107086
1793415 478228 448 1555
1793416 478228 448 92016
1793417 478228 448 91760
1793436 478233 448 1453
1793440 478235 448 1453
1793441 478235 448 29429
1793442 478235 448 2810
1793443 478236 448 1453
1793444 478236 448 29429
1793445 478236 448 10231
1793446 478236 448 386
1793468 478243 448 107149
1793469 478243 448 1197
1793470 478243 448 3814
1793471 478243 448 138
1793472 478243 448 104059
1793473 478243 448 17965
1793478 33275 448 286
1793479 33275 448 138
1793480 33275 448 146
1793481 33275 448 457
1793482 33275 448 1703
1793483 33275 448 2902
1793484 33275 448 4753
1793485 1485223 448 216
1793486 1485223 448 305
1793487 1485223 448 220
1793508 478249 448 318
1793509 478249 448 458
1793510 12885 448 107320
1793511 478250 448 23996
1793512 478251 448 1896
1793513 478251 448 8714
1793514 478251 448 5922
1793515 478252 448 1896
1793516 478252 448 5927
1793517 478252 448 8714
1793538 478259 448 28539
1793539 478259 448 458
1793540 478260 448 457
1793541 478260 448 55159
1793542 478260 448 13767
1793547 478262 448 125
1793548 478262 448 5282
1793549 478262 448 523
1793550 478262 448 458
1793551 478262 448 13767
1793552 478263 448 125
1793553 478263 448 5282
1793554 478263 448 523
1793555 478263 448 458
1793556 478263 448 13767
1793557 478264 448 125
1793558 478264 448 13767
1793559 478264 448 5282
1793560 478264 448 458
1793561 478265 448 457
1793562 478265 448 55159
1793563 478265 448 13767
1793564 478266 448 458
1793565 478266 448 318
1793566 478266 448 3325
1793567 478266 448 125
1793568 478266 448 2556
1793573 478268 448 466
1793574 478268 448 13767
1793575 478268 448 458
1793576 478268 448 523
1793578 478270 448 29429
1793579 478270 448 1453
1793580 478270 448 10231
1793581 478270 448 15467
1793582 478271 448 466
1793583 478271 448 13767
1793584 478271 448 458
1793585 478271 448 125
1793586 478272 448 466
1793587 478272 448 13767
1793588 478272 448 458
1793589 478272 448 523
1793590 17758 448 30
1793591 17758 448 1738
1793592 17758 448 458
1793593 17758 448 47684
1793594 17758 448 1007
1793595 134895 448 1738
1793596 134895 448 107321
1793597 134895 448 12
1793598 478273 448 90846
1793599 478273 448 4461
1793600 478273 448 458
1793601 478273 448 30381
1793602 478273 448 4462
1793603 478274 448 2338
1793604 478274 448 996
1793605 478275 448 1406
1793606 478276 448 4323
1793607 478276 448 12
1793608 478276 448 5126
1793609 478276 448 18369
1793610 478277 448 30381
1793611 478277 448 458
1793612 478277 448 28539
1793613 478277 448 4462
1793614 478278 448 12427
1793615 478279 448 12427
1793616 478280 448 2441
1793617 478280 448 108
1793618 478280 448 1738
1793619 478280 448 458
1793620 478280 448 1118
1793621 478281 448 458
1793622 478281 448 1808
1793623 478281 448 388
1793624 478281 448 23517
1793625 478281 448 15
1793643 70060 448 40
1793644 70060 448 757
1793645 70060 448 125
1793646 70060 448 973
1793647 478294 448 20074
1793648 478294 448 825
1793649 478294 448 3153
1793650 478294 448 138
1793651 478294 448 10229
1793652 478295 448 346
1793653 478295 448 507
1793654 478295 448 458
1793655 478295 448 4297
1793665 80372 448 139
1793666 80372 448 1122
1793667 80372 448 992
1793668 1915214 448 5219
1793669 1915214 448 635
1793670 1915214 448 536
1793671 1915214 448 3357
1793680 478287 448 13767
1793681 478287 448 5282
1793682 478287 448 458
1793683 478287 448 523
1793767 478302 448 5675
1793768 478302 448 5959
1793769 478302 448 6862
1793770 478302 448 1320
1793775 478304 448 458
1793776 478304 448 507
1793777 478304 448 5675
1793778 478304 448 188
1793779 478305 448 107330
1793780 478305 448 27943
1793781 478305 448 2730
1793782 478305 448 2373
1793793 1912038 448 1049
1793794 1912038 448 1715
1793795 1912038 448 5245
1793796 478308 448 1932
1793797 478308 448 138
1793798 478308 448 1561
1793799 478308 448 1715
1793800 478309 448 11250
1793801 478309 448 7169
1793802 478309 448 1653
1793803 478309 448 307
