1793805 478310 449 1703
1793808 478312 449 28254
1793811 1923409 449 107335
1793812 1923409 449 107334
1793813 478313 449 104
1793814 15073 449 108
1793815 15073 449 46
1793817 478315 449 2187
1793818 478315 449 787
1793819 65402 449 7003
1793823 421023 449 1943
1793824 421023 449 787
1793825 421023 449 507
1793830 458827 449 294
1793831 1923411 449 6
1793836 18282 449 503
1793837 18282 449 523
1793842 71898 449 912
1793843 71898 449 1793
1793848 478321 449 1943
1793849 478321 449 787
1793850 478321 449 10855
1793859 8930 449 1106
1793860 8930 449 259
1793861 8930 449 2373
1793862 8930 449 301
1793863 8930 449 46
1793864 8930 449 108
1793868 1923413 449 17965
1793874 11364 449 2373
1793875 11364 449 301
1793877 390304 449 1560
1793878 390304 449 1703
1793882 478323 449 2187
1793883 478323 449 787
1793884 478323 449 4422
1793885 478323 449 10855
1793886 411729 449 125
1793887 411729 449 72
1793888 411729 449 1169
1793889 411729 449 1821
1793892 97468 449 125
1793893 1922304 449 503
1793894 1922304 449 787
1793898 88879 449 1703
1793900 478328 449 10063
1793901 478328 449 1331
1793902 478328 449 29
1793906 478331 449 15113
1793916 97556 449 221
1793917 97556 449 359
1793918 478334 449 19992
1793919 478335 449 5245
1793920 478335 449 1943
1793921 478335 449 787
1793922 478335 449 10855
1793923 478336 449 1943
1793924 478336 449 787
1793925 478336 449 10855
1793927 441405 449 104
1793928 441405 449 72
1793932 168792 449 294
1793935 11648 449 1162
1793936 11648 449 16343
1793937 11648 449 1943
1793938 11648 449 787
1793940 171554 449 1126
1793941 171554 449 2187
1793942 478341 449 72
1793943 478341 449 503
1793944 11679 449 3151
1793945 11679 449 7003
1793947 478342 449 1331
1793948 475964 449 125
1793949 475964 449 557
1793950 361227 449 941
1793951 361227 449 29
1793952 361227 449 869
1793953 361227 449 1703
1793957 478344 449 17965
1793958 478345 449 294
1793959 478345 449 7166
1793960 478345 449 1703
1793961 478346 449 311
1793962 478346 449 72
1793963 478346 449 4
1793968 478348 449 2187
1793969 478349 449 16343
1793970 478349 449 1943
1793971 478349 449 638
1793972 350576 449 104
1793973 350576 449 1106
1793974 12225 449 557
1793975 1923416 449 107334
1793976 1923416 449 2647
1793979 435411 449 11
1793980 435411 449 72
1793982 478352 449 11
1793991 1923417 449 1943
1793992 1923417 449 787
1793994 478356 449 4154
1793995 478356 449 1034
1793996 478357 449 2187
1793997 478357 449 787
1794001 478358 449 1943
1794002 478358 449 787
1794006 422866 449 3151
1794007 422866 449 6826
1794008 422866 449 11
1794009 1921892 449 6826
1794010 478360 449 15113
1794011 478360 449 787
1794012 68184 449 1943
1794013 68184 449 72
1794014 478361 449 2187
1794015 478362 449 2187
1794016 478362 449 107337
1794020 1923418 449 1943
1794021 1923418 449 787
1794023 478364 449 787
1794024 478364 449 2187
1794027 478365 449 2187
1794028 478365 449 28254
1794033 478368 449 787
1794034 478368 449 2187
1794035 478369 449 2187
1794036 478369 449 787
1794037 478370 449 2187
1794038 478370 449 787
1794039 478371 449 2187
1794040 478371 449 787
1794041 478371 449 10855
1794051 478376 449 2187
1794052 478376 449 787
1794053 478376 449 10855
1794054 478377 449 15113
1794055 478377 449 3757
1794060 478378 449 7003
1794061 382218 449 1703
1794062 478379 449 1124
1794063 478379 449 72
1794064 478379 449 503
1794066 478381 449 503
1794067 478381 449 72
1794068 478381 449 787
1794069 88922 449 557
1794070 88922 449 719
1794074 1923419 449 107334
1794078 478383 449 19992
1794079 478383 449 15113
1794081 478385 449 557
1794082 478385 449 1162
1794084 1923420 449 35697
1794097 478389 449 2187
1794098 478389 449 4422
1794099 478389 449 787
1794103 478391 449 3151
1794106 478393 449 107339
1794109 478395 449 28254
1794116 478398 449 15
1794117 322811 449 17612
1794119 478400 449 1703
1794120 1923421 449 1703
1794128 53512 449 104
1794134 478404 449 557
1794136 478405 449 503
1794137 478405 449 787
1794141 478408 449 4174
1794143 1923422 449 6
1794144 384169 449 107340
1794145 384169 449 1560
1794146 478410 449 2187
1794147 478410 449 10855
1794148 478410 449 1126
1794149 478410 449 787
1794150 478411 449 1943
1794151 478411 449 7003
1794152 435545 449 359
1794155 478413 449 7166
1794161 1922099 449 107334
1794164 478417 449 107340
1794167 478418 449 7166
1794183 478421 449 4246
1794185 478423 449 4174
1794189 478425 449 5842
1794190 478425 449 1943
1794191 478425 449 787
1794196 478429 449 5842
1794197 478429 449 1034
1794198 12574 449 5842
1794199 12574 449 1703
1794200 12574 449 276
1794203 478431 449 5842
1794204 478431 449 4657
1794205 478432 449 5842
1794206 478433 449 1331
1794207 365404 449 29
1794209 478435 449 10063
1794210 478435 449 1331
1794211 478435 449 29
1794212 478436 449 2187
1794213 478436 449 787
1794214 478436 449 1126
1794216 478437 449 331
1794217 478437 449 1560
1794218 478437 449 3151
1794219 478437 449 7003
1794220 478437 449 29
1794221 478437 449 15113
1794222 15506 449 1943
1794223 15506 449 72
1794224 15506 449 4
1794225 15506 449 503
1794226 1827937 449 6
1794230 478440 449 2187
1794231 478440 449 787
1794232 478440 449 10855
1794233 478441 449 787
1794234 478441 449 2187
1794235 478442 449 72
1794236 478442 449 29
1794237 478443 449 1943
1794238 478443 449 787
1794239 478443 449 10855
1794245 454262 449 1231
1794246 454262 449 1162
1794249 104692 449 16343
1794253 23267 449 2520
1794254 23267 449 7166
1794255 23267 449 72
1794256 478447 449 2187
1794257 478447 449 787
1794258 8597 449 301
1794259 8597 449 46
1794260 12771 449 1123
1794261 478448 449 11
1794262 478448 449 503
1794263 478448 449 2373
1794264 478448 449 1943
1794265 478448 449 787
1794266 106720 449 1943
1794267 106720 449 72
1794268 106720 449 4
1794269 106720 449 503
1794272 474117 449 941
1794273 474117 449 17965
1794277 391961 449 125
1794278 391961 449 4174
1794279 5013 449 4174
1794280 5013 449 125
1794284 126183 449 1703
1794289 115211 449 1703
1794290 115211 449 3151
1794291 353981 449 104
1794292 353981 449 29
1794293 353981 449 2373
1794294 353981 449 331
1794295 353981 449 139
1794297 391972 449 1703
1794299 478457 449 108
1794300 478457 449 46
1794303 244 449 108
1794305 478459 449 108
1794306 478459 449 46
1794307 478459 449 72
1794308 478459 449 11
1794310 478460 449 3757
1794311 103790 449 523
1794312 103790 449 72
1794313 103790 449 1703
1794316 478462 449 15113
1794317 478462 449 311
1794318 478462 449 503
1794319 478463 449 1331
1794320 1923425 449 6
1794322 478464 449 1943
1794323 478464 449 503
1794324 478464 449 787
1794325 478465 449 80150
1794326 478466 449 15113
1794327 478467 449 1703
1794334 478468 449 125
1794335 478469 449 107339
1794339 478472 449 4154
1794344 478473 449 503
1794345 478473 449 1560
1794346 478473 449 10855
1794352 478477 449 104
1794358 8718 449 1703
1794359 478480 449 7003
1794360 478480 449 7166
1794361 478480 449 3151
1794365 459643 449 557
1794369 478483 449 1560
1794370 478484 449 6826
1794371 478484 449 1703
1794380 478487 449 2373
1794381 478488 449 1703
1794385 478490 449 2187
1794386 478490 449 787
1794387 1923427 449 15113
1794388 1923427 449 787
1794389 478491 449 6
1794390 478491 449 139
1794391 478491 449 2373
1794392 478491 449 104
1794398 1923430 449 107334
1794416 194498 449 503
1794417 194498 449 787
1794418 478497 449 1331
1794419 478497 449 29
1794421 86857 449 2515
1794423 478498 449 1703
1794424 478498 449 638
1794425 478498 449 10063
1794426 190246 449 1943
1794431 478500 449 503
1794432 478500 449 787
1794433 478501 449 7003
1794445 478505 449 3151
1794456 478508 449 503
1794457 478508 449 787
1794461 49431 449 873
1794462 478510 449 104
1794472 386657 449 873
1794473 386657 449 1943
1794474 386657 449 139
1794475 386657 449 11
1794476 478513 449 72
1794478 478515 449 4867
1794480 478516 449 276
1794481 478516 449 76
1794485 478518 449 1702
1794486 290692 449 125
1794487 290692 449 1703
1794488 290692 449 503
1794489 290692 449 1162
1794490 381870 449 1943
1794491 381870 449 787
1794495 13590 449 359
1794496 478520 449 869
1794497 478520 449 1703
1794498 478521 449 2187
1794499 478521 449 787
1794500 478522 449 1943
1794501 478522 449 787
1794503 478524 449 873
1794504 478524 449 503
1794505 478524 449 787
1794506 6966 449 2373
1794507 6966 449 104
1794508 6966 449 139
1794510 478525 449 17612
1794516 350798 449 1331
1794517 350798 449 29
1794520 13654 449 139
1794521 47864 449 1125
1794522 47864 449 6
1794523 47864 449 301
1794524 47864 449 1703
1794525 478527 449 787
1794526 478527 449 1943
1794527 73180 449 104
1794528 73180 449 638
1794529 73180 449 1703
1794531 3293 449 2373
1794532 3293 449 104
1794533 3293 449 523
1794534 478529 449 104
1794535 478530 449 1943
1794536 478531 449 1703
1794537 1923434 449 2909
1794538 363420 449 301
1794539 363420 449 523
1794540 363420 449 125
1794544 428694 449 4174
1794547 478534 449 2187
1794548 478534 449 787
1794551 478535 449 15113
1794552 478535 449 787
1794554 478537 449 1703
1794555 478537 449 107340
1794556 478538 449 108
1794557 478538 449 46
1794558 478539 449 108
1794561 478540 449 1943
1794562 478540 449 787
1794565 478541 449 503
1794567 86904 449 1703
1794570 478543 449 787
1794571 478543 449 1943
1794580 478546 449 2187
1794581 478546 449 787
1794584 1923438 449 107334
1794585 1923439 449 107334
1794586 1923440 449 107334
1794587 1923441 449 107334
1794589 1923443 449 107334
1794590 1923444 449 107334
1794591 1923445 449 107334
1794592 1923446 449 107334
1794593 1923447 449 107334
1794594 1923448 449 107334
1794600 478550 449 17965
1794601 478550 449 1560
1794602 478550 449 638
1794603 478551 449 1331
1794604 106998 449 2187
1794607 55296 449 1703
1794608 55296 449 1560
1794609 55296 449 1162
1794610 55296 449 873
1794611 55296 449 7166
1794612 55296 449 1943
1794613 55296 449 72
1794614 55296 449 503
1794615 55296 449 787
1794618 67266 449 1703
1794619 67266 449 1169
1794620 67266 449 503
1794621 67266 449 787
1794622 67266 449 507
1794624 478552 449 108
1794625 478552 449 46
1794626 478553 449 1007
1794627 478553 449 46
1794628 478553 449 72
1794629 478554 449 17965
1794630 478554 449 1560
1794631 478554 449 638
1794632 478555 449 17965
1794639 454712 449 72
1794640 454712 449 638
1794641 454712 449 503
1794643 478558 449 1703
1794646 257123 449 72
1794647 257123 449 869
1794651 190556 449 359
1794652 478560 449 331
1794653 478560 449 15113
1794654 478560 449 787
1794655 478560 449 10855
1794660 478563 449 2187
1794661 478563 449 787
1794662 104992 449 873
1794663 104992 449 7166
1794664 104992 449 503
1794665 67320 449 1703
1794673 50160 449 72
1794674 50160 449 2373
1794675 50160 449 638
1794676 28267 449 1703
1794677 28267 449 125
1794678 28267 449 1162
1794679 28267 449 7166
1794680 28267 449 5947
1794681 28267 449 1820
1794692 458475 449 359
1794693 1923450 449 503
1794694 1923450 449 787
1794699 478570 449 1062
1794702 381091 449 2520
1794703 381091 449 941
1794704 197865 449 1703
1794705 197865 449 139
1794706 197865 449 104
1794707 197865 449 873
1794708 340214 449 2520
1794712 88121 449 1703
1794714 478573 449 301
1794715 478573 449 72
1794721 478576 449 1943
1794722 478576 449 5245
1794723 478576 449 1703
1794728 275261 449 4174
1794729 478579 449 503
1794730 478579 449 11
1794731 478579 449 873
1794736 478584 449 1560
1794737 478584 449 19992
1794738 478584 449 29
1794739 478585 449 1331
1794740 146031 449 1331
1794741 478586 449 1331
1794744 69985 449 1331
1794746 36599 449 221
1794747 36599 449 359
1794751 21459 449 125
1794752 21459 449 7166
1794753 478591 449 107339
1794754 478591 449 1331
1794760 1923451 449 125
1794761 1923451 449 5947
1794763 478595 449 1162
1794764 478595 449 1703
1794765 478596 449 1943
1794766 478596 449 16343
1794770 11449 449 1702
1794771 478598 449 294
1794772 478599 449 3151
1794773 478599 449 1388
1794774 478599 449 1560
1794778 478601 449 1231
1794782 478602 449 5842
1794783 478603 449 2187
1794784 478604 449 638
1794785 478604 449 1703
1794788 337691 449 1331
1794789 337691 449 311
1794790 337691 449 29
1794791 478605 449 311
1794793 478607 449 7003
1794794 478608 449 719
1794795 478608 449 2515
1794796 478608 449 72
1794797 478609 449 1943
1794798 478609 449 16343
1794799 478610 449 4174
1794801 330858 449 1231
1794802 1923454 449 17965
1794803 478611 449 1331
1794806 478614 449 19992
1794807 478615 449 29
1794809 478616 449 2187
1794810 478616 449 503
1794811 478616 449 787
1794812 124004 449 1703
1794814 1923455 449 107334
1794816 478619 449 1703
1794820 33016 449 1007
1794821 33016 449 11
1794822 67739 449 1106
1794823 67739 449 2373
1794824 67740 449 1703
1794825 67740 449 1162
1794826 67740 449 104
1794827 12850 449 557
1794828 12850 449 72
1794829 12850 449 1123
1794833 124062 449 3760
1794840 478625 449 2373
1794841 478626 449 3151
1794842 1923456 449 35697
1794843 67725 449 2373
1794844 1923457 449 17965
1794845 478627 449 17965
1794846 478627 449 1703
1794847 478627 449 1560
1794848 478627 449 1943
1794849 478627 449 787
1794852 478628 449 76
1794853 478628 449 2373
1794854 478628 449 104
1794860 431866 449 72
1794861 431866 449 503
1794863 478633 449 2373
1794864 478633 449 638
1794868 478636 449 107336
1794873 478638 449 15113
1794874 478639 449 503
1794875 478639 449 10855
1794876 478639 449 787
1794880 478641 449 4154
1794881 478641 449 1034
1794882 478642 449 1106
1794883 478643 449 503
1794884 478643 449 787
1794891 478646 449 107339
1794892 82788 449 557
1794893 478647 449 557
1794899 478650 449 2187
1794908 478656 449 1943
1794909 478656 449 787
1794910 478657 449 1943
1794912 478659 449 1703
1794913 2710 449 557
1794914 2710 449 1703
1794916 1923458 449 17965
1794917 23929 449 2515
1794918 23929 449 301
1794919 23929 449 72
1794920 107292 449 1162
1794921 107292 449 72
1794922 107292 449 2373
1794923 6801 449 294
1794924 336582 449 7003
1794925 336582 449 3151
1794926 478661 449 11
1794934 478664 449 5040
1794935 478665 449 2187
1794936 478665 449 104
1794937 478666 449 1943
1794938 478666 449 787
1794942 455117 449 107339
1794952 79883 449 4174
1794953 363613 449 1703
1794954 363613 449 104
1794955 363613 449 125
1794957 478668 449 2187
1794958 478668 449 787
1794959 478668 449 10855
1794961 478670 449 311
1794962 478670 449 557
1794969 387731 449 1943
1794970 387731 449 787
1794971 478671 449 503
1794972 478671 449 1703
1794973 478671 449 3151
1794974 478671 449 2187
1794976 478673 449 3151
1794977 478673 449 6826
1794978 478673 449 638
1794980 14574 449 1560
1794981 14574 449 1123
1794982 12861 449 1162
1794983 12861 449 125
1794984 12861 449 1560
1794985 478674 449 107342
1794986 478675 449 107339
1794990 478676 449 72
1794992 456900 449 125
1794993 456900 449 1703
1794994 456900 449 1162
1794995 478677 449 15113
1794997 96112 449 125
1794998 478679 449 16343
1795000 478680 449 15113
1795001 68185 449 1703
1795002 1923460 449 507
1795005 78740 449 1106
1795006 78740 449 2373
1795014 478685 449 1560
1795015 478685 449 1162
1795016 478686 449 107336
1795017 478687 449 2187
1795018 478687 449 787
1795019 159554 449 7003
1795020 159554 449 3151
1795021 159554 449 294
1795034 452993 449 125
1795035 1528 449 294
1795036 1528 449 72
1795039 478691 449 16343
1795041 478692 449 7166
1795042 387838 449 107339
1795043 478693 449 104
1795044 478693 449 331
1795050 478696 449 104
1795051 478696 449 139
1795052 478696 449 2373
1795053 478697 449 104
1795054 478697 449 507
1795057 478700 449 104
1795058 478701 449 104
1795060 291630 449 6826
1795061 291630 449 3151
1795062 291630 449 1560
1795063 478703 449 3151
1795064 478703 449 6826
1795065 88258 449 72
1795066 114325 449 1703
1795067 127378 449 1703
1795075 478704 449 104
1795076 478704 449 2373
1795082 478708 449 4657
1795083 478708 449 5842
1795084 478709 449 3151
1795085 478709 449 4010
1795087 116280 449 7003
1795088 116280 449 3151
1795089 364602 449 557
1795090 364602 449 1703
1795091 478711 449 1126
1795092 478711 449 2187
1795093 478711 449 787
1795099 478715 449 1702
1795100 478715 449 7166
1795102 378907 449 294
1795103 375062 449 72
1795104 375062 449 869
1795106 478718 449 638
1795107 478718 449 1703
1795110 478719 449 1703
1795111 478719 449 638
1795112 478720 449 3151
1795113 478720 449 1560
1795114 478720 449 638
1795119 255034 449 107336
1795120 478722 449 331
1795126 478725 449 17965
1795131 75699 449 557
1795132 75699 449 125
1795133 257796 449 125
1795134 257796 449 1162
1795140 478729 449 2338
1795142 36712 449 72
1795143 36712 449 1123
1795144 36712 449 2515
1795145 55773 449 5947
1795146 55773 449 125
1795149 1923462 449 4174
1795150 478731 449 1923
1795157 78059 449 1106
1795158 78059 449 457
1795162 355129 449 5947
1795163 355129 449 125
1795164 107579 449 503
1795165 107579 449 787
1795168 478736 449 2187
1795169 478736 449 787
1795172 478738 449 2187
1795173 478738 449 28254
1795174 478738 449 787
1795177 111146 449 359
1795178 111146 449 72
1795180 107591 449 1943
1795181 107591 449 259
1795182 105502 449 1123
1795183 400586 449 1703
1795184 400586 449 557
1795185 478740 449 331
1795186 478741 449 32960
1795187 478742 449 5842
1795189 10504 449 15113
1795190 478743 449 557
1795194 74382 449 5947
1795195 74382 449 301
1795196 74382 449 523
1795197 478745 449 1943
1795198 478745 449 507
1795199 478745 449 787
1795200 75714 449 104
1795201 75714 449 19756
1795203 478747 449 2187
1795204 478747 449 4154
1795208 191992 449 2187
1795209 191992 449 17612
1795210 478749 449 787
1795211 478749 449 2187
1795218 478751 449 2187
1795219 478751 449 787
1795220 478752 449 2187
1795221 478752 449 787
1795225 478754 449 941
1795228 478756 449 787
1795229 478757 449 2187
1795231 478759 449 1703
1795234 527487 449 1703
1795235 527487 449 3151
1795238 478762 449 638
1795239 478762 449 6
1795240 478762 449 72
1795241 478762 449 1125
1795242 1923467 449 6
1795245 478764 449 28254
1795246 389997 449 72
1795247 389997 449 503
1795248 389997 449 311
1795249 83918 449 125
1795250 83918 449 557
1795251 83918 449 1703
1795252 478765 449 787
1795253 478765 449 1943
1795254 478765 449 5245
1795255 478766 449 2187
1795256 478766 449 17612
1795257 478766 449 787
1795258 380427 449 2187
1795259 380427 449 787
1795260 28297 449 1703
1795261 126500 449 20461
1795262 126500 449 72
1795263 126500 449 869
1795264 478767 449 503
1795265 478767 449 20461
1795266 478767 449 331
1795267 478767 449 1162
1795268 80008 449 331
1795269 80008 449 20461
1795273 478769 449 1943
1795274 478769 449 787
1795275 478769 449 503
1795276 478769 449 1703
1795277 70521 449 72
1795279 24314 449 1703
1795280 24314 449 311
1795281 24314 449 72
1795283 478771 449 2187
1795284 478771 449 125
1795285 478772 449 2187
1795286 478772 449 787
1795287 478773 449 557
1795288 478773 449 1162
1795293 241259 449 1703
1795294 241259 449 15113
1795295 478774 449 869
1795296 478774 449 1239
1795297 478775 449 869
1795304 478778 449 503
1795305 478778 449 787
1795306 1923468 449 107334
1795307 1923468 449 5404
1795308 254958 449 311
1795309 254958 449 1943
1795310 254958 449 5245
1795311 254958 449 787
1795320 1923469 449 1943
1795321 1923469 449 787
1795326 478782 449 2187
1795327 76911 449 1943
1795328 478783 449 16343
1795329 478783 449 1943
1795330 478783 449 28254
1795334 478786 449 557
1795335 1923470 449 3151
1795336 1923470 449 7003
1795337 1923470 449 1703
1795347 390016 449 1703
1795348 390016 449 1560
1795349 390016 449 1162
1795350 390016 449 557
1795351 1923471 449 107333
1795352 1923471 449 107334
1795357 478793 449 6
1795359 1923472 449 35697
1795360 478794 449 19756
1795363 478796 449 125
1795365 1923473 449 35697
1795366 478798 449 107336
1795371 9874 449 107336
1795372 9876 449 107336
1795373 145651 449 1943
1795374 145651 449 787
1795375 478800 449 104
1795376 478801 449 3151
1795377 478801 449 7003
1795378 478801 449 11770
1795379 478802 449 557
1795381 478803 449 11
1795382 478803 449 156
1795386 478805 449 2187
1795387 478805 449 787
1795388 478806 449 2187
1795389 478806 449 787
1795394 478808 449 2187
1795395 478808 449 787
1795396 315381 449 1703
1795397 315381 449 1162
1795398 315381 449 7166
1795399 315381 449 107336
1795400 478809 449 125
1795411 478811 449 1007
1795412 478811 449 11
1795413 478811 449 46
1795416 478813 449 1943
1795417 478814 449 1943
1795418 478814 449 416
1795424 400897 449 1943
1795425 400897 449 787
1795426 400897 449 5245
1795429 1923474 449 1943
1795430 1923474 449 1703
1795434 1923475 449 787
1795435 1923475 449 1943
1795436 1923475 449 294
1795437 478818 449 1943
1795438 478818 449 787
1795439 315390 449 1943
1795440 315390 449 787
1795441 315390 449 503
1795442 315390 449 221
1795443 478819 449 1943
1795444 478819 449 787
1795445 478819 449 719
1795454 478824 449 1943
1795455 478824 449 787
1795456 478824 449 1703
1795457 478824 449 1560
1795461 478826 449 787
1795462 478826 449 1943
1795463 478827 449 1943
1795464 478827 449 787
1795467 1923476 449 507
1795468 1923476 449 1943
1795469 1923476 449 503
1795470 1923476 449 787
1795471 315394 449 221
1795472 315394 449 29
1795473 478829 449 3151
1795474 478829 449 11770
1795475 478829 449 1106
1795476 478829 449 7003
1795480 478832 449 107344
1795493 478836 449 331
1795494 478836 449 3151
1795495 478837 449 557
1795499 478840 449 873
1795500 478840 449 7166
1795505 35177 449 1703
1795506 35177 449 125
1795507 35177 449 5947
1795508 478843 449 2187
1795509 478843 449 787
1795511 478844 449 4192
1795512 478845 449 15113
1795513 478846 449 787
1795514 478846 449 1943
1795520 1923478 449 1703
1795521 1923478 449 16343
1795523 478848 449 41180
1795528 478851 449 3151
1795529 478851 449 37973
1795530 1923479 449 35697
1795534 478853 449 108
1795535 478853 449 46
1795538 478855 449 15113
1795539 478855 449 787
1795544 390050 449 72
1795551 195718 449 359
1795552 195718 449 221
1795553 195718 449 1703
1795554 195718 449 3203
1795557 1923481 449 3203
1795558 1923481 449 17965
1795559 478860 449 359
1795560 478861 449 19756
1795568 478864 449 1943
1795573 252727 449 6826
1795574 252727 449 1106
1795575 252727 449 11
1795576 179619 449 1703
1795583 478868 449 1331
1795591 478873 449 16343
1795592 478874 449 1560
1795593 478874 449 1703
1795594 478875 449 4174
1795595 24368 449 4174
1795596 24368 449 72
1795597 24368 449 1125
1795602 478879 449 1943
1795603 478879 449 787
1795605 478880 449 28778
1795606 478881 449 107344
1795610 478882 449 4154
1795616 478886 449 4192
1795618 478888 449 4192
1795619 478889 449 38821
1795620 478890 449 38821
1795621 478891 449 38821
1795624 478892 449 331
1795625 478892 449 3151
1795626 478892 449 7003
1795627 478893 449 107339
1795628 478894 449 941
1795629 478895 449 873
1795630 478895 449 72
1795631 478896 449 39870
1795632 478896 449 359
1795633 62136 449 107334
1795634 32488 449 107334
1795644 478901 449 1943
1795645 478902 449 1943
1795646 478902 449 787
1795647 9875 449 107336
1795648 478903 449 2187
1795649 478904 449 503
1795650 478905 449 2187
1795651 478905 449 1943
1795652 478905 449 787
1795653 478906 449 503
1795654 478906 449 787
1795658 127694 449 503
1795659 127694 449 557
1795660 127694 449 1820
1795661 478909 449 787
1795662 478909 449 15113
1795663 478909 449 1943
1795667 135871 449 503
1795668 135871 449 1943
1795669 135871 449 2187
1795670 135871 449 787
1795671 478911 449 72
1795672 478911 449 4
1795673 478911 449 503
1795684 1923485 449 2187
1795685 1923485 449 787
1795688 478913 449 787
1795689 478913 449 2187
1795692 478915 449 2187
1795693 478915 449 787
1795699 478916 449 912
1795700 478917 449 108
1795701 70852 449 125
1795702 70852 449 4174
1795704 478918 449 104
1795705 478918 449 638
1795709 478919 449 1034
1795718 27935 449 125
1795719 27935 449 108
1795720 478925 449 1943
1795721 478925 449 503
1795722 478925 449 507
1795724 478927 449 2187
1795725 478927 449 28254
1795726 1923486 449 107334
1795727 478928 449 3151
1795728 478929 449 11
1795729 478929 449 503
1795730 478930 449 1703
1795731 1829 449 125
1795732 1829 449 5947
1795733 1829 449 2515
1795734 1829 449 7166
1795735 1829 449 523
1795740 478932 449 2187
1795741 478933 449 1331
1795742 478933 449 29
1795748 1923488 449 2187
1795749 1923488 449 787
1795756 478937 449 359
1795757 80167 449 1703
1795758 80167 449 787
1795759 80167 449 72
1795760 75266 449 331
1795761 75266 449 72
1795762 127739 449 1703
1795765 478939 449 29
1795766 478939 449 1703
1795767 478939 449 15113
1795768 478939 449 787
1795769 478939 449 4422
1795770 478939 449 10855
1795773 478941 449 17965
1795774 478942 449 107340
1795781 478944 449 107339
1795782 478945 449 1943
1795783 478945 449 787
1795784 478945 449 5245
1795785 478946 449 1943
1795786 478946 449 787
1795787 478946 449 5245
1795788 478947 449 1124
1795789 478947 449 503
1795792 478950 449 276
1795796 478953 449 557
1795801 478956 449 28254
1795802 478957 449 2373
1795803 185742 449 1703
1795804 185742 449 1560
1795805 185742 449 3151
1795806 185742 449 557
1795807 185742 449 2373
1795808 185745 449 1703
1795809 185745 449 16343
1795820 478962 449 503
1795821 478962 449 787
1795822 478963 449 1703
1795824 478965 449 668
1795825 478965 449 46
1795826 478965 449 11
1795827 478966 449 16343
1795828 478966 449 1943
1795829 478966 449 787
1795830 468153 449 359
1795831 468153 449 1230
1795832 478967 449 787
1795833 478967 449 1943
1795834 478967 449 5245
1795835 478968 449 4010
1795836 478968 449 1560
1795837 478968 449 3151
1795838 478968 449 1162
1795839 478968 449 16343
1795841 87234 449 10063
1795842 87234 449 1703
1795843 87234 449 1162
1795844 478970 449 104
1795845 478970 449 11
1795846 478971 449 80150
1795848 170611 449 1703
1795849 58516 449 1125
1795850 58516 449 4174
1795851 478972 449 869
1795854 478974 449 787
1795855 478974 449 507
1795856 478974 449 503
1795857 478974 449 1943
1795860 1923490 449 787
1795861 478976 449 787
1795863 478978 449 2187
1795864 478979 449 3760
1795866 478981 449 294
1795867 80207 449 72
1795868 1923491 449 107334
1795869 478982 449 2187
1795870 478983 449 17612
1795871 478983 449 2187
1795872 478984 449 1062
1795873 478984 449 1703
1795874 478984 449 1162
1795878 478987 449 125
1795879 478987 449 1703
1795881 95164 449 1703
1795882 95164 449 301
1795883 95164 449 72
1795884 95164 449 4
1795885 478989 449 11
1795886 478990 449 28778
1795887 478990 449 941
1795888 3141 449 1560
1795889 3141 449 1062
1795890 3141 449 638
1795894 478992 449 3760
1795895 478993 449 1703
1795899 478995 449 5842
1795902 10793 449 107336
1795904 58816 449 125
1795905 58816 449 1162
1795906 58816 449 557
1795907 58816 449 1703
1795914 478999 449 503
1795915 478999 449 4010
1795916 478999 449 3151
1795917 478999 449 1560
1795918 479000 449 359
1795919 479000 449 1703
1795920 479000 449 7166
1795921 479001 449 787
1795922 479001 449 2187
1795923 479001 449 1943
1795926 479003 449 125
1795929 479005 449 2187
1795930 479005 449 72
1795931 479005 449 1126
1795938 479007 449 1703
1795939 479007 449 873
1795940 479007 449 72
1795941 479007 449 787
1795942 479008 449 331
1795943 479008 449 557
1795951 479011 449 2187
1795952 479011 449 10855
1795953 479012 449 125
1795954 1902 449 2515
1795955 479013 449 1943
1795956 479013 449 15113
1795964 136450 449 294
1795967 479017 449 2187
1795968 479017 449 787
1795969 479018 449 1943
1795970 35089 449 5947
1795971 35089 449 2515
1795972 35089 449 523
1795973 479019 449 2187
1795974 479019 449 1943
1795975 479019 449 503
1795976 479019 449 787
1795979 479021 449 1943
1795980 479021 449 16343
1795981 479022 449 68822
1795982 1923495 449 1943
1795983 1923495 449 787
1795984 479023 449 108
1795985 479023 449 46
1795990 1923496 449 1943
1795991 1923496 449 15113
1795992 1923496 449 787
1796003 479027 449 2373
1796004 479028 449 29
1796006 479029 449 557
1796007 479029 449 1820
1796008 479029 449 1703
1796009 479030 449 5947
1796010 479030 449 523
1796011 479030 449 557
1796013 479032 449 416
1796014 479032 449 787
1796017 479033 449 2187
1796018 479033 449 1703
1796019 479034 449 72
1796020 479034 449 1703
1796021 479034 449 1560
1796022 479034 449 638
1796023 479035 449 1703
1796024 479035 449 15113
1796025 479036 449 787
1796026 479036 449 2187
1796027 339630 449 125
1796028 339630 449 1703
1796030 479037 449 1703
1796031 479037 449 1943
1796032 479037 449 787
1796033 479037 449 503
1796034 479037 449 873
1796035 105972 449 6826
1796036 105972 449 3151
1796042 1923499 449 107334
1796043 479039 449 1943
1796044 479040 449 1923
1796045 479040 449 17612
1796046 479041 449 3151
1796047 479041 449 7003
1796048 479041 449 6826
1796052 479044 449 125
1796053 479045 449 557
1796054 479047 449 1703
1796055 479048 449 3151
1796056 479048 449 638
1796057 479048 449 7003
1796059 22400 449 1703
1796060 22400 449 523
1796061 107565 449 503
1796062 107565 449 557
1796063 107565 449 1162
1796064 107565 449 29
1796065 107565 449 1703
1796066 107565 449 221
1796067 107565 449 787
1796069 1923501 449 1943
1796070 1923501 449 787
1796071 1923501 449 507
1796074 479050 449 787
1796075 479050 449 2187
1796077 479052 449 1820
1796078 479052 449 359
1796079 479053 449 873
1796080 479053 449 107334
1796081 479053 449 107347
1796082 121635 449 1703
1796090 479057 449 104
1796092 257207 449 1162
1796093 257207 449 276
1796094 257207 449 873
1796095 257207 449 1703
1796096 479059 449 503
1796097 479059 449 873
1796098 479059 449 787
1796103 479061 449 912
1796104 479061 449 72
1796105 479061 449 2515
1796106 479062 449 557
1796107 479062 449 1703
1796108 1923502 449 3203
1796109 1923502 449 17965
1796119 479064 449 107339
1796120 479065 449 3151
1796121 479065 449 7003
1796122 479066 449 7003
1796123 479066 449 3151
1796124 479066 449 11770
1796125 479067 449 3151
1796126 479067 449 1703
1796130 424332 449 503
1796131 479068 449 1703
1796132 479069 449 4246
1796133 479070 449 1560
1796134 479070 449 503
1796135 479070 449 4010
1796136 479070 449 1703
1796137 479070 449 1162
1796138 479070 449 1820
1796139 479071 449 2187
1796140 479071 449 787
1796144 479074 449 104
1796145 390142 449 107336
1796146 479075 449 941
1796153 479076 449 125
1796154 479077 449 1703
1796155 479078 449 104
1796158 56460 449 72
1796159 56460 449 46
1796160 56460 449 108
1796167 479083 449 869
1796168 1267942 449 359
1796169 1267942 449 1230
1796170 479084 449 108
1796174 479087 449 294
1796175 479087 449 15113
1796176 479087 449 787
1796181 479091 449 1231
1796182 479092 449 2187
1796186 80319 449 125
1796187 80319 449 1703
1796188 80319 449 557
1796194 1923510 449 359
1796195 1923510 449 1230
1796196 1923510 449 1703
1796199 479097 449 1703
1796200 479097 449 311
1796201 479097 449 301
1796202 479097 449 4154
1796203 479097 449 869
1796205 1923511 449 787
1796206 1923511 449 2187
1796209 89581 449 5947
1796210 89581 449 72
1796211 89581 449 2515
1796212 479100 449 3151
1796213 479100 449 7003
1796214 48399 449 46
1796215 48399 449 72
1796216 48399 449 108
1796217 48399 449 301
1796218 108574 449 359
1796219 479101 449 15113
1796220 479101 449 10855
1796221 479101 449 1820
1796222 479102 449 104
1796226 479105 449 7003
1796227 479105 449 7166
1796228 387996 449 873
1796229 387996 449 359
1796230 387996 449 6833
1796231 479106 449 1331
1796236 479109 449 1703
1796237 479110 449 7003
1796238 479110 449 3151
1796240 479112 449 29
1796241 479113 449 2187
1796242 479113 449 1126
1796243 479113 449 787
1796248 266765 449 72
1796249 266765 449 29
1796250 266765 449 1703
1796251 266765 449 2247
1796253 479117 449 107339
1796254 479118 449 107339
1796255 479119 449 107339
1796256 108608 449 1703
1796257 33979 449 72
1796262 13661 449 72
1796266 441181 449 15113
1796267 1923512 449 15113
1796268 479122 449 15113
1796269 479122 449 787
1796278 479124 449 2187
1796279 479124 449 787
1796282 479126 449 108
1796284 479143 449 17965
1796285 479144 449 17965
1796286 479145 449 259
1796287 479145 449 46
1796288 479146 449 1703
1796289 1923513 449 107334
1796290 371589 449 507
1796291 371589 449 1703
1796292 371589 449 638
1796293 371589 449 1560
1796300 479128 449 26234
1796301 479128 449 359
1796302 479129 449 7166
1796303 479130 449 557
1796304 479130 449 1793
1796305 479131 449 982
1796309 479133 449 104
1796310 479133 449 139
1796311 479134 449 125
1796312 45761 449 4192
1796314 479135 449 28254
1796315 479135 449 2187
1796322 1923515 449 107334
1796326 123141 449 5842
1796327 123141 449 869
1796328 123141 449 4154
1796329 123141 449 72
1796330 479140 449 1331
1796331 479140 449 29
1796334 71461 449 1703
1796335 71461 449 301
1796336 479141 449 107340
1796337 479141 449 1560
