125654 32801 45 216
125655 32801 45 138
125656 32801 45 90
125657 32802 45 557
125658 32803 45 1812
125659 32803 45 2424
125660 32804 45 80
125661 32804 45 90
125662 32805 45 104
125663 32805 45 359
125668 32808 45 11
125670 32810 45 28
125671 32810 45 11
125672 32811 45 2424
125673 32812 45 11
125674 32812 45 285
125675 32812 45 668
125687 32821 45 29
125709 32837 45 11
125715 32842 45 359
125716 32842 45 4192
125727 32851 45 9026
125729 32853 45 5020
125732 32856 45 3
125733 32856 45 285
125734 32856 45 11
125738 32857 45 186
125756 32869 45 28
125757 32869 45 11
125759 32871 45 216
125761 32873 45 104
125778 32884 45 359
125797 32897 45 2424
125827 32917 45 28
125828 32917 45 11
125833 32920 45 28
125834 32921 45 359
125839 32924 45 5020
125846 32929 45 5020
125847 32930 45 912
125854 32935 45 5146
125855 32936 45 9026
125856 32937 45 28
125857 32937 45 11
125858 32938 45 1125
125864 32944 45 72
125865 32944 45 668
125866 32944 45 11
125871 31989 45 28
125872 31989 45 11
125896 32961 45 5020
125910 32970 45 5678
125911 32970 45 1125
125912 32970 45 3
125913 32970 45 9025
125927 32978 45 28
125928 32978 45 1038
125929 32978 45 11
125930 32979 45 451
125934 32982 45 11
125935 32982 45 28
125936 23666 45 285
125937 23666 45 139
125941 32985 45 359
125943 32987 45 90
125944 32987 45 104
125945 32987 45 276
125946 27291 45 104
125947 32988 45 28
125948 32988 45 11
125949 32988 45 90
125951 32990 45 9028
125952 32990 45 9029
125957 32992 45 5678
125958 32992 45 276
125959 32992 45 3
125960 32993 45 276
125961 32993 45 285
125962 32994 45 276
125964 32996 45 3
125965 32996 45 5678
125972 2664 45 523
125973 2664 45 1229
125975 21432 45 9022
125979 33004 45 451
125980 33005 45 4192
125981 33005 45 359
125990 33011 45 28
125991 33011 45 72
125997 33016 45 11
126000 33019 45 359
126001 33020 45 139
126002 33020 45 104
126003 33021 45 104
126004 33022 45 28
126005 33022 45 781
126006 33022 45 11
126009 33025 45 11
126010 33025 45 28
126012 33027 45 72
126013 33027 45 28
126014 33027 45 1038
126041 33048 45 72
126042 33048 45 28
126047 33051 45 507
126051 33055 45 28
126052 33055 45 11
126053 33056 45 28
126054 33056 45 72
126055 33056 45 11
126059 33058 45 28
126060 33058 45 11
126067 33060 45 11
126068 33060 45 1038
126069 33060 45 28
126070 33061 45 28
126071 33061 45 1038
126072 33062 45 1038
126073 33062 45 28
126074 33062 45 11
126075 25531 45 11
126076 25531 45 285
126077 31025 45 9025
126081 33064 45 451
126091 33070 45 359
126092 28743 45 668
126093 28743 45 11
126115 33085 45 912
126116 33085 45 2424
126128 3435 45 5678
126129 3435 45 3
126148 26617 45 668
126149 26617 45 11
126150 33101 45 90
126151 33102 45 104
126157 33107 45 138
126166 33113 45 9027
126168 33115 45 2424
126169 33116 45 216
126177 33121 45 11
126183 3459 45 781
126184 3459 45 11
126185 3459 45 90
126186 25626 45 139
126187 25626 45 5678
126188 25626 45 3
126189 33124 45 276
126192 33126 45 11
126193 33126 45 285
126197 33130 45 104
126198 33131 45 4192
126203 33134 45 359
126205 24444 45 781
126208 33137 45 2424
126210 33139 45 11
126212 33141 45 28
126213 33141 45 11
126246 33158 45 557
126247 33158 45 5020
126249 33160 45 104
126250 33160 45 285
126251 33160 45 139
126253 22695 45 11
126254 22695 45 138
126259 33163 45 11
126267 33169 45 359
126269 33171 45 104
126271 33173 45 285
126283 33182 45 29
126285 27934 45 3
126286 27934 45 285
126298 28518 45 1125
126299 28518 45 3
126300 28518 45 285
126301 28518 45 5678
126306 33193 45 11
126307 33194 45 11
126308 33195 45 11
126309 33196 45 507
126310 33196 45 912
126311 33196 45 557
126312 33197 45 507
126313 33198 45 285
126314 33199 45 359
126315 24352 45 359
126316 33200 45 11
126317 33201 45 1812
126319 33203 45 11
126320 33203 45 28
126322 33205 45 3
126323 33205 45 139
126324 33205 45 285
126330 33208 45 28
126331 33208 45 1038
126332 33208 45 11
126333 33209 45 139
126334 33209 45 285
126335 33210 45 451
126336 33210 45 285
126341 33214 45 1122
126345 33217 45 11
126356 33224 45 2424
126357 33225 45 28
126358 33225 45 1038
126359 33225 45 11
126360 33226 45 8811
126361 33226 45 29
126363 33228 45 80
126364 33229 45 9026
126365 32641 45 139
126366 32641 45 285
126367 32641 45 104
126370 33232 45 359
126373 33234 45 3
126374 33234 45 5678
126375 33234 45 6683
126380 33238 45 451
126386 33242 45 28
126387 33242 45 11
126393 1974 45 104
126400 33251 45 138
126401 33251 45 11
126412 33257 45 11
126413 33257 45 668
126414 33258 45 2520
126422 33264 45 5678
126423 33264 45 285
126424 33264 45 3
126430 33265 45 451
126432 33267 45 5678
126433 33267 45 1611
126437 25103 45 5678
126438 33270 45 2520
126439 33271 45 28
126440 33271 45 11
126441 33271 45 451
126443 33272 45 2424
126444 33273 45 72
126445 33274 45 104
126446 33275 45 138
126447 33276 45 9028
126448 33276 45 9029
126449 33277 45 216
126452 33279 45 216
126453 33279 45 138
126454 33280 45 11
126455 33281 45 451
126463 33287 45 11
126464 33287 45 138
126465 33287 45 9025
126469 33290 45 2424
126470 33291 45 104
126471 33291 45 139
126477 33295 45 5020
126488 33301 45 2424
126489 33301 45 451
