1796353 22817 450 5196
1796354 479156 450 107351
1796358 479160 450 107353
1796369 479171 450 7302
1796372 955 450 4791
1796373 955 450 818
1796374 955 450 24
1796375 1923520 450 107354
1796376 190 450 138
1796377 312069 450 107355
1796381 479174 450 107353
1796384 479176 450 40
1796391 479181 450 107359
1796392 479181 450 107360
1796393 479182 450 11144
1796394 479183 450 107360
1796395 479184 450 107361
1796396 479185 450 107361
1796397 479186 450 43946
1796398 479186 450 107360
1796399 479187 450 107358
1796400 479189 450 107360
1796401 479190 450 107361
1796402 479192 450 107360
1796403 479193 450 107360
1796408 479195 450 107360
1796410 479197 450 29
1796411 479199 450 107362
1796412 479199 450 107360
1796413 479200 450 107360
1796414 479200 450 107363
1796415 479201 450 107360
1796416 264677 450 138
1796417 264677 450 8820
1796418 264677 450 107360
1796419 479202 450 107360
1796420 479204 450 29
1796421 479205 450 286
1796422 479206 450 43946
1796423 479206 450 107360
1796424 479207 450 11144
1796425 479208 450 11144
1796426 479209 450 29298
1796427 479209 450 18398
1796428 269074 450 107364
1796429 479210 450 811
1796430 479212 450 107364
1796431 479213 450 55049
1796436 118433 450 107366
1796437 479218 450 125
1796438 479218 450 3760
1796439 479219 450 811
1796440 479220 450 811
1796441 479221 450 811
1796442 479222 450 811
1796443 479223 450 811
1796445 479225 450 811
1796446 479226 450 811
1796448 51822 450 107366
1796449 479228 450 107367
1796450 479230 450 107368
1796451 479232 450 90679
1796452 333352 450 3816
1796453 333352 450 5801
1796454 333352 450 4657
1796459 479236 450 18036
1796460 479236 450 451
1796471 479245 450 4594
1796472 479245 450 18398
1796473 37912 450 125
1796474 37912 450 138
1796482 111396 450 125
1796483 111396 450 1119
1796485 479250 450 3816
1796486 479250 450 4657
1796487 479250 450 24497
1796491 15423 450 818
1796498 479256 450 2815
1796499 479257 450 4247
1796507 479260 450 4594
1796508 479260 450 18398
1796509 479260 450 107371
1796510 479261 450 1453
1796511 479262 450 107372
1796512 479263 450 1453
1796513 479263 450 107359
1796514 479263 450 107373
1796515 479263 450 107374
1796521 479267 450 20858
1796523 479269 450 107375
1796524 479269 450 107376
1796539 479278 450 7302
1796540 479278 450 1347
1796545 479281 450 286
1796546 353767 450 138
1796547 479282 450 43946
1796548 479284 450 107353
1796550 343783 450 451
1796551 479287 450 125
1796553 44944 450 125
1796554 479289 450 16767
1796556 479290 450 16767
1796557 479291 450 107382
1796562 184082 450 274
1796563 13039 450 274
1796564 13039 450 1119
1796565 13039 450 451
1796566 479294 450 3911
1796568 479296 450 107351
1796571 479300 450 811
1796584 479304 450 254
1796586 479307 450 4791
1796587 479307 450 43946
1796591 479311 450 479
1796592 479312 450 4173
1796593 130384 450 107351
1796596 479314 450 107370
1796597 479314 450 18398
1796598 479314 450 107371
1796599 479315 450 107369
1796603 415979 450 107351
1796608 479322 450 8559
1796613 479325 450 811
1796617 479328 450 811
1796620 479330 450 2815
1796623 479333 450 107366
1796624 479334 450 107351
1796625 1923537 450 2815
1796626 479335 450 3911
1796629 479337 450 2815
1796630 479338 450 107387
1796635 479341 450 107382
1796636 479342 450 3911
1796638 301979 450 107382
1796639 479344 450 107388
1796640 479345 450 13619
1796641 14382 450 107366
1796644 479348 450 107389
1796649 63254 450 286
1796654 479356 450 1453
1796655 479356 450 107390
1796658 479359 450 4594
1796659 479359 450 4657
1796660 479360 450 107351
1796661 479361 450 3816
1796662 479361 450 5801
1796663 479361 450 4657
1796664 447590 450 125
1796665 67896 450 125
1796666 67896 450 138
1796667 479363 450 125
1796668 479364 450 107391
1796669 89173 450 125
1796671 479367 450 4791
1796672 479367 450 451
1796674 60033 450 125
1796675 60033 450 138
1796676 479370 450 20858
1796677 479371 450 20858
1796684 479374 450 29298
1796685 479374 450 18398
1796686 273689 450 451
1796691 254583 450 138
1796706 479382 450 29298
1796707 479382 450 18398
1796709 148160 450 125
1796710 148160 450 712
1796715 1923545 450 107356
1796716 479388 450 451
1796719 1923548 450 107356
1796720 1923549 450 107356
1796721 479389 450 107368
1796733 40273 450 286
1796735 479395 450 107382
1796737 479398 450 107378
1796739 1923552 450 107356
1796742 1923555 450 107356
1796743 1923556 450 107356
1796745 479400 450 16767
1796749 479403 450 107359
1796750 479403 450 107394
1796751 479403 450 107373
1796752 479403 450 1453
1796753 479404 450 4657
1796754 479404 450 4461
1796755 479404 450 3760
1796758 479406 450 2815
1796762 479408 450 3816
1796763 479408 450 4657
1796764 479408 450 3760
1796765 479409 450 2815
1796769 479413 450 90679
1796771 479414 450 43946
1796773 133599 450 138
1796775 191610 450 125
1796776 191610 450 138
1796777 191610 450 43946
1796778 24233 450 138
1796784 249501 450 29
1796786 479420 450 811
1796788 1923560 450 107356
1796790 479423 450 107381
1796791 479424 450 3911
1796792 479427 450 2815
1796793 479428 450 3911
1796794 479429 450 4791
1796796 479431 450 107398
1796797 479431 450 18398
1796798 479431 450 107371
1796799 479432 450 1453
1796800 479432 450 107398
1796804 479435 450 2815
1796805 479436 450 811
1796807 443342 450 107382
1796811 479440 450 29298
1796812 479440 450 18398
1796815 479443 450 107391
1796817 479445 450 3277
1796818 252584 450 7496
1796819 479446 450 107382
1796822 479449 450 4657
1796823 479449 450 4461
1796824 479449 450 3760
1796835 479453 450 107353
1796836 479454 450 811
1796841 479458 450 107382
1796842 479459 450 107366
1796843 479460 450 107366
1796844 479461 450 107381
1796847 479464 450 107378
1796848 479465 450 16767
1796849 479466 450 90679
1796850 479467 450 2815
1796854 479471 450 107370
1796855 479471 450 18398
1796860 479474 450 107402
1796862 479477 450 107359
1796863 479477 450 1453
1796864 479477 450 107373
1796865 479477 450 107014
1796873 479479 450 2815
1796874 479480 450 1453
1796875 1923571 450 107356
1796876 479481 450 3816
1796877 479481 450 5801
1796878 479481 450 4657
1796884 479484 450 107403
1796885 479486 450 16767
1796886 479487 450 638
1796887 479488 450 107388
1796888 479489 450 107388
1796890 395238 450 107403
1796891 479491 450 3816
1796892 479491 450 18398
1796893 479492 450 4247
1796894 479493 450 29298
1796895 479493 450 18398
1796896 479494 450 29298
1796897 479494 450 18398
1796898 479496 450 3871
1796899 479496 450 4657
1796900 1923572 450 941
1796902 38650 450 5196
1796909 479505 450 4791
1796910 479505 450 12733
1796911 479505 450 451
1796916 241551 450 125
1796918 479508 450 1119
1796922 479512 450 13619
1796927 87607 450 43946
1796928 87607 450 125
1796929 312556 450 107404
1796930 312556 450 4791
1796936 479519 450 107368
1796937 479520 450 107368
1796938 479521 450 107368
1796943 479524 450 107396
1796944 479524 450 43933
1796950 479530 450 2815
1796951 32569 450 4791
1796955 479533 450 6
1796956 479533 450 107360
1796957 479534 450 107365
1796958 479534 450 107360
1796959 479535 450 107365
1796960 479535 450 107360
1796961 479536 450 107365
1796962 479536 450 107360
1796963 479537 450 107365
1796964 479537 450 107360
1796965 479538 450 107365
1796966 479538 450 107360
1796967 479539 450 107365
1796968 479539 450 107360
1796969 479540 450 138
1796970 479540 450 107360
1796971 479541 450 138
1796972 479541 450 107360
1796973 479542 450 138
1796974 479542 450 107360
1796975 479543 450 6
1796976 479543 450 107360
1796979 359489 450 286
1796980 479546 450 3911
1796983 479550 450 107368
1796984 479551 450 4791
1796985 479552 450 3871
1796986 479552 450 3760
1796987 479552 450 4657
1796988 479553 450 4791
1796989 479553 450 12733
1796990 1923574 450 107356
1796991 479555 450 125
1796996 479561 450 2815
1796997 479562 450 16767
1796998 479563 450 90679
1797002 479565 450 16767
1797003 283991 450 125
1797004 283991 450 1453
1797009 479567 450 3816
1797010 479567 450 4657
1797011 479568 450 1898
1797012 479568 450 1453
1797013 479568 450 107408
1797014 479568 450 8559
1797015 479568 450 4594
1797016 1923575 450 451
1797017 479569 450 2815
1797018 479570 450 2815
1797019 479572 450 13005
1797020 479573 450 2815
1797023 479574 450 2815
1797024 479574 450 107409
1797027 479576 450 18398
1797028 479577 450 107410
1797031 479582 450 3816
1797032 479582 450 3760
1797038 479586 450 3871
1797039 479586 450 4657
1797041 56433 450 125
1797042 479588 450 107382
1797043 479589 450 7302
1797048 479594 450 3911
1797055 479610 450 2815
1797056 479611 450 107411
1797059 479599 450 1453
1797060 479599 450 107359
1797061 479599 450 107412
1797062 479599 450 107395
1797063 479599 450 107394
1797064 479599 450 107373
1797065 479599 450 107025
1797066 479600 450 107369
1797072 479604 450 2815
1797073 96075 450 16767
1797077 479606 450 43946
1797078 479607 450 125
1797079 479608 450 3816
1797080 479608 450 4657
1797081 479608 450 5801
1797083 479613 450 1197
1797084 479613 450 254
1797085 479614 450 811
1797088 479616 450 90679
1797091 479618 450 1453
1797092 479618 450 107025
1797093 479618 450 107413
1797095 1923578 450 107356
1797096 1923579 450 107356
1797097 1923580 450 107356
1797098 479620 450 107359
1797107 479624 450 107351
1797110 79470 450 1119
1797111 79470 450 4247
1797112 479627 450 2815
