1820679 485230 456 107846
1820680 485231 456 107847
1820685 485235 456 107845
1820686 485235 456 107851
1820687 485235 456 107852
1820688 485235 456 107853
1820690 485236 456 107843
1820691 485237 456 107854
1820693 485239 456 107843
1820694 485240 456 107855
1820696 12119 456 107857
1820697 21194 456 107843
1820698 21194 456 107858
1820701 485244 456 107859
1820704 76319 456 107860
1820705 485247 456 107857
1820706 485248 456 107861
1820707 485248 456 107862
1820712 485250 456 107865
1820724 485254 456 107854
1820727 485256 456 107869
1820733 485260 456 107874
1820734 188976 456 107846
1820740 485263 456 107843
1820741 485263 456 107863
1820742 447212 456 107876
1820749 485267 456 107859
1820750 485267 456 107843
1820753 485269 456 107859
1820754 485269 456 107879
1820755 485269 456 107880
1820763 485275 456 107884
1820765 160598 456 107865
1820769 485278 456 107860
1820770 114703 456 107884
1820771 71869 456 107857
1820773 71875 456 107862
1820774 71875 456 107854
1820775 485280 456 107850
1820777 421048 456 107886
1820778 421048 456 107871
1820780 473479 456 107865
1820781 473479 456 107888
1820782 401917 456 107865
1820783 401917 456 107889
1820784 401917 456 107890
1820785 170978 456 107860
1820786 458827 456 107891
1820787 170980 456 107891
1820789 3777 456 107892
1820792 485285 456 107884
1820793 485285 456 107893
1820794 485286 456 107886
1820798 75956 456 107896
1820799 1924268 456 107854
1820800 485288 456 107854
1820802 485289 456 107897
1820803 485289 456 107898
1820806 134959 456 1775
1820807 3796 456 107899
1820810 132027 456 107900
1820817 485296 456 107905
1820818 27535 456 107865
1820821 163018 456 107857
1820822 97191 456 107871
1820823 485298 456 107846
1820826 485299 456 107901
1820827 348486 456 107854
1820828 348486 456 107873
1820829 485300 456 107854
1820830 485300 456 107907
1820831 485300 456 107872
1820832 170705 456 107898
1820836 95406 456 107909
1820837 485304 456 107846
1820838 485304 456 107843
1820843 180018 456 107884
1820847 54377 456 107914
1820852 189304 456 107843
1820853 418451 456 107911
1820854 485310 456 107886
1820856 421727 456 107859
1820857 421727 456 107845
1820859 485313 456 107916
1820860 485314 456 107878
1820861 485315 456 107917
1820863 27543 456 107916
1820864 485316 456 107854
1820871 485321 456 107920
1820872 485322 456 107853
1820874 199255 456 107901
1820875 199255 456 107859
1820876 199255 456 107921
1820877 485317 456 107901
1820880 171072 456 107882
1820885 7757 456 107914
1820890 29943 456 107883
1820891 29943 456 107864
1820892 485328 456 107923
1820894 485330 456 107877
1820895 485330 456 67424
1820907 61292 456 107911
1820908 61292 456 107843
1820910 148777 456 107876
1820912 485337 456 107843
1820913 485337 456 107858
1820914 25852 456 107926
1820915 65471 456 107927
1820916 52520 456 107846
1820919 27550 456 107926
1820921 485340 456 107843
1820922 72500 456 107870
1820923 72500 456 107860
1820925 485341 456 107903
1820927 485343 456 107848
1820928 485343 456 107853
1820929 1924271 456 107928
1820930 485344 456 107929
1820931 485344 456 107859
1820932 485344 456 107903
1820933 485344 456 107879
1820949 485351 456 107854
1820951 485353 456 107863
1820952 485353 456 107845
1820953 485354 456 107855
1820954 485354 456 107923
1820958 481241 456 107848
1820959 481241 456 107847
1820960 481241 456 107853
1820961 485356 456 107851
1820963 485358 456 107873
1820966 319284 456 107846
1820967 485359 456 107904
1820968 485359 456 104289
1820969 485360 456 107901
1820972 485362 456 107863
1820973 485362 456 107932
1820974 177922 456 107933
1820975 177922 456 107898
1820988 79508 456 107902
1821002 1924272 456 107935
1821003 485375 456 107935
1821004 485376 456 107850
1821010 259412 456 107854
1821011 259412 456 107931
1821012 259447 456 107854
1821013 485380 456 107846
1821014 485380 456 67424
1821015 485381 456 107866
1821016 485381 456 107903
1821021 87842 456 1775
1821022 80631 456 107869
1821026 385267 456 107891
1821027 259459 456 107936
1821029 485385 456 107866
1821030 535449 456 107854
1821031 535449 456 107937
1821032 485386 456 107937
1821034 485388 456 107937
1821035 485388 456 107854
1821036 485389 456 107862
1821037 485390 456 107871
1821038 485390 456 107850
1821039 11437 456 107938
1821041 11440 456 107915
1821043 485392 456 107862
1821044 485393 456 107846
1821045 485393 456 107854
1821046 259478 456 107873
1821047 485394 456 107867
1821048 12032 456 107892
1821051 485396 456 107862
1821052 485396 456 107916
1821053 889958 456 107892
1821054 889958 456 107912
1821055 485397 456 107941
1821057 485399 456 107862
1821058 485399 456 107942
1821059 171218 456 107929
1821060 171218 456 107862
1821061 485400 456 107943
1821062 485400 456 107890
1821063 485400 456 107854
1821065 485402 456 107944
1821071 485404 456 107931
1821072 485405 456 107920
1821073 485405 456 107877
1821074 485406 456 107931
1821075 485406 456 107920
1821076 485407 456 107920
1821077 485407 456 107877
1821081 485409 456 107922
1821082 189134 456 107854
1821083 189134 456 107929
1821089 485415 456 107843
1821092 485418 456 107884
1821094 1924274 456 107940
1821095 1924275 456 107940
1821096 485422 456 107929
1821097 485422 456 107854
1821098 485422 456 107862
1821099 1924276 456 107940
1821100 485423 456 107877
1821101 1924277 456 107940
1821102 481345 456 107865
1821103 481345 456 107890
1821105 385326 456 107895
1821106 385326 456 107861
1821107 485425 456 107862
1821110 194060 456 107945
1821111 322461 456 107945
1821113 485429 456 107854
1821119 485435 456 107937
1821121 485437 456 107897
1821125 485440 456 107947
1821126 485441 456 107872
1821130 485444 456 107862
1821131 441403 456 107885
1821132 4049 456 107885
1821134 485445 456 107890
1821135 485445 456 107924
1821136 485446 456 107937
1821137 485446 456 107948
1821139 485448 456 107949
1821142 485451 456 107886
1821144 485453 456 107843
1821145 485453 456 107869
1821148 375148 456 107873
1821156 163045 456 107843
1821161 87341 456 107886
1821163 289730 456 107857
1821165 485458 456 107883
1821167 485459 456 107883
1821168 112048 456 107883
1821171 372411 456 107883
1821172 46835 456 107883
1821173 485462 456 107883
1821174 485463 456 107843
1821176 485465 456 107952
1821178 485466 456 107843
1821180 485468 456 107912
1821181 485468 456 107871
1821185 485470 456 107939
1821186 485470 456 107854
1821192 485474 456 107854
1821194 303776 456 107862
1821196 199417 456 107846
1821197 485476 456 107854
1821198 485476 456 107866
1821199 485476 456 107870
1821200 485477 456 107877
1821201 485478 456 107949
1821202 485478 456 107908
1821207 485481 456 107953
1821209 458850 456 107892
1821211 485483 456 107892
1821212 262430 456 107868
1821216 485485 456 107854
1821217 75274 456 107902
1821218 289753 456 107879
1821220 192421 456 107862
1821222 18488 456 107954
1821223 485488 456 107895
1821224 485488 456 107871
1821225 485488 456 107904
1821228 485491 456 107955
1821238 485496 456 107949
1821239 485496 456 107908
1821242 485499 456 107956
1821248 485503 456 107872
1821249 485503 456 107901
1821250 1924280 456 107866
1821251 1924280 456 107958
1821252 485504 456 107903
1821253 485505 456 107898
1821254 485505 456 107864
1821255 485506 456 107843
1821258 485509 456 107912
1821259 485509 456 107913
1821260 485510 456 107925
1821261 485511 456 107865
1821267 485512 456 107960
1821268 485512 456 107910
1821269 485513 456 107905
1821270 485514 456 107924
1821275 485515 456 107948
1821276 485515 456 107937
1821277 247136 456 107871
1821278 485516 456 107873
1821279 3202 456 107895
1821281 485518 456 107860
1821283 379540 456 107850
1821284 485519 456 107850
1821285 485520 456 107904
1821286 485520 456 107862
1821288 485522 456 107853
1821289 485522 456 107845
1821290 485522 456 107873
1821291 485522 456 107961
1821292 485522 456 107895
1821293 485522 456 107924
1821294 11790 456 107895
1821295 485523 456 107904
1821296 485523 456 107862
1821297 485523 456 107947
1821303 485527 456 107902
1821304 54580 456 107955
1821305 485528 456 107904
1821306 485528 456 104289
1821314 485534 456 107843
1821315 485535 456 107866
1821316 485535 456 107907
1821317 72192 456 107850
1821318 485536 456 107854
1821322 118825 456 107854
1821323 485539 456 107962
1821324 485539 456 107950
1821325 485539 456 107903
1821326 485539 456 107895
1821327 485539 456 107867
1821328 485539 456 107920
1821330 128864 456 107857
1821335 485543 456 107877
1821340 485546 456 107851
1821341 485546 456 107915
1821342 366459 456 107910
1821343 435417 456 107884
1821344 37861 456 107884
1821347 485548 456 107910
1821349 485549 456 107893
1821350 114924 456 107924
1821353 485550 456 107958
1821354 485550 456 107929
1821355 21837 456 107884
1821356 485551 456 107849
1821357 485552 456 107924
1821363 485555 456 107869
1821364 485556 456 107937
1821365 485556 456 107949
1821366 485557 456 107903
1821367 485557 456 107950
1821369 485558 456 107850
1821370 3564 456 107870
1821372 12907 456 107859
1821373 485560 456 107869
1821374 485560 456 107862
1821381 4287 456 107895
1821382 485565 456 107855
1821397 485572 456 107851
1821398 485572 456 107915
1821401 113318 456 107845
1821402 113318 456 107877
1821405 485576 456 107873
1821406 379625 456 107918
1821407 485577 456 107963
1821408 485578 456 107855
1821409 485578 456 107901
1821412 485581 456 107845
1821416 485585 456 107852
1821417 485586 456 107890
1821418 485586 456 107853
1821421 485588 456 107843
1821422 485588 456 107865
1821423 485589 456 67424
1821432 485593 456 107901
1821433 485594 456 67424
1821439 485599 456 107845
1821441 485601 456 107846
1821442 485602 456 107854
1821445 485604 456 107876
1821449 485607 456 107873
1821450 485608 456 107854
1821451 54637 456 107853
1821456 485611 456 107846
1821457 485611 456 107850
1821458 485612 456 107843
1821459 485612 456 107846
1821460 485613 456 107853
1821463 485615 456 107847
1821467 485617 456 107855
1821470 485619 456 107845
1821471 485620 456 107933
1821472 485621 456 107851
1821473 2694 456 107853
1821474 485622 456 107873
1821475 485622 456 107854
1821476 11954 456 107920
1821477 65829 456 104289
1821478 65829 456 107904
1821480 485623 456 107853
1821481 485624 456 107843
1821482 453 456 107861
1821483 453 456 107890
1821492 485630 456 107872
1821493 485630 456 107866
1821494 157376 456 107864
1821500 372775 456 107854
1821501 485634 456 107966
1821502 485634 456 104289
1821504 485636 456 107845
1821505 485637 456 107859
1821506 485637 456 107942
1821507 485638 456 107912
1821508 172102 456 107914
1821509 485639 456 107891
1821512 485642 456 107904
1821518 485645 456 107849
1821522 485646 456 107901
1821523 485647 456 107873
1821525 485649 456 107949
1821528 485652 456 107862
1821530 104500 456 107877
1821533 485656 456 107877
1821534 485656 456 107920
1821535 485657 456 107854
1821536 485664 456 107843
1821538 316769 456 107934
1821540 435470 456 107884
1821543 485661 456 107843
1821544 485661 456 107859
1821545 485661 456 107875
1821550 259760 456 107859
1821551 259760 456 107931
1821552 259760 456 107843
1821553 485663 456 107950
1821555 485665 456 107923
1821556 485665 456 107929
1821562 485668 456 107903
1821563 485668 456 107950
1821567 182745 456 107854
1821571 485673 456 107884
1821572 485673 456 107885
1821573 485673 456 107909
1821574 485673 456 107967
1821575 485674 456 107854
1821576 88922 456 107955
1821577 259782 456 107848
1821578 485675 456 107845
1821579 485675 456 107850
1821580 485676 456 107913
1821582 485678 456 107853
1821584 485680 456 107851
1821586 485681 456 107903
1821589 485683 456 107843
1821592 1924284 456 107975
1821594 485684 456 107885
1821598 485686 456 107854
1821599 485687 456 107976
1821602 485689 456 107865
1821603 485690 456 107865
1821605 485691 456 107887
1821608 326312 456 107862
1821609 485693 456 107862
1821610 485694 456 107872
1821611 485694 456 107861
1821612 479236 456 107854
1821613 485695 456 107868
1821614 485696 456 107862
1821615 485696 456 107913
1821616 485697 456 107866
1821617 19127 456 107899
1821618 485698 456 107854
1821619 485698 456 107862
1821620 485698 456 107866
1821621 485698 456 107879
1821622 485698 456 107859
1821623 485699 456 107869
1821624 485699 456 107942
1821625 485699 456 107901
1821626 485699 456 107877
1821631 485703 456 107929
1821632 485703 456 107853
1821633 485703 456 107959
1821634 485703 456 107866
1821636 126920 456 107937
1821637 126920 456 107850
1821640 12118 456 107977
1821643 485708 456 107885
1821644 65978 456 107937
1821645 485709 456 107868
1821646 485709 456 107937
1821647 485709 456 107866
1821648 485710 456 107895
1821651 308973 456 107898
1821656 485713 456 107854
1821659 485714 456 107843
1821660 485715 456 107886
1821661 485716 456 107843
1821663 485718 456 107892
1821664 485718 456 107886
1821665 23100 456 107884
1821666 485719 456 107877
1821667 485719 456 107859
1821669 151984 456 107907
1821670 485720 456 107882
1821671 110558 456 107914
1821672 485721 456 107877
1821673 485722 456 107877
1821674 485723 456 67424
1821675 485723 456 107877
1821676 485724 456 107924
1821677 485725 456 107937
1821678 485725 456 107977
1821680 485726 456 107843
1821686 485731 456 107845
1821687 485732 456 107866
1821690 485734 456 107904
1821691 485734 456 104289
1821697 1924285 456 107903
1821698 1924285 456 107978
1821702 485737 456 107865
1821704 485739 456 107868
1821705 485739 456 107929
1821706 66073 456 107854
1821707 66073 456 107890
1821708 485741 456 107862
1821709 485742 456 107929
1821712 485744 456 107904
1821713 485744 456 107862
1821714 485745 456 107904
1821716 485747 456 107866
1821717 485748 456 107846
1821718 485748 456 107872
1821719 485748 456 107866
1821722 485750 456 107854
1821723 485750 456 107912
1821724 485750 456 107870
1821725 485751 456 107854
1821726 485751 456 107866
1821727 485751 456 107912
1821729 84496 456 107850
1821730 84496 456 107872
1821731 485753 456 107950
1821732 485753 456 107862
1821733 485753 456 107931
1821738 485756 456 107904
1821743 485759 456 107880
1821749 485764 456 107966
1821750 485764 456 107846
1821755 1924287 456 107966
1821756 1924287 456 107869
1821757 485767 456 107869
1821763 485770 456 107931
1821764 1924288 456 107940
1821766 485772 456 107853
1821768 485773 456 107902
1821772 485775 456 107862
1821775 485778 456 107884
1821778 485780 456 107854
1821779 485780 456 107862
1821782 320934 456 107859
1821783 485782 456 107854
1821784 485782 456 107872
1821785 485783 456 107901
1821786 485784 456 107916
1821787 485784 456 107866
1821788 368328 456 107846
1821789 485785 456 107846
1821800 264809 456 107886
1821801 264809 456 107915
1821802 264809 456 107972
1821803 485793 456 107857
1821804 485793 456 107871
1821806 485795 456 107930
1821809 485796 456 107959
1821813 485798 456 107890
1821814 485798 456 107861
1821815 485799 456 107877
1821816 485800 456 107854
1821817 485800 456 107862
1821818 485800 456 107931
1821819 157568 456 107937
1821820 157568 456 107905
1821821 157568 456 107980
1821822 485801 456 107937
1821823 485801 456 107905
1821826 485802 456 107846
1821827 485803 456 107854
1821828 259947 456 107860
1821829 485804 456 107855
1821830 485804 456 107972
1821831 485804 456 67424
1821832 485805 456 107909
1821837 485808 456 107884
1821838 485808 456 107924
1821839 485809 456 107942
1821841 485811 456 107965
1821844 485814 456 107956
1821845 485814 456 107903
1821850 485817 456 107870
1821851 362583 456 107869
1821871 173191 456 107854
1821872 485831 456 107862
1821875 290095 456 107924
1821876 485834 456 107862
1821877 485835 456 107890
1821878 485835 456 107862
1821879 485836 456 107966
1821880 66242 456 107862
1821881 485837 456 107862
1821882 485837 456 107914
1821883 485838 456 107862
1821884 485839 456 107854
1821890 485841 456 67424
1821892 485843 456 107863
1821893 485844 456 107902
1821894 485845 456 107935
1821896 485846 456 107854
1821897 12086 456 107930
1821898 12086 456 107976
1821902 250372 456 107912
1821903 250372 456 107911
1821904 163136 456 107843
1821905 19465 456 107915
1821906 485850 456 107935
1821915 54806 456 107979
1821916 54806 456 107879
1821917 173292 456 107953
1821925 189670 456 107903
1821926 1192503 456 107901
1821927 1192503 456 107923
1821928 485860 456 107850
1821930 260005 456 107843
1821938 290149 456 107857
1821939 173378 456 107962
1821944 19496 456 107914
1821948 485869 456 107871
1821953 182951 456 107905
1821954 39174 456 107905
1821955 485871 456 107905
1821956 485872 456 107905
1821957 485872 456 107985
1821958 66308 456 107905
1821962 485875 456 107848
1821963 485875 456 107853
1821964 485876 456 107849
1821965 125391 456 107873
1821966 485877 456 107857
1821967 292957 456 107854
1821971 485880 456 107855
1821972 485880 456 107914
1821976 290164 456 107843
1821977 27600 456 107981
1821978 485882 456 107889
1821979 485883 456 107889
1821980 485883 456 107890
1821981 485884 456 104289
1821982 485884 456 107904
1821983 485885 456 107904
1821984 12456 456 107860
1821987 485888 456 107929
1821988 485888 456 107855
1821993 485891 456 107855
1821994 485892 456 107855
1821996 485894 456 107860
1821997 485895 456 107986
1821998 485895 456 107977
1821999 485896 456 107978
1822001 485898 456 107843
1822002 125395 456 107843
1822005 47449 456 107859
1822006 47449 456 107879
1822014 485903 456 107861
1822016 485904 456 107862
1822017 485904 456 107904
1822018 485905 456 107854
1822019 485905 456 107873
1822022 485907 456 107911
1822026 485909 456 107854
1822027 485910 456 107850
1822028 185097 456 107903
1822029 185097 456 107871
1822030 485911 456 107903
1822031 485912 456 107869
1822033 485914 456 107860
1822034 485915 456 107854
1822035 485915 456 107860
1822036 485916 456 107911
1822037 485916 456 107859
1822038 485916 456 107846
1822039 485917 456 107904
1822040 485918 456 107888
1822041 485918 456 107963
1822042 485919 456 107962
1822043 485919 456 107916
1822045 1924292 456 107862
1822046 1924292 456 107947
1822047 54720 456 107870
1822051 485923 456 107897
1822052 485923 456 107904
1822053 485924 456 107904
1822058 368420 456 107859
1822059 368420 456 107904
1822060 485926 456 107904
1822061 485926 456 104289
1822068 485930 456 107877
1822069 485930 456 107901
1822070 485931 456 107849
1822071 485931 456 107850
1822073 301583 456 107924
1822074 485933 456 107986
1822075 56796 456 107850
1822076 485934 456 107944
1822082 485937 456 107854
1822083 485938 456 107854
1822085 485940 456 107843
1822086 485941 456 107886
1822089 485942 456 107886
1822090 412630 456 107886
1822096 485944 456 107854
1822097 485945 456 107862
1822098 485946 456 107862
1822099 485946 456 107870
1822100 485947 456 107862
1822101 485947 456 107870
1822102 485948 456 107854
1822103 27615 456 107859
1822105 485949 456 107901
1822106 485949 456 107962
1822107 485950 456 107843
1822110 485952 456 107869
1822116 12590 456 107879
1822117 12590 456 107846
1822121 286151 456 107850
1822122 485958 456 107897
1822123 485959 456 107895
1822125 485961 456 107843
1822127 485963 456 107879
1822128 485963 456 107924
1822130 183049 456 107849
1822131 183049 456 107924
1822138 485970 456 107859
1822140 485972 456 107879
1822141 485972 456 107927
1822142 485972 456 107877
1822143 15506 456 107914
1822144 15506 456 107890
1822145 90663 456 107865
1822148 485974 456 107843
1822150 485975 456 107878
1822151 485975 456 107888
1822152 23229 456 107850
1822156 64326 456 107924
1822157 485977 456 107854
1822158 485977 456 107947
1822160 1924295 456 107899
1822161 485978 456 107873
1822162 485979 456 107854
1822164 485981 456 107969
1822170 485985 456 107903
1822171 485986 456 107903
1822172 485986 456 107949
1822173 485987 456 107873
1822175 485989 456 107862
1822176 485989 456 107854
1822177 485990 456 107862
1822179 485991 456 107988
1822180 485991 456 107977
1822184 358055 456 107924
1822185 358055 456 107977
1822186 485992 456 107843
1822187 84651 456 107937
1822188 12731 456 107937
1822193 119240 456 107857
1822196 36158 456 107884
1822197 485994 456 107901
1822198 122458 456 107886
1822199 485995 456 107897
1822200 485995 456 107962
1822201 485996 456 107904
1822203 485998 456 107876
1822204 485998 456 107934
1822205 485999 456 107862
1822206 485999 456 107854
1822207 486000 456 107901
1822213 4936 456 107861
1822216 57923 456 107872
1822217 486004 456 107862
1822218 486005 456 107843
1822223 61480 456 107914
1822224 486008 456 107914
1822225 486008 456 107982
1822226 486009 456 107862
1822227 486010 456 107865
1822228 486011 456 107850
1822232 486015 456 107857
1822233 12765 456 107945
1822236 106706 456 107930
1822239 486017 456 107924
1822243 75540 456 107930
1822247 486083 456 107861
1822248 486083 456 107987
1822250 486021 456 107854
1822252 486023 456 107904
1822253 486024 456 107877
1822254 486024 456 107923
1822255 486024 456 107904
1822256 486025 456 107959
1822257 486025 456 107924
1822265 486029 456 107901
1822266 486030 456 107901
1822268 543779 456 107923
1822270 486034 456 107854
1822271 72747 456 107850
1822272 486035 456 107877
1822273 486036 456 107854
1822274 486036 456 107870
1822276 186130 456 107843
1822277 486037 456 107984
1822278 486038 456 107874
1822284 486042 456 107907
1822287 486045 456 107865
1822294 13835 456 107892
1822295 5013 456 107892
1822296 486047 456 107892
1822302 486049 456 107951
1822303 486049 456 107884
1822311 486055 456 107862
1822312 8623 456 107843
1822313 8623 456 107850
1822314 486056 456 107850
1822317 486058 456 107962
1822320 409006 456 107986
1822321 104721 456 107905
1822322 104721 456 107980
1822324 486060 456 107876
1822325 486061 456 107862
1822328 486064 456 107959
1822329 399389 456 107945
1822332 340781 456 107849
1822333 486065 456 107849
1822334 486066 456 107916
1822335 486066 456 107952
1822336 486066 456 107988
1822337 486067 456 107849
1822339 23308 456 107914
1822340 486068 456 107923
1822348 486073 456 107901
1822350 486075 456 107859
1822351 486076 456 107843
1822352 486077 456 107905
1822353 486077 456 107910
1822354 486078 456 107844
1822355 486078 456 107966
1822360 486082 456 107853
1822362 454342 456 107871
1822363 454342 456 107850
1822365 66607 456 107890
1822366 66607 456 107975
1822371 486084 456 107877
1822372 486084 456 107854
1822373 486084 456 107924
1822374 486085 456 107937
1822375 486086 456 107890
1822376 486086 456 107959
1822377 486087 456 107893
1822378 486087 456 107927
1822379 486088 456 107866
1822380 486088 456 107924
1822381 486089 456 107901
1822383 486091 456 107992
1822384 337556 456 107949
1822385 337556 456 107908
1822386 41277 456 107926
1822387 54975 456 107926
1822388 84704 456 107926
1822389 477300 456 107926
1822390 39357 456 107926
1822391 25342 456 107926
1822395 486092 456 107845
1822396 486092 456 107846
1822397 415477 456 107854
1822398 415477 456 107873
1822399 415477 456 107983
1822400 415477 456 107872
1822401 486093 456 107854
1822402 486094 456 107854
1822403 86079 456 107880
1822406 486096 456 107888
1822407 486097 456 107872
1822412 486100 456 107873
1822415 486101 456 107859
1822416 486101 456 107877
1822417 400504 456 107935
1822420 260317 456 107857
1822421 260317 456 107872
1822425 486105 456 107854
1822426 486105 456 107877
1822431 200184 456 107843
1822432 200184 456 107875
1822433 1924297 456 107904
1822434 1924297 456 107920
1822435 1924297 456 107931
1822436 486107 456 107904
1822437 486108 456 107901
1822439 486109 456 107854
1822440 486109 456 107846
1822443 486111 456 107845
1822444 486111 456 107853
1822445 486111 456 107873
1822446 486112 456 107920
1822447 418866 456 107872
1822449 486114 456 107854
1822453 486118 456 107849
1822454 238847 456 107884
1822455 238847 456 107933
1822456 238847 456 107849
1822457 486119 456 107988
1822460 13003 456 107937
1822463 486122 456 107858
1822466 486123 456 107937
1822474 486129 456 107859
1822475 486129 456 107886
1822479 486132 456 107923
1822480 486133 456 107851
1822481 486133 456 107847
1822482 486134 456 107853
1822488 486137 456 107873
1822491 486140 456 107843
1822493 486142 456 107865
1822497 151120 456 107945
1822503 486146 456 107869
1822504 486146 456 107854
1822506 85659 456 107931
1822507 85659 456 107914
1822508 85659 456 107890
1822509 85659 456 107929
1822512 35620 456 107883
1822517 13039 456 107846
1822524 435650 456 107924
1822525 435650 456 107938
1822526 486151 456 107854
1822527 486152 456 107869
1822530 66697 456 107924
1822531 486154 456 107843
1822535 486156 456 107947
1822537 115261 456 107865
1822540 486158 456 107944
1822548 486162 456 107873
1822553 20146 456 107907
1822554 135140 456 107863
1822555 20149 456 107993
1822556 486166 456 107911
1822557 486167 456 107859
1822558 486168 456 67424
1822560 259249 456 107854
1822564 486170 456 107854
1822565 486170 456 107873
1822566 486170 456 107929
1822569 486172 456 107911
1822570 486173 456 107857
1822571 486174 456 107914
1822575 486176 456 107884
1822576 486176 456 107951
1822579 1924301 456 107854
1822580 1924301 456 107944
1822581 486177 456 107888
1822582 486177 456 107963
1822583 486178 456 107869
1822595 486187 456 67424
1822596 23389 456 107935
1822600 385099 456 107863
1822603 269934 456 107989
1822604 269934 456 107990
1822605 486189 456 107950
1822607 486190 456 107959
1822608 486190 456 107884
1822613 486192 456 107988
1822614 23408 456 107914
1822615 23408 456 107845
1822616 486194 456 107879
1822619 43551 456 107863
1822620 486196 456 107863
1822621 486196 456 107843
1822622 13175 456 107848
1822623 486197 456 107924
1822624 486198 456 107851
1822625 486198 456 107855
1822626 486198 456 107915
1822632 486200 456 107995
1822633 486200 456 107850
1822636 486202 456 107904
1822637 486202 456 107920
1822639 486204 456 107862
1822640 486205 456 107908
1822648 486213 456 107890
1822654 486219 456 107869
1822655 486219 456 107932
1822656 486220 456 107859
1822661 486223 456 67424
1822662 486223 456 107901
1822664 486226 456 107873
1822668 486229 456 107855
1822673 158030 456 107894
1822675 486232 456 107873
1822684 486238 456 107843
1822685 486239 456 107843
1822687 115334 456 107883
1822690 190138 456 107853
1822691 190138 456 107858
1822692 486241 456 107848
1822693 486241 456 107853
1822694 486241 456 107855
1822695 486242 456 107850
1822700 486244 456 107854
1822701 486244 456 107862
1822705 104132 456 107871
1822710 486251 456 107909
1822711 486251 456 107903
1822712 486251 456 107898
1822714 486252 456 107860
1822716 200362 456 107903
1822717 200362 456 107866
1822718 13264 456 107937
1822719 13264 456 107924
1822721 455608 456 107847
1822723 415699 456 107911
1822724 415699 456 107924
1822725 31970 456 107844
1822726 31970 456 107924
1822728 79135 456 107885
1822729 486256 456 107946
1822734 486260 456 107866
1822738 486263 456 107866
1822743 486265 456 107857
1822745 486267 456 107877
1822746 486267 456 107960
1822747 486267 456 107916
1822748 486267 456 107854
1822759 8738 456 107891
1822760 8738 456 107877
1822761 112768 456 107924
1822763 104804 456 107904
1822764 104804 456 107870
1822765 104804 456 107866
1822767 486275 456 107855
1822769 486277 456 107914
1822770 486277 456 107850
1822771 260502 456 107857
1822778 290553 456 107843
1822782 418023 456 107884
1822783 161113 456 107914
1822784 112768 456 107990
1822788 418023 456 107999
1822789 486283 456 108000
1822790 486284 456 107862
1822791 486284 456 107956
1822795 486286 456 107969
1822796 486286 456 107980
1822802 486289 456 107929
1822803 354422 456 107854
1822804 676 456 107853
1822806 152656 456 107966
1822807 456713 456 107846
1822810 486291 456 107994
1822814 5141 456 108003
1822815 48183 456 107941
1822816 486293 456 107941
1822817 486294 456 107854
1822818 486295 456 107860
1822823 486298 456 107903
1822824 486298 456 107931
1822825 274753 456 107859
1822826 486299 456 107904
1822827 486299 456 104289
1822829 301730 456 104289
1822830 301730 456 107904
1822831 486176 456 107999
1822835 1924303 456 107862
1822837 84234 456 107857
1822838 486302 456 107851
1822839 486302 456 107934
1822840 486302 456 107915
1822844 11997 456 107853
1822845 11997 456 107848
1822846 11997 456 107845
1822850 317436 456 107844
1822853 125469 456 107914
1822854 125469 456 107850
1822855 13374 456 107905
1822856 13374 456 107879
1822860 23481 456 107902
1822861 73033 456 107911
1822862 486306 456 107860
1822863 486307 456 107943
1822864 486307 456 107901
1822865 486308 456 107867
1822866 486309 456 107850
1822867 157618 456 107877
1822868 157618 456 107903
1822869 157618 456 107959
1822870 66907 456 108004
1822872 486311 456 107843
1822876 486313 456 107865
1822877 486314 456 107854
1822878 283260 456 107854
1822879 486315 456 107866
1822881 486317 456 107973
1822889 7849 456 107918
1822891 271722 456 107882
1822893 486321 456 107903
1822894 486321 456 107959
1822895 486321 456 107929
1822896 486322 456 107880
1822897 486322 456 107879
1822898 486324 456 107869
1822901 486325 456 107845
1822903 486327 456 107843
1822910 486332 456 107876
1822911 486332 456 107901
1822917 486334 456 107877
1822918 486334 456 107862
1822919 486334 456 107869
1822920 290622 456 107855
1822927 486342 456 107854
1822930 486336 456 107848
1822931 486336 456 107876
1822932 415870 456 107854
1822936 486345 456 107950
1822937 486345 456 107959
1822939 486337 456 107854
1822947 486349 456 107937
1822948 483206 456 107848
1822949 483206 456 107853
1822950 486350 456 107903
1822951 486350 456 107959
1822953 66964 456 108005
1822957 486353 456 107914
1822958 486354 456 107990
1822959 486355 456 107937
1822960 486355 456 107905
1822961 486355 456 107980
1822962 728129 456 107937
1822963 728129 456 107980
1822964 728129 456 107905
1822966 95339 456 107932
1822970 486358 456 107957
1822971 486358 456 107856
1822972 486359 456 107851
1822973 486359 456 107915
1822974 486360 456 107860
1822975 486361 456 107859
1822976 486361 456 107854
1822977 486362 456 67424
1822978 486363 456 107862
1822979 486363 456 107913
1822980 486363 456 107962
1822981 486363 456 107956
1822982 486364 456 107929
1822983 260599 456 104289
1822984 260599 456 107904
1822988 486367 456 107915
1822991 27260 456 107895
1822992 27260 456 107864
1822995 1297 456 107963
1822998 486373 456 107866
1822999 486374 456 107877
1823002 317501 456 107843
1823003 486376 456 107848
1823004 486376 456 107853
1823007 486378 456 107920
1823008 486379 456 107898
1823009 486379 456 107850
1823012 67000 456 107892
1823015 295459 456 107944
1823017 486384 456 107904
1823018 486385 456 107854
1823019 486386 456 107999
1823020 486386 456 107877
1823021 486387 456 107882
1823024 486389 456 107854
1823025 486390 456 107860
1823026 486391 456 107947
1823031 486393 456 107843
1823032 486393 456 107947
1823033 486393 456 107862
1823034 486394 456 107846
1823039 112161 456 107999
1823040 486397 456 107944
1823041 486397 456 107861
1823042 486398 456 107872
1823043 486398 456 107854
1823044 435772 456 107843
1823045 435772 456 107846
1823052 317532 456 107904
1823054 486401 456 107897
1823055 486401 456 107943
1823066 486405 456 107929
1823070 89505 456 107877
1823071 486408 456 107888
1823074 465793 456 107854
1823075 465793 456 107929
1823077 486411 456 107877
1823078 486411 456 107901
1823079 486412 456 107870
1823080 486412 456 107850
1823089 486419 456 107853
1823090 486420 456 107903
1823092 397304 456 107860
1823095 486422 456 107850
1823096 174901 456 107863
1823099 486425 456 107843
1823100 486425 456 107875
1823101 290721 456 107999
1823102 290721 456 107910
1823103 290721 456 107990
1823105 486427 456 107897
1823108 486429 456 107904
1823109 486429 456 107847
1823110 486430 456 107914
1823111 486431 456 107848
1823112 486431 456 107853
1823114 486433 456 107857
1823116 486434 456 107877
1823117 486434 456 107912
1823123 77742 456 107886
1823124 486437 456 107937
1823128 1470146 456 107990
1823129 27689 456 107990
1823130 27689 456 107862
1823131 260694 456 107957
1823132 486440 456 107970
1823133 486440 456 107957
1823140 486445 456 107843
1823141 486445 456 107875
1823142 486446 456 107877
1823143 260702 456 107873
1823145 1924311 456 107869
1823147 486450 456 107998
1823148 486451 456 108000
1823150 486453 456 107950
1823151 486454 456 107854
1823152 420862 456 107999
1823153 420862 456 107990
1823154 486455 456 107862
1823160 486458 456 107882
1823162 486460 456 107955
1823163 486461 456 107939
1823170 13725 456 107970
1823171 13725 456 107914
1823172 486465 456 1775
1823173 486466 456 107854
1823178 169374 456 107860
1823179 73232 456 107899
1823181 486471 456 107981
1823182 486471 456 107850
1823183 60531 456 107981
1823184 486472 456 107854
1823187 486474 456 107946
1823188 486475 456 107902
1823189 486475 456 107843
1823191 486477 456 107908
1823192 486477 456 107903
1823195 486481 456 107878
1823196 486482 456 107966
1823197 486482 456 107878
1823198 486479 456 107932
1823199 486479 456 107877
1823200 486483 456 107945
1823201 486483 456 107878
1823203 486485 456 107863
1823204 274956 456 107878
1823206 486487 456 107878
1823207 486487 456 107881
1823208 248217 456 107861
1823209 248217 456 107878
1823210 486480 456 107878
1823211 486480 456 107932
1823218 13803 456 107999
1823222 419126 456 107916
1823223 419126 456 107846
1823224 183579 456 107845
1823225 486495 456 107999
1823227 486497 456 107873
1823233 486500 456 107845
1823234 486501 456 107854
1823235 22005 456 107914
1823236 22005 456 107926
1823240 486502 456 107956
1823241 486502 456 107892
1823242 486503 456 107845
1823246 486506 456 107869
1823248 486508 456 107878
1823253 486511 456 107901
1823254 13849 456 107990
1823255 486512 456 107941
1823260 486514 456 107869
1823261 486515 456 107851
1823262 486516 456 107959
1823263 486516 456 107903
1823266 286269 456 107848
1823267 286269 456 107855
1823275 486521 456 107946
1823277 486522 456 107999
1823278 486522 456 107910
1823279 486524 456 107890
1823280 486524 456 107865
1823281 417684 456 107890
1823282 417684 456 107902
1823283 254173 456 107865
1823284 254173 456 107890
1823290 1398061 456 107890
1823291 147328 456 107890
1823292 32042 456 107996
1823293 290850 456 107876
1823294 290850 456 107848
1823297 5951 456 107885
1823302 6007 456 107990
1823303 6007 456 107961
1823304 6007 456 107890
1823306 2167 456 107999
1823307 63801 456 107999
1823309 115612 456 107890
1823312 115624 456 1775
1823313 115624 456 107850
1823314 486532 456 107966
1823318 486534 456 107854
1823319 486535 456 107870
1823321 200706 456 107848
1823322 200706 456 107851
1823323 200706 456 107855
1823324 486537 456 107854
1823325 486537 456 107862
1823326 486538 456 107937
1823327 486539 456 107843
1823330 399774 456 107890
1823331 486540 456 107861
1823341 486545 456 107923
1823343 486547 456 107854
1823344 486547 456 107862
1823356 486554 456 107903
1823357 486554 456 107893
1823358 486555 456 107859
1823359 486555 456 107854
1823363 1924312 456 107866
1823364 1924312 456 108007
1823367 486558 456 107876
1823370 416202 456 107848
1823371 186276 456 67424
1823374 486561 456 107854
1823375 319048 456 107843
1823376 319048 456 107863
1823392 486566 456 107843
1823393 486567 456 107879
1823394 486567 456 107859
1823395 486568 456 107953
1823399 486572 456 107851
1823403 11431 456 107966
1823404 11431 456 107850
1823405 486575 456 107857
1823408 486578 456 107859
1823409 486578 456 107854
1823410 486580 456 107854
1823411 486580 456 107859
1823412 486580 456 107879
1823413 486579 456 107854
1823414 486579 456 107859
1823415 272133 456 107854
1823416 272133 456 107873
1823417 272133 456 107859
1823419 486581 456 107859
1823420 486581 456 107872
1823421 486581 456 107854
1823425 305200 456 107859
1823426 305200 456 107873
1823427 305200 456 107854
1823428 486583 456 107854
1823429 368194 456 107879
1823430 368194 456 107943
1823431 486584 456 107925
1823436 486589 456 107879
1823437 486589 456 107859
1823438 486589 456 107890
1823439 486590 456 107859
1823440 486590 456 107879
1823441 486590 456 107877
1823442 486590 456 107929
1823445 13995 456 107879
1823446 486593 456 107879
1823447 486593 456 107880
1823448 486594 456 107879
1823449 486594 456 107916
1823450 486594 456 107880
1823451 486595 456 107879
1823452 442268 456 107859
1823453 442268 456 107879
1823454 323483 456 107916
1823455 323483 456 107879
1823456 486604 456 107859
1823458 662172 456 107901
1823459 662172 456 107859
1823464 486611 456 107877
1823465 486611 456 107958
1823469 486587 456 107846
1823473 419182 456 107859
1823474 85056 456 107854
1823475 85056 456 107859
1823476 486596 456 107944
1823477 486596 456 107859
1823480 486598 456 107879
1823482 486600 456 107879
1823485 486603 456 107859
1823486 486605 456 107859
1823487 486605 456 107904
1823488 486605 456 107877
1823492 284236 456 107854
1823493 284236 456 107859
1823498 23703 456 107999
1823499 23703 456 107893
1823500 486614 456 107869
1823506 14009 456 107890
1823507 14009 456 107990
1823509 434376 456 107885
1823510 434376 456 107910
1823511 145592 456 107914
1823512 145592 456 107895
1823522 486621 456 107870
1823526 317699 456 107845
1823527 486623 456 108006
1823529 14048 456 107937
1823530 486625 456 107885
1823532 338139 456 107889
1823534 486627 456 107859
1823535 486627 456 107879
1823539 483828 456 107914
1823540 483828 456 107895
1823542 486629 456 107904
1823543 22029 456 107932
1823547 486632 456 107844
1823551 486636 456 107846
1823552 486637 456 107845
1823553 486638 456 108000
1823554 115722 456 107926
1823557 486639 456 107937
1823558 486639 456 107879
1823559 486639 456 107916
1823560 486639 456 107880
1823564 486642 456 107869
1823565 486642 456 107854
1823566 486642 456 107877
1823567 178054 456 107999
1823571 161339 456 107999
1823572 28282 456 107982
1823575 130890 456 108000
1823579 486649 456 107880
1823582 486650 456 107963
1823593 21316 456 107914
1823594 21316 456 107895
1823597 1379 456 107883
1823604 14216 456 107990
1823605 67516 456 107916
1823607 486657 456 107916
1823612 486660 456 107950
1823613 486661 456 107966
1823614 486661 456 107846
1823616 486663 456 107850
1823617 486664 456 107859
1823618 164528 456 107869
1823619 486665 456 107908
1823620 486665 456 107949
1823623 486667 456 107891
1823624 486668 456 107895
1823626 486670 456 107843
1823629 486672 456 107882
1823632 317768 456 107863
1823634 486676 456 107857
1823640 486681 456 107850
1823641 486682 456 107892
1823643 486683 456 107920
1823651 486688 456 107866
1823654 53233 456 107991
1823657 486690 456 107854
1823658 260194 456 107873
1823661 486691 456 107847
1823663 486693 456 107854
1823664 486694 456 107867
1823665 486694 456 108004
1823666 486694 456 107897
1823668 486696 456 108000
1823673 131022 456 107890
1823674 131022 456 107914
1823675 486700 456 107962
1823677 356362 456 107914
1823680 85531 456 107893
1823681 152564 456 107910
1823682 152564 456 107893
1823686 486709 456 107936
1823690 404496 456 107958
1823691 484105 456 107909
1823695 486710 456 107901
1823696 10312 456 107893
1823697 394124 456 107999
1823701 486712 456 107920
1823702 486713 456 107859
1823703 486713 456 107956
1823704 486713 456 107942
1823706 425172 456 107889
1823707 425172 456 107916
1823711 486716 456 107895
1823718 178182 456 107843
1823727 486725 456 107883
1823728 486726 456 107930
1823729 486726 456 107953
1823731 486727 456 107862
1823733 486729 456 107913
1823734 190943 456 107853
1823735 190943 456 107848
1823736 190943 456 107855
1823741 486732 456 107880
1823742 486732 456 107879
1823744 14382 456 107946
1823745 14382 456 107883
1823748 486734 456 107962
1823749 486734 456 107904
1823750 486735 456 107860
1823751 486736 456 107990
1823752 486737 456 107990
1823753 486738 456 107869
1823754 486738 456 107944
1823755 486739 456 107843
1823757 486741 456 107878
1823759 486743 456 107859
1823760 308576 456 107856
1823763 302000 456 107859
1823764 486746 456 107947
1823769 486750 456 107923
1823772 29262 456 107911
1823773 183832 456 108000
1823774 183832 456 107999
1823781 381277 456 107878
1823787 486755 456 107898
1823788 486755 456 107968
1823789 21558 456 107963
1823792 14426 456 107870
1823793 14426 456 107888
1823796 486762 456 107854
1823797 486763 456 107854
1823798 486763 456 107859
1823799 486764 456 107854
1823800 261123 456 107846
1823801 486765 456 107872
1823802 486765 456 107850
1823803 486766 456 107854
1823804 486766 456 107873
1823805 486767 456 107854
1823806 486768 456 107920
1823807 486768 456 107962
1823808 486768 456 107873
1823809 486768 456 107854
1823810 486769 456 107854
1823811 486770 456 107854
1823812 486770 456 107877
1823814 486772 456 107888
1823816 486774 456 107873
1823818 486775 456 107920
1823819 486776 456 107886
1823820 486777 456 107931
1823821 486777 456 107854
1823832 486784 456 107927
1823833 486784 456 107937
1823835 486786 456 107901
1823837 486788 456 107909
1823838 486788 456 107895
1823839 486789 456 107892
1823844 486792 456 107904
1823845 486792 456 107855
1823849 486794 456 107914
1823851 89136 456 107914
1823852 89136 456 107930
1823853 486796 456 107947
1823854 486796 456 107862
1823855 486797 456 107862
1823856 486797 456 107854
1823857 317948 456 107999
1823858 486798 456 107903
1823862 486800 456 107886
1823863 272712 456 107859
1823864 272712 456 67424
1823865 248560 456 107857
1823866 248560 456 107854
1823877 11315 456 107886
1823878 486805 456 108009
1823882 486808 456 107865
1823883 486808 456 107862
1823887 133224 456 1775
1823892 201055 456 107854
1823893 486812 456 107971
1823895 486815 456 107850
1823898 409558 456 107999
1823899 409558 456 107895
1823900 1924320 456 107942
1823901 1924320 456 107903
1823904 67725 456 107885
1823905 486813 456 107866
1823907 396843 456 107885
1823909 486817 456 1775
1823913 486819 456 107850
1823914 454966 456 107864
1823916 486814 456 107903
1823917 486820 456 107981
1823918 486820 456 107850
1823919 486821 456 107893
1823920 486821 456 107903
1823921 349188 456 107910
1823922 349188 456 108010
1823923 486822 456 107901
1823924 486823 456 107897
1823926 36626 456 107982
1823927 486825 456 107864
1823930 23848 456 107914
1823931 23848 456 107864
1823936 96006 456 107910
1823937 486829 456 107898
1823940 486831 456 107901
1823941 486832 456 107962
1823942 486832 456 107916
1823943 486832 456 107920
1823950 486837 456 107935
1823952 486838 456 107920
1823955 70090 456 107914
1823957 6573 456 107999
1823958 486844 456 107973
1823963 486842 456 107901
1823964 486842 456 107872
1823965 486842 456 107866
1823967 486843 456 107870
1823968 486847 456 107913
1823969 486847 456 107904
1823980 486852 456 104289
1823981 486852 456 107904
1823982 486853 456 107990
1823983 183978 456 107869
1823984 183978 456 107857
1823985 486854 456 107869
1823986 486854 456 108006
1823990 486856 456 107854
1823992 6590 456 107911
1823993 198009 456 107859
1823998 486859 456 107843
1824000 486860 456 107848
1824004 486862 456 107937
1824005 486863 456 107869
1824006 486863 456 107854
1824007 191113 456 107859
1824008 486864 456 107859
1824009 486864 456 107877
1824010 486865 456 107859
1824011 486865 456 107877
1824016 400111 456 107973
1824017 400111 456 107990
1824018 486869 456 107861
1824020 486871 456 107866
1824021 486872 456 107851
1824022 486873 456 107853
1824023 486873 456 107845
1824024 486873 456 107925
1824025 486874 456 107846
1824026 486875 456 67424
1824028 486877 456 107850
1824029 486878 456 107901
1824030 407012 456 107926
1824031 486879 456 107915
1824032 486879 456 107848
1824033 486879 456 107851
1824038 486883 456 107901
1824041 486885 456 107901
1824042 486885 456 107867
1824043 486886 456 107916
1824046 486888 456 107854
1824047 486888 456 107890
1824048 486888 456 107916
1824049 486888 456 107929
1824050 486888 456 107877
1824052 1924321 456 107889
1824053 1924321 456 107989
1824059 486893 456 107862
1824060 486893 456 107942
1824061 486898 456 107854
1824062 486898 456 107862
1824063 486898 456 107942
1824066 486892 456 107920
1824067 486894 456 107862
1824068 486895 456 107862
1824069 486896 456 107862
1824070 486896 456 107854
1824071 486897 456 107862
1824072 486899 456 107901
1824073 1924322 456 107877
1824074 486900 456 107877
1824075 486901 456 107959
1824076 486901 456 107941
1824077 486901 456 107895
1824081 429199 456 107854
1824084 486905 456 107851
1824085 486905 456 107848
1824086 486906 456 107847
1824090 278897 456 107859
1824091 486909 456 107859
1824094 107239 456 107890
1824095 486912 456 107914
1824096 486913 456 107843
1824098 115986 456 107916
1824099 30969 456 107916
1824104 486917 456 107903
1824105 486917 456 107950
1824106 486918 456 107889
1824107 89158 456 107889
1824109 486921 456 107848
1824110 486922 456 107853
1824111 486922 456 107848
1824112 261298 456 107878
1824113 261298 456 107914
1824121 486929 456 107850
1824122 486930 456 107877
1824123 486930 456 107891
1824124 486931 456 107862
1824125 486931 456 107901
1824128 179607 456 107843
1824129 179607 456 107922
1824130 61821 456 107958
1824131 486933 456 107856
1824135 486936 456 107908
1824136 486936 456 107959
1824143 486940 456 107935
1824145 486942 456 107978
1824146 6728 456 107863
1824155 67896 456 107846
1824157 486946 456 107854
1824158 486947 456 107959
1824159 486947 456 107950
1824160 486948 456 107877
1824161 486949 456 107854
1824171 486957 456 107910
1824174 486960 456 107867
1824175 486961 456 107958
1824176 131463 456 107930
1824177 131463 456 107872
1824180 486962 456 107862
1824181 6776 456 107903
1824189 486966 456 107958
1824190 486966 456 107895
1824192 486974 456 107962
1824193 486974 456 107877
1824194 486976 456 107901
1824197 486967 456 107901
1824200 486970 456 107904
1824203 29348 456 107990
1824211 486989 456 107914
1824213 405155 456 108010
1824214 486990 456 107889
1824215 67921 456 107889
1824217 486975 456 107854
1824218 13628 456 107859
1824224 486992 456 107908
1824228 400188 456 107937
1824231 416534 456 107970
1824232 206091 456 107860
1824233 486980 456 107901
1824234 486980 456 107920
1824236 486982 456 107914
1824237 486983 456 107850
1824238 265518 456 107902
1824239 265518 456 107911
1824240 133308 456 107926
1824241 486984 456 107861
1824242 486984 456 107854
1824243 335275 456 107878
1824244 335275 456 107914
1824246 486985 456 107877
1824247 486986 456 107904
1824248 486986 456 107958
1824251 486995 456 107990
1824253 486997 456 107948
1824254 1924326 456 107927
1824255 487000 456 107865
1824256 487000 456 107937
1824257 487001 456 107916
1824259 451632 456 107843
1824260 451632 456 107875
1824261 425354 456 107914
1824262 425354 456 107850
1824265 486999 456 107910
1824266 486999 456 107885
1824267 487002 456 107851
1824268 239287 456 107944
1824269 239287 456 107854
1824270 89171 456 107955
1824271 89171 456 107912
1824272 487003 456 107879
1824273 487003 456 107937
1824277 487006 456 107947
1824278 487006 456 107862
1824279 487006 456 107904
1824280 8286 456 107869
1824283 487008 456 107929
1824284 487008 456 107854
1824289 51440 456 107916
1824290 51440 456 107879
1824291 51440 456 107880
1824292 487011 456 107854
1824293 261400 456 107854
1824297 487015 456 107855
1824298 487016 456 107904
1824299 487016 456 107962
1824300 487017 456 107913
1824301 487017 456 107866
1824305 487020 456 107901
1824307 79875 456 107998
1824308 487022 456 107915
1824312 487023 456 107984
1824313 436070 456 107990
1824314 164618 456 107850
1824316 487025 456 107878
1824317 487025 456 107861
1824318 241005 456 107999
1824326 116081 456 107999
1824328 487030 456 107843
1824331 487033 456 107855
1824332 487033 456 107901
1824333 487033 456 107962
1824335 67989 456 107990
1824337 487035 456 107859
1824339 487037 456 107843
1824344 487040 456 107950
1824346 487042 456 107843
1824347 487043 456 107862
1824356 487047 456 107869
1824358 487048 456 107904
1824360 487050 456 107854
1824361 487050 456 107873
1824366 82952 456 107945
1824367 82952 456 107886
1824368 487053 456 107947
1824369 487053 456 107920
1824372 487056 456 107981
1824378 55571 456 107843
1824379 55571 456 107863
1824388 416876 456 108005
1824390 487062 456 108005
1824392 349319 456 107937
1824396 487066 456 107843
1824397 487064 456 107944
1824398 131647 456 107944
1824399 131647 456 107854
1824400 1924328 456 107850
1824401 261432 456 107850
1824402 487067 456 107843
1824403 487068 456 107990
1824405 487069 456 107947
1824407 487070 456 107854
1824408 261436 456 107843
1824412 487073 456 107872
1824413 487073 456 107854
1824414 487073 456 107866
1824417 94762 456 107930
1824418 94762 456 107953
1824424 487079 456 107930
1824425 487080 456 107994
1824431 487084 456 107932
1824434 487086 456 107955
1824435 29371 456 107958
1824441 487089 456 107965
1824442 487090 456 107843
1824444 487092 456 107843
1824446 291453 456 107843
1824447 133377 456 107926
1824448 487094 456 107843
1824449 487095 456 107843
1824450 487095 456 107875
1824451 487096 456 107901
1824457 487099 456 107888
1824462 487102 456 107860
1824463 487103 456 107861
1824469 487107 456 107854
1824470 487108 456 107854
1824475 55610 456 107843
1824476 487110 456 108005
1824477 487110 456 107850
1824479 400277 456 107922
1824480 487111 456 107854
1824481 148151 456 107890
1824482 487112 456 107908
1824483 487112 456 107949
1824484 1924329 456 107876
1824485 487113 456 107876
1824489 487116 456 107846
1824490 487116 456 107843
1824493 487118 456 107911
1824494 1924330 456 107843
1824495 487119 456 107859
1824496 487119 456 107879
1824497 487119 456 108004
1824498 191377 456 108011
1824499 191377 456 107843
1824500 191377 456 107877
1824508 126387 456 107999
1824510 9369 456 107892
1824511 9369 456 108012
1824518 487127 456 2520
1824519 487127 456 107930
1824520 487127 456 107853
1824521 318772 456 107843
1824522 254559 456 107897
1824524 487129 456 107944
1824525 487129 456 107854
1824526 191398 456 107843
1824529 55628 456 107843
1824531 487133 456 107854
1824535 169725 456 107860
1824537 487138 456 107987
1824539 487140 456 107855
1824541 487142 456 107843
1824543 487143 456 107843
1824545 487144 456 107903
1824546 487144 456 107877
1824548 487145 456 107885
1824549 487145 456 107910
1824552 191420 456 107953
1824554 378719 456 107859
1824561 487148 456 107888
1824565 487151 456 107983
1824567 487153 456 107843
1824568 487153 456 107844
1824572 487157 456 107903
1824573 83112 456 107903
1824576 487158 456 107854
1824577 487158 456 107990
1824578 487159 456 107854
1824579 56602 456 107999
1824580 34972 456 107999
1824582 169738 456 107860
1824587 27774 456 107914
1824588 27774 456 107990
1824598 487165 456 107843
1824599 400308 456 107861
1824600 400308 456 107895
1824601 487166 456 107937
1824602 487166 456 107948
1824604 487168 456 107876
1824606 291547 456 107854
1824607 291547 456 107869
1824612 400316 456 107862
1824613 487171 456 107973
1824614 487171 456 107861
1824615 487171 456 107895
1824619 487175 456 107848
1824620 487176 456 107862
1824621 487177 456 107904
1824622 487177 456 107862
1824623 487177 456 107942
1824624 487178 456 107862
1824625 487178 456 107904
1824628 487180 456 107962
1824630 487182 456 107882
1824631 487183 456 108009
1824633 18552 456 107970
1824634 18552 456 107876
1824641 57184 456 107935
1824647 487191 456 107886
1824648 144296 456 107981
1824649 487192 456 107990
1824650 1924333 456 108014
1824652 485174 456 107990
1824653 487194 456 107843
1824655 487196 456 107851
1824658 487198 456 107914
1824660 487199 456 107846
1824662 487201 456 107886
1824667 487205 456 107993
1824668 487205 456 107876
1824669 487205 456 107949
1824671 487207 456 107903
1824672 94794 456 107885
1824673 32209 456 107890
1824674 32209 456 107990
1824675 451874 456 107990
1824676 487208 456 107865
1824677 487208 456 107937
1824678 487209 456 107873
1824679 487209 456 107853
1824680 487210 456 107990
1824682 487212 456 107854
1824683 487212 456 107936
1824684 120387 456 107973
1824685 120387 456 107936
1824687 184284 456 107860
1824688 184284 456 107857
1824689 184284 456 107886
1824692 487216 456 107911
1824693 318869 456 107853
1824694 318869 456 107873
1824695 487217 456 107843
1824697 285006 456 107862
1824698 85523 456 107845
1824699 94800 456 107946
1824700 94800 456 107990
1824701 94800 456 107916
1824702 487218 456 107866
1824703 487218 456 107872
1824704 487219 456 107973
1824705 487219 456 107850
1824706 487219 456 107872
1824707 335605 456 107937
1824708 487220 456 107898
1824709 487220 456 107931
1824710 487220 456 107998
1824712 487222 456 107912
1824717 152798 456 107914
1824718 487226 456 107999
1824719 487226 456 107951
1824720 487227 456 107886
1824721 487228 456 107873
1824722 487228 456 107961
1824725 487230 456 107914
1824726 487230 456 107850
1824728 96135 456 107845
1824729 487231 456 108011
1824730 487231 456 107873
1824731 487232 456 107931
1824732 487232 456 107889
1824734 487234 456 107854
1824735 487235 456 107877
1824736 74016 456 107902
1824739 436133 456 107909
1824743 448487 456 107885
1824744 487237 456 107903
1824746 417854 456 107870
1824748 291630 456 107903
1824749 291630 456 107929
1824750 29416 456 107854
1824751 29416 456 107990
1824752 487240 456 107973
1824753 487241 456 1775
1824754 12735 456 107854
1824755 419602 456 107860
1824756 1924335 456 107877
1824757 1924335 456 107859
1824762 487243 456 107870
1824763 487243 456 107854
1824764 487248 456 107859
1824765 7188 456 107877
1824766 487249 456 107860
1824768 89218 456 107973
1824770 487245 456 107877
1824771 7193 456 107860
1824772 1924336 456 107857
1824775 487251 456 107860
1824777 261631 456 107882
1824778 261631 456 107887
1824779 487253 456 107854
1824780 94370 456 107999
1824783 487255 456 107853
1824784 487255 456 107848
1824787 144358 456 107998
1824790 291655 456 107915
1824791 291655 456 107851
1824792 291655 456 107847
1824793 487259 456 107853
1824797 1924337 456 107843
1824798 487263 456 107843
1824805 487268 456 107869
1824809 487270 456 107854
1824810 487270 456 107889
1824811 487271 456 107990
1824814 318943 456 107859
1824815 1924338 456 107859
1824817 487274 456 107869
1824819 487276 456 107869
1824820 487277 456 107873
1824821 487278 456 107969
1824822 487279 456 107999
1824823 487279 456 107916
1824824 487279 456 107960
1824826 163242 456 107902
1824833 487285 456 107904
1824834 487285 456 104289
1824835 24117 456 107971
1824836 24117 456 107914
1824844 1557 456 107893
1824848 79933 456 107910
1824851 487295 456 107910
1824852 487295 456 107951
1824853 487295 456 107885
1824854 198738 456 107999
1824855 170533 456 107999
1824856 107487 456 107998
1824860 112292 456 107910
1824861 112292 456 107885
1824863 487298 456 107937
1824864 487298 456 108004
1824868 487300 456 107922
1824869 487300 456 107846
1824870 487301 456 107854
1824873 487304 456 108000
1824874 487305 456 107999
1824875 487306 456 107910
1824876 487306 456 107951
1824877 487307 456 107910
1824878 487308 456 107893
1824882 487310 456 107862
1824883 7905 456 107973
1824884 487311 456 107908
1824888 487315 456 107861
1824890 487317 456 107916
1824892 487318 456 107905
1824893 487319 456 107876
1824894 487320 456 107854
1824895 487323 456 107859
1824896 487323 456 107958
1824897 487321 456 107932
1824900 487325 456 107990
1824901 487325 456 107905
1824904 487330 456 107914
1824905 181128 456 108006
1824906 487333 456 108006
1824907 487334 456 107920
1824908 487334 456 107901
1824909 1591 456 108003
1824913 136791 456 107914
1824916 7289 456 107999
1824918 487331 456 107861
1824922 152879 456 107914
1824926 32663 456 107850
1824927 32663 456 107914
1824928 32663 456 107911
1824931 487341 456 107963
1824932 487341 456 107888
1824935 184408 456 107903
1824936 184408 456 107968
1824939 1924340 456 107892
1824949 487348 456 107905
1824951 487350 456 107843
1824952 487351 456 107877
1824953 79961 456 107999
1824959 487353 456 107908
1824960 429630 456 107938
1824961 429630 456 107981
1824962 429630 456 107951
1824963 429630 456 107999
1824966 184421 456 107857
1824967 308394 456 107854
1824968 487356 456 107854
1824970 487358 456 107911
1824971 487359 456 107862
1824973 487361 456 107932
1824974 487362 456 107859
1824975 487363 456 107939
1824981 487366 456 107911
1824988 261777 456 107846
1824990 487370 456 107897
1824991 487371 456 107843
1824993 302269 456 107843
1824994 319060 456 107843
1824995 487373 456 107857
1824998 487376 456 107947
1825002 487378 456 107859
1825003 487378 456 107966
1825005 456131 456 107883
1825007 487381 456 107981
1825008 487381 456 107990
1825012 487384 456 107865
1825018 291775 456 107863
1825020 487395 456 107889
1825021 487395 456 107895
1825023 112305 456 107889
1825024 112305 456 107912
1825028 27818 456 107908
1825031 487390 456 107937
1825032 487390 456 107948
1825033 487391 456 107843
1825039 487394 456 107990
1825040 487394 456 107989
1825041 487394 456 107864
1825042 107531 456 107912
1825043 107531 456 107889
1825044 487398 456 107889
1825045 487398 456 107990
1825046 49431 456 107889
1825047 49431 456 107895
1825048 487399 456 107948
1825049 487400 456 107993
1825050 614508 456 107869
1825051 185354 456 107860
1825052 185354 456 107913
1825053 1190113 456 107889
1825054 487401 456 108000
1825055 286506 456 107843
1825056 487402 456 107932
1825057 261806 456 107854
1825059 487404 456 107843
1825061 487406 456 107866
1825062 487407 456 107854
1825063 487407 456 107944
1825064 487408 456 107854
1825065 487408 456 107944
1825066 487409 456 107854
1825067 487409 456 107944
1825068 487410 456 107872
1825069 487411 456 108015
1825070 487412 456 107877
1825071 1924341 456 107904
1825072 1924342 456 107869
1825077 487416 456 107937
1825078 487416 456 107960
1825080 487418 456 107990
1825086 487421 456 107969
1825094 487426 456 107960
1825095 1924343 456 108000
1825096 487427 456 108000
1825097 487427 456 107949
1825104 487432 456 107859
1825105 487432 456 107854
1825106 487432 456 107931
1825112 487445 456 104289
1825113 487445 456 107904
1825114 487446 456 107853
1825118 487448 456 107862
1825126 319108 456 107854
1825127 487439 456 107873
1825128 487439 456 107853
1825129 487440 456 107873
1825130 487440 456 107854
1825131 487441 456 107966
1825132 487442 456 107901
1825134 191773 456 107845
1825136 487449 456 107843
1825137 487451 456 107950
1825138 487451 456 107867
1825139 24186 456 107850
1825140 291799 456 107843
1825141 487452 456 107920
1825142 184471 456 107915
1825143 184471 456 107848
1825144 184471 456 107851
1825145 487453 456 107976
1825149 487455 456 107854
1825150 487456 456 107862
1825154 487458 456 107854
1825156 487460 456 107944
1825157 487460 456 107862
1825158 289869 456 107859
1825160 419794 456 107843
1825161 419794 456 107859
1825162 487462 456 107904
1825163 487462 456 107962
1825164 112311 456 107857
1825165 78769 456 107857
1825166 78769 456 107869
1825167 45390 456 107850
1825169 487464 456 107916
1825170 487464 456 107960
1825171 487465 456 107846
1825172 319055 456 107843
1825176 487470 456 107905
1825177 286510 456 107843
1825181 487472 456 107843
1825182 487472 456 107875
1825184 1819293 456 107869
1825187 487475 456 107843
1825188 487477 456 107874
1825189 487478 456 107903
1825190 487479 456 107950
1825191 487479 456 107903
1825192 133636 456 1775
1825193 487476 456 107874
1825194 487476 456 107856
1825195 487480 456 107893
1825196 487480 456 107996
1825199 487483 456 107903
1825200 487484 456 107850
1825202 487485 456 107939
1825206 487487 456 107859
1825208 487489 456 107873
1825211 487491 456 107851
1825212 487492 456 107854
1825213 487493 456 107854
1825214 487494 456 107862
1825215 1924345 456 107862
1825216 1924345 456 107854
1825217 1924346 456 107854
1825218 1924346 456 107862
1825219 487496 456 107862
1825221 120599 456 107850
1825222 120599 456 107929
1825226 487499 456 107850
1825227 487501 456 107862
1825228 487501 456 107877
1825229 487501 456 107854
1825232 116435 456 107903
1825233 116435 456 107950
1825238 487504 456 107949
1825239 487505 456 107845
1825240 487506 456 107904
1825241 487506 456 107862
1825242 487506 456 107920
1825243 487507 456 107850
1825244 487516 456 107877
1825245 487516 456 107990
1825246 487519 456 107859
1825247 487519 456 107854
1825248 487520 456 107890
1825249 487520 456 107931
1825254 487509 456 107889
1825255 487509 456 107990
1825256 487509 456 107890
1825257 487509 456 107865
1825262 1924349 456 107940
1825263 1924350 456 107940
1825264 1924351 456 107877
1825272 487514 456 107865
1825273 319182 456 107854
1825274 487515 456 107870
1825275 487517 456 107854
1825276 487518 456 107854
1825277 487518 456 107870
1825278 261939 456 107890
1825281 27368 456 107890
1825282 68584 456 107865
1825283 487523 456 107873
1825284 487524 456 107873
1825286 487526 456 107873
1825287 487527 456 107873
1825289 1924352 456 107873
1825290 487529 456 107873
1825291 487531 456 107862
1825292 487532 456 107854
1825293 487533 456 107912
1825294 487533 456 107913
1825295 487534 456 107862
1825296 487535 456 107866
1825297 487535 456 107870
1825298 487536 456 107870
1825299 487537 456 107854
1825300 487538 456 107854
1825303 308498 456 107929
1825307 1924353 456 107869
1825308 467502 456 107904
1825312 487542 456 107843
1825316 1544829 456 108004
1825321 51976 456 107917
1825322 51976 456 107914
1825326 487546 456 107920
1825343 487556 456 107937
1825344 487556 456 107862
1825345 487556 456 107931
1825346 79981 456 107999
1825347 487557 456 107869
1825348 487557 456 107944
1825349 2768 456 107851
1825350 261968 456 67424
1825351 286527 456 107863
1825354 487559 456 108003
1825355 487559 456 107999
1825356 487559 456 107951
1825358 26617 456 108005
1825360 31202 456 108005
1825361 268500 456 107843
1825362 1924355 456 107851
1825363 1924355 456 107925
1825364 487562 456 107851
1825366 487564 456 107850
1825369 487565 456 107882
1825370 487566 456 107902
1825372 448627 456 107912
1825376 1924356 456 107862
1825377 1924356 456 107904
1825378 487570 456 107904
1825379 487570 456 107870
1825381 487572 456 107893
1825382 116482 456 107895
1825383 375071 456 107950
1825391 487576 456 107904
1825392 487576 456 107862
1825393 487576 456 107947
1825397 487579 456 107950
1825398 487580 456 107843
1825400 199061 456 107999
1825403 172948 456 107895
1825404 172948 456 107962
1825409 487585 456 107937
1825410 487586 456 107903
1825415 487591 456 107978
1825417 83699 456 107860
1825419 184590 456 107915
1825420 184590 456 107851
1825422 487594 456 107901
1825423 487595 456 107887
1825424 487596 456 107941
1825425 487596 456 107866
1825426 487597 456 107949
1825428 487598 456 107848
1825429 487598 456 107908
1825431 487600 456 107903
1825432 487600 456 107959
1825433 487600 456 107908
1825434 487600 456 107950
1825437 487602 456 107904
1825439 157483 456 107903
1825440 157483 456 107876
1825444 487605 456 107901
1825445 487605 456 107855
1825446 163594 456 107876
1825447 262037 456 107854
1825448 487606 456 107965
1825449 79987 456 107926
1825450 79987 456 107982
1825451 487607 456 107886
1825452 68646 456 107983
1825454 128072 456 107912
1825456 472318 456 108016
1825457 194561 456 107911
1825458 487610 456 107934
1825459 487611 456 107857
1825460 116499 456 107938
1825461 116499 456 107981
1825465 487614 456 107861
1825466 487615 456 107861
1825469 75715 456 107999
1825470 75715 456 108003
1825471 75715 456 107951
1825472 487617 456 107843
1825473 487618 456 107854
1825474 487619 456 107888
1825475 487620 456 107937
1825476 487620 456 107865
1825477 487621 456 107913
1825478 487622 456 107866
1825482 487625 456 107866
1825483 487625 456 108011
1825484 487626 456 107866
1825497 487634 456 107843
1825500 487636 456 107843
1825505 487640 456 107886
1825507 487642 456 107878
1825508 487643 456 107857
1825509 487643 456 107854
1825511 487644 456 107859
1825512 487645 456 107923
1825513 487645 456 107929
1825514 487646 456 107929
1825515 487646 456 107854
1825517 487647 456 107854
1825524 487650 456 107937
1825528 487653 456 108002
1825531 125711 456 107853
1825532 487655 456 107846
1825536 394724 456 107999
1825540 487661 456 107843
1825541 291986 456 107928
1825542 487662 456 107846
1825546 487664 456 107853
1825554 179100 456 107846
1825555 487671 456 107854
1825556 487672 456 107877
1825557 487699 456 107855
1825558 487673 456 107855
1825559 487674 456 107854
1825562 487677 456 107854
1825563 487678 456 107855
1825564 487679 456 107854
1825565 487680 456 107855
1825567 487682 456 107854
1825568 487683 456 107855
1825569 487684 456 107855
1825570 487685 456 107846
1825571 487686 456 107854
1825573 487688 456 107854
1825575 487690 456 107846
1825576 487691 456 107854
1825577 487692 456 107869
1825578 487693 456 107855
1825579 487694 456 107855
1825580 487695 456 107857
1825581 487695 456 107869
1825583 487697 456 107859
1825584 487700 456 107875
1825585 487703 456 107854
1825586 487703 456 107850
1825587 487706 456 107901
1825589 487701 456 107873
1825590 487702 456 67424
1825591 487704 456 67424
1825592 487705 456 107845
1825593 487707 456 107844
1825601 487710 456 107931
1825602 487710 456 107877
1825603 487710 456 107942
1825610 487714 456 107904
1825611 487714 456 107862
1825612 1924358 456 107942
1825613 1924358 456 107862
1825614 1924359 456 107862
1825615 487715 456 107931
1825616 487715 456 107877
1825617 487715 456 107862
1825618 487716 456 107862
1825619 487752 456 107854
1825620 487717 456 107931
1825621 487720 456 107862
1825622 487720 456 107942
1825623 487720 456 107859
1825624 487720 456 107879
1825628 68724 456 107904
1825629 68724 456 107862
1825630 487724 456 107862
1825631 487724 456 107869
1825633 1924362 456 107862
1825655 487739 456 107862
1825656 487740 456 107854
1825657 487741 456 107862
1825663 487748 456 107866
1825664 487749 456 107866
1825665 487749 456 107904
1825667 487751 456 107861
1825668 487753 456 107861
1825669 487756 456 107854
1825670 487757 456 108017
1825671 487758 456 107855
1825672 487758 456 107853
1825673 487759 456 107844
1825674 487760 456 107865
1825677 487762 456 108006
1825680 487765 456 107873
1825682 1924363 456 107876
1825683 1924363 456 107848
1825684 1924363 456 107901
1825685 487767 456 107876
1825686 487767 456 107908
1825687 487767 456 107949
1825693 487769 456 67424
1825694 487769 456 107855
1825695 487769 456 107901
1825698 487771 456 104289
1825699 487771 456 107904
1825702 487773 456 107862
1825703 184677 456 107851
1825704 487774 456 107901
1825705 487775 456 107854
1825707 487777 456 107843
1825708 487777 456 107918
1825717 487781 456 107861
1825720 487783 456 107915
1825721 2795 456 107915
1825722 487784 456 107915
1825723 487785 456 107915
1825724 487786 456 107862
1825727 487788 456 107850
1825728 451961 456 107845
1825729 487789 456 107854
1825731 252716 456 107937
1825732 252716 456 107931
1825733 487791 456 107854
1825736 179126 456 107843
1825737 68800 456 107991
1825738 487794 456 107862
1825745 487798 456 67424
1825747 94912 456 107919
1825751 201999 456 107944
1825752 192100 456 107947
1825753 192100 456 107859
1825758 147517 456 107993
1825761 487807 456 107866
1825764 16713 456 107914
1825765 16713 456 107850
1825766 184697 456 108000
1825770 487810 456 107901
1825773 94913 456 107963
1825774 68817 456 107930
1825775 68817 456 107859
1825782 80005 456 107937
1825784 487815 456 108009
1825785 487815 456 107869
1825786 487816 456 107962
1825787 487816 456 107862
1825789 487818 456 107934
1825790 487818 456 107876
1825791 487819 456 107901
1825792 292046 456 107877
1825793 292046 456 107859
1825794 487820 456 107930
1825798 487822 456 107859
1825799 487822 456 107854
1825801 127500 456 107999
1825803 487825 456 107848
1825804 487825 456 107855
1825807 487827 456 107947
1825808 487827 456 107862
1825810 487829 456 107961
1825814 24863 456 107859
1825815 24863 456 107850
1825816 487833 456 107865
1825817 487833 456 107862
1825820 487834 456 107893
1825821 487834 456 107965
1825823 487836 456 107843
1825825 487837 456 107862
1825829 487840 456 107862
1825830 487840 456 107865
1825831 487841 456 107973
1825838 29516 456 107860
1825841 487845 456 107848
1825842 487845 456 107853
1825844 24314 456 107914
1825845 24314 456 107930
1825846 24314 456 107878
1825847 487848 456 107904
1825848 487849 456 107977
1825849 487850 456 108019
1825850 487850 456 107850
1825855 487852 456 107867
1825856 144564 456 107999
1825857 241259 456 107876
1825858 192193 456 107911
1825860 487853 456 107934
1825861 487854 456 107893
1825862 321174 456 107990
1825863 321174 456 107910
1825864 321174 456 107977
1825865 279287 456 107850
1825866 487855 456 107851
1825868 487856 456 107920
1825869 179229 456 107879
1825870 179229 456 107880
1825873 9759 456 107857
1825874 193123 456 107990
1825877 186758 456 107843
1825878 186758 456 107875
1825879 487860 456 107850
1825880 411951 456 107846
1825881 8267 456 107846
1825882 8267 456 107854
1825892 487865 456 107877
1825893 487865 456 107878
1825894 487865 456 107872
1825895 487866 456 107931
1825896 487866 456 107877
1825899 487867 456 107877
1825900 487868 456 107932
1825901 400775 456 107899
1825904 487870 456 107885
1825905 487871 456 107955
1825907 24351 456 107914
1825908 116618 456 107937
1825910 407559 456 107890
1825911 407559 456 107861
1825912 487873 456 108004
1825913 487873 456 107877
1825914 487873 456 107990
1825916 487875 456 107860
1825918 126512 456 107999
1825919 487876 456 107911
1825921 332422 456 107999
1825922 487878 456 107877
1825923 487879 456 107890
1825924 487885 456 107859
1825925 487885 456 107879
1825926 487885 456 107956
1825928 487888 456 107865
1825929 105606 456 107929
1825930 105606 456 108006
1825931 487881 456 107855
1825932 74613 456 107890
1825933 74613 456 107886
1825934 487882 456 108013
1825935 487882 456 107902
1825936 443192 456 107879
1825937 443192 456 107880
1825938 443192 456 107931
1825939 17831 456 107999
1825943 272778 456 107990
1825944 272778 456 107905
1825945 487884 456 107905
1825946 487884 456 107922
1825947 528952 456 108002
1825950 487887 456 107865
1825958 487891 456 107843
1825959 487891 456 107859
1825960 22218 456 1775
1825961 487892 456 107931
1825962 487892 456 107862
1825963 487892 456 107942
1825968 487894 456 107854
1825969 487894 456 107862
1825970 76911 456 107895
1825971 76911 456 107911
1825972 487896 456 107897
1825973 27860 456 107971
1825979 487899 456 107965
1825985 487901 456 107910
1825986 80033 456 107910
1825987 80033 456 107885
1825991 487903 456 107920
1825992 487904 456 107843
1825993 487905 456 107999
1825994 487905 456 107959
1825998 487908 456 107854
1825999 1217114 456 107935
1826000 1217114 456 107856
1826001 487909 456 107973
1826002 487909 456 107878
1826003 192332 456 107930
1826004 192333 456 107854
1826007 1924369 456 107854
1826012 336829 456 107945
1826013 457686 456 107935
1826015 459165 456 107914
1826016 459165 456 107846
1826018 487917 456 107915
1826019 487917 456 107851
1826025 116655 456 107999
1826026 487920 456 107851
1826030 487922 456 107850
1826032 487924 456 107935
1826033 487925 456 107843
1826034 879489 456 107999
1826036 75981 456 107876
1826037 75981 456 107914
1826038 49146 456 107999
1826041 487927 456 107935
1826042 55955 456 107903
1826043 487928 456 107930
1826044 79974 456 107999
1826045 79974 456 107890
1826048 487929 456 107877
1826049 487929 456 107854
1826050 487930 456 107973
1826051 487931 456 67424
1826053 308872 456 107927
1826054 487933 456 107950
1826055 487934 456 107854
1826056 487934 456 107944
1826057 487935 456 107937
1826058 487935 456 107850
1826060 1924371 456 108008
1826061 1924371 456 107892
1826062 262369 456 107854
1826064 412200 456 107990
1826065 487937 456 107981
1826070 84102 456 107973
1826072 392637 456 108011
1826074 487944 456 107873
1826075 340382 456 107843
1826083 487948 456 107983
1826084 487949 456 107953
1826085 487950 456 107953
1826087 487951 456 107843
1826088 487952 456 107843
1826090 487954 456 107843
1826092 487956 456 107978
1826095 487957 456 107903
1826096 487957 456 107950
1826099 487959 456 107903
1826100 487959 456 107950
1826101 74691 456 107860
1826102 487960 456 107870
1826103 487961 456 107866
1826104 487961 456 107854
1826105 487962 456 107911
1826106 487962 456 107878
1826112 487965 456 107940
1826113 487966 456 107854
1826114 487966 456 107862
1826118 487968 456 107920
1826122 38534 456 107998
1826123 241321 456 107986
1826124 487971 456 107986
1826125 487972 456 107986
1826128 487974 456 107843
1826129 487976 456 107901
