1932441 504518 468 125
1932442 504518 468 1072
1932443 504518 468 138
1932444 257272 468 138
1932445 257272 468 311
1932446 257272 468 1937
1932447 257272 468 80
1932448 257272 468 289
1932462 126815 468 17561
1932468 504524 468 2163
1932469 504524 468 1564
1932470 504524 468 928
1932471 504524 468 35402
1932472 504524 468 2971
1932473 9044 468 108
1932474 9044 468 138
1932475 9044 468 44
1932476 9044 468 2902
1932477 9044 468 638
1932478 9044 468 1123
1932481 97238 468 64
1932482 97238 468 44
1932483 97238 468 138
1932484 441316 468 127
1932485 441316 468 29
1932486 441316 468 125
1932488 87045 468 1299
1932495 171098 468 30492
1932496 171098 468 108
1932497 171098 468 46
1932498 171098 468 638
1932499 171098 468 1745
1932502 171141 468 2936
1932503 171141 468 24
1932504 171141 468 311
1932505 199284 468 3593
1932506 199284 468 557
1932507 199284 468 311
1932510 7895 468 110839
1932511 7895 468 1962
1932512 7895 468 3221
1932513 8669 468 451
1932521 504526 468 54748
1932522 504526 468 5286
1932523 504526 468 4234
1932524 504526 468 8907
1932525 1108161 468 359
1932526 495541 468 294
1932527 495541 468 1128
1932528 495541 468 359
1932529 495541 468 64
1932530 504527 468 29
1932535 171348 468 152
1932536 171348 468 44
1932537 171348 468 2936
1932541 504530 468 2373
1932542 504530 468 40
1932543 504530 468 967
1932544 504530 468 507
1932555 65649 468 668
1932556 65649 468 108
1932557 65649 468 138
1932558 65649 468 44
1932559 65649 468 188
1932560 65649 468 1007
1932566 504532 468 35
1932567 504532 468 18275
1932581 504534 468 294
1932582 504534 468 1049
1932583 504534 468 33595
1932584 504534 468 3722
1932588 504536 468 294
1932589 504536 468 1123
1932603 504538 468 311
1932604 504538 468 873
1932612 4201 468 40
1932613 4201 468 72
1932614 4201 468 787
1932615 4201 468 869
1932616 4201 468 155
1932617 4201 468 2156
1932618 4201 468 638
1932619 98024 468 1184
1932620 98024 468 941
1932621 98024 468 638
1932622 98024 468 187
1932623 98024 468 2916
1932624 98024 468 90
1932625 98024 468 2392
1932626 98024 468 2150
1932627 98024 468 1183
1932628 98024 468 138
1932629 504541 468 302
1932630 504541 468 4385
1932631 504541 468 4276
1932632 504541 468 2725
1932633 171913 468 79
1932634 171913 468 1049
1932635 171913 468 4234
1932636 171913 468 302
1932637 171913 468 1704
1932638 171913 468 5048
1932657 504542 468 1049
1932658 504542 468 941
1932659 504542 468 4297
1932660 504542 468 1564
1932661 504542 468 6
1932662 504542 468 97
1932670 253554 468 869
1932671 253554 468 1191
1932672 253554 468 1704
1932673 253554 468 3085
1932679 504544 468 30492
1932688 51667 468 941
1932689 51667 468 1937
1932690 51667 468 187
1932691 51667 468 292
1932692 51667 468 286
1932693 51667 468 4367
1932694 51667 468 138
1932695 504545 468 2347
1932701 182143 468 4028
1932702 182143 468 507
1932703 182143 468 642
1932704 182143 468 139
1932705 504547 468 63
1932709 504550 468 1565
1932710 504550 468 39
1932733 495356 468 2330
1932734 495356 468 331
1932735 504554 468 536
1932736 504554 468 1128
1932737 504554 468 24
1932738 504554 468 1406
1932739 504555 468 4302
1932740 504555 468 19328
1932741 504555 468 2424
1932742 504556 468 1126
1932743 504556 468 6
1932744 504556 468 311
1932745 504556 468 503
1932746 504557 468 1124
1932747 504557 468 2936
1932748 504558 468 2708
1932749 504558 468 1704
1932750 504558 468 3748
1932751 504558 468 33595
1932752 504558 468 79
1932753 504558 468 264
1932759 211 468 254
1932760 211 468 138
1932761 211 468 44
1932762 211 468 2902
1932763 211 468 6
1932764 211 468 225
1932765 211 468 1183
1932766 211 468 1745
1932767 211 468 2940
1932768 211 468 369
1932795 10256 468 941
1932796 10256 468 1937
1932797 10256 468 138
1932798 10256 468 1183
1932799 10256 468 187
1932806 504564 468 1049
1932807 504564 468 97
1932808 504564 468 81619
1932809 504564 468 4593
1932810 504564 468 311
1932811 504564 468 33595
1932816 66157 468 125
1932817 66157 468 44
1932818 66157 468 1057
1932819 66157 468 138
1932820 66157 468 328
1932821 172977 468 1057
1932822 172977 468 1704
1932823 172977 468 1554
1932824 172977 468 307
1932825 172977 468 4154
1932826 172977 468 50608
1932827 172977 468 1564
1932828 504566 468 1704
1932829 504566 468 24
1932830 504566 468 1049
1932831 504566 468 3654
1932837 504568 468 1049
1932838 504568 468 187
1932839 504568 468 17364
1932840 504568 468 361
1932841 504568 468 311
1932842 504568 468 6
1932843 201228 468 20016
1932844 201228 468 4335
1932845 201228 468 1303
1932846 201228 468 1049
1932847 504569 468 1049
1932848 504569 468 731
1932849 504569 468 1052
1932850 504569 468 1227
1932851 170477 468 873
1932852 170477 468 29
1932853 170477 468 64
1932854 170477 468 1745
1932855 170477 468 2187
1932856 170477 468 1049
1932857 170477 468 503
1932858 170477 468 731
1932859 170477 468 1126
1932860 170477 468 17684
1932861 170477 468 3471
1932862 170477 468 4297
1932863 170477 468 19330
1932864 504570 468 294
1932865 504570 468 1924
1932866 504570 468 2707
1932867 504570 468 4276
1932878 19367 468 125
1932879 19367 468 26837
1932887 304154 468 873
1932888 304154 468 6946
1932889 304154 468 1745
1932890 504574 468 21330
1932891 504574 468 1627
1932892 504574 468 11789
1932895 4915 468 5384
1932896 4915 468 2971
1932897 4915 468 138
1932898 4915 468 928
1932899 4915 468 286
1932900 4915 468 4132
1932901 23145 468 941
1932902 23145 468 294
1932903 23145 468 9333
1932904 23145 468 35
1932905 23145 468 3750
1932911 504577 468 1049
1932912 504577 468 20016
1932915 504578 468 21
1932916 504578 468 254
1932917 180310 468 1049
1932918 180310 468 311
1932919 180310 468 31878
1932920 180310 468 3593
1932921 180310 468 10951
1932922 180310 468 2610
1932923 180310 468 16535
1932924 504579 468 311
1932925 504579 468 259
1932926 504579 468 110842
1932933 173459 468 139
1932934 173459 468 5904
1932950 504585 468 5922
1932951 304289 468 1049
1932952 304289 468 311
1932953 304293 468 941
1932954 304293 468 1704
1932955 304293 468 311
1932956 304293 468 1049
1932957 504586 468 29
1932958 504586 468 72
1932959 504586 468 873
1932965 2364 468 286
1932966 2364 468 138
1932967 2364 468 1134
1932968 2364 468 1135
1932969 2364 468 668
1932970 2364 468 221
1932971 129488 468 100
1932972 129488 468 1325
1932973 119184 468 941
1932974 119184 468 6
1932975 119184 468 10223
1932993 66435 468 125
1932994 66435 468 1072
1932995 66435 468 138
1932996 66435 468 1049
1932997 87953 468 29
1932998 87953 468 541
1932999 87953 468 3593
1933000 87953 468 39
1933001 87953 468 342
1933002 504590 468 2936
1933003 504590 468 643
1933004 504590 468 294
1933017 504592 468 2971
1933018 504592 468 3257
1933019 504592 468 928
1933056 177314 468 1049
1933057 177314 468 138
1933058 177314 468 1124
1933059 177314 468 94757
1933060 177314 468 343
1933061 177314 468 5104
1933062 13835 468 20380
1933063 13835 468 1722
1933064 13835 468 72
1933065 13835 468 1723
1933066 13835 468 1745
1933067 13835 468 1191
1933073 126183 468 1174
1933074 126183 468 2278
1933075 126183 468 996
1933076 126183 468 1063
1933077 132655 468 138
1933078 132655 468 328
1933079 132655 468 367
1933080 132655 468 187
1933081 132655 468 31710
1933091 504595 468 82497
1933092 504595 468 29
1933093 504595 468 731
1933094 504595 468 254
1933095 504596 468 941
1933096 504596 468 125
1933097 504596 468 138
1933098 504596 468 2902
1933099 504596 468 187
1933100 504596 468 1821
1933101 504597 468 110843
1933102 504597 468 41776
1933103 504597 468 2217
1933104 90793 468 1744
1933105 90793 468 1745
1933106 90793 468 40
1933107 90793 468 4618
1933108 90793 468 1704
1933112 504599 468 1923
1933113 504599 468 536
1933114 504599 468 2795
1933115 9993 468 286
1933116 9993 468 138
1933117 9993 468 79
1933118 9993 468 264
1933119 9993 468 11821
1933120 9993 468 1937
1933121 504600 468 138
1933122 504600 468 1716
1933123 504600 468 39
1933124 504601 468 294
1933125 504601 468 20378
1933135 504605 468 12738
1933136 34685 468 138
1933137 34685 468 44
1933138 34685 468 72
1933139 34685 468 187
1933140 34685 468 369
1933171 504612 468 138
1933172 504612 468 5238
1933173 15680 468 138
1933174 15680 468 4446
1933175 15680 468 4595
1933176 15680 468 44
1933177 15680 468 287
1933194 457460 468 816
1933195 457460 468 5969
1933196 457460 468 311
1933197 457460 468 3257
1933198 457460 468 187
1933199 457460 468 16143
1933207 206576 468 46232
1933208 206576 468 2971
1933209 206576 468 33594
1933210 206576 468 1215
1933211 504618 468 15381
1933212 504618 468 110849
1933213 504618 468 48
1933214 504618 468 1822
1933215 504619 468 2936
1933216 504619 468 63
1933217 504619 468 3781
1933218 504619 468 4585
1933219 504619 468 2953
1933220 504620 468 2936
1933221 504620 468 3781
1933222 504620 468 2953
1933223 504620 468 4046
1933235 504622 468 816
1933236 504622 468 1049
1933237 504622 468 20016
1933238 301762 468 2236
1933239 301762 468 583
1933240 301762 468 294
1933241 66898 468 4677
1933242 66898 468 44
1933243 66898 468 4866
1933244 66898 468 668
1933267 504624 468 11
1933278 15782 468 44
1933279 15782 468 138
1933280 15782 468 125
1933290 491901 468 294
1933291 491901 468 302
1933292 491901 468 2236
1933293 491901 468 1565
1933294 491901 468 583
1933304 504630 468 110851
1933305 504630 468 1123
1933306 504630 468 19207
1933307 132941 468 44
1933308 132941 468 138
1933309 132941 468 72
1933310 504631 468 712
1933311 504631 468 2795
1933312 504631 468 80
1933313 504631 468 2358
1933314 254089 468 769
1933315 254089 468 24040
1933316 254089 468 1821
1933317 504632 468 19588
1933318 504632 468 2610
1933319 504632 468 15381
1933320 504632 468 2953
1933321 504632 468 15235
1933329 504634 468 187
1933330 504634 468 6
1933331 504634 468 26972
1933332 504634 468 1227
1933333 504635 468 1704
1933334 504635 468 39
1933335 504635 468 1690
1933336 504635 468 21020
1933337 187151 468 4234
1933338 187151 468 286
1933339 187151 468 813
1933340 187151 468 16882
1933351 504638 468 1141
1933352 504638 468 6
1933354 504640 468 941
1933355 504640 468 214
1933356 504641 468 1367
1933357 504641 468 187
1933358 504641 468 2902
1933359 504641 468 61469
1933360 504642 468 1367
1933361 504642 468 2902
1933362 504642 468 4667
1933363 504642 468 187
1933371 169388 468 4053
1933372 169388 468 1267
1933373 169388 468 3835
1933374 169388 468 1123
1933375 169388 468 2236
1933376 169388 468 8907
1933377 74743 468 1125
1933378 74743 468 1627
1933379 74743 468 26709
1933380 74743 468 2456
1933381 74743 468 361
1933382 74743 468 311
1933383 74743 468 19599
1933384 504644 468 35
1933385 504644 468 18275
1933386 504644 468 873
1933387 504644 468 64
1933388 504644 468 3824
1933410 55296 468 35
1933411 55296 468 2940
1933412 55296 468 1184
1933433 504647 468 1052
1933434 504648 468 5580
1933435 504648 468 3722
1933440 21056 468 941
1933441 21056 468 125
1933442 21056 468 254
1933443 21056 468 1184
1933444 21056 468 138
1933445 21056 468 1745
1933446 21056 468 1183
1933447 21056 468 225
1933448 21056 468 2392
1933449 21056 468 1999
1933453 504651 468 79
1933454 504651 468 4267
1933455 504651 468 254
1933462 504653 468 2610
1933463 504653 468 2347
1933464 504653 468 3811
1933465 504653 468 4034
1933466 504653 468 311
1933467 504654 468 787
1933468 504654 468 1123
1933469 504654 468 2647
1933470 504654 468 1072
1933471 504654 468 451
1933472 205542 468 2707
1933473 205542 468 2936
1933476 293204 468 941
1933477 293204 468 2347
1933478 293204 468 97
1933479 293204 468 110852
1933480 504655 468 3487
1933481 504655 468 311
1933482 504655 468 21
1933483 504655 468 53862
1933493 504659 468 3487
1933494 504659 468 311
1933495 504659 468 53862
1933496 35437 468 1072
1933497 35437 468 210
1933498 35437 468 44
1933499 504660 468 668
1933500 504660 468 108
1933501 504660 468 188
1933502 504660 468 2424
1933503 280889 468 941
1933504 280889 468 1937
1933505 280889 468 2373
1933506 280889 468 18275
1933507 280889 468 3824
1933508 280889 468 138
1933509 280889 468 583
1933516 504662 468 47743
1933517 504662 468 328
1933518 504662 468 138
1933519 504663 468 3811
1933520 504663 468 2187
1933521 504664 468 125
1933522 504664 468 941
1933523 504664 468 138
1933524 504664 468 26837
1933525 504664 468 187
1933526 504665 468 873
1933527 504665 468 7008
1933529 169522 468 2641
1933530 169522 468 138
1933534 504668 468 311
1933535 504668 468 3811
1933536 504668 468 42130
1933537 504668 468 39605
1933542 317829 468 138
1933543 317829 468 311
1933544 317829 468 125
1933545 317829 468 187
1933546 317829 468 137
1933547 317829 468 328
1933548 504670 468 1716
1933549 504670 468 30492
1933550 504672 468 19588
1933551 504672 468 2610
1933552 504672 468 1716
1933553 504672 468 48
1933554 504672 468 15381
1933555 504673 468 1191
1933556 504673 468 1723
1933557 317845 468 292
1933558 317845 468 138
1933559 317845 468 187
1933560 317845 468 342
1933561 317845 468 286
1933562 317845 468 643
1933563 305558 468 48
1933564 305558 468 1191
1933565 305558 468 3593
1933566 305558 468 1172
1933567 305558 468 1124
1933568 305558 468 16043
1933569 504674 468 1123
1933570 504674 468 26837
1933571 504674 468 1072
1933572 16159 468 254
1933573 16159 468 44
1933574 10862 468 138
1933575 10862 468 1049
1933576 429107 468 81
1933577 429107 468 787
1933579 394232 468 221
1933580 394232 468 894
1933581 394232 468 730
1933582 394232 468 11
1933583 394232 468 1133
1933584 504676 468 503
1933585 504676 468 1126
1933586 8920 468 21
1933587 8920 468 1123
1933588 8920 468 311
1933589 8920 468 4649
1933590 8920 468 79
1933591 8920 468 700
1933592 8920 468 1880
1933597 9434 468 941
1933598 9434 468 138
1933599 9434 468 1923
1933600 9434 468 1564
1933601 9434 468 982
1933602 9434 468 3505
1933603 9434 468 2297
1933604 9434 468 926
1933605 9434 468 1937
1933616 504679 468 20882
1933617 504679 468 1157
1933618 504679 468 4882
1933619 23878 468 289
1933620 23878 468 187
1933621 23878 468 72
1933622 23878 468 2297
1933623 23878 468 961
1933624 504680 468 16219
1933625 504680 468 2216
1933626 504680 468 4593
1933627 504680 468 138
1933628 6658 468 2187
1933629 6658 468 6
1933630 6658 468 1126
1933631 6658 468 187
1933632 6658 468 47297
1933633 6658 468 1584
1933634 6658 468 5948
1933665 504682 468 1049
1933666 504682 468 3748
1933667 504682 468 4532
1933668 504682 468 33595
1933669 504683 468 1627
1933670 504683 468 342
1933671 504683 468 23223
1933672 504684 468 16710
1933673 504684 468 4234
1933674 504684 468 80
1933675 504685 468 1126
1933676 504685 468 2187
1933677 504685 468 928
1933678 504685 468 1125
1933684 504686 468 3527
1933685 504686 468 24
1933686 133289 468 1072
1933687 133289 468 138
1933688 67896 468 1049
1933689 67896 468 125
1933690 67896 468 4234
1933691 67896 468 1704
1933692 67896 468 138
1933693 67896 468 3593
1933694 67896 468 1072
1933695 67896 468 1745
1933696 67896 468 187
1933697 67896 468 78
1933698 67896 468 328
1933699 67896 468 342
1933700 67896 468 286
1933701 67896 468 292
1933705 15398 468 1072
1933706 15398 468 44
1933708 504688 468 139
1933709 504688 468 656
1933710 504688 468 507
1933711 387571 468 2215
1933712 387571 468 29
1933718 138043 468 125
1933719 138043 468 26837
1933720 257486 468 328
1933721 257486 468 44
1933722 257486 468 138
1933723 504689 468 4701
1933734 504690 468 1704
1933735 504690 468 24
1933736 504691 468 928
1933737 504691 468 4566
1933738 504691 468 20604
1933739 504691 468 19333
1933740 504691 468 523
1933741 206177 468 1049
1933742 206177 468 1125
1933743 206177 468 17025
1933744 206177 468 16535
1933745 57480 468 2297
1933746 57480 468 1125
1933747 57480 468 138
1933755 504694 468 2450
1933756 504694 468 80
1933757 504694 468 503
1933758 504694 468 583
1933759 504695 468 2373
1933760 504695 468 2795
1933761 504695 468 1745
1933762 504695 468 11
1933763 263442 468 1072
1933764 263442 468 125
1933765 152743 468 44
1933766 152743 468 342
1933767 152743 468 1119
1933768 152743 468 125
1933769 206303 468 1902
1933770 206303 468 1172
1933771 206303 468 2587
1933772 206303 468 2586
1933775 504697 468 15734
1933776 504697 468 813
1933777 504697 468 2456
1933781 306010 468 1299
1933782 306010 468 1727
1933783 306010 468 361
1933784 306010 468 635
1933785 306010 468 1172
1933786 306010 468 52425
1933787 63880 468 138
1933788 63880 468 1937
1933789 63880 468 1183
1933790 63880 468 64
1933800 178618 468 1564
1933801 178618 468 5384
1933802 178618 468 4154
1933803 178618 468 110853
1933804 178618 468 1715
1933805 178618 468 1554
1933806 178618 468 5580
1933807 178618 468 40
1933809 504700 468 1704
1933810 504700 468 2936
1933811 504700 468 3593
1933812 504700 468 276
1933813 504700 468 292
1933814 504700 468 318
1933815 24041 468 11
1933816 24041 468 2013
1933817 24041 468 318
1933825 499981 468 294
1933826 499981 468 503
1933827 499981 468 583
1933828 499981 468 311
1933829 499981 468 25228
1933830 499981 468 2795
1933831 504704 468 1052
1933832 504704 468 1072
1933833 504704 468 44
1933834 504704 468 137
1933835 504704 468 138
1933842 504705 468 5153
1933843 504705 468 2579
1933863 504710 468 214
1933864 504710 468 6684
1933865 504710 468 1128
1933866 504710 468 138
1933876 9660 468 138
1933877 9660 468 2902
1933878 9660 468 29
1933879 9660 468 8143
1933880 504712 468 2216
1933881 504712 468 311
1933882 504712 468 80
1933883 504712 468 2795
1933884 504712 468 712
1933894 504713 468 503
1933895 504713 468 1943
1933896 504713 468 2581
1933897 80318 468 1134
1933898 80318 468 138
1933899 80318 468 7122
1933900 80318 468 108
1933901 80318 468 1937
1933902 80318 468 1183
1933903 80318 468 292
1933904 80318 468 155
1933905 80318 468 286
1933906 306247 468 941
1933907 306247 468 311
1933911 504715 468 1902
1933912 504715 468 2456
1933913 504715 468 1052
1933914 504715 468 58002
1933929 321161 468 1299
1933930 321161 468 894
1933931 321161 468 139
1933949 27811 468 992
1933950 27811 468 730
1933951 27811 468 44
1933952 27811 468 139
1933953 27811 468 6934
1933954 27811 468 7842
1933955 27811 468 1529
1933956 16521 468 2486
1933957 16521 468 286
1933958 16521 468 138
1933959 16521 468 302
1933989 276017 468 80
1933990 276017 468 712
1933991 276017 468 1704
1933998 68473 468 125
1933999 68473 468 138
1934000 68473 468 11
1934009 306402 468 2708
1934010 306402 468 3483
1934011 306402 468 3743
1934017 191774 468 941
1934018 191774 468 1745
1934019 191774 468 187
1934020 191774 468 16143
1934021 191774 468 342
1934022 191774 468 6
1934023 191774 468 1169
1934024 191774 468 8907
1934025 191774 468 507
1934026 191774 468 2472
1934027 191774 468 3408
1934031 430166 468 110857
1934032 430166 468 39321
1934033 430166 468 125
1934034 10098 468 294
1934035 10098 468 2556
1934036 10098 468 2708
1934037 504725 468 1049
1934038 504725 468 138
1934039 504725 468 1564
1934040 504725 468 1715
1934041 504725 468 1716
1934043 89266 468 2476
1934044 89266 468 294
1934049 70419 468 41437
1934050 70419 468 1191
1934051 70419 468 20858
1934052 70419 468 125
1934070 504728 468 816
1934071 504728 468 21770
1934072 504728 468 32389
1934073 504728 468 503
1934079 504730 468 24
1934080 504730 468 4172
1934081 504730 468 47457
1934082 504731 468 6
1934083 504731 468 47457
1934084 504732 468 29
1934085 504732 468 125
1934086 504733 468 29
1934087 504733 468 1438
1934088 504734 468 125
1934089 504734 468 503
1934094 504735 468 20016
1934095 504735 468 1049
1934096 504736 468 35
1934097 504736 468 1184
1934098 504736 468 1880
1934099 504736 468 1745
1934100 94887 468 2936
1934101 94887 468 643
1934111 37446 468 342
1934112 37446 468 138
1934113 37446 468 1704
1934119 504740 468 2936
1934120 504740 468 1230
1934121 504740 468 4965
1934128 504743 468 6
1934129 504743 468 3811
1934130 504744 468 29
1934131 504744 468 286
1934132 504744 468 3593
1934133 133720 468 2902
1934134 133720 468 44
1934135 16712 468 108
1934136 16712 468 44
1934137 16712 468 138
1934138 504745 468 2216
1934139 504745 468 2795
1934140 504745 468 311
1934141 504745 468 503
1934142 504745 468 7273
1934143 83897 468 20083
1934144 83897 468 2358
1934145 83897 468 80
1934146 83897 468 503
1934151 504746 468 1897
1934152 504746 468 928
1934153 504746 468 286
1934154 504746 468 5008
1934155 504746 468 307
1934161 331496 468 1564
1934162 331496 468 3257
1934163 331496 468 4566
1934164 331496 468 16297
1934165 331496 468 9984
1934166 504748 468 4216
1934167 504748 468 29
1934168 504748 468 342
1934169 504748 468 138
1934170 504748 468 4392
1934171 504749 468 1704
1934172 504749 468 3527
1934173 504749 468 24
1934174 504749 468 2186
1934179 504752 468 3811
1934180 24314 468 1886
1934181 24314 468 1125
1934189 504754 468 125
1934190 504754 468 1128
1934191 504754 468 187
1934192 504755 468 62875
1934193 504755 468 1943
1934194 163638 468 451
1934195 8267 468 44
1934196 8267 468 328
1934197 8267 468 451
1934202 504756 468 1049
1934203 504756 468 3748
1934204 504756 468 5580
1934205 504756 468 1704
1934216 504758 468 2936
1934217 504759 468 2936
1934218 504760 468 29
1934219 504760 468 17292
1934220 504761 468 1565
1934221 504761 468 2936
1934222 504761 468 3593
1934223 504761 468 3257
1934224 504761 468 4933
1934225 504762 468 1821
1934226 504762 468 3050
1934227 504763 468 4490
1934228 504763 468 8407
1934229 504763 468 24
1934230 504763 468 72
1934235 504764 468 125
1934236 504765 468 125
1934237 504765 468 17034
1934248 27411 468 35
1934249 27411 468 18275
1934254 133851 468 138
1934255 133851 468 125
1934256 133851 468 668
1934257 133851 468 1049
1934258 133851 468 254
1934259 133851 468 44
1934260 504768 468 2150
1934261 504768 468 1183
1934262 504768 468 941
1934263 504768 468 138
1934271 26719 468 294
1934272 26719 468 138
1934273 26719 468 187
1934274 26719 468 2940
1934275 26719 468 2902
1934276 26719 468 1183
1934286 76936 468 6
1934287 76936 468 2657
1934288 76936 468 29569
1934291 504773 468 331
1934292 504773 468 2514
1934293 504773 468 155
1934303 107803 468 44
1934304 107803 468 1049
1934305 107803 468 941
1934306 107803 468 1704
1934307 107803 468 138
1934308 107803 468 1745
1934309 107803 468 187
1934310 107803 468 342
1934311 107803 468 78
1934312 107803 468 39321
1934313 107803 468 1267
1934314 133888 468 941
1934315 133888 468 138
1934316 133888 468 1937
1934317 133888 468 187
1934318 133888 468 42385
1934319 133888 468 2902
1934320 170719 468 1049
1934321 170719 468 1715
1934322 170719 468 187
1934323 170719 468 1124
1934324 80076 468 302
1934325 80076 468 1704
1934326 80076 468 17025
1934327 80076 468 4532
1934328 80076 468 1049
1934329 80076 468 138
1934330 80076 468 4486
1934331 80076 468 33595
1934336 504774 468 15518
1934337 88422 468 125
1934338 88422 468 29
1934339 88422 468 342
1934340 88422 468 44
1934345 50749 468 635
1934346 50749 468 1880
1934347 50749 468 155
1934348 50749 468 362
1934349 50749 468 138
1934350 50749 468 1560
1934351 50749 468 99589
1934352 57354 468 138
1934353 57354 468 302
1934354 57354 468 39321
1934355 57354 468 1560
1934356 57354 468 254
1934357 504776 468 1215
1934358 504776 468 3789
1934359 504776 468 311
1934360 504776 468 5008
1934371 80095 468 1049
1934372 80095 468 1564
1934373 80095 468 125
1934374 80095 468 3593
1934375 80095 468 2347
1934376 80095 468 97
1934377 504780 468 4335
1934378 504780 468 1303
1934379 504780 468 1239
1934380 504781 468 1049
1934381 504781 468 125
1934382 504781 468 138
1934383 504781 468 97
1934384 504781 468 6
1934385 504781 468 9946
1934386 504782 468 48
1934387 504782 468 97
1934388 504782 468 17364
1934389 504782 468 4566
1934390 504782 468 16297
1934391 504783 468 974
1934392 504783 468 1554
1934393 504784 468 100
1934394 504784 468 1325
1934401 319658 468 331
1934402 319658 468 2220
1934403 319658 468 29
1934404 319658 468 583
1934405 319658 468 2525
1934406 319658 468 813
1934407 319658 468 731
1934415 302597 468 3811
1934416 302597 468 1052
1934417 302597 468 507
1934418 302597 468 5943
1934419 504788 468 107179
1934424 337845 468 1923
1934435 504791 468 61180
1934436 504791 468 1049
1934437 504791 468 39
1934438 504791 468 941
1934439 504791 468 311
1934450 504793 468 941
1934451 504794 468 29337
1934452 504794 468 110859
1934453 504794 468 1123
1934454 504794 468 2964
1934455 504794 468 4857
1934458 504796 468 2216
1934459 504796 468 302
1934460 504796 468 873
1934461 504796 468 138
1934462 504796 468 79
1934474 157533 468 668
1934475 157533 468 168
1934476 157533 468 1007
1934477 157533 468 100
1934478 157533 468 188
1934479 268982 468 138
1934480 268982 468 3567
1934481 268982 468 221
1934482 268982 468 1183
1934483 268982 468 328
1934484 268982 468 1745
1934485 268982 468 187
1934486 202679 468 4880
1934487 151681 468 138
1934488 151681 468 254
1934489 151681 468 1704
1934490 151681 468 4737
1934491 151681 468 1172
1934492 151681 468 635
1934502 92893 468 1124
1934503 92893 468 29
1934504 92893 468 21338
1934505 92893 468 731
1934506 92893 468 1049
1934507 504800 468 81619
1934508 504800 468 1704
1934509 504800 468 34826
1934510 504800 468 34893
1934511 504801 468 302
1934512 504801 468 1704
1934513 504801 468 138
1934514 504801 468 2795
1934515 504801 468 81
1934516 504801 468 24
1934521 10204 468 1184
1934522 10204 468 1822
1934523 10204 468 187
1934524 288687 468 4302
1934525 288687 468 2201
1934526 288687 468 342
1934527 288687 468 2186
1934528 288687 468 2236
1934529 288687 468 425
1934530 288687 468 4933
1934531 56183 468 6
1934532 56183 468 1125
1934533 56183 468 311
1934534 56183 468 1886
1934535 56183 468 1704
1934536 56183 468 941
1934537 319921 468 127
1934538 319921 468 29
1934539 319921 468 125
1934540 319921 468 813
1934541 484952 468 2610
1934542 484952 468 668
1934543 484952 468 188
1934544 484952 468 168
1934545 24660 468 6052
1934546 24660 468 44
1934547 24660 468 1886
1934548 24660 468 155
1934549 504803 468 2187
1934550 504803 468 3393
1934551 504803 468 523
1934552 504804 468 17561
1934553 504805 468 4620
1934554 504805 468 1004
1934555 504805 468 1732
1934556 504805 468 731
1934567 17130 468 1072
1934568 17130 468 78
1934569 17130 468 138
1934570 504806 468 1886
1934571 504806 468 1325
1934572 504806 468 46
1934573 504806 468 15711
1934598 504808 468 331
1934599 504808 468 2220
1934600 504808 468 1288
1934601 504808 468 967
1934602 504808 468 3811
1934603 504808 468 1052
1934604 504808 468 29
1934605 504809 468 139
1934606 504809 468 4005
1934607 504809 468 894
1934608 504809 468 254
1934610 504811 468 992
1934611 504811 468 1744
1934612 147624 468 125
1934613 147624 468 1704
1934622 279640 468 3811
1934623 279640 468 359
1934624 279640 468 1943
1934632 504813 468 80
1934633 504813 468 712
1934634 504813 468 21
1934635 504813 468 4053
1934636 504814 468 39
1934637 504814 468 1123
1934638 504814 468 1907
1934652 504816 468 941
1934653 504816 468 4
1934654 504816 468 503
1934655 504817 468 311
1934656 504817 468 873
1934657 504817 468 81
1934658 504817 468 787
1934664 504818 468 2971
1934665 504818 468 2936
1934666 504818 468 40
1934667 504818 468 1564
1934668 504818 468 1715
1934669 504818 468 1716
1934680 504822 468 941
1934681 504822 468 10223
1934692 504824 468 20083
1934693 504824 468 1052
1934694 320634 468 110839
1934695 320634 468 4053
1934696 320634 468 80
1934709 504825 468 1156
1934710 504825 468 2708
1934711 504825 468 5580
1934712 504825 468 1049
1934723 504826 468 47743
1934724 504826 468 328
1934725 504826 468 138
1934726 10586 468 1123
1934727 10586 468 27458
1934728 10586 468 311
1934729 10586 468 5059
1934735 56324 468 941
1934736 56324 468 1704
1934737 56324 468 311
1934738 56324 468 2220
1934739 56324 468 1183
1934740 56324 468 6
1934741 56324 468 1909
1934742 504827 468 342
1934761 26982 468 72
1934762 26982 468 769
1934763 26982 468 138
1934764 26982 468 2902
1934765 26982 468 44
1934766 504831 468 1902
1934767 504831 468 2586
1934768 504831 468 311
1934769 504831 468 1126
1934777 504833 468 1924
1934778 504833 468 1704
1934779 504833 468 2708
1934780 504833 468 4593
1934781 504833 468 311
1934782 504833 468 110860
1934783 504834 468 2971
1934784 504834 468 3257
1934785 504834 468 24227
1934787 504836 468 294
1934788 504836 468 1052
1934789 504836 468 311
1934790 504836 468 39
1934802 504838 468 3750
1934803 504838 468 941
1934817 336607 468 254
1934818 336607 468 40
1934819 336607 468 72
1934820 191336 468 11
1934821 191336 468 71864
1934822 191336 468 139
1934823 504842 468 292
1934824 504842 468 1172
1934825 504842 468 19165
1934826 504842 468 79
1934827 504842 468 63
1934833 311791 468 1126
1934834 311791 468 2187
1934835 311791 468 29
1934836 311791 468 731
1934837 311791 468 187
1934838 311791 468 928
1934839 504844 468 2334
1934840 504844 468 61162
1934841 504844 468 8907
1934842 246525 468 6
1934843 266489 468 2592
1934844 266489 468 2373
1934845 266489 468 1704
1934846 266489 468 187
1934847 266489 468 328
1934848 266489 468 40
1934849 266489 468 941
1934850 266489 468 39
1934857 504846 468 4334
1934858 504846 468 286
1934859 504846 468 4582
1934861 504848 468 1049
1934862 504848 468 941
1934863 504848 468 33595
1934864 504848 468 187
1934865 246719 468 2236
1934866 246719 468 72
1934867 246719 468 2584
1934868 246719 468 19207
1934869 320657 468 4882
1934870 320657 468 523
1934871 320657 468 2936
1934872 320657 468 20882
1934874 504850 468 110861
1934875 504850 468 29
1934883 504853 468 1191
1934884 504853 468 638
1934885 504853 468 1723
1934886 504853 468 20380
1934887 504853 468 1722
1934888 504853 468 4088
1934902 68860 468 30492
1934903 68860 468 138
1934904 68860 468 286
1934905 68860 468 941
1934906 68860 468 292
1934907 68860 468 78
1934908 68860 468 328
1934909 68860 468 307
1934910 68860 468 503
1934911 68860 468 187
1934912 504855 468 47743
1934913 504855 468 328
1934914 504855 468 138
1934925 504857 468 1715
1934926 504857 468 503
1934927 504857 468 1561
1934928 504857 468 59908
1934929 504857 468 15732
1934930 504858 468 294
1934931 504858 468 1564
1934932 504858 468 1716
1934933 504859 468 138
1934934 504859 468 5051
1934939 504860 468 3811
1934940 504860 468 1704
1934943 303312 468 1052
1934944 303312 468 507
1934945 303312 468 39
1934946 187150 468 4234
1934947 187150 468 1049
1934948 187150 468 941
1934949 187150 468 125
1934950 187150 468 1057
1934951 187150 468 7147
1934952 504861 468 869
1934953 504861 468 79134
1934954 504862 468 2647
1934955 504862 468 700
1934956 504862 468 4
1934957 504862 468 44
1934958 504862 468 78
1934959 504862 468 79
1934960 108466 468 813
1934961 108466 468 731
1934966 170875 468 286
1934967 170875 468 292
1934968 170875 468 328
1934969 170875 468 4308
1934970 170875 468 4392
1934971 170875 468 2486
1934972 170875 468 138
1934989 504866 468 44
1934990 504866 468 138
1934991 504866 468 187
1934992 504866 468 2902
1935002 295133 468 29
1935003 295133 468 941
1935004 295133 468 367
1935005 295133 468 26837
1935006 504868 468 1052
1935007 504868 468 731
1935008 80289 468 286
1935009 80289 468 1135
1935010 80289 468 4028
1935013 504870 468 974
1935014 504870 468 941
1935015 504870 468 138
1935016 504870 468 39
1935027 504874 468 1215
1935028 504874 468 2708
1935039 504879 468 4965
1935040 504879 468 4705
1935044 56483 468 2902
1935045 56483 468 289
1935050 11528 468 286
1935051 11528 468 292
1935052 11528 468 3743
1935053 11528 468 295
1935054 11528 468 941
1935055 11528 468 138
1935056 240088 468 941
1935057 240088 468 1049
1935058 240088 468 286
1935059 240088 468 11
1935060 240088 468 331
1935061 240088 468 507
1935062 240088 468 138
1935063 504882 468 138
1935064 504882 468 311
1935065 504882 468 1119
1935066 504882 468 1716
1935067 504883 468 1052
1935068 504883 468 1438
1935069 504883 468 64
1935070 504884 468 1052
1935071 504884 468 507
1935072 504884 468 225
1935073 504884 468 4230
1935074 504885 468 138
1935075 504885 468 46
1935076 504885 468 72
1935077 504886 468 1049
1935078 504886 468 1390
1935079 504886 468 1560
1935080 504886 468 1932
1935081 504887 468 1191
1935082 504887 468 996
1935083 504887 468 1723
1935084 504887 468 23953
1935085 504887 468 1769
1935090 504889 468 941
1935091 504889 468 138
1935092 504889 468 1937
1935093 504889 468 982
1935094 504889 468 926
1935099 504890 468 30492
1935101 504892 468 2456
1935102 504892 468 1052
1935103 504892 468 2657
1935104 504894 468 138
1935105 504894 468 974
1935106 504894 468 40
1935107 504894 468 2902
1935108 504895 468 63072
1935109 504895 468 4551
1935114 504898 468 1565
1935115 504898 468 1564
1935116 455792 468 1072
1935117 455792 468 125
1935118 504899 468 2456
1935119 504899 468 48990
1935120 504899 468 6
1935121 504899 468 311
1935122 504899 468 1627
1935123 287573 468 469
1935124 287573 468 302
1935125 287573 468 1704
1935126 287573 468 240
1935127 287573 468 2216
1935128 504900 468 35
1935129 504900 468 18275
1935130 74805 468 292
1935131 74805 468 342
1935132 74805 468 2795
1935133 74805 468 24
1935134 74805 468 39
1935139 504902 468 21099
1935140 504902 468 20991
1935141 504902 468 69064
1935142 504902 468 1565
1935143 504902 468 1627
1935144 504902 468 33595
1935145 504902 468 2708
1935146 504902 468 17364
1935153 458809 468 1049
1935154 458809 468 1390
1935155 458809 468 1560
1935159 106245 468 125
1935160 106245 468 367
1935161 106245 468 225
1935162 106245 468 44
1935169 504905 468 80
1935170 504905 468 307
1935171 504905 468 1261
1935172 123128 468 2140
1935173 123128 468 1128
1935174 123128 468 6052
1935175 123128 468 1554
1935176 123128 468 307
1935177 123128 468 1261
1935178 284281 468 302
1935179 284281 468 1704
1935180 284281 468 342
1935181 284281 468 79
1935182 284281 468 311
1935183 504906 468 1124
1935184 504906 468 1564
1935185 504906 468 39
1935186 504906 468 1554
1935187 504906 468 59776
1935188 504907 468 5107
1935189 504907 468 59776
1935190 504907 468 63
1935191 504907 468 928
1935192 504907 468 1564
1935193 504908 468 1923
1935194 504908 468 1057
1935195 504908 468 4154
1935196 504908 468 1554
1935197 504908 468 307
1935198 80354 468 307
1935199 80354 468 286
1935200 121918 468 1261
1935201 121918 468 286
1935202 121918 468 307
1935203 426444 468 138
1935204 426444 468 292
1935205 426444 468 137
1935206 426444 468 4
1935207 426444 468 286
1935208 25193 468 137
1935209 25193 468 78
1935210 25193 468 328
1935211 25193 468 44
1935212 25193 468 138
1935213 25193 468 64
1935214 25193 468 458
1935230 504913 468 24
1935231 504913 468 507
1935232 504913 468 128
