1935249 504916 469 19315
1935260 504917 469 110869
1935261 504918 469 110870
1935262 504918 469 110871
1935263 504918 469 19330
1935293 122050 469 18070
1935294 122050 469 5932
1935295 122050 469 474
1935296 122050 469 39
1935297 122050 469 110877
1935298 504923 469 110878
1935299 504923 469 831
1935300 504923 469 110879
1935301 504923 469 18070
1935302 504923 469 624
1935303 504924 469 110877
1935304 504924 469 4797
1935305 504924 469 1213
1935306 504924 469 1226
1935312 149604 469 41995
1935313 149604 469 110867
1935314 149604 469 54
1935315 149604 469 129
1935316 504926 469 4797
1935317 504926 469 15999
1935318 504926 469 87814
1935319 338463 469 2637
1935320 338463 469 110880
1935321 504927 469 3
1935322 504927 469 24230
1935323 504927 469 110881
1935331 143315 469 7842
1935332 143315 469 748
1935333 143315 469 110877
1935334 63599 469 110867
1935335 63599 469 79703
1935336 63599 469 4201
1935337 63599 469 667
1935338 63599 469 2427
1935339 435032 469 79703
1935340 435032 469 1213
1935341 435032 469 110875
1935342 491237 469 110877
1935343 491237 469 181
1935344 504929 469 181
1935345 504929 469 54577
1935346 504929 469 474
1935347 504929 469 1226
1935348 504929 469 3
1935349 504929 469 1227
1935350 504929 469 87814
1935351 504930 469 808
1935352 504930 469 87814
1935353 504931 469 507
1935354 504931 469 24230
1935355 504931 469 54577
1935356 504931 469 1226
1935357 504931 469 110882
1935358 504931 469 110883
1935368 316946 469 286
1935369 316946 469 518
1935370 316946 469 825
1935371 316946 469 4796
1935376 504934 469 138
1935377 504934 469 110883
1935395 504938 469 17157
1935396 504938 469 110889
1935397 504938 469 4796
1935398 504938 469 110890
1935407 115173 469 677
1935408 115173 469 139
1935409 115173 469 110877
1935410 115173 469 734
1935411 504940 469 831
1935412 504940 469 321
1935413 384512 469 110883
1935414 384512 469 6245
1935415 384512 469 120
1935416 504942 469 11
1935417 504942 469 8409
1935418 504942 469 51658
1935419 504942 469 110875
1935430 504944 469 15
1935431 504944 469 885
1935432 504944 469 518
1935433 504944 469 3
1935434 504944 469 354
1935435 504944 469 87814
1935436 504945 469 677
1935437 504945 469 139
1935438 504945 469 11695
1935439 504946 469 87814
1935440 504946 469 110891
1935441 504947 469 17287
1935442 504947 469 110879
1935443 504947 469 19330
1935444 504947 469 110864
1935445 504948 469 2725
1935446 504948 469 43957
1935447 504948 469 69076
1935448 504948 469 110892
1935449 504948 469 2463
1935450 504948 469 110864
1935451 504949 469 1918
1935452 504950 469 3420
1935453 504950 469 110893
1935454 504950 469 216
1935455 504950 469 3623
1935456 504950 469 110875
1935457 60427 469 138
1935458 60427 469 129
1935459 60427 469 6160
1935460 504951 469 110894
1935461 504951 469 518
1935462 504951 469 31047
1935463 504951 469 110890
1935464 23361 469 138
1935465 23361 469 44
1935466 23361 469 286
1935467 23361 469 52811
1935473 504953 469 831
1935474 504953 469 110895
1935475 504953 469 287
1935476 504953 469 110875
1935477 504954 469 110896
1935478 504954 469 5709
1935479 504954 469 110864
1935480 504954 469 110887
1935481 504954 469 287
1935482 504954 469 4103
1935483 504955 469 110890
1935484 504955 469 31047
1935485 504955 469 110897
1935486 504955 469 43710
1935487 504955 469 110898
1935488 29108 469 4797
1935489 29108 469 110877
1935494 504957 469 110899
1935495 504957 469 110900
1935496 504957 469 19330
1935497 504957 469 39
1935498 504957 469 110901
1935501 504958 469 110902
1935502 504958 469 110903
1935503 504958 469 110904
1935504 504958 469 9041
1935509 504960 469 4797
1935510 504960 469 110906
1935511 504961 469 4797
1935512 504961 469 110907
1935513 504962 469 831
1935514 504962 469 4797
1935515 504962 469 321
1935516 504963 469 831
1935517 504963 469 4797
1935518 504963 469 110877
1935519 297308 469 87814
1935520 297308 469 377
1935521 504964 469 110889
1935522 504964 469 9041
1935523 504964 469 110908
1935524 504964 469 518
1935525 504964 469 24051
1935526 504965 469 110909
1935527 504965 469 110877
1935528 504966 469 4797
1935529 504966 469 748
1935530 504966 469 120
1935531 504966 469 110877
1935538 41497 469 286
1935539 41497 469 240
1935540 41497 469 1534
1935541 41497 469 110883
1935542 41497 469 182
1935543 41497 469 667
1935544 41497 469 139
1935545 157021 469 5076
1935549 17887 469 110867
1935550 17887 469 287
1935551 504969 469 1367
1935552 504969 469 110877
1935553 504970 469 1213
1935554 504970 469 1918
1935555 504970 469 1367
1935556 504970 469 19330
1935557 504970 469 5920
1935558 504970 469 110867
1935561 23607 469 110898
1935562 23607 469 129
1935563 23607 469 138
1935568 240899 469 138
1935569 240899 469 125
1935570 240899 469 4103
1935571 240899 469 328
1935572 240899 469 4270
1935573 240899 469 110875
1935577 57054 469 7827
1935578 57054 469 798
1935579 57054 469 5932
1935580 57054 469 110911
1935581 57054 469 110867
1935591 504975 469 110914
1935592 504975 469 5932
1935593 504975 469 668
1935594 504975 469 110867
1935595 504976 469 20373
1935596 504976 469 32892
1935597 504976 469 4511
1935598 504976 469 87814
1935599 504977 469 1538
1935600 504977 469 87814
1935604 167408 469 12789
1935605 167408 469 2331
1935606 167408 469 110877
1935617 504979 469 110875
1935618 504979 469 5932
1935619 504979 469 698
1935620 504979 469 643
1935621 504979 469 1446
1935622 504980 469 794
1935623 504980 469 4332
1935624 504981 469 7827
1935625 504981 469 4797
1935626 504981 469 318
1935627 504981 469 110876
1935628 504981 469 16
1935629 504981 469 667
1935630 504981 469 110916
1935631 504981 469 110875
1935637 504983 469 110915
1935638 504983 469 47416
1935639 504983 469 20505
1935640 504983 469 110918
1935641 504983 469 110875
1935642 504984 469 110910
1935643 504984 469 38119
1935644 504984 469 110875
1935645 504985 469 6245
1935646 504985 469 110919
1935647 504985 469 110875
1935648 504986 469 6245
1935649 504986 469 4371
1935650 504987 469 110877
1935651 32166 469 8482
1935652 32166 469 5932
1935653 32166 469 6783
1935663 504989 469 18639
1935671 9381 469 21
1935672 9381 469 5932
1935673 9381 469 885
1935674 9381 469 3810
1935675 9381 469 3924
1935676 9381 469 3889
1935677 9381 469 2709
1935678 9381 469 35
1935679 9381 469 39
1935680 9381 469 1918
1935681 9381 469 47424
1935682 504992 469 110877
1935683 504992 469 27945
1935684 504992 469 110923
1935685 504992 469 3
1935689 504994 469 831
1935690 504994 469 5932
1935691 504994 469 287
1935692 504994 469 474
1935693 504994 469 46
1935694 504994 469 698
1935695 504994 469 643
1935696 504994 469 44
1935697 504994 469 110875
1935698 504995 469 21
1935699 504995 469 474
1935700 504995 469 138
1935701 504995 469 110867
1935702 504996 469 110925
1935721 505001 469 477
1935722 505002 469 518
1935723 505002 469 5920
1935724 505002 469 110877
1935725 505002 469 6553
1935726 505003 469 4797
1935727 505003 469 1170
1935728 16468 469 8482
1935729 16468 469 1529
1935730 16468 469 110877
1935731 348329 469 4371
1935732 348329 469 748
1935733 348329 469 110877
1935734 505004 469 8629
1935735 505004 469 677
1935736 505004 469 667
1935737 505004 469 87814
1935738 428319 469 677
1935739 428319 469 1125
1935740 428319 469 110926
1935745 505006 469 110864
1935746 505006 469 110904
1935747 505006 469 110879
1935748 505006 469 19330
1935749 505007 469 70
1935750 505008 469 110927
1935751 505008 469 507
1935752 505008 469 331
1935753 505008 469 518
1935754 505008 469 6553
1935755 505008 469 110881
1935756 505008 469 110928
1935757 419781 469 21
1935758 419781 469 138
1935759 419781 469 35
1935760 419781 469 110875
1935778 505010 469 507
1935779 505010 469 110878
1935780 505010 469 110875
1935787 505013 469 110878
1935788 505014 469 831
1935789 505014 469 110867
1935796 505017 469 4371
1935797 505017 469 110877
1935798 505018 469 105117
1935799 505018 469 110931
1935800 505018 469 12789
1935801 505018 469 87814
1935805 505020 469 5932
1935806 505020 469 110867
1935807 120788 469 99118
1935808 120788 469 14112
1935809 120788 469 110904
1935810 120788 469 21
1935811 120788 469 2725
1935812 120788 469 798
1935813 120788 469 110879
1935814 120788 469 110867
1935815 184773 469 377
1935816 184773 469 110932
1935817 184773 469 110877
1935818 505021 469 110879
1935819 505021 469 21
1935820 505021 469 5932
1935824 85825 469 55037
1935825 85825 469 507
1935826 85825 469 110875
1935827 505023 469 105117
1935828 505023 469 110931
1935829 505023 469 16943
1935830 505023 469 110877
1935831 505024 469 110933
1935832 505024 469 214
1935833 505024 469 29878
1935834 505024 469 110875
1935835 505025 469 110914
1935839 505027 469 69483
1935840 505027 469 110885
1935841 505027 469 110886
1935842 505027 469 794
1935843 505027 469 110864
1935844 1925286 469 11199
1935845 1925286 469 677
1935846 1925286 469 846
1935847 1925286 469 6004
1935848 1925286 469 110875
1935849 292452 469 110875
1935850 292452 469 6004
1935851 292452 469 15776
1935852 505028 469 110934
1935853 505028 469 96336
1935854 505028 469 110879
1935855 505028 469 110920
1935856 505028 469 110864
1935861 505031 469 188
1935862 505031 469 24051
1935863 505031 469 182
1935864 505031 469 110883
1935865 505032 469 110914
1935866 505032 469 4797
1935867 505033 469 6245
1935868 505033 469 188
1935869 505033 469 110875
1935870 505034 469 5076
1935871 505034 469 1170
1935872 505034 469 4797
1935882 146398 469 4797
1935883 146398 469 110875
1935884 146398 469 110865
1935885 505036 469 4797
1935886 505036 469 474
1935887 505036 469 110865
1935888 505036 469 110875
1935889 505037 469 91279
1935890 505037 469 110911
1935892 505039 469 5076
1935893 505039 469 12789
1935894 505039 469 1529
1935895 505039 469 2427
1935896 505039 469 110877
1935898 505041 469 331
1935899 505041 469 110881
1935900 505041 469 110928
1935901 505042 469 110881
1935902 505042 469 110915
1935903 505042 469 599
1935904 505042 469 4796
1935905 505043 469 70
1935906 505043 469 638
1935907 505043 469 748
1935908 505043 469 110875
1935909 505044 469 6245
1935911 242418 469 110878
1935912 242418 469 110877
1935913 505046 469 7827
1935914 505046 469 12789
1935915 505046 469 110904
1935916 505046 469 110908
1935917 505046 469 47565
1935918 505046 469 110877
1935919 505047 469 110904
1935920 505047 469 1227
1935921 505047 469 110876
1935922 505047 469 87814
1935927 505048 469 110864
1935928 505048 469 1227
1935929 505048 469 2725
1935930 505048 469 110863
1935931 505048 469 110892
1935935 505050 469 110877
1935936 505050 469 182
1935937 505050 469 677
1935938 505051 469 110878
1935939 125915 469 182
1935940 125915 469 19433
1935941 125915 469 6152
1935942 125915 469 87814
1935943 125915 469 1367
1935952 505055 469 1241
1935953 505055 469 110877
1935954 505056 469 5709
1935955 505056 469 110867
1935961 505059 469 4797
1935962 505059 469 321
1935963 505059 469 16969
1935964 505059 469 110938
1935965 505059 469 6192
1935968 134622 469 1299
1935976 505063 469 110875
1935977 505063 469 831
1935978 505063 469 182
1935986 505065 469 24230
1935987 505065 469 77
1935988 505065 469 216
1935989 505065 469 94144
1935990 505065 469 54
1935991 505065 469 110941
1935992 505065 469 110883
1935993 505066 469 110875
1935994 505066 469 9823
1935995 505066 469 644
1935996 505066 469 16488
1935997 505066 469 743
1935998 505066 469 17434
1936003 505068 469 831
1936004 505068 469 18070
1936005 505069 469 12789
1936006 505069 469 110877
1936010 134845 469 110864
1936011 505071 469 6674
1936012 505072 469 6245
1936013 505072 469 110877
1936014 505073 469 6245
1936016 32753 469 377
1936017 32753 469 98
1936018 32753 469 748
1936019 478280 469 79695
1936020 478280 469 110877
1936021 59808 469 129
1936022 59808 469 110877
1936023 59808 469 328
1936024 57679 469 5675
1936025 57679 469 825
1936026 57679 469 108
1936027 57679 469 138
1936028 57679 469 11
1936029 57679 469 110898
