1944184 506903 475 457
1944185 506903 475 136
1944186 329745 475 319
1944187 329745 475 16
1944188 506904 475 27291
1944189 506904 475 80851
1944190 506904 475 111298
1944191 506904 475 111299
1944192 506905 475 80851
1944193 506905 475 111300
1944204 506908 475 80851
1944205 506908 475 111300
1944210 506910 475 27291
1944211 506910 475 80851
1944212 506910 475 111300
1944213 506910 475 111301
1944214 506910 475 111299
1944215 852 475 16
1944230 506916 475 27291
1944231 506916 475 80851
1944232 506916 475 111299
1944233 506917 475 16
1944234 506917 475 24230
1944235 506918 475 225
1944238 1055 475 992
1944239 1055 475 677
1944240 1055 475 39
1944246 506921 475 27291
1944247 506921 475 80851
1944248 506921 475 111299
1944249 506922 475 1128
1944250 506922 475 719
1944251 506923 475 276
1944252 506923 475 220
1944253 506924 475 4945
1944254 506924 475 1902
1944258 4466 475 719
1944259 4466 475 1896
1944267 506928 475 80851
1944268 506929 475 225
1944272 506931 475 27291
1944273 506931 475 111301
1944274 506931 475 111299
1944293 41206 475 16
1944294 41206 475 40
1944295 41206 475 111302
1944300 484587 475 44
1944304 506940 475 80851
1944305 506940 475 111300
1944309 506942 475 27291
1944310 506942 475 111301
1944311 506942 475 111299
1944313 330339 475 16
1944318 35 475 16
1944319 480597 475 319
1944320 480597 475 136
1944321 480597 475 345
1944322 480597 475 457
1944323 499238 475 16
1944324 499238 475 106892
1944327 452655 475 24230
1944328 452655 475 16
1944335 506948 475 16
1944336 506948 475 24230
1944343 8694 475 16
1944344 506949 475 5831
1944356 506953 475 16
1944357 506953 475 40
1944358 506953 475 111302
1944361 506955 475 16
1944362 506955 475 40
1944363 506955 475 24230
1944364 506956 475 19794
1944365 506957 475 111301
1944366 506957 475 80851
1944367 1306 475 646
1944368 1306 475 41774
1944377 506962 475 4537
1944378 506962 475 646
1944382 452764 475 16
1944383 452764 475 25120
1944384 506964 475 1367
1944385 506964 475 24230
1944386 506965 475 77456
1944387 506965 475 111307
1944388 506966 475 27291
1944389 506966 475 111308
1944390 506966 475 111309
1944391 506966 475 111299
1944392 506967 475 111304
1944398 506971 475 4945
1944399 506971 475 646
1944400 506972 475 4537
1944401 506972 475 2964
1944406 506975 475 27291
1944407 506975 475 80851
1944408 506975 475 111299
1944409 506975 475 111300
1944420 452839 475 16
1944421 452839 475 106892
1944422 506978 475 345
1944423 506978 475 16
1944435 506983 475 16
1944436 506983 475 345
1944437 506983 475 39
1944441 10213 475 16
1944442 10213 475 111302
1944443 506985 475 80851
1944444 506985 475 111300
1944445 506986 475 80851
1944446 506986 475 111301
1944447 7517 475 16
1944448 7517 475 40
1944449 7517 475 105617
1944452 506989 475 27291
1944453 506989 475 80851
1944454 506989 475 111298
1944455 506990 475 111298
1944460 453297 475 16
1944461 453297 475 40
1944462 453297 475 24230
1944464 506994 475 27291
1944465 506994 475 80851
1944466 506994 475 111300
1944467 506994 475 111299
1944468 506995 475 111301
1944474 140365 475 388
1944479 506998 475 80851
1944480 506998 475 111300
1944481 506998 475 111299
1944484 507000 475 80851
1944485 507000 475 111300
1944489 507002 475 27291
1944490 507002 475 80851
1944491 507002 475 111299
1944495 507004 475 5831
1944496 507004 475 6333
1944497 507005 475 4945
1944498 507005 475 125
1944500 507007 475 27291
1944501 507007 475 80851
1944502 507007 475 111301
1944503 507007 475 111299
1944504 507008 475 16
1944505 507008 475 106892
1944506 281899 475 16
1944507 281899 475 40
1944508 452973 475 16
1944509 452973 475 24230
1944510 452973 475 40
1944511 452981 475 16
1944512 452981 475 24230
1944523 507012 475 894
1944524 507012 475 2642
1944525 507012 475 992
1944526 24136 475 5748
1944536 507018 475 111308
1944541 507021 475 111308
1944557 507026 475 27291
1944558 507026 475 80851
1944559 507026 475 111301
1944560 507026 475 111299
1944563 507028 475 111308
1944572 507032 475 18443
1944577 507035 475 27291
1944578 507035 475 80851
1944579 507035 475 111299
1944587 507041 475 111298
1944591 507044 475 80851
1944592 507044 475 111309
1944593 507044 475 111308
1944594 507044 475 111298
1944595 507045 475 80851
1944596 507046 475 27291
1944597 507046 475 80851
1944598 507046 475 111299
1944599 507047 475 80851
1944600 507047 475 111300
1944604 507049 475 80851
1944605 507049 475 111300
1944606 507049 475 111301
1944607 507050 475 16
1944608 507050 475 24230
1944609 507051 475 27291
1944610 507051 475 80851
1944611 507051 475 111299
1944618 507054 475 80851
1944626 507058 475 27291
1944627 507058 475 111300
1944628 507058 475 80851
1944640 263908 475 111298
1944641 507062 475 27291
1944642 507062 475 80851
1944643 507062 475 111300
1944644 507062 475 111299
1944650 507065 475 646
1944651 507065 475 4537
1944652 507066 475 27291
1944653 507066 475 80851
1944654 507066 475 111299
1944655 507067 475 111310
1944656 507068 475 111301
1944657 507068 475 80851
1944658 507069 475 345
1944659 507069 475 255
1944660 29681 475 225
1944661 29681 475 220
1944662 507070 475 111301
1944663 507070 475 80851
1944669 507074 475 27291
1944670 507074 475 80851
1944671 507074 475 111299
1944672 507075 475 111301
1944673 507075 475 80851
1944674 507075 475 111300
1944675 507076 475 27291
1944676 507076 475 80851
1944677 507076 475 111301
1944678 507076 475 111299
1944692 507081 475 16
1944693 507081 475 111302
1944694 507081 475 40
1944695 3117 475 455
1944696 3117 475 3
1944706 507086 475 225
1944707 507086 475 318
1944708 507086 475 319
1944709 507087 475 16
1944710 507087 475 319
1944714 507089 475 136
1944715 507089 475 16
1944716 507089 475 391
1944717 507089 475 39
1944718 507089 475 345
1944725 507092 475 16
1944726 507092 475 24230
1944727 507092 475 40
1944734 146465 475 19341
1944735 146465 475 24230
1944739 507096 475 111301
1944740 507096 475 80851
1944741 507096 475 111300
1944748 507098 475 59831
1944749 282292 475 16
1944750 282292 475 40
1944751 282292 475 24230
1944758 288711 475 345
1944765 507103 475 80851
1944766 507103 475 111300
1944767 295963 475 16
1944768 295963 475 276
1944770 507105 475 225
1944771 507106 475 2964
1944772 507106 475 41774
1944773 507106 475 557
1944780 507111 475 27291
1944781 507111 475 80851
1944782 507111 475 111299
1944783 53959 475 992
1944784 53959 475 677
1944785 53959 475 125
1944786 53959 475 523
1944790 507113 475 4537
1944791 507113 475 646
1944792 507113 475 125
1944793 507114 475 16
1944794 507114 475 345
1944795 507115 475 225
1944796 507115 475 5299
1944797 7713 475 16
1944808 507119 475 111298
1944809 108547 475 16
1944810 507120 475 111312
1944811 507120 475 1565
1944812 489514 475 16
1944813 489514 475 319
1944814 489514 475 88912
1944815 489514 475 40
1944816 489514 475 39
1944817 87907 475 8
1944821 507123 475 16
1944822 507123 475 111302
1944823 507124 475 27291
1944824 507124 475 80851
1944825 507124 475 111299
1944826 507125 475 111298
1944835 507128 475 111301
1944836 507128 475 18443
1944837 507129 475 27291
1944838 507129 475 111301
1944839 507129 475 80851
1944840 507129 475 111299
1944844 507131 475 80851
1944845 507131 475 111299
1944850 507134 475 345
1944851 507134 475 319
1944852 507134 475 318
1944854 507136 475 458
1944855 507136 475 16
1944859 507137 475 458
1944864 507140 475 16
1944865 507140 475 24230
1944866 507140 475 111302
1944870 507142 475 27291
1944871 507142 475 80851
1944872 507142 475 111300
1944873 507142 475 111299
1944874 507143 475 80851
1944875 507143 475 111300
