1974394 947277 478 618
1974402 947279 478 1727
1974403 947279 478 8481
1974404 617152 478 225
1974405 617152 478 3798
1974406 617152 478 112578
1974407 617152 478 54
1974408 617152 478 47421
1974410 947282 478 6101
1974411 947283 478 10038
1974412 947283 478 1057
1974413 947283 478 458
1974414 947283 478 112579
1974421 22958 478 1313
1974422 22958 478 128
1974423 22958 478 575
1974424 22958 478 523
1974431 547112 478 112584
1974432 547112 478 1237
1974433 547112 478 11559
1974435 176712 478 112585
1974436 947290 478 1062
1974438 657100 478 818
1974439 947292 478 48526
1974440 947292 478 112586
1974443 165765 478 112588
1974447 947295 478 1237
1974448 947295 478 172
1974449 947295 478 59907
1974455 947298 478 31692
1974458 947301 478 112592
1974459 383780 478 16970
1974460 383780 478 15082
1974461 947302 478 276
1974462 947303 478 125
1974465 947305 478 125
1974484 947319 478 78325
1974485 947319 478 112596
1974486 947320 478 1125
1974488 947322 478 112594
1974491 947324 478 29906
1974495 1309775 478 112594
1974498 947329 478 112601
1974500 947331 478 29603
1974501 173878 478 79
1974502 173878 478 97243
1974503 173878 478 42527
1974504 173878 478 112603
1974505 173878 478 507
1974506 947332 478 112604
1974507 947332 478 818
1974508 947333 478 72
1974509 947333 478 15980
1974510 947334 478 112605
1974511 947334 478 47809
1974512 66542 478 8397
1974513 947335 478 112570
1974515 49890 478 112570
1974517 947338 478 15
1974518 947339 478 112607
1974519 947339 478 4474
1974520 947339 478 1215
1974523 59097 478 108
1974526 947342 478 618
1974528 476652 478 112588
1974529 476652 478 112609
1974530 947344 478 29603
1974531 947345 478 42380
1974532 947346 478 112588
1974536 947349 478 385
1974546 947355 478 299
1974547 947355 478 1123
1974549 1926713 478 112611
1974560 947360 478 818
1974561 947360 478 4353
1974562 947360 478 58811
1974563 947360 478 4
1974564 947361 478 112596
1974565 947361 478 78325
1974567 947362 478 156
1974568 947362 478 5914
1974571 540846 478 4065
1974586 778625 478 46
1974590 947373 478 458
1974591 947373 478 391
1974592 947373 478 818
1974598 947375 478 112593
1974602 167056 478 50779
1974603 167056 478 4154
1974604 167056 478 1215
1974605 167056 478 112619
1974606 167056 478 58811
1974607 20890 478 1367
1974608 20890 478 112620
1974616 1926715 478 112611
1974617 257083 478 7
1974619 947383 478 112623
1974626 947386 478 5535
1974627 947386 478 6280
1974628 947386 478 46
1974629 947386 478 100216
1974632 947388 478 1257
1974640 947390 478 112623
1974641 585956 478 112625
1974642 585956 478 4252
1974643 585956 478 112626
1974649 1926716 478 1125
1974650 947393 478 1125
1974655 947396 478 125
1974661 947398 478 4019
1974662 947398 478 6737
1974663 947398 478 112631
1974667 947402 478 25533
1974671 431837 478 79
1974672 431837 478 112632
1974673 431837 478 8213
1974674 431837 478 4628
1974675 947404 478 42009
1974678 167392 478 40
1974679 167392 478 3593
1974681 1926718 478 24041
1974682 1926718 478 4174
1974683 1926718 478 4104
1974684 947406 478 4174
1974685 947406 478 1235
1974687 947408 478 112596
1974688 947408 478 78325
1974689 947408 478 112633
1974690 947409 478 112634
1974692 947410 478 112573
1974694 947412 478 254
1974695 947413 478 4174
1974696 947413 478 29300
1974697 947414 478 112589
1974698 133235 478 4753
1974699 454940 478 635
1974700 454940 478 5914
1974701 947415 478 1123
1974702 192821 478 46
1974704 27744 478 46
1974711 947419 478 8742
1974712 338956 478 1237
1974713 338956 478 7991
1974714 338956 478 112637
1974715 338956 478 4923
1974721 947424 478 112608
1974732 947428 478 112641
1974733 1926720 478 10928
1974734 1926720 478 4662
1974735 947429 478 321
1974737 947431 478 172
1974738 947431 478 112642
1974739 947431 478 42136
1974743 947434 478 21
1974744 947434 478 1704
1974747 178589 478 112645
1974748 499959 478 5947
1974754 947437 478 4753
1974755 169733 478 29264
1974758 96112 478 5947
1974759 96112 478 342
1974760 96112 478 112648
1974761 96112 478 125
1974762 947440 478 112572
1974763 947441 478 15428
1974764 947441 478 5734
1974765 947441 478 81
1974766 7039 478 818
1974767 7039 478 29
1974768 947442 478 1034
1974769 947442 478 1237
1974774 947444 478 458
1974776 1926721 478 93622
1974777 1926721 478 1999
1974778 1926721 478 225
1974779 1926721 478 451
1974780 7106 478 635
1974783 947447 478 29603
1974796 947453 478 321
1974797 885 478 16970
1974798 885 478 287
1974799 885 478 926
1974800 947454 478 4174
1974801 947454 478 48997
1974802 671439 478 894
1974803 880622 478 894
1974804 27356 478 894
1974805 947455 478 894
1974807 1577 478 894
1974808 79945 478 894
1974809 48301 478 894
1974811 653345 478 1704
1974812 653345 478 5734
1974813 653345 478 112651
1974814 947457 478 31692
1974822 947461 478 112654
1974823 947461 478 618
1974831 947466 478 138
1974832 947466 478 112655
1974833 947466 478 46
1974839 947470 478 3394
1974840 947470 478 6737
1974841 947471 478 1057
1974842 947471 478 125
1974843 947471 478 46121
1974846 947473 478 391
1974847 947473 478 2161
1974848 282002 478 458
1974849 282002 478 1367
1974850 282002 478 302
1974852 947475 478 3050
1974853 947475 478 225
1974854 947475 478 50025
1974860 947479 478 48805
1974861 947479 478 112605
1974862 1926722 478 112611
1974867 947480 478 1125
1974868 947481 478 302
1974869 947482 478 112570
1974870 947483 478 112570
1974880 947486 478 112570
1974881 74613 478 15398
1974890 947491 478 1224
1974891 947492 478 1224
1974893 947494 478 172
1974894 947494 478 112662
1974895 947494 478 1062
1974896 947495 478 500
1974901 947497 478 4866
1974902 947497 478 43998
1974905 947499 478 458
1974906 947499 478 54425
1974908 947501 478 38998
1974909 947502 478 2205
1974916 947506 478 618
1974920 947509 478 29
1974926 737576 478 46267
1974927 863868 478 321
1974928 863868 478 4284
1974929 863868 478 3
1974931 947511 478 10712
1974932 947511 478 20380
1974933 947512 478 46641
1974934 947512 478 18723
1974935 947513 478 112623
1974936 947514 478 6309
1974944 947519 478 469
1974947 947522 478 302
1974948 947522 478 4
1974953 947524 478 1191
1974960 1926724 478 112611
1974962 660641 478 125
1974963 660641 478 867
1974964 660641 478 255
1974966 1926725 478 1237
1974967 1926725 478 1242
1974968 1926725 478 51347
1974969 947529 478 20380
1974970 947529 478 110960
1974971 947529 478 16480
1974972 947530 478 112570
1974976 309726 478 112667
1974978 26914 478 46
1974979 26914 478 108
1974980 26914 478 187
1974981 26914 478 1781
1974982 947533 478 3050
1974983 947533 478 1052
1974984 947533 478 112668
1974985 947533 478 1962
1974986 947534 478 818
1974990 947537 478 79
1974991 947537 478 818
1974992 947537 478 540
1974993 947537 478 643
1974998 947539 478 112588
1974999 401270 478 35
1975001 947540 478 35
1975006 947544 478 112645
1975007 947545 478 1367
1975009 947547 478 18723
1975010 947547 478 254
1975011 947547 478 8067
1975012 947548 478 254
1975013 947548 478 15160
1975016 734630 478 112670
1975017 947549 478 618
1975018 947550 478 138
1975019 947550 478 941
1975020 693730 478 138
1975021 693730 478 941
1975022 947552 478 3318
1975023 947552 478 1062
1975024 947553 478 1215
1975025 947553 478 1444
1975026 540018 478 8397
1975027 540018 478 112671
1975029 947555 478 112654
1975030 947555 478 112643
1975036 1926727 478 112611
1975043 947562 478 20322
1975044 947562 478 9974
1975049 397979 478 46
1975053 1926728 478 451
1975054 1926728 478 287
1975059 806175 478 112623
1975060 947568 478 1052
1975061 947569 478 1237
1975062 947569 478 444
1975063 947569 478 49288
1975064 947570 478 5215
1975065 947570 478 35
1975068 35089 478 523
1975070 978 478 818
1975071 1926730 478 112611
1975073 68860 478 138
1975074 68860 478 941
1975078 947574 478 28804
1975079 947574 478 125
1975083 758433 478 894
1975084 947576 478 5914
1975085 947576 478 635
1975086 947577 478 1123
1975087 947578 478 125
1975088 947578 478 4418
1975089 947578 478 5469
1975090 947578 478 1714
1975091 947578 478 4923
1975096 947581 478 112675
1975099 947584 478 112676
1975100 947584 478 254
1975101 947584 478 8067
1975104 947587 478 125
1975108 947591 478 98
1975109 947592 478 4866
1975110 947593 478 47427
1975111 947593 478 112677
1975112 947593 478 17249
1975114 540228 478 112679
1975118 947595 478 319
1975119 947595 478 5892
1975120 947595 478 58811
1975124 947597 478 540
1975125 947597 478 5593
1975126 947597 478 1731
1975127 947598 478 112680
1975128 753798 478 112570
1975129 947599 478 5051
1975132 947601 478 618
1975133 56515 478 112681
1975134 56515 478 318
1975135 947602 478 46
1975136 947603 478 138
1975137 947603 478 294
1975138 28607 478 7048
1975145 947607 478 8419
1975146 947607 478 2161
1975147 947607 478 112682
1975148 947607 478 112586
1975149 947608 478 302
1975150 947608 478 47421
1975151 947608 478 112683
1975156 947610 478 57710
1975158 947612 478 112675
1975159 947613 478 112623
1975160 947614 478 618
1975161 947614 478 112687
1975165 947618 478 112623
1975166 947618 478 469
1975169 947621 478 3050
1975170 947621 478 1119
1975171 947621 478 112691
1975172 947622 478 216
1975179 359574 478 112693
1975180 359574 478 112694
1975181 359574 478 112695
1975184 947628 478 458
1975185 947628 478 1704
1975186 947628 478 27478
1975187 947629 478 8419
1975193 947633 478 112589
1975194 947634 478 112589
1975200 468949 478 172
1975201 468949 478 1237
1975202 468949 478 36968
1975205 947636 478 172
1975206 947636 478 25643
1975209 947638 478 112589
1975210 947639 478 172
1975211 947639 478 1237
1975212 947639 478 112589
1975213 947639 478 112698
1975214 947639 478 4923
1975223 947644 478 112589
1975224 947644 478 318
1975238 947650 478 112604
