1977028 462707 480 24
1977029 462707 480 637
1977034 148619 480 40
1977035 148619 480 503
1977036 148619 480 754
1977037 148619 480 982
1977038 148619 480 1230
1977039 18225 480 557
1977040 18225 480 1896
1977041 18225 480 1615
1977042 732107 480 21
1977043 732107 480 4356
1977044 732107 480 2647
1977045 732107 480 40
1977046 732107 480 2592
1977047 732107 480 2236
1977054 108762 480 40
1977055 108762 480 81
1977056 108762 480 982
1977057 108762 480 754
1977058 108762 480 72
1977059 560983 480 125
1977060 560983 480 254
1977061 560983 480 638
1977062 560983 480 216
1977063 329754 480 40
1977064 329754 480 507
1977065 329754 480 754
1977066 329754 480 982
1977069 535423 480 1257
1977070 535423 480 1808
1977071 535423 480 5
1977072 535423 480 16767
1977073 535423 480 982
1977089 422177 480 216
1977090 422177 480 138
1977091 422177 480 6229
1977099 1927171 480 125
1977100 1927171 480 5831
1977107 1927172 480 996
1977108 1927172 480 1869
1977109 1927172 480 1175
1977110 1927172 480 1062
1977111 1927172 480 27543
1977112 11538 480 1239
1977113 11538 480 20496
1977114 11538 480 311
1977115 11538 480 1049
1977116 110452 480 859
1977117 110452 480 72
1977118 110452 480 8302
1977119 110452 480 112712
1977130 342479 480 1257
1977131 342479 480 125
1977137 383468 480 4682
1977138 383468 480 138
1977139 383468 480 941
1977140 383468 480 40
1977141 383468 480 1896
1977142 1523246 480 8988
1977143 1523246 480 5346
1977144 1523246 480 5051
1977145 1523246 480 318
1977146 1927175 480 1257
1977147 1927175 480 125
1977148 101586 480 359
1977149 101586 480 503
1977150 101586 480 1943
1977151 101586 480 1128
1977152 101586 480 40
1977153 101586 480 2816
1977154 101586 480 507
1977155 98514 480 1722
1977156 98514 480 1191
1977157 98514 480 1723
1977158 8403 480 32543
1977159 8403 480 285
1977160 8403 480 2877
1977161 8403 480 9014
1977162 8403 480 2817
1977163 23075 480 40
1977164 23075 480 982
1977165 23075 480 80
1977166 1927176 480 9974
1977167 1927176 480 2373
1977168 1927176 480 4437
1977169 98606 480 125
1977170 98606 480 46
1977171 98606 480 108
1977181 1927178 480 10512
1977182 1927178 480 1239
1977183 1927178 480 5200
1977196 11276 480 125
1977197 11276 480 2709
1977201 428082 480 359
1977202 428082 480 221
1977205 1927180 480 16767
1977206 1927180 480 125
1977207 1927181 480 1239
1977208 1927181 480 15316
1977209 1927181 480 10298
1977210 150299 480 1031
1977211 150299 480 318
1977212 620248 480 1175
1977213 620248 480 1062
1977214 620248 480 996
1977215 620248 480 1869
1977216 69496 480 1191
1977217 69496 480 125
1977218 69496 480 1722
1977219 69496 480 138
1977220 69496 480 557
1977221 12464 480 2515
1977222 12464 480 150
1977223 12464 480 139
1977224 12464 480 39
1977225 12464 480 90
1977226 12464 480 1728
1977227 12464 480 637
1977228 338548 480 16967
1977229 338548 480 6824
1977230 338548 480 1171
1977231 338548 480 16382
1977232 338548 480 637
1977233 338548 480 5547
1977242 780063 480 1257
1977243 780063 480 1808
1977244 780063 480 125
1977245 1927183 480 1239
1977246 1927183 480 4044
1977247 1927183 480 43428
1977248 1927183 480 3790
1977256 79620 480 6
1977257 79620 480 150
1977258 79620 480 1106
1977259 79620 480 1321
1977260 79620 480 139
1977261 79620 480 11
1977262 79620 480 638
1977265 732737 480 1723
1977266 732737 480 23104
1977267 732737 480 1191
1977268 732737 480 17913
1977269 732737 480 1722
1977270 465 480 45
1977271 465 480 6854
1977272 465 480 187
1977275 1927186 480 1191
1977276 1927186 480 1723
1977277 105495 480 1257
1977278 105495 480 125
1977285 5013 480 125
1977286 5013 480 1191
1977287 5013 480 637
1977288 5013 480 72
1977289 5013 480 638
1977290 5013 480 1722
1977291 5013 480 1723
1977292 72767 480 1191
1977293 72767 480 1723
1977294 72767 480 1722
1977295 66561 480 982
1977296 66561 480 276
1977297 66561 480 307
1977298 66561 480 4964
1977299 66561 480 16382
1977300 66561 480 16967
1977301 99933 480 125
1977302 99933 480 1123
1977303 10539 480 13817
1977304 10539 480 941
1977305 10539 480 138
1977306 44944 480 125
1977307 44944 480 1299
1977308 44944 480 254
1977309 44944 480 1123
1977310 44944 480 46
1977313 79665 480 125
1977314 79665 480 557
1977315 79665 480 4633
1977316 1927188 480 1191
1977317 1927188 480 40
1977318 1927188 480 1723
1977319 1927188 480 4154
1977320 1927188 480 302
1977321 1927188 480 15215
1977327 66668 480 125
1977328 66668 480 4676
1977329 66668 480 24
1977330 90793 480 40
1977331 90793 480 1123
1977332 90793 480 637
1977335 1927190 480 29
1977336 1927190 480 2580
1977337 1927190 480 1896
1977347 2147 480 276
1977348 2147 480 30
1977349 2147 480 935
1977350 2147 480 908
1977351 2147 480 285
1977356 1927194 480 16767
1977357 1927194 480 10321
1977358 1927194 480 1808
1977359 1927194 480 112713
1977360 169663 480 583
1977361 169663 480 425
1977362 169663 480 46799
1977363 169663 480 503
1977364 169663 480 557
1977365 1927195 480 637
1977366 1927195 480 139
1977367 1927195 480 112714
1977387 252009 480 2275
1977388 252009 480 2276
1977389 252009 480 72
1977390 252009 480 6824
1977391 252009 480 637
1977392 166946 480 523
1977393 166946 480 4154
1977394 166946 480 1033
1977395 1927198 480 1257
1977396 1927198 480 125
1977397 1927198 480 16767
1977403 1927200 480 72
1977404 1927200 480 1728
1977405 1927200 480 557
1977406 13671 480 221
1977407 13671 480 982
1977408 13671 480 503
1977409 13671 480 2816
1977412 23564 480 2817
1977413 23564 480 290
1977414 23564 480 138
1977415 23564 480 46
1977416 119680 480 1123
1977417 119680 480 72
1977418 119680 480 638
1977419 119680 480 635
1977423 1292375 480 16767
1977424 1292375 480 1257
1977425 1292375 480 125
1977431 123776 480 1175
1977432 123776 480 996
1977433 123776 480 1062
1977434 123776 480 1869
1977435 1031181 480 1257
1977436 1031181 480 1808
1977437 1031181 480 125
1977438 1031181 480 16767
1977439 1927203 480 29
1977440 431212 480 5
1977441 431212 480 72
1977442 23629 480 1191
1977443 23629 480 1722
1977444 23629 480 72
1977445 23629 480 1723
1977455 55354 480 1886
1977456 55354 480 1125
1977457 55354 480 77
1977458 55354 480 44
1977459 55354 480 816
1977460 67318 480 1257
1977461 67318 480 40
1977462 67318 480 982
1977463 67318 480 1230
1977464 67318 480 2936
1977465 1927204 480 34610
1977466 1927204 480 3148
1977467 1927204 480 1728
1977468 197810 480 1947
1977469 197810 480 1058
1977470 197810 480 4872
1977471 197810 480 869
1977472 1927205 480 125
1977473 1927205 480 1808
1977474 1927205 480 1257
1977475 1927205 480 16767
1977476 1927206 480 29
1977477 1927206 480 2631
1977478 1927207 480 1675
1977479 1927207 480 1239
1977480 1927208 480 125
1977481 1927208 480 1257
1977482 323514 480 1257
1977483 323514 480 1808
1977484 323514 480 125
1977485 323514 480 16767
1977486 323514 480 637
1977487 323514 480 638
1977488 1927209 480 125
1977492 21181 480 982
1977493 21181 480 126
1977494 21181 480 139
1977495 159180 480 307
1977496 159180 480 276
1977497 159180 480 14060
1977498 159180 480 1174
1977505 275195 480 276
1977506 275195 480 72
1977507 275195 480 638
1977513 43829 480 276
1977514 43829 480 523
1977515 21254 480 276
1977516 21254 480 139
1977517 21254 480 642
1977518 21254 480 138
1977519 14192 480 125
1977520 14192 480 276
1977521 14192 480 139
1977522 14192 480 285
1977523 14192 480 216
1977524 14192 480 5469
1977525 1927212 480 20380
1977526 1927212 480 1722
1977527 1927212 480 1191
1977528 1927212 480 4174
1977529 1927213 480 5498
1977530 1927213 480 1239
1977531 1927213 480 112715
1977532 430521 480 26025
1977533 430521 480 2086
1977534 430521 480 3367
1977535 430521 480 8060
1977536 272524 480 46
1977537 272524 480 285
1977538 1927214 480 2520
1977539 1927214 480 557
1977540 1927214 480 2247
1977541 714467 480 26025
1977542 714467 480 139
1977543 714467 480 285
1977544 714467 480 5547
1977561 557798 480 221
1977562 557798 480 982
1977563 557798 480 1128
1977564 557798 480 2816
1977565 1927215 480 40
1977566 1927215 480 982
1977567 1927215 480 29306
1977568 1927215 480 1692
1977571 563697 480 2100
1977572 563697 480 19895
1977573 563697 480 254
1977574 563697 480 1999
1977584 1927217 480 1868
1977585 1927217 480 1062
1977590 724642 480 4297
1977591 724642 480 5346
1977592 724642 480 3451
1977593 724642 480 638
1977594 724642 480 637
1977595 724642 480 254
1977596 1576157 480 1171
1977597 1576157 480 9974
1977598 1576157 480 6824
1977599 1576157 480 16382
1977600 1576157 480 638
1977601 1576157 480 72
1977602 1576157 480 5547
1977603 1927218 480 2707
1977604 1927218 480 15389
1977605 1927218 480 869
1977606 1927218 480 2837
1977607 1398290 480 2373
1977608 1398290 480 7954
1977609 1398290 480 369
1977610 1398290 480 637
1977611 6465 480 1175
1977612 6465 480 1062
1977613 6465 480 1869
1977614 6465 480 637
1977615 696972 480 996
1977616 696972 480 1062
1977617 696972 480 1175
1977618 696972 480 1867
1977619 548633 480 869
1977620 548633 480 638
1977621 425232 480 276
1977622 425232 480 698
1977623 425232 480 46
1977624 425232 480 638
1977636 1927222 480 1239
1977637 1927222 480 4713
1977638 1927222 480 4869
1977644 9132 480 3151
1977645 9132 480 1162
1977646 9132 480 9333
1977647 9132 480 1191
1977648 1378779 480 6
1977649 1378779 480 1896
1977650 1378779 480 1162
1977657 1927224 480 125
1977658 1927224 480 1722
1977659 1927224 480 1191
1977660 1927224 480 1723
1977665 523034 480 1239
1977666 523034 480 1052
1977667 523034 480 719
1977668 523034 480 18398
1977669 523034 480 963
1977670 27754 480 125
1977671 27754 480 2520
1977679 1520294 480 4297
1977680 1520294 480 5051
1977681 1520294 480 5346
1977682 1927226 480 16767
1977683 1927226 480 1257
1977684 1927227 480 1257
1977685 1927227 480 1808
1977686 1927227 480 125
1977687 161655 480 1896
1977688 161655 480 557
1977689 161655 480 6
1977694 1927228 480 5831
1977695 1927228 480 125
1977696 164625 480 125
1977697 164625 480 334
1977698 164625 480 16
1977699 61821 480 3451
1977700 61821 480 318
1977701 61821 480 5346
1977706 400293 480 1728
1977707 400293 480 125
1977708 870427 480 2520
1977709 870427 480 125
1977710 895680 480 125
1977711 895680 480 359
1977716 1404822 480 22476
1977717 1404822 480 21226
1977718 1404822 480 1728
1977719 1404822 480 1230
1977720 1404822 480 138
1977721 249062 480 2520
1977722 1927231 480 125
1977723 1927231 480 10512
1977724 1927231 480 1191
1977727 7106 480 635
1977728 7106 480 637
1977729 7106 480 125
1977730 7106 480 1299
1977731 405483 480 992
1977732 405483 480 730
1977733 405483 480 637
1977737 83270 480 125
1977738 83270 480 2902
1977739 83270 480 1707
1977740 311529 480 1191
1977741 311529 480 1239
1977742 311529 480 125
1977745 7289 480 139
1977746 7289 480 982
1977747 7289 480 1299
1977751 87906 480 125
1977752 87906 480 1123
1977753 87906 480 1257
1977761 1927237 480 1999
1977762 1927237 480 941
1977763 436178 480 254
1977764 436178 480 2587
1977765 436178 480 1172
1977766 436178 480 72
1977767 1927238 480 1257
1977768 1927238 480 125
1977774 741091 480 873
1977775 741091 480 1128
1977776 741091 480 23104
1977787 1040870 480 72
1977788 1040870 480 276
1977789 1040870 480 869
1977790 1040870 480 285
1977791 1040870 480 307
1977792 1040870 480 865
1977793 464433 480 2247
1977820 27368 480 1230
1977821 27368 480 40
1977822 27368 480 982
1977827 1927247 480 1257
1977828 1927247 480 125
1977833 1927249 480 1257
1977834 1927249 480 125
1977838 440426 480 16767
1977839 440426 480 1257
1977840 440426 480 40
1977841 440426 480 1808
1977846 1927251 480 125
1977847 1927251 480 1257
1977848 901782 480 1257
1977849 901782 480 125
1977850 1927252 480 16767
1977851 1927252 480 125
1977852 1927252 480 1808
1977862 1927254 480 1239
1977863 1927254 480 190
1977864 1927254 480 996
1977865 1927254 480 1062
1977866 58323 480 1367
1977867 58323 480 638
1977868 58323 480 90
1977878 300481 480 6
1977879 300481 480 1367
1977880 300481 480 90
1977881 300481 480 40
1977882 105562 480 1808
1977883 105562 480 1257
1977884 105562 480 125
1977885 292046 480 2816
1977886 292046 480 469
1977887 400725 480 79
1977888 400725 480 29556
1977894 1927257 480 1257
1977895 1927257 480 16767
1977896 1927257 480 18071
1977897 70521 480 2338
1977898 70521 480 1191
1977899 70521 480 996
1977900 70521 480 72
1977905 1927259 480 6
1977906 1927259 480 2520
1977907 1927259 480 1239
1977908 1927259 480 125
1977909 285150 480 1239
1977910 285150 480 6
1977911 285150 480 941
1977912 285150 480 187
1977913 400753 480 894
1977914 400753 480 72
1977915 400753 480 637
1977916 400753 480 638
1977917 400753 480 90
1977918 400753 480 39
1977919 400753 480 2373
1977920 400753 480 877
1977921 400753 480 1025
1977922 400753 480 8493
1977925 1927261 480 125
1977926 1927261 480 1257
1977927 1927261 480 1808
1977929 1927263 480 3451
1977930 1927263 480 125
1977931 1927263 480 1728
1977932 1927263 480 107529
1977942 27859 480 734
1977943 27859 480 2478
1977944 27859 480 6955
1977945 621647 480 503
1977946 621647 480 557
1977950 258216 480 125
1977951 258216 480 3593
1977952 258216 480 311
1977958 1240717 480 29
1977959 1240717 480 953
1977960 1927265 480 359
1977961 1927265 480 60481
1977962 562329 480 214
1977963 562329 480 1808
1977964 1927266 480 1257
1977965 1927266 480 125
1977972 901863 480 1230
1977973 901863 480 359
1977974 901863 480 221
1977975 901863 480 1128
1977976 1927268 480 1728
1977977 1927268 480 2525
1977981 1927269 480 1239
1977982 1927269 480 72
1977983 1927269 480 4486
1977984 1927269 480 33595
1977985 105383 480 637
1977986 105383 480 635
1977987 105383 480 4392
1977988 105383 480 639
1977989 105383 480 1299
1977990 1927270 480 5831
1977991 1927270 480 125
1977994 699921 480 1191
1977995 699921 480 1239
1978004 1927274 480 637
1978005 1927274 480 26288
1978006 1927274 480 4437
1978007 1927274 480 19794
1978008 1927274 480 869
1978009 1927275 480 1764
1978010 1927275 480 941
1978011 1927275 480 6
1978012 1927275 480 1367
1978028 116860 480 1404
1978029 116860 480 503
1978030 116860 480 39
1978031 116860 480 72
1978034 139856 480 869
1978035 139856 480 19794
1978036 139856 480 369
1978037 139856 480 125
1978038 56148 480 2581
1978039 56148 480 13907
1978040 56148 480 1191
1978041 56148 480 72
1978042 56148 480 40
1978043 56148 480 12879
1978047 866078 480 359
1978048 866078 480 4423
1978049 866078 480 1728
1978050 866078 480 187
1978054 531212 480 254
1978055 531212 480 2637
1978056 531212 480 4267
1978057 531212 480 5404
1978058 531212 480 4677
1978059 531212 480 225
1978060 246145 480 3408
1978061 246145 480 138
1978062 246145 480 1123
1978063 246145 480 187
1978067 1927280 480 125
1978068 1927280 480 10512
1978069 408235 480 4676
1978070 408235 480 254
1978071 408235 480 5346
1978072 408235 480 1171
1978073 408235 480 4267
1978076 1927282 480 1819
1978077 1927282 480 7262
1978078 1927283 480 5734
1978079 1927283 480 1191
1978080 1927283 480 1239
1978081 1927283 480 41230
1978085 537009 480 4297
1978086 537009 480 276
1978087 537009 480 11
1978088 537009 480 3451
1978089 537009 480 5346
1978090 1927284 480 1191
1978091 1927284 480 15215
1978092 32557 480 2376
1978093 32557 480 125
1978094 32557 480 216
1978095 153511 480 1722
1978096 153511 480 1191
1978097 153511 480 1723
1978098 153511 480 6724
1978104 153521 480 1722
1978105 153521 480 1191
1978106 153521 480 1723
1978107 153521 480 1033
1978113 1727890 480 1191
1978114 1727890 480 4174
1978121 134445 480 254
1978122 134445 480 4267
1978123 134445 480 285
1978124 134445 480 1257
1978125 1927289 480 1239
1978126 1927289 480 65912
1978127 1927289 480 1191
1978132 1927291 480 125
1978133 1927291 480 18053
1978134 1927291 480 112718
1978148 108314 480 125
1978149 108314 480 1257
1978150 108314 480 16767
1978151 108314 480 637
1978152 108314 480 1808
1978156 1927294 480 1999
1978157 1927294 480 1239
1978158 1927294 480 1304
1978159 1927294 480 96180
1978170 111467 480 16967
1978171 111467 480 16382
1978172 111467 480 5547
1978173 111467 480 6824
1978182 242441 480 284
1978183 242441 480 1183
1978184 242441 480 307
1978185 242441 480 138
1978186 242441 480 286
1978187 24905 480 291
1978188 24905 480 318
1978195 1927298 480 125
1978196 1927298 480 451
1978199 33234 480 125
1978200 33234 480 1257
1978201 33234 480 16767
1978202 33234 480 1808
1978203 33234 480 637
1978204 160324 480 139
1978205 160324 480 1299
1978206 160324 480 982
1978210 1927300 480 1257
1978211 1927300 480 64540
1978212 1927300 480 1808
1978213 1927301 480 331
1978214 1927301 480 2520
1978215 1927301 480 1896
1978216 1927301 480 8714
1978217 32732 480 17179
1978218 32732 480 836
1978219 32732 480 873
1978220 32732 480 359
1978221 32732 480 2589
1978227 187177 480 4053
1978228 187177 480 3835
1978229 187177 480 2236
1978230 1927303 480 127
1978231 1927303 480 1565
1978232 1927303 480 16797
1978237 339871 480 1239
1978238 339871 480 869
1978239 339871 480 307
1978240 339871 480 15316
1978241 1927305 480 1233
1978242 1927305 480 80066
1978243 1927305 480 4746
1978244 1927305 480 2920
1978245 1927305 480 1922
1978250 1927307 480 869
1978251 1927307 480 112721
1978252 1927307 480 6270
1978253 1015232 480 1040
1978254 1015232 480 1033
1978255 1015232 480 254
1978256 1015232 480 72
1978257 1015232 480 302
1978258 1111443 480 125
1978259 1111443 480 503
1978260 1111443 480 1943
1978261 1111443 480 4
1978262 106209 480 4791
1978263 106209 480 637
1978264 125207 480 1175
1978265 125207 480 1062
1978266 125207 480 637
1978267 125207 480 996
1978268 125207 480 285
1978269 280675 480 469
1978270 280675 480 1728
1978271 280675 480 26962
1978272 1927308 480 1191
1978273 1927308 480 1723
1978274 1927309 480 6
1978275 1927309 480 71713
1978276 1927309 480 112722
1978277 170825 480 1563
1978278 170825 480 39
1978279 170825 480 10494
1978280 170825 480 125
1978281 170825 480 138
1978282 71518 480 1257
1978283 71518 480 125
1978284 459365 480 216
1978285 459365 480 797
1978286 86599 480 125
1978287 86599 480 216
1978288 58610 480 8932
1978289 58610 480 138
1978290 58610 480 125
1978291 58610 480 187
1978292 58610 480 72
1978297 1927311 480 1257
1978298 1927311 480 125
1978299 1927311 480 1808
1978300 108698 480 507
1978301 108698 480 26331
1978302 108698 480 29
1978303 1927312 480 865
1978304 1927312 480 254
1978305 1927312 480 4267
1978306 1927312 480 1033
1978307 27173 480 125
1978308 27173 480 138
1978309 27173 480 557
1978310 1560466 480 125
1978311 1560466 480 635
1978312 1560466 480 1299
