2086476 519417 495 2330
2086477 519417 495 523
2086478 519417 495 1126
2086479 519417 495 51864
2086480 519417 495 108947
2086481 519417 495 1119
2086482 519417 495 3593
2086483 519418 495 2795
2086484 519418 495 51463
2086485 519418 495 523
2086486 519418 495 51864
2086487 519418 495 21396
2086513 519422 495 15807
2086514 519422 495 941
2086515 519422 495 40492
2086516 519423 495 1896
2086517 519423 495 120694
2086518 519423 495 72918
2086519 519423 495 67630
2086520 519423 495 10355
2086521 519423 495 38815
2086522 80506 495 16627
2086523 80506 495 1896
2086524 80506 495 40492
2086525 80506 495 523
2086526 80506 495 1802
2086527 80506 495 120695
2086528 80506 495 67338
2086529 80506 495 120696
2086530 519424 495 120697
2086531 519424 495 40492
2086532 519424 495 16627
2086533 519424 495 1767
2086534 519424 495 18172
2086535 519424 495 6676
2086536 519424 495 120698
2086545 519426 495 20460
2086546 519426 495 2628
2086547 519426 495 16627
2086548 519426 495 20948
2086549 519426 495 23249
2086550 519426 495 2160
2086551 519426 495 941
2086552 519426 495 8497
2086565 618473 495 120700
2086566 618473 495 125
2086567 618473 495 276
2086568 618473 495 52759
2086569 618473 495 19144
2086570 618473 495 120701
2086571 190017 495 91797
2086572 190017 495 1820
2086573 190017 495 18172
2086574 190017 495 120697
2086575 190017 495 2449
2086576 519428 495 941
2086577 519428 495 1128
2086578 519428 495 311
2086579 519428 495 80
2086580 519428 495 18172
2086581 519429 495 19144
2086582 519429 495 51864
2086583 519429 495 712
2086584 519429 495 120702
2086585 519429 495 120703
2086586 519429 495 13822
2086609 519432 495 13918
2086610 519432 495 68350
2086611 519432 495 120709
2086612 519432 495 120694
2086613 519432 495 40492
2086614 519432 495 66934
2086615 519432 495 120710
2086616 519432 495 523
2086641 1933874 495 25703
2086642 1933874 495 57143
2086643 1933874 495 120716
2086644 1933874 495 1565
2086658 519438 495 2100
2086659 519438 495 19144
2086665 254568 495 1728
2086666 254568 495 425
2086667 254568 495 16627
2086668 254568 495 138
2086669 254568 495 1119
2086670 254568 495 22519
2086677 1933875 495 25703
2086678 1933875 495 120716
2086679 1933875 495 1728
2086680 1933875 495 5347
2086681 519441 495 73377
2086682 519441 495 4297
2086683 519441 495 19144
2086684 519441 495 48946
2086685 519441 495 2520
2086692 1933876 495 25703
2086693 1933876 495 19513
2086694 1933876 495 1728
2086695 1933876 495 523
2086696 1933876 495 120722
2086726 519448 495 19144
2086727 519448 495 29
2086728 519448 495 1565
2086729 519448 495 523
2086730 519448 495 120725
2086731 519448 495 72112
2086732 519448 495 1215
2086733 519448 495 56037
2086734 519449 495 523
2086735 519449 495 1896
2086736 519449 495 120726
2086737 519449 495 24450
2086743 519451 495 19144
2086744 519451 495 29
2086745 519451 495 57143
2086746 519451 495 120728
2086747 519451 495 120729
2086764 187176 495 16627
2086765 187176 495 1896
2086766 187176 495 523
2086767 187176 495 1565
2086768 187176 495 120715
2086769 519455 495 120731
2086770 519455 495 19144
2086771 519455 495 120706
2086772 519455 495 1820
2086773 519456 495 4696
2086774 519456 495 120695
2086775 519456 495 21482
2086776 519456 495 1820
2086777 519456 495 1802
2086782 519457 495 91797
2086783 519457 495 311
2086784 519457 495 23653
2086785 519457 495 120733
2086786 519457 495 51864
2086787 519458 495 38815
2086788 519458 495 917
2086789 519458 495 2330
2086790 519458 495 120734
2086791 519458 495 120735
2086792 519458 495 120736
2086793 519458 495 1896
2086794 519458 495 40492
2086825 196538 495 24
2086826 196538 495 120740
2086827 196538 495 1823
2086828 196538 495 19144
2086829 196538 495 120733
2086830 196538 495 26437
2086831 196538 495 16627
2086850 418639 495 1115
2086851 418639 495 10355
2086871 519470 495 119343
2086872 519470 495 8659
2086873 519470 495 57143
2086874 519470 495 41629
2086897 519474 495 73682
2086898 519474 495 120697
2086899 519474 495 120733
2086900 519474 495 120705
2086901 519474 495 523
2086902 519475 495 5753
2086903 519475 495 125
2086904 519475 495 120750
2086905 519475 495 4613
2086906 519475 495 1728
2086907 519475 495 73682
2086911 454147 495 6515
2086912 454147 495 425
2086913 454147 495 21502
2086914 454147 495 15231
2086917 519478 495 523
2086918 519478 495 120744
2086919 519479 495 1896
2086920 519479 495 21
2086921 519479 495 474
2086922 519480 495 51035
2086923 519480 495 40492
2086924 519480 495 13918
2086925 519480 495 523
2086926 519480 495 120709
2086927 519480 495 120694
2086928 519480 495 68350
2086929 519480 495 66934
2086930 503348 495 1128
2086931 503348 495 1957
2086932 503348 495 6676
2086933 503348 495 10355
2086947 191601 495 3463
2086948 191601 495 523
2086949 191601 495 1823
2086950 191601 495 21609
2086951 191601 495 120733
2086952 191601 495 2631
2086953 519483 495 523
2086954 519483 495 2330
2086955 519483 495 3463
2086956 519483 495 19144
2086957 519483 495 120752
2086958 519483 495 2628
2086965 384307 495 16627
2086966 384307 495 638
2086967 384307 495 1191
2086968 384307 495 120755
2086969 384307 495 51463
2086975 326598 495 523
2086976 326598 495 23653
2086977 326598 495 425
2086978 519486 495 523
2086979 519486 495 2330
2086980 519486 495 73682
2086981 519486 495 18172
2086982 519486 495 51864
2086983 519486 495 120757
2086984 519486 495 120719
2086985 181030 495 112275
2086986 181030 495 51864
2086987 181030 495 2185
2086988 181030 495 1896
2086989 181030 495 120757
2086990 181030 495 120719
2086991 519487 495 1823
2086992 519487 495 523
2086993 519487 495 1896
2086994 519487 495 2330
2086995 519487 495 1591
2087006 519491 495 50824
2087007 519491 495 425
2087008 519491 495 19144
2087009 519491 495 16627
2087010 519491 495 125
2087060 519497 495 1565
2087061 519497 495 120764
2087062 519497 495 1728
2087063 519497 495 73682
2087064 519497 495 120765
2087073 519499 495 80
2087074 519499 495 67818
2087075 519499 495 1115
2087076 519499 495 10355
2087077 519500 495 342
2087078 519500 495 523
2087079 519500 495 49427
2087080 519500 495 19144
2087081 519500 495 68077
2087082 519500 495 2591
2087083 519500 495 120695
2087091 330284 495 583
2087092 330284 495 19144
2087093 330284 495 18172
2087094 330284 495 54248
2087095 330284 495 78500
2087096 330284 495 1767
2087139 519507 495 4027
2087140 519507 495 19144
2087141 519507 495 1565
2087142 519507 495 56037
2087143 519507 495 73410
2087144 76936 495 8907
2087145 76936 495 816
2087146 76936 495 3510
2087147 76936 495 120770
2087148 76936 495 941
2087149 76936 495 15171
2087150 76936 495 23653
2087151 519508 495 523
2087152 519508 495 1823
2087153 519508 495 120705
2087158 519510 495 1917
2087159 519510 495 10355
2087160 519510 495 1896
2087161 519510 495 77129
2087174 519513 495 16513
2087175 519513 495 4027
2087176 519513 495 88560
2087177 519513 495 3593
2087178 519513 495 120725
2087179 519513 495 56037
2087180 519513 495 1728
2087205 519517 495 59247
2087206 519517 495 1565
2087207 519517 495 18172
2087208 519517 495 1119
2087209 519517 495 13593
2087210 519517 495 1917
2087211 519517 495 54248
2087212 519517 495 2710
2087213 519518 495 587
2087214 519518 495 1917
2087215 519518 495 13593
2087216 519518 495 1119
2087217 519518 495 59247
2087218 519518 495 19144
2087219 519518 495 6676
2087220 519518 495 2710
2087221 297215 495 59247
2087222 297215 495 587
2087223 297215 495 13593
2087224 297215 495 1565
2087225 297215 495 523
2087226 297215 495 16627
2087227 297215 495 1917
2087228 297215 495 1119
2087229 297215 495 54248
2087230 297215 495 2710
2087231 519519 495 59247
2087232 519519 495 1565
2087233 519519 495 588
2087234 519519 495 523
2087235 519519 495 13593
2087236 519519 495 587
2087237 519519 495 1917
2087238 519519 495 1119
2087239 519519 495 2710
2087240 519520 495 5753
2087241 519520 495 2072
2087242 519520 495 13509
2087243 519521 495 523
2087244 519521 495 51864
2087245 519521 495 18172
2087246 519521 495 425
2087247 519521 495 583
2087253 1933877 495 16019
2087254 1933877 495 1565
2087255 1933877 495 31320
2087256 1933877 495 120772
2087257 1933877 495 25703
2087271 519525 495 72109
2087272 519525 495 120747
2087273 519525 495 941
2087274 519525 495 29
2087275 519525 495 1728
2087276 519525 495 120774
2087281 519527 495 120775
2087282 519527 495 120694
2087283 519527 495 9491
2087284 519527 495 16627
2087285 519527 495 21534
2087286 519527 495 120758
2087287 519527 495 10928
2087300 519530 495 24450
2087301 519530 495 51864
2087302 519530 495 1896
2087303 519530 495 523
2087304 297365 495 2710
2087305 297365 495 16627
2087306 297365 495 523
2087307 297365 495 19088
2087308 297365 495 917
2087309 297365 495 1896
2087310 297365 495 5302
2087317 519532 495 2330
2087318 519532 495 523
2087319 519532 495 1802
2087320 519532 495 51864
2087321 519532 495 1728
2087322 519532 495 120778
2087354 519537 495 19144
2087355 519537 495 1728
2087356 519537 495 80
2087357 519537 495 120782
2087368 519539 495 13593
2087369 519539 495 1917
2087370 519539 495 1119
2087371 519539 495 59247
2087372 519539 495 1728
2087373 519539 495 120692
2087374 519539 495 2710
2087388 356121 495 19088
2087389 356121 495 51524
2087390 356121 495 523
2087391 356121 495 1119
2087392 356121 495 1794
2087393 356121 495 120785
2087399 519541 495 120787
2087400 519541 495 120788
2087401 519541 495 120789
2087402 519541 495 4791
2087403 519541 495 1728
2087404 519541 495 1115
2087405 519542 495 618
2087406 519542 495 719
2087407 519542 495 1820
2087408 519542 495 4692
2087409 519542 495 120790
2087410 201436 495 583
2087411 201436 495 301
2087412 201436 495 3593
2087413 201436 495 276
2087414 201436 495 1119
2087415 201436 495 18172
2087416 201436 495 2230
2087417 201436 495 2100
2087418 201436 495 51864
2087419 201436 495 4585
2087420 519543 495 2795
2087421 519543 495 11048
2087422 519543 495 38815
2087423 519543 495 917
2087424 519543 495 2628
2087425 519543 495 1728
2087426 519543 495 51864
2087427 519543 495 120696
2087435 519544 495 311
2087436 519544 495 2902
2087437 519544 495 73682
2087438 519544 495 1115
2087439 519544 495 120792
2087440 519544 495 125
2087441 519545 495 2330
2087442 519545 495 523
2087443 519545 495 21609
2087444 519545 495 120706
2087450 519547 495 311
2087451 519547 495 80
2087452 519547 495 712
2087453 519547 495 120768
2087454 519547 495 18172
2087460 317566 495 120741
2087461 317566 495 29
2087462 317566 495 1767
2087463 317566 495 583
2087464 317566 495 120793
2087465 317566 495 120794
2087473 519550 495 5753
2087474 519550 495 523
2087475 519550 495 120715
2087476 519550 495 21609
2087477 519550 495 120725
2087478 519550 495 15364
2087510 519556 495 112275
2087511 519556 495 120705
2087512 519556 495 2525
2087513 519556 495 125
2087514 519556 495 16627
2087549 519561 495 88560
2087550 519561 495 56037
2087551 519561 495 342
2087552 519561 495 1565
2087553 519561 495 4027
2087554 519561 495 1728
2087555 519561 495 16513
2087556 519561 495 120725
2087557 519561 495 917
2087558 519561 495 38815
2087568 275098 495 11
2087569 275098 495 1565
2087570 275098 495 1896
2087571 275098 495 1728
2087572 275098 495 120714
2087573 275098 495 3475
2087588 519564 495 56037
2087589 519564 495 120802
2087590 519564 495 15734
2087591 519564 495 16513
2087592 519564 495 60056
2087599 519565 495 523
2087600 519565 495 2330
2087601 519565 495 15807
2087602 519565 495 120741
2087618 519569 495 120805
2087619 519569 495 1728
2087620 519569 495 23699
2087621 519569 495 58520
2087639 22032 495 359
2087640 22032 495 51134
2087641 519572 495 276
2087642 519572 495 120807
2087643 519572 495 19328
2087644 519572 495 23653
2087645 519572 495 41557
2087646 519573 495 120808
2087647 519573 495 5753
2087648 519573 495 19144
2087649 519573 495 120702
2087650 519573 495 120711
2087651 519573 495 359
2087652 519573 495 2628
2087653 519573 495 120809
2087654 519574 495 1896
2087655 519574 495 712
2087656 519574 495 120752
2087657 519574 495 120703
2087679 519575 495 120811
2087680 519575 495 120812
2087681 519575 495 72112
2087682 519575 495 29
2087683 519575 495 380
2087684 519575 495 1728
2087690 519576 495 941
2087691 519576 495 1119
2087692 519576 495 16627
2087693 519576 495 638
2087694 519576 495 5776
2087695 519576 495 74575
2087710 519580 495 9491
2087711 519580 495 40492
2087712 519580 495 120694
2087713 519580 495 120815
2087714 519580 495 68350
2087715 519580 495 523
2087754 519586 495 59247
2087755 519586 495 1917
2087756 519586 495 1119
2087757 519586 495 13593
2087758 519586 495 16627
2087759 519586 495 16422
2087760 519586 495 941
2087761 519586 495 19144
2087762 519586 495 120692
2087763 519586 495 2710
2087764 337683 495 1923
2087765 337683 495 120817
2087766 337683 495 618
2087767 337683 495 10355
2087782 519588 495 16513
2087783 519588 495 15734
2087784 519588 495 56037
2087785 519588 495 120802
2087786 519588 495 60056
2087787 519588 495 1728
2087788 519590 495 5753
2087789 519590 495 816
2087790 519590 495 1034
2087791 519590 495 4027
2087792 519590 495 19144
2087793 519590 495 120741
2087805 519593 495 1728
2087806 519593 495 26056
2087807 519593 495 31320
2087808 519593 495 120820
2087809 519594 495 51864
2087810 519594 495 1896
2087811 519594 495 120711
2087812 519594 495 256
2087828 183901 495 638
2087829 183901 495 618
2087830 183901 495 6937
2087831 183901 495 120705
2087832 183901 495 40492
2087851 327437 495 1823
2087852 327437 495 120807
2087853 268742 495 16627
2087854 268742 495 40492
2087855 268742 495 19144
2087856 268742 495 1767
2087857 268742 495 941
2087858 268742 495 120739
2087859 268742 495 38815
2087860 268742 495 917
2087861 268742 495 1126
2087862 268742 495 359
2087863 519600 495 120822
2087864 519600 495 4791
2087865 519600 495 1728
2087866 519600 495 120823
2087867 519600 495 120824
2087868 519600 495 1565
2087890 169590 495 523
2087891 169590 495 1820
2087892 169590 495 40492
2087900 519603 495 523
2087901 519603 495 3811
2087902 519603 495 19144
2087903 519603 495 3719
2087904 519603 495 120825
2087905 519603 495 1802
2087906 519603 495 80
2087907 519603 495 91816
2087912 519605 495 21322
2087913 519605 495 120826
2087914 519605 495 15807
2087915 519605 495 16627
2087916 519605 495 8907
2087917 519605 495 40492
2087918 1933879 495 2709
2087919 1933879 495 120725
2087920 1933879 495 15358
2087921 1933879 495 21609
2087922 1933879 495 120827
2087923 75640 495 22913
2087924 75640 495 1128
2087925 75640 495 1115
2087926 75640 495 120705
2087929 519607 495 19144
2087930 519607 495 2709
2087931 519607 495 29
2087932 519607 495 120828
2087933 519607 495 1823
2087934 519608 495 29
2087935 519608 495 119343
2087936 519608 495 19144
2087937 519608 495 120828
2087938 323913 495 120829
2087939 323913 495 60084
2087940 323913 495 18172
2087941 323913 495 583
2087942 323913 495 712
2087943 323913 495 1896
2087944 519609 495 19144
2087945 519609 495 1728
2087946 519609 495 60084
2087947 519609 495 120829
2087948 519609 495 583
2087949 519610 495 523
2087950 519610 495 1896
2087951 519610 495 40492
2087973 519614 495 276
2087974 519614 495 19144
2087975 519614 495 1820
2087976 519614 495 120741
2087977 519614 495 120706
2087978 519614 495 1565
2087983 91732 495 20948
2087984 91732 495 2160
2087985 91732 495 54248
2087986 91732 495 19144
2087987 91732 495 1119
2087988 91732 495 523
2087989 91732 495 43683
2087990 91732 495 3811
2087991 91732 495 1728
2087992 183276 495 38815
2087993 183276 495 120833
2087994 183276 495 19144
2087995 183276 495 1119
2087996 183276 495 953
2087997 183276 495 2185
2087998 183276 495 120769
2087999 183276 495 120781
2088000 519616 495 91797
2088001 519616 495 51864
2088002 519616 495 51524
2088011 519617 495 523
2088012 519617 495 1030
2088013 519617 495 19144
2088014 519617 495 1823
2088015 519617 495 120719
2088016 519618 495 120822
2088017 519618 495 120834
2088018 519618 495 120823
2088019 519618 495 4791
2088020 519618 495 1728
2088021 519619 495 583
2088022 519619 495 425
2088023 519619 495 1728
2088024 519619 495 2889
2088025 519619 495 20088
2088026 519620 495 523
2088027 519620 495 51463
2088028 519620 495 51524
2088034 1933880 495 120741
2088035 1933880 495 31320
2088036 1933880 495 120712
2088037 1933880 495 18172
2088038 1933880 495 6372
2088039 519622 495 523
2088040 519622 495 1802
2088041 519622 495 1820
2088042 519622 495 65555
2088043 519622 495 2628
2088044 519622 495 120695
2088051 519625 495 29
2088052 519625 495 523
2088053 519625 495 120837
2088054 519625 495 54170
2088055 519625 495 19144
2088056 519625 495 120706
2088068 519627 495 56037
2088069 519627 495 120802
2088070 519627 495 60056
2088071 519627 495 16513
2088072 519627 495 120725
2088087 519629 495 301
2088088 519629 495 80
2088089 519629 495 120733
2088090 519629 495 53335
2088091 519629 495 120839
2088092 519629 495 81662
2088116 519634 495 29
2088117 519634 495 72109
2088118 519634 495 4297
2088119 519634 495 49354
2088120 519634 495 120747
2088121 519634 495 3593
2088122 519634 495 1728
2088151 519639 495 19144
2088152 519639 495 112275
2088153 519639 495 67666
2088154 519639 495 10355
2088203 337795 495 1823
2088204 337795 495 120711
2088205 337795 495 1767
2088206 337795 495 1128
2088207 337795 495 80
2088208 337795 495 11
2088209 519646 495 9491
2088210 519646 495 523
2088211 519646 495 40492
2088212 519646 495 120709
2088213 519646 495 13918
2088214 519646 495 66934
2088215 519646 495 68350
2088216 519646 495 120694
2088217 519647 495 1128
2088218 519647 495 1303
2088219 519647 495 138
2088220 519647 495 16627
2088221 519647 495 120851
2088222 519648 495 50469
2088223 519648 495 19144
2088224 519648 495 66934
2088225 519648 495 120730
2088226 519648 495 1767
2088227 519648 495 40492
2088228 519648 495 1823
2088229 519648 495 4027
2088230 519648 495 120778
2088231 519649 495 120852
2088232 519649 495 120853
2088233 519649 495 72109
2088234 519649 495 4791
2088235 519649 495 2628
2088236 519649 495 18172
2088237 519649 495 29
2088238 519649 495 120854
2088239 519649 495 941
2088240 519649 495 120855
2088241 519650 495 120778
2088242 519650 495 6833
2088243 519650 495 84078
2088244 519650 495 19144
2088245 519650 495 523
2088246 519650 495 3145
2088247 519650 495 21609
2088267 169827 495 523
2088268 169827 495 120744
2088274 198788 495 523
2088275 198788 495 4692
2088276 198788 495 15807
2088277 198788 495 1823
2088284 519656 495 523
2088285 519656 495 1823
2088286 519656 495 120860
2088287 519656 495 120741
2088288 519656 495 10355
2088289 519657 495 19144
2088290 519657 495 1794
2088291 519657 495 523
2088312 519662 495 2230
2088313 519662 495 120862
2088314 519662 495 80
2088348 519668 495 120804
2088349 519668 495 91797
2088350 519668 495 1820
2088351 519668 495 2449
2088352 519668 495 120697
2088353 519668 495 18172
2088357 519670 495 59247
2088358 519670 495 1917
2088359 519670 495 1119
2088360 519670 495 13593
2088361 519670 495 941
2088362 519670 495 16627
2088363 519670 495 120757
2088364 519670 495 120719
2088365 519670 495 40492
2088366 519670 495 2710
2088367 268069 495 20948
2088368 268069 495 2160
2088369 268069 495 54248
2088370 268069 495 19144
2088371 268069 495 1119
2088372 268069 495 523
2088373 268069 495 43683
2088374 268069 495 3811
2088375 268069 495 1728
2088376 519671 495 120865
2088377 519671 495 125
2088378 519671 495 19144
2088379 519671 495 15807
2088380 519671 495 120776
2088381 519672 495 51864
2088382 519672 495 1923
2088383 519672 495 18172
2088384 519672 495 120699
2088385 519672 495 24
2088401 519675 495 941
2088402 519675 495 21952
2088403 519675 495 523
2088404 519675 495 1820
2088405 519675 495 16627
2088406 519675 495 51463
2088415 519678 495 1896
2088416 519678 495 10355
2088422 139592 495 1767
2088423 139592 495 2072
2088424 139592 495 1923
2088425 139592 495 2795
2088426 139592 495 6676
2088427 139592 495 1126
2088428 139592 495 93643
2088429 139592 495 120767
2088430 519680 495 5807
2088431 519680 495 1896
2088432 519680 495 11935
2088433 519680 495 425
2088434 519681 495 1616
2088435 519681 495 120868
2088436 519681 495 120705
2088437 519681 495 38815
2088438 519681 495 917
2088439 519682 495 13593
2088440 519682 495 523
2088441 519682 495 1119
2088442 519682 495 1728
2088443 519682 495 1917
2088444 519683 495 523
2088445 519683 495 120744
2088446 519683 495 1823
2088447 519684 495 19144
2088448 519684 495 523
2088449 519684 495 120806
2088450 519684 495 19882
2088458 519685 495 523
2088459 519685 495 5852
2088460 519685 495 19144
2088461 519685 495 21609
2088462 519685 495 1823
2088463 519685 495 1565
2088464 519685 495 120778
2088471 519687 495 523
2088472 519687 495 80
2088473 519687 495 1896
2088474 519687 495 5014
2088475 519687 495 2330
2088476 519687 495 3846
2088477 519687 495 1794
2088482 83954 495 118424
2088483 83954 495 1802
2088484 83954 495 1823
2088485 83954 495 15807
2088486 83954 495 1820
2088487 83954 495 24
2088493 519689 495 523
2088494 519689 495 1896
2088495 519689 495 2072
2088496 519689 495 18681
2088497 519689 495 5014
2088498 519690 495 1367
2088499 519690 495 1128
2088500 92410 495 29
2088501 92410 495 40492
2088502 519691 495 3654
2088503 519691 495 1128
2088546 1933881 495 712
2088547 1933881 495 6372
2088548 1933881 495 311
2088549 1933881 495 120871
2088550 1933881 495 20786
2088551 1933881 495 18172
2088552 1933881 495 120872
2088559 519698 495 120875
2088560 519698 495 941
2088561 519698 495 1565
2088562 519698 495 120876
2088563 519698 495 18172
2088574 519699 495 6515
2088575 519699 495 311
2088576 519699 495 51864
2088577 519699 495 19144
2088578 519699 495 4523
2088579 490959 495 2230
2088580 490959 495 2795
2088581 490959 495 1119
2088582 490959 495 1767
2088583 490959 495 91797
2088594 519702 495 1823
2088595 519702 495 523
2088596 519702 495 1820
2088597 519702 495 120877
2088598 519703 495 120781
2088599 519703 495 29780
2088600 519703 495 13904
2088601 519703 495 66934
2088602 519703 495 38815
2088603 519703 495 917
2088604 519703 495 19144
2088605 519703 495 120711
2088606 519704 495 15171
2088607 519704 495 42522
2088608 519704 495 8907
2088609 519704 495 26056
2088634 519709 495 1128
2088635 519709 495 1119
2088636 519709 495 3366
2088637 519709 495 120733
2088669 519712 495 2364
2088670 519712 495 82392
2088671 519712 495 1767
2088672 519712 495 2473
2088673 519712 495 120881
2088702 519717 495 40492
2088703 519717 495 1794
2088709 519719 495 1823
2088710 519719 495 21609
2088711 519719 495 28978
2088712 519719 495 4692
2088713 519719 495 23653
2088714 519719 495 3660
2088728 519722 495 2330
2088729 519722 495 523
2088730 519722 495 23653
2088731 519722 495 120712
2088732 519722 495 21609
2088733 519723 495 19144
2088734 519723 495 1820
2088735 519723 495 2628
2088736 519723 495 523
2088737 519723 495 51864
2088738 519723 495 3145
2088739 519723 495 2557
2088740 519723 495 120882
2088754 519725 495 120712
2088755 519725 495 2072
2088756 519725 495 16627
2088757 519725 495 1923
2088758 519725 495 51864
2088759 519725 495 51463
2088760 519725 495 6676
2088761 519725 495 4555
2088762 519725 495 10355
2088763 519725 495 1823
2088764 519725 495 1794
2088765 519725 495 120767
2088766 519726 495 301
2088767 519726 495 1565
2088768 519726 495 28631
2088769 519726 495 119343
2088770 519726 495 21609
2088771 519726 495 2709
2088784 519729 495 16627
2088785 519729 495 21609
2088786 519729 495 25724
2088787 519729 495 5753
2088842 519740 495 19144
2088843 519741 495 120889
2088844 519741 495 1764
2088845 519741 495 18172
2088860 519743 495 19144
2088861 519743 495 1823
2088862 519743 495 523
2088863 519743 495 23653
2088864 519743 495 120890
2088865 519743 495 68672
2088866 313406 495 523
2088867 313406 495 2330
2088868 313406 495 108947
2088869 313406 495 15807
2088870 313406 495 1119
2088871 420266 495 1128
2088872 420266 495 359
2088873 420266 495 54826
2088874 395133 495 359
2088875 395133 495 1820
2088876 395133 495 54826
2088877 395133 495 6937
2088878 519744 495 56037
2088879 519744 495 120715
2088880 519744 495 21609
2088881 519744 495 1823
2088903 519748 495 38815
2088904 519748 495 29
2088905 519748 495 65468
2088906 519748 495 81401
2088907 519748 495 1823
2088908 519748 495 1820
2088909 519748 495 15807
2088910 519748 495 16556
2088911 519749 495 19144
2088912 519749 495 40492
2088913 519749 495 638
2088914 519749 495 1821
2088915 519749 495 2631
2088932 519752 495 120855
2088933 519752 495 29
2088934 519752 495 120853
2088935 519752 495 2628
2088936 519752 495 4791
2088937 519753 495 1923
2088938 519753 495 2795
2088939 519753 495 18172
2088940 519753 495 51864
2088941 519753 495 40492
2088942 519753 495 1126
2088943 185617 495 523
2088944 185617 495 1820
2088945 185617 495 120697
2088946 185617 495 19144
2088947 185617 495 1030
2088948 185617 495 15807
2088949 519754 495 2795
2088950 519754 495 1802
2088951 519754 495 120695
2088952 519754 495 120708
2088953 519754 495 18471
2088954 519754 495 120744
2088955 519754 495 120712
2088956 519755 495 638
2088957 519755 495 1115
2088958 519755 495 829
2088959 519755 495 734
2088960 519755 495 70
2088961 519755 495 1119
2088962 315834 495 2072
2088963 315834 495 2795
2088964 315834 495 120893
2088965 315834 495 1728
2088966 315834 495 50869
2088967 519756 495 18172
2088968 519756 495 16627
2088969 519756 495 1820
2088970 519756 495 120731
2088971 519756 495 523
2088972 519756 495 120894
2088990 519760 495 120712
2088991 519760 495 120896
2088992 519760 495 120705
2088993 519760 495 1802
2088994 519760 495 1823
2088995 519760 495 62747
2089011 519762 495 19144
2089012 519762 495 38815
2089013 519762 495 523
2089014 519762 495 2330
2089015 519762 495 120898
2089016 519762 495 120899
2089021 519764 495 40492
2089022 519764 495 120696
2089023 519764 495 38815
2089024 519764 495 29
2089025 519764 495 1774
2089026 519764 495 120900
2089032 519765 495 120694
2089033 519765 495 10928
2089034 519765 495 25726
2089035 519765 495 1128
2089036 519765 495 1191
2089037 519766 495 19144
2089038 519766 495 15807
2089039 519766 495 2520
2089040 519766 495 16627
2089041 519766 495 40492
2089042 519766 495 120902
2089043 519767 495 120752
2089044 519767 495 80
2089045 519767 495 120702
2089046 519767 495 41899
2089073 519771 495 120904
2089074 519771 495 120747
2089075 519771 495 29
2089076 519771 495 72109
2089077 519771 495 120905
2089078 519771 495 18172
2089079 519771 495 120906
2089080 519771 495 120749
2089099 519775 495 19144
2089100 519775 495 51864
2089101 519775 495 712
2089102 519775 495 120907
2089103 519775 495 80
2089104 519775 495 120703
2089114 519777 495 523
2089115 519777 495 19144
2089116 519777 495 120908
2089117 519777 495 120909
2089118 519777 495 3510
2089119 169340 495 120741
2089120 169340 495 1565
2089121 169340 495 311
2089122 169340 495 1728
2089123 169340 495 120733
2089124 169340 495 120706
2089125 172596 495 120741
2089126 172596 495 2330
2089127 172596 495 523
2089128 172596 495 10355
2089129 519778 495 38815
2089130 519778 495 4385
2089131 519778 495 25523
2089132 519778 495 16627
2089133 420568 495 19144
2089134 420568 495 1128
2089135 420568 495 120910
2089136 519779 495 1823
2089137 519779 495 1767
2089138 519779 495 523
2089139 519779 495 51864
2089140 519779 495 1591
2089141 519779 495 120911
2089146 519781 495 120907
2089147 519781 495 19144
2089148 519781 495 301
2089149 519781 495 120741
2089150 519782 495 719
2089151 519783 495 50824
2089152 519783 495 307
2089153 519783 495 120912
2089154 519783 495 51524
2089178 519788 495 120914
2089179 519788 495 120782
2089180 519788 495 23653
2089181 519788 495 16556
2089182 519788 495 120860
2089183 519788 495 19312
2089184 519788 495 41229
2089185 519788 495 120915
2089186 327099 495 24267
2089187 327099 495 46362
2089188 327099 495 425
2089195 519791 495 19144
2089196 519791 495 40492
2089201 519793 495 91797
2089202 519793 495 8907
2089203 519793 495 2631
2089204 519793 495 3559
2089205 519793 495 40492
2089219 379840 495 51864
2089220 379840 495 1126
2089221 379840 495 1728
2089226 111433 495 618
2089227 111433 495 1728
2089228 111433 495 3203
2089229 111433 495 359
2089230 519796 495 941
2089231 519796 495 16627
2089232 519796 495 1835
2089233 519796 495 1119
2089234 519796 495 40492
2089235 519797 495 1191
2089236 519797 495 1802
2089237 519797 495 15807
2089238 519797 495 44768
2089239 519797 495 1794
2089240 519797 495 5015
2089241 519798 495 19144
2089242 519798 495 6515
2089243 519798 495 120841
2089244 519798 495 276
2089245 519798 495 301
2089246 519798 495 311
2089247 519798 495 3593
2089248 149331 495 16627
2089249 149331 495 48946
2089250 149331 495 1923
2089251 149331 495 51864
2089252 149331 495 18172
2089253 149331 495 1820
2089254 149331 495 73682
2089255 149331 495 120917
2089256 149331 495 120918
2089273 519801 495 38815
2089274 519801 495 917
2089275 519801 495 93657
2089276 519801 495 20002
2089277 519801 495 120780
2089278 519801 495 19144
2089279 519801 495 40492
2089280 519801 495 120712
2089281 519802 495 816
2089282 519802 495 125
2089283 519802 495 2628
2089284 519802 495 941
2089285 519802 495 15171
2089286 519802 495 1215
2089287 519802 495 120920
2089288 519802 495 120921
2089289 519803 495 816
2089290 519803 495 125
2089291 519803 495 2628
2089292 519803 495 941
2089293 519803 495 15171
2089294 519803 495 1215
2089295 519803 495 120920
2089296 519803 495 120921
2089297 519804 495 816
2089298 519804 495 125
2089299 519804 495 2628
2089300 519804 495 941
2089301 519804 495 15171
2089302 519804 495 1215
2089303 519804 495 120920
2089304 519804 495 120921
2089305 519805 495 2072
2089306 519805 495 311
2089307 519805 495 83858
2089308 519805 495 18172
2089309 519805 495 120721
2089310 519805 495 120705
2089311 519806 495 120922
2089312 519806 495 583
2089313 519806 495 1728
2089314 519806 495 2741
2089325 519809 495 16627
2089326 519809 495 311
2089327 519809 495 21322
2089328 519809 495 18172
2089329 519810 495 120924
2089330 519810 495 53751
2089331 519810 495 8907
2089332 519810 495 46434
2089366 519816 495 712
2089367 519816 495 112275
2089368 519816 495 643
2089369 519816 495 1728
2089370 519816 495 120705
2089371 519816 495 2628
2089372 519816 495 77707
2089376 519817 495 91797
2089377 519817 495 10355
2089378 519817 495 120733
2089379 519817 495 311
2089380 519818 495 2160
2089381 519818 495 101693
2089382 519818 495 3337
2089383 519818 495 16513
2089384 519818 495 38815
2089385 519818 495 2785
2089386 519818 495 120928
2089387 519818 495 16627
2089388 519818 495 1767
2089389 519818 495 40492
2089390 519818 495 2628
2089391 519818 495 15171
2089392 519819 495 43378
2089393 519819 495 125
2089394 519819 495 29
2089395 519819 495 120706
2089396 519819 495 6833
2089397 519819 495 16566
2089409 1933884 495 120930
2089410 1933884 495 120924
2089411 1933884 495 425
2089412 1933884 495 1728
2089413 1933884 495 120714
2089419 519823 495 19144
2089420 519823 495 120695
2089421 519823 495 120932
2089422 519823 495 120933
2089429 1933885 495 30311
2089430 1933885 495 120934
2089431 1933885 495 48618
2089432 1933885 495 51864
2089433 1933885 495 425
2089434 1933885 495 18172
2089445 519827 495 311
2089446 519827 495 1119
2089447 519827 495 1126
2089448 519827 495 51864
2089449 519827 495 18172
2089450 519827 495 91797
2089451 269262 495 4027
2089452 269262 495 29
2089453 269262 495 311
2089454 269262 495 18172
2089455 269262 495 120749
2089456 269262 495 583
2089457 269262 495 120853
2089458 286777 495 941
2089459 286777 495 16627
2089460 286777 495 20745
2089461 286777 495 72109
2089462 286777 495 39151
2089463 286777 495 29
2089473 519830 495 19144
2089474 519830 495 5972
2089475 519830 495 80
2089476 519830 495 120726
2089477 519830 495 112275
2089478 519830 495 712
2089479 519830 495 120695
2089486 519831 495 120741
2089487 519831 495 523
2089488 519831 495 2330
2089489 519831 495 120712
2089490 519831 495 120938
2089498 173565 495 1565
2089499 173565 495 56037
2089500 173565 495 60324
2089501 173565 495 60056
2089502 173565 495 15914
2089503 519833 495 1565
2089504 519833 495 120939
2089505 519833 495 15914
2089506 519833 495 16019
2089507 519834 495 425
2089508 519834 495 1823
2089509 519834 495 120744
2089510 519834 495 51864
2089542 398066 495 16627
2089543 398066 495 50915
2089544 398066 495 523
2089545 398066 495 29
2089546 398066 495 301
2089547 398066 495 46832
2089548 398066 495 51097
2089549 398066 495 66179
2089572 519843 495 23653
2089573 519843 495 120741
2089574 519843 495 618
2089575 519843 495 19144
2089576 519843 495 1823
2089606 519847 495 523
2089607 519847 495 2330
2089608 519847 495 120712
2089609 519847 495 120706
2089610 519847 495 108947
2089611 519847 495 51134
2089612 519847 495 1126
2089613 519847 495 1119
2089614 519847 495 1823
2089619 519849 495 1728
2089620 519849 495 523
2089621 519849 495 120733
2089622 519849 495 618
2089646 519855 495 359
2089647 519855 495 941
2089648 519855 495 731
2089649 519855 495 1128
2089650 519855 495 40492
2089651 519855 495 1728
2089652 519856 495 19144
2089653 519856 495 523
2089654 519856 495 1802
2089655 519856 495 120695
2089656 519856 495 120947
2089668 519859 495 1565
2089669 519859 495 3660
2089670 519859 495 51864
2089671 519859 495 120706
2089672 519859 495 21609
2089673 519859 495 3593
2089674 519859 495 60374
2089675 519859 495 1823
2089676 519859 495 23653
2089690 1933888 495 16019
2089691 1933888 495 1565
2089692 1933888 495 120772
2089693 1933888 495 25703
2089694 519861 495 19144
2089695 519861 495 1823
2089696 519861 495 1820
2089697 519861 495 2709
2089698 519861 495 23653
2089706 64791 495 16627
2089707 64791 495 38815
2089708 64791 495 917
2089709 64791 495 46
2089710 64791 495 1119
2089711 64791 495 54248
2089725 37731 495 1728
2089726 37731 495 6676
2089727 37731 495 1191
2089728 37731 495 51864
2089729 519864 495 1896
2089730 519864 495 712
2089731 519864 495 120703
2089732 519864 495 15111
2089733 519864 495 120951
2089736 1933889 495 1565
2089737 1933889 495 311
2089738 1933889 495 16513
2089739 1933889 495 1767
2089740 1933889 495 18172
2089741 519880 495 112275
2089742 519880 495 13828
2089743 519880 495 1896
2089744 519880 495 80
2089745 519880 495 1728
2089756 519868 495 56037
2089757 519868 495 29
2089758 519868 495 120952
2089759 519868 495 120953
2089760 519868 495 1728
2089785 1933890 495 25703
2089786 1933890 495 1728
2089787 1933890 495 120954
2089788 1933890 495 5347
2089789 519873 495 120826
2089790 519873 495 3814
2089791 519873 495 1764
2089792 519873 495 29593
2089799 519875 495 38815
2089800 519875 495 1896
2089801 519875 495 120955
2089820 519879 495 59247
2089821 519879 495 1917
2089822 519879 495 1119
2089823 519879 495 13593
2089824 519879 495 1896
2089825 519879 495 1565
2089826 519879 495 2185
2089827 519879 495 54248
2089828 519879 495 120956
2089829 519879 495 2710
2089830 519881 495 618
2089831 519881 495 19481
2089832 519881 495 1896
2089833 519881 495 86149
2089834 519881 495 54845
2089835 519881 495 5808
2089836 519881 495 10355
