2090078 519906 496 121090
2090079 519906 496 13907
2090080 519906 496 104454
2090081 519906 496 121091
2090082 519906 496 19195
2090083 519906 496 12
2090101 519909 496 121102
2090102 519909 496 121103
2090103 519909 496 121104
2090104 519909 496 121105
2090105 519909 496 121106
2090106 519909 496 65268
2090107 519909 496 121107
2090108 519909 496 121108
2090109 519909 496 121109
2090110 519909 496 121110
2090111 519909 496 29747
2090118 89581 496 121113
2090119 89581 496 121114
2090120 89581 496 121115
2090121 89581 496 121116
2090122 89581 496 121117
2090123 89581 496 121118
2090124 89581 496 121119
2090125 89581 496 120985
2090126 89581 496 121120
2090127 89581 496 121121
2090128 89581 496 121122
2090129 89581 496 121123
2090130 89581 496 121124
2090131 89581 496 121081
2090132 89581 496 121125
2090133 89581 496 121126
2090134 89581 496 54892
2090135 89581 496 4978
2090238 519921 496 121061
2090239 519921 496 121171
2090240 519921 496 121172
2090241 519921 496 121173
2090242 519921 496 120985
2090243 519921 496 60566
2090244 519921 496 121174
2090245 519921 496 121175
2090246 519921 496 101546
2090247 519921 496 121176
2090248 519921 496 114568
2090249 519921 496 7248
