2112772 25633 501 108
2112773 25633 501 1116
2112774 25633 501 122842
2112775 524000 501 20
2112776 524000 501 138
2112777 524000 501 4421
2112778 41009 501 5946
2112779 41009 501 926
2112780 41009 501 161
2112785 524001 501 1007
2112786 524001 501 13358
2112787 524001 501 2100
2112788 524001 501 1643
2112789 524001 501 1738
2112795 524003 501 455
2112796 524003 501 12
2112797 524003 501 547
2112798 524003 501 16
2112799 524003 501 4
2112807 524006 501 6
2112808 524006 501 982
2112809 524006 501 816
2112810 46766 501 6000
2112811 46766 501 820
2112812 46766 501 290
2112816 23325 501 4056
2112817 23325 501 10744
2112818 23325 501 108
2112819 38019 501 108
2112820 38019 501 111656
2112821 38019 501 10951
2112822 524007 501 9970
2112823 524007 501 700
2112824 524007 501 108
2112825 524008 501 108
2112826 524008 501 13699
2112827 524008 501 7839
2112828 524008 501 6102
2112829 27646 501 46
2112830 27646 501 1056
2112831 27646 501 108
2112832 369338 501 518
2112833 369338 501 11030
2112834 369338 501 1370
2112850 427829 501 1058
2112851 427829 501 3
2112852 427829 501 188
2112853 427829 501 1738
2112854 406617 501 108
2112855 406617 501 6174
2112856 406617 501 6864
2112857 406617 501 638
2112858 406617 501 369
2112859 524011 501 1007
2112860 524011 501 374
2112861 13695 501 6185
2112862 13695 501 77
2112869 51862 501 307
2112870 51862 501 24014
2112871 51862 501 128
2112875 85239 501 507
2112876 85239 501 139
2112877 85239 501 2895
2112878 85239 501 2081
2112879 85239 501 77
2112885 524015 501 72
2112886 524015 501 30
2112887 524015 501 122843
2112888 524015 501 528
2112893 524017 501 1058
2112894 524017 501 1007
2112895 524017 501 7155
2112902 524019 501 72
2112903 524019 501 455
2112904 524019 501 4
2112905 524019 501 12
2112906 17744 501 457
2112907 17744 501 16
2112908 17744 501 4
2112909 17744 501 72
2112910 17744 501 527
2112911 144240 501 5146
2112912 144240 501 6417
2112913 144240 501 4877
2112914 144240 501 10887
2112915 431297 501 1886
2112916 431297 501 2016
2112917 431297 501 188
2112918 431297 501 6547
2112919 524020 501 1141
2112920 524020 501 7136
2112921 524020 501 1937
2112922 524021 501 4196
2112923 524021 501 44
2112924 524021 501 139
2112926 524023 501 46
2112927 524023 501 108
2112928 524023 501 220
2112929 412511 501 529
2112930 412511 501 44
2112931 412511 501 220
2112936 524025 501 1653
2112937 524025 501 125
2112950 524029 501 1450
2112951 524029 501 1245
2112952 524029 501 455
2112953 24524 501 46
2112954 24524 501 108
2112955 24524 501 2081
2112968 524032 501 1446
2112969 524032 501 285
2112970 524032 501 38917
2112971 398678 501 1446
2112972 398678 501 1738
2112973 398678 501 474
2112978 524034 501 455
2112979 524034 501 72
2112980 524034 501 4
2112981 524035 501 255
2112982 524035 501 122845
2112983 524035 501 4
2112984 524035 501 7
2112985 524035 501 4305
2112986 524035 501 12
2112987 524035 501 455
2112988 524036 501 72
2112989 524036 501 4
2112990 524036 501 79
2112991 524036 501 80
2112992 524036 501 50401
2112996 524039 501 210
2112997 524039 501 118
2112998 524039 501 276
2112999 524039 501 318
2113000 524039 501 81133
2113001 524040 501 1897
2113002 524040 501 6547
2113003 524041 501 276
2113004 524041 501 668
2113005 524041 501 8249
2113009 524043 501 10979
2113010 524043 501 108
2113011 524043 501 5934
2113012 524043 501 46
2113013 524043 501 5928
2113014 22716 501 2742
2113015 22716 501 4368
2113016 22716 501 1106
2113017 22716 501 4446
2113018 524044 501 12
2113019 524044 501 72
2113020 524044 501 4
2113021 524045 501 1738
2113022 524045 501 1446
2113023 524045 501 139
2113028 524047 501 220
2113029 524047 501 926
2113030 306362 501 4727
2113031 306362 501 9999
2113032 306362 501 1058
2113033 306362 501 139
2113041 4133 501 1436
2113042 4133 501 1528
2113043 4133 501 527
2113044 61035 501 46
2113045 61035 501 4
2113046 61035 501 287
2113047 61035 501 328
2113048 35 501 12
2113049 35 501 455
2113050 35 501 16
2113051 35 501 285
2113052 506903 501 255
2113053 506903 501 12
2113054 506903 501 455
2113055 506903 501 4
2113056 506903 501 122845
2113066 524051 501 12
2113067 524051 501 72
