2184746 531786 506 2837
2184747 531786 506 1704
2184748 531786 506 941
2184749 531786 506 376
2184750 531786 506 125573
2184751 1934604 506 2631
2184752 1934604 506 1918
2184753 1934604 506 301
2184754 1934604 506 2627
2184755 1934604 506 3640
2184774 531790 506 125582
2184775 531791 506 124279
2184776 531792 506 125583
2184819 531801 506 125594
2184820 531801 506 3640
2184853 531812 506 125604
2184854 531812 506 40649
2184855 531813 506 507
2184856 531813 506 6240
2184857 531813 506 1169
2184858 531813 506 28269
2184873 531818 506 19964
2184874 531819 506 125602
2184875 531819 506 28269
2184876 531819 506 507
2184884 531821 506 2627
2184885 531821 506 301
2184886 531821 506 125583
2184906 531826 506 125611
2184907 531826 506 12763
2184908 531826 506 1704
2184909 531826 506 125
2184913 531830 506 301
2184914 531830 506 540
2184915 531830 506 2861
2184916 531830 506 125602
2184917 531830 506 28269
2184918 531830 506 2629
2184919 531830 506 125580
2184920 531830 506 125613
2184921 531830 506 10967
2184922 51615 506 30
2184923 51615 506 128
2184924 51615 506 79
2184925 51615 506 255
2184926 51615 506 369
2184927 51615 506 125613
2184928 51615 506 125614
2184952 21747 506 507
2184953 21747 506 1169
2184954 21747 506 125618
2184955 21747 506 540
2184956 21747 506 458
2184957 21747 506 912
2185022 531854 506 125573
2185023 531854 506 125627
2185034 273689 506 125
2185035 273689 506 13853
2185036 273689 506 540
2185037 273689 506 15714
2185038 273689 506 3
2185039 273689 506 1123
2185040 273689 506 351
2185041 273689 506 1704
2185042 273689 506 138
2185043 273689 506 28269
2185044 273689 506 225
2185045 273689 506 941
2185046 273689 506 125608
2185061 1934606 506 8905
2185062 531860 506 125602
2185063 531860 506 3394
2185064 531860 506 1057
2185065 531860 506 992
2185066 531860 506 301
2185067 531860 506 125603
2185068 531860 506 4292
2185069 531860 506 28269
2185071 359978 506 8905
2185072 359978 506 156
2185073 359978 506 305
2185074 359978 506 125
2185075 359978 506 125614
2185104 40865 506 46
2185114 1934607 506 216
2185115 1934607 506 3122
2185116 1934607 506 53
2185117 1934607 506 305
2185118 1934607 506 46
2185119 1934607 506 125
2185120 1934607 506 285
2185121 1934607 506 40000
2185122 531871 506 3
2185123 531871 506 301
2185124 531871 506 540
2185125 531871 506 818
2185126 531871 506 125591
2185127 531871 506 6604
2185133 531873 506 781
2185134 531873 506 992
2185135 531873 506 301
2185136 531873 506 3663
2185137 531873 506 28848
2185138 531873 506 1122
2185139 531873 506 3394
2185140 531873 506 254
2185141 531878 506 125
2185142 531878 506 125602
2185143 531878 506 103910
2185144 531878 506 28269
2185145 531878 506 301
2185146 1934608 506 8905
2185162 531877 506 156
2185163 531877 506 369
2185164 531877 506 4502
2185165 531877 506 2587
2185166 531877 506 225
2185167 531877 506 8971
2185168 531877 506 818
2185171 360016 506 3
2185172 360016 506 301
2185173 360016 506 540
2185174 360016 506 818
2185175 360016 506 391
2185176 360016 506 2161
2185177 360016 506 125610
2185178 360016 506 125609
2185189 531882 506 76
2185190 531882 506 369
2185191 531882 506 125633
2185197 1934609 506 125
2185198 1934609 506 254
2185199 1934609 506 302
2185200 1934609 506 391
2185201 1934609 506 638
2185202 1934609 506 1172
2185203 1934609 506 225
2185204 1934609 506 540
2185205 1934609 506 2587
2185206 1934609 506 3
2185207 1934609 506 125584
2185208 1934609 506 301
2185209 531884 506 125
2185210 531884 506 540
2185211 531884 506 225
2185212 531884 506 216
2185213 531884 506 46
2185214 531884 506 125613
2185215 531884 506 262
2185216 531884 506 301
2185217 531884 506 10967
2185226 1934610 506 216
2185227 1934610 506 3122
2185228 1934610 506 53
2185234 405790 506 8905
2185235 405790 506 90
2185236 405790 506 369
2185237 405790 506 46
2185238 405790 506 1747
2185239 405790 506 1058
2185240 405790 506 138
2185266 501593 506 125613
2185267 501593 506 46
2185268 501593 506 301
2185269 501593 506 5593
2185270 501593 506 10967
2185271 382901 506 391
2185272 382901 506 125582
2185273 382901 506 124279
2185274 382901 506 125573
2185275 382901 506 818
2185284 481075 506 3
2185285 481075 506 5306
2185286 481075 506 301
2185287 481075 506 125646
2185288 531895 506 125613
2185289 531895 506 225
2185290 531895 506 254
2185291 531895 506 301
2185292 531895 506 10967
2185293 531896 506 917
2185294 531896 506 818
2185295 531896 506 125647
2185296 401941 506 216
2185297 401941 506 1325
2185298 401941 506 46
2185299 401941 506 1738
2185300 401941 506 40649
2185301 151816 506 220
2185310 531900 506 125613
2185311 531901 506 125648
2185312 531901 506 540
2185313 531901 506 225
2185319 531903 506 618
2185320 531904 506 10967
2185321 531904 506 125614
2185322 531904 506 285
2185323 531904 506 540
2185324 531904 506 524
2185325 531904 506 369
2185326 531904 506 4196
2185327 531904 506 1171
2185328 531905 506 540
2185329 531905 506 3
2185330 531906 506 276
2185331 531906 506 307
2185332 531906 506 1653
2185333 531906 506 1714
2185334 531906 506 128
2185335 531906 506 125649
2185339 401964 506 8905
2185340 401964 506 118
2185341 401964 506 120
2185342 401964 506 369
2185343 401964 506 1890
2185344 401964 506 638
2185345 401964 506 125
2185350 531909 506 8905
2185351 531909 506 374
2185352 531909 506 369
2185353 531909 506 8385
2185354 531909 506 926
2185355 531909 506 1779
2185356 531909 506 46
2185366 531912 506 125
2185367 531912 506 4027
2185368 531912 506 643
2185369 531912 506 125608
2185383 531914 506 8905
2185384 531914 506 46
2185385 531914 506 15
2185386 531914 506 187
2185387 531914 506 138
2185388 531914 506 926
2185389 531914 506 6011
2185390 421219 506 2902
2185391 421219 506 46
2185392 421219 506 187
2185393 421219 506 138
2185394 421219 506 2404
2185395 421219 506 6011
2185396 421219 506 3567
2185415 351824 506 4292
2185416 351824 506 992
2185417 351824 506 125603
2185418 351824 506 1738
2185422 132022 506 125
2185423 132022 506 138
2185424 132022 506 2404
2185425 132022 506 527
2185426 132022 506 2902
2185427 132022 506 3
2185428 132022 506 46
2185429 132022 506 1738
2185430 132022 506 1123
2185431 132022 506 301
2185439 1934611 506 216
2185440 1934611 506 3122
2185441 1934611 506 53
2185442 1934611 506 540
2185443 1934611 506 305
2185444 1934611 506 20
2185445 1934611 506 79
2185446 1934611 506 125
2185473 531926 506 76
2185474 531927 506 216
2185475 531927 506 220
2185476 531927 506 125
2185477 531927 506 225
2185478 531927 506 305
2185487 531929 506 125
2185488 531929 506 540
2185489 531929 506 391
2185490 531929 506 225
2185491 531929 506 156
2185492 531929 506 301
2185493 531929 506 2587
2185527 531935 506 5306
2185528 531935 506 125657
2185529 531935 506 2953
2185555 97203 506 125
2185556 97203 506 254
2185557 97203 506 225
2185558 97203 506 865
2185559 97203 506 125661
2185560 97203 506 79
2185563 402072 506 8905
2185564 402072 506 1779
2185565 402072 506 369
2185566 402072 506 90
2185567 402072 506 1325
2185572 1934613 506 216
2185573 1934613 506 3122
2185574 1934613 506 53
2185575 1934613 506 540
2185576 1934613 506 10654
2185577 1934613 506 125663
2185578 1934613 506 3
2185579 1934613 506 125
2185580 1934613 506 15
2185581 1934613 506 441
2185590 473518 506 301
2185591 473518 506 818
2185592 473518 506 125614
2185593 473518 506 318
2185594 473518 506 125610
2185595 473518 506 125609
2185601 1934614 506 8905
2185602 1934614 506 797
2185603 1934614 506 982
2185604 1934614 506 926
2185605 1934614 506 125666
2185606 481121 506 3
2185607 481121 506 254
2185608 481121 506 125667
2185609 171023 506 3
2185610 171023 506 301
2185611 171023 506 276
2185612 171023 506 2161
2185613 171023 506 125610
2185614 171023 506 40517
2185615 1011 506 125
2185616 1011 506 20360
2185617 1011 506 3
2185618 1011 506 635
2185619 1011 506 668
2185620 1011 506 125614
2185621 402098 506 216
2185622 402098 506 1325
2185623 402098 506 301
2185624 402098 506 46
2185629 531946 506 391
2185630 531947 506 125
2185631 531947 506 301
2185632 531947 506 216
2185633 531947 506 70
2185634 531947 506 305
2185668 421646 506 8905
2185669 421646 506 1779
2185670 421646 506 46
2185671 421646 506 369
2185672 421646 506 125
2185673 421646 506 125669
2185674 421646 506 39651
2185683 531957 506 8905
2185684 531957 506 46
2185685 531957 506 20
2185686 531957 506 369
2185687 531957 506 1738
2185688 531957 506 138
2185692 87812 506 3
2185693 87812 506 540
2185694 87812 506 618
2185695 87812 506 240
2185696 87812 506 4234
2185697 87812 506 125630
2185698 87812 506 125614
2185704 531960 506 8905
2185705 531960 506 156
2185706 531960 506 3122
2185707 531960 506 285
2185708 531960 506 5827
2185709 531960 506 125651
2185738 531966 506 125613
2185739 531966 506 818
2185740 531966 506 125574
2185741 531966 506 301
2185742 531966 506 40649
2185753 402190 506 216
2185754 402190 506 1325
2185755 402190 506 46
2185756 402190 506 125
2185757 402190 506 305
2185758 402190 506 39651
2185763 531972 506 1775
2185764 531972 506 1123
2185765 531972 506 4396
2185766 531972 506 1169
2185767 531972 506 540
2185768 531972 506 156
2185769 56664 506 125
2185770 56664 506 46
2185771 351889 506 507
2185772 351889 506 1169
2185773 351889 506 125618
2185774 351889 506 540
2185775 351889 506 912
2185776 351889 506 301
2185777 351889 506 125674
2185778 351889 506 643
2185779 351889 506 2707
2185780 351889 506 28269
2185781 351889 506 1230
2185782 351889 506 97509
2185792 421869 506 3
2185793 421869 506 301
2185794 421869 506 540
2185795 421869 506 818
2185796 421869 506 391
2185797 421869 506 276
2185798 421869 506 225
2185799 421869 506 917
2185800 421869 506 587
2185801 421869 506 125613
2185802 421869 506 125630
2185803 421869 506 643
2185804 421869 506 10967
2185805 421869 506 125608
2185807 531975 506 79
2185808 531975 506 4234
2185809 531975 506 125597
2185810 531975 506 125675
2185811 531975 506 125585
2185820 531976 506 10967
2185821 531976 506 125614
2185822 531976 506 391
2185823 531976 506 638
2185824 531976 506 369
2185825 531976 506 4572
2185826 531976 506 540
2185827 531976 506 285
2185835 1934615 506 125
2185836 1934615 506 1775
2185837 1934615 506 254
2185838 1934615 506 125602
2185839 1934615 506 103910
2185840 1934615 506 301
2185841 1934615 506 3
2185842 1934615 506 540
2185843 1934615 506 292
2185844 1934615 506 4323
2185845 1934615 506 125608
2185852 531979 506 8905
2185853 531979 506 1886
2185854 531979 506 3122
2185855 531979 506 1125
2185856 531979 506 5939
2185857 531979 506 1775
2185873 531983 506 8905
2185874 531983 506 3122
2185875 531983 506 2149
2185876 531983 506 1775
2185877 531983 506 1714
2185878 531983 506 125651
2185899 531986 506 3811
2185900 531986 506 4302
2185913 422035 506 4292
2185914 422035 506 3
2185915 422035 506 125613
2185916 37785 506 507
2185917 37785 506 5407
2185918 37785 506 596
2185919 37785 506 1169
2185920 37785 506 540
2185921 37785 506 3
2185922 37785 506 40649
2185927 531992 506 4708
2185928 531992 506 240
2185929 531992 506 367
2185930 531992 506 2642
2185931 531992 506 15586
2185932 531992 506 3
2185933 531993 506 3
2185934 531993 506 301
2185935 531993 506 818
2185936 531993 506 391
2185937 531993 506 276
2185938 531993 506 220
2185939 531993 506 4573
2185940 531993 506 97509
2185941 531993 506 125613
2185942 531993 506 10967
2185943 531993 506 125608
2185944 531994 506 125590
2185945 531994 506 254
2185946 531994 506 301
2185947 531994 506 125589
2185948 531994 506 1257
2185949 531994 506 4323
2185950 531994 506 125678
2185951 531995 506 125613
2185952 531995 506 70
2185953 531995 506 262
2185954 97298 506 4256
2185955 97298 506 15714
2185956 97298 506 1123
2185957 97298 506 638
2185958 97298 506 3663
2185962 531999 506 818
2185963 531999 506 6604
2185995 532007 506 540
2185996 532007 506 818
2185997 532007 506 125575
2185998 532007 506 125662
2185999 532007 506 301
2186000 532007 506 507
2186001 532008 506 125613
2186002 532008 506 3
2186003 132120 506 301
2186004 132120 506 3
2186005 132120 506 523
2186006 132120 506 125608
2186007 132120 506 125614
2186025 532013 506 136
2186026 532013 506 79
2186027 532013 506 540
2186028 532013 506 3
2186029 532013 506 466
2186030 532013 506 16
2186031 532014 506 301
2186032 532014 506 1057
2186033 532014 506 3593
2186034 532014 506 3394
2186041 532017 506 125573
2186042 532017 506 124279
2186043 532017 506 5306
2186044 414471 506 125607
2186045 531988 506 507
2186046 531988 506 1169
2186047 531988 506 125618
2186048 531988 506 540
2186049 531988 506 125614
2186050 531989 506 28269
2186051 531989 506 125
2186052 531989 506 103910
2186053 531989 506 125681
2186057 532018 506 391
2186058 532018 506 125585
2186069 532021 506 1738
2186070 532021 506 301
2186071 532021 506 254
2186072 532021 506 125614
2186073 532021 506 816
2186074 40942 506 125682
2186075 40942 506 818
2186076 40942 506 103306
2186077 40942 506 125614
2186078 137353 506 125
2186079 137353 506 3
2186080 137353 506 301
2186081 137353 506 540
2186082 137353 506 4573
2186083 137353 506 254
2186084 137353 506 125613
2186085 137353 506 10967
2186097 54429 506 816
2186098 54429 506 1704
2186099 54429 506 941
2186100 54429 506 125
2186101 3931 506 7
2186102 532025 506 125573
2186103 532025 506 125601
2186104 532025 506 125600
2186105 532025 506 1257
2186106 532025 506 125590
2186107 532025 506 5306
2186108 532026 506 391
2186109 532026 506 540
2186110 532026 506 818
2186111 532026 506 125611
2186112 532027 506 3394
2186113 532027 506 67346
2186114 532027 506 2631
2186134 532030 506 125614
2186135 532030 506 391
2186136 532030 506 125613
2186137 532030 506 3
2186138 532030 506 301
2186139 532030 506 10967
2186159 532036 506 4708
2186160 532036 506 125685
2186182 532041 506 125613
2186212 532049 506 125630
2186213 532049 506 125687
2186217 532051 506 507
2186218 532051 506 1169
2186219 532051 506 125618
2186220 532051 506 540
2186221 532051 506 125688
2186222 532052 506 125584
2186223 532052 506 125689
2186224 532052 506 818
2186225 532052 506 4135
2186226 532052 506 301
2186237 532054 506 50421
2186238 532054 506 125664
2186239 532054 506 125573
2186240 532054 506 5306
2186245 22928 506 2150
2186246 22928 506 4292
2186247 22928 506 125
2186248 22928 506 5939
2186249 22928 506 816
2186250 22928 506 5019
2186251 22928 506 125614
2186253 532058 506 3
2186254 532058 506 540
2186255 532058 506 254
2186256 532058 506 818
2186257 532058 506 225
2186258 532058 506 125575
2186259 532058 506 2587
2186260 532058 506 125608
2186261 532058 506 301
2186268 532060 506 125691
2186269 532060 506 95133
2186270 532060 506 125579
2186271 532062 506 301
2186272 532062 506 276
2186273 532062 506 125583
2186328 532075 506 125590
2186329 532075 506 125573
2186330 532075 506 125600
2186331 532075 506 1257
2186332 532075 506 5306
2186333 532075 506 125601
2186334 532076 506 125613
2186335 532076 506 4573
2186336 532076 506 301
2186337 532076 506 40649
2186338 532076 506 225
2186339 532076 506 10967
2186340 532077 506 125590
2186341 532077 506 1257
2186342 532077 506 125600
2186343 532077 506 125601
2186344 532077 506 125589
2186345 532077 506 125573
2186346 532077 506 125582
2186353 532080 506 254
2186354 532080 506 1257
2186355 532080 506 225
2186356 532080 506 5593
2186357 532080 506 4323
2186358 532080 506 1172
2186359 532080 506 125608
2186360 532081 506 507
2186361 532081 506 1169
2186362 532081 506 125618
2186363 532081 506 540
2186364 532081 506 125614
2186365 532082 506 1257
2186366 532082 506 125590
2186367 532082 506 125573
2186368 532082 506 5306
2186372 532085 506 391
2186373 532085 506 3640
2186374 532086 506 125695
2186375 532086 506 523
2186376 532086 506 507
2186377 532086 506 2472
2186378 532086 506 125696
2186379 532086 506 125602
2186380 532086 506 28269
2186381 532087 506 54997
2186382 532087 506 124592
2186409 532091 506 19964
2186410 532091 506 125573
2186411 532091 506 125578
2186412 532092 506 19964
2186413 532092 506 125573
2186414 532092 506 507
2186430 532097 506 8905
2186436 852 506 16
2186469 256369 506 125604
2186470 256369 506 262
2186471 532110 506 301
2186472 532110 506 125583
2186473 532110 506 125611
2186478 532113 506 276
2186479 532113 506 458
2186480 532113 506 318
2186510 532126 506 10967
2186511 532126 506 125614
2186512 532126 506 698
2186513 532126 506 285
2186514 532126 506 540
2186515 532126 506 11316
2186516 532126 506 643
2186517 532126 506 2704
2186518 532127 506 4292
2186519 532127 506 865
2186520 532127 506 3
2186521 532127 506 5054
2186522 532127 506 125613
2186527 532129 506 125
2186528 532130 506 507
2186529 532130 506 1169
2186530 532130 506 125618
2186531 532130 506 540
2186532 532130 506 125623
2186533 532130 506 125614
2186539 532133 506 125633
2186540 532133 506 225
2186541 532133 506 125
2186555 532137 506 818
2186556 532137 506 125623
2186557 532137 506 254
2186558 532137 506 225
2186603 532155 506 818
2186604 532155 506 3
2186605 532155 506 125702
2186610 532159 506 125623
2186611 532159 506 391
2186612 532159 506 818
2186613 532159 506 301
2186703 532187 506 3
2186704 532187 506 540
2186705 532187 506 254
2186706 532187 506 391
2186707 532187 506 225
2186708 532187 506 125623
2186709 532187 506 301
2186710 532187 506 125613
2186711 532187 506 28269
2186712 532187 506 6171
2186713 532187 506 4385
2186714 532187 506 10967
2186715 532188 506 46
2186720 393367 506 125682
2186721 393367 506 76
2186722 393367 506 4332
2186723 393367 506 1738
2186851 22562 506 46
2186854 532233 506 3
2186855 532233 506 301
2186856 532233 506 125621
2186857 532233 506 116564
2186858 532233 506 125700
2186859 532234 506 2217
2186860 532234 506 23812
2186861 532234 506 56112
2186862 532234 506 124279
2186863 532234 506 125580
2186864 532234 506 125683
2186865 532234 506 125578
2186936 532249 506 618
2186937 532249 506 125630
2186938 532250 506 816
2186939 532250 506 1367
2186960 532256 506 2627
2186961 532257 506 125613
2186983 532266 506 1918
2186984 532266 506 2100
2186985 532266 506 29940
2186986 532266 506 301
2186987 532266 506 125647
2186988 498672 506 29940
2186989 498672 506 2100
2186990 498672 506 125722
2186991 498672 506 5407
2186992 532267 506 254
2186993 532267 506 3394
2186994 532267 506 125603
2186995 532267 506 2100
2186996 532267 506 29940
2186997 79055 506 2100
2186998 79055 506 5306
2186999 79055 506 798
2187000 79055 506 1611
2187001 79055 506 877
2187002 79055 506 828
2187003 79055 506 125614
2187004 79055 506 1770
2187014 532268 506 27594
2187015 532269 506 507
2187016 532269 506 125614
2187024 532271 506 2100
2187025 532271 506 992
2187026 532271 506 4230
2187027 532271 506 13853
2187028 532271 506 127
2187029 532271 506 125590
2187030 532271 506 301
2187043 441666 506 19964
2187044 441666 506 125573
2187072 532286 506 125
2187073 532286 506 254
2187074 532286 506 3394
2187075 532286 506 1057
2187076 532286 506 4230
2187077 532286 506 125603
2187078 532286 506 95909
2187079 532286 506 1209
2187080 532286 506 301
2187081 53625 506 391
2187082 53625 506 125
2187083 53625 506 125609
2187084 53625 506 1414
2187085 53625 506 276
2187086 53625 506 30
2187088 532288 506 2217
2187089 532288 506 56112
2187090 532288 506 23812
2187091 532288 506 124279
2187092 532288 506 125580
2187093 532288 506 125683
2187094 422697 506 3
2187095 422697 506 301
2187096 422697 506 220
2187097 422697 506 1041
2187098 422697 506 15378
2187099 422697 506 125614
2187100 422697 506 125613
2187101 422697 506 10967
2187102 94305 506 1155
2187103 94305 506 1258
2187104 94305 506 139
2187105 94305 506 1178
2187106 94305 506 2161
2187107 94305 506 982
2187108 94305 506 40517
2187116 532289 506 156
2187117 532289 506 818
2187119 532291 506 125635
2187120 532291 506 125573
2187121 532291 506 124279
2187122 532291 506 5306
2187123 532291 506 125582
2187124 54560 506 507
2187125 54560 506 1169
2187126 54560 506 125618
2187127 54560 506 540
2187128 54560 506 125726
2187129 171753 506 125
2187130 171753 506 254
2187131 171753 506 391
2187132 171753 506 301
2187133 171753 506 818
2187134 171753 506 388
2187140 101272 506 19964
2187141 101272 506 2861
2187142 101272 506 125580
2187143 101272 506 125573
2187148 532296 506 5006
2187149 532297 506 125602
2187150 532297 506 125607
2187151 532297 506 125667
2187152 532297 506 28269
2187160 1934621 506 216
2187161 1934621 506 3122
2187162 1934621 506 53
2187163 532301 506 276
2187164 532301 506 388
2187165 532301 506 125573
2187166 532301 506 3640
2187167 532301 506 125728
2187168 532301 506 254
2187169 532301 506 301
2187173 532303 506 125
2187174 532303 506 125623
2187175 532303 506 225
2187197 1054 506 3
2187198 1054 506 125
2187199 1054 506 54
2187200 1054 506 47415
2187201 1054 506 1704
2187202 532309 506 254
2187203 532309 506 3394
2187204 532309 506 992
2187205 532309 506 4230
2187206 532309 506 125603
2187207 532309 506 1738
2187208 532310 506 125603
2187209 532310 506 992
2187210 532310 506 3394
2187216 532311 506 3394
2187221 532313 506 3394
2187222 532313 506 67346
2187223 532313 506 992
2187224 532313 506 1057
2187225 532313 506 2631
2187233 532316 506 992
2187234 532316 506 3394
2187235 532317 506 3394
2187250 1934623 506 992
2187251 1934623 506 29789
2187252 1934623 506 1918
2187253 1934623 506 88152
2187254 1934623 506 76
2187255 1934623 506 125627
2187256 1934623 506 301
2187257 1934623 506 3640
2187258 1934623 506 103910
2187259 1934623 506 125602
2187260 1934623 506 7316
2187269 532323 506 3394
2187270 532323 506 1057
2187271 532323 506 992
2187272 532324 506 3394
2187273 532324 506 1057
2187274 532324 506 992
2187275 532324 506 125603
2187276 532324 506 301
2187285 532327 506 992
2187286 532327 506 3394
2187287 532327 506 67346
2187288 532327 506 2631
2187295 532330 506 254
2187296 532330 506 992
2187297 532330 506 4323
2187298 532330 506 4230
2187299 532330 506 301
2187300 532330 506 781
2187301 532330 506 276
2187302 532330 506 125608
2187303 532330 506 28269
2187304 1766147 506 992
2187305 1766147 506 4323
2187306 1766147 506 88152
2187307 1766147 506 254
2187308 1766147 506 28269
2187309 1766147 506 125603
2187310 1766147 506 301
2187346 1934626 506 391
2187347 1934626 506 57523
2187348 1934626 506 818
2187349 1934626 506 276
2187350 1934626 506 156
2187351 1934626 506 301
2187352 1934626 506 125730
2187383 532342 506 125
2187384 532342 506 125575
2187397 532345 506 3394
2187398 532345 506 225
2187399 532345 506 1057
2187400 532345 506 125623
2187401 532345 506 254
2187402 532345 506 301
2187403 532345 506 125608
2187404 532346 506 28269
2187405 532346 506 103910
2187406 532346 506 125573
2187407 532346 506 5306
2187408 532347 506 254
2187409 532347 506 125574
2187410 532347 506 125702
2187411 532347 506 125575
2187412 532347 506 1172
2187413 532347 506 301
2187414 532347 506 125597
2187426 101404 506 125582
2187427 101404 506 125635
2187428 101404 506 125573
2187429 101404 506 124279
2187430 101404 506 5306
2187431 532351 506 125635
2187432 532351 506 124279
2187433 532351 506 5306
2187434 532351 506 125573
2187435 532351 506 301
2187436 488101 506 1651
2187437 488101 506 540
2187438 488101 506 391
2187439 488101 506 156
2187440 488101 506 3
2187441 488101 506 1367
2187442 532352 506 125733
2187443 532352 506 125578
2187444 532352 506 125573
2187445 532352 506 507
2187461 532357 506 125620
2187462 532357 506 138
2187463 532357 506 124592
2187464 532357 506 125
2187477 532360 506 125573
2187478 532360 506 125590
2187479 532360 506 125735
2187502 532366 506 156
2187503 532366 506 4396
2187504 532366 506 125627
2187505 532367 506 3394
2187506 532367 506 5235
2187507 532367 506 125573
2187508 532367 506 1057
2187509 532367 506 254
2187565 532387 506 216
2187566 532387 506 46
2187567 532387 506 138
2187568 532387 506 1738
2187569 532387 506 125
2187637 532403 506 125
2187638 532403 506 125585
2187645 98452 506 76
2187653 532410 506 125573
2187654 532410 506 125590
2187655 532410 506 1257
2187656 532410 506 125600
2187657 532410 506 125601
2187658 532410 506 5306
2187659 532411 506 125590
2187660 532411 506 1257
2187661 532411 506 125600
2187662 532411 506 125601
2187663 532411 506 5306
2187664 532411 506 125573
2187665 532411 506 125589
2187685 532417 506 816
2187686 532417 506 1367
2187687 532417 506 125582
2187688 532417 506 125573
2187689 532417 506 124279
2187690 532417 506 5306
2187691 532417 506 125635
2187714 532422 506 2631
2187715 532422 506 125635
2187716 532422 506 125582
2187717 532422 506 5306
2187718 172225 506 5306
2187719 172225 506 1367
2187720 172225 506 816
2187721 172225 506 941
2187722 172225 506 125582
2187723 172225 506 301
2187724 172225 506 3811
2187729 532424 506 540
2187730 532424 506 125
2187731 532424 506 95532
2187732 532424 506 124279
2187733 532424 506 125582
2187734 532425 506 3
2187735 532425 506 2056
2187736 532425 506 4307
2187737 532425 506 540
2187738 532425 506 321
2187739 532425 506 125743
2187748 532427 506 125645
2187749 532427 506 125654
2187750 532427 506 125608
2187751 532428 506 13853
2187752 532428 506 6331
2187758 532430 506 301
2187759 532430 506 125582
2187760 532430 506 125642
2187761 532430 506 125705
2187762 532430 506 125573
2187763 101778 506 301
2187764 101778 506 125657
2187765 101778 506 28269
2187766 532431 506 28269
2187767 532431 506 125602
2187768 532432 506 7561
2187769 532433 506 3394
2187770 532433 506 4292
2187771 532433 506 124279
2187772 532433 506 125635
2187773 532433 506 125573
2187774 532433 506 5306
2187775 532434 506 3
2187776 532434 506 818
2187777 532434 506 391
2187778 532434 506 596
2187779 532434 506 40
2187780 532434 506 9526
2187781 532434 506 301
2187782 532435 506 2837
2187783 532435 506 124279
2187784 532435 506 125595
2187785 532436 506 4857
2187786 532436 506 125746
2187790 532439 506 13853
2187791 532439 506 125747
2187792 532439 506 125748
2187793 532439 506 8577
2187794 532439 506 9983
2187795 532439 506 125749
2187796 532439 506 125750
2187797 532440 506 507
2187798 532440 506 1169
2187799 532440 506 125618
2187800 532440 506 540
2187801 532440 506 27594
2187808 532443 506 816
2187809 532443 506 1958
2187810 532443 506 13853
2187824 532446 506 507
2187825 532446 506 1169
2187826 532446 506 125618
2187827 532446 506 540
2187828 532446 506 917
2187829 532447 506 507
2187830 532447 506 1169
2187831 532447 506 125618
2187832 532447 506 540
2187833 532447 506 24096
2187834 532447 506 125716
2187842 532450 506 8905
2187843 532450 506 108084
2187844 532450 506 11883
2187845 532450 506 769
2187846 532450 506 107833
2187847 532450 506 638
2187848 532450 506 797
2187872 532454 506 125582
2187873 532454 506 125573
2187874 532454 506 125635
2187875 532454 506 5306
2187917 532469 506 125635
2187918 532469 506 125573
2187919 532469 506 5306
2187920 532469 506 124279
2187935 532474 506 125
2187936 532474 506 254
2187939 343080 506 276
2187940 343080 506 318
2187941 343080 506 540
2187942 532476 506 156
2187943 532476 506 1775
2187944 532476 506 540
2187945 532476 506 638
2187946 532476 506 40649
2187947 532476 506 125614
2187980 532487 506 391
2187981 532487 506 225
2187982 532487 506 540
2187983 532488 506 125573
2187984 532488 506 40517
2187985 532488 506 125609
2187986 532489 506 125582
2187987 532489 506 1257
2187988 532489 506 124279
2187989 532489 506 125573
2187990 532489 506 125635
2187991 532489 506 5306
2187994 532490 506 540
2187995 532490 506 28269
2187996 532490 506 24096
2187997 132420 506 125611
2187998 132420 506 507
2187999 132420 506 125618
2188000 132420 506 28269
2188009 532493 506 125600
2188010 532493 506 125590
2188011 532493 506 125601
2188012 532493 506 125573
2188013 532493 506 1257
2188014 532493 506 5306
2188015 532493 506 125589
2188016 532494 506 125589
2188017 532494 506 3640
2188018 532494 506 1257
2188019 532494 506 125600
2188020 532494 506 125601
2188021 532494 506 125573
2188022 532494 506 125590
2188034 532498 506 125613
2188035 532498 506 80249
2188036 532498 506 15378
2188037 532498 506 301
2188038 532498 506 220
2188039 532498 506 10967
2188047 240582 506 3
2188048 240582 506 125613
2188049 240582 506 1041
2188050 240582 506 13900
2188051 240582 506 80249
2188052 532500 506 301
2188053 532500 506 27535
2188054 532500 506 125573
2188055 532500 506 125583
2188070 532505 506 507
2188071 532505 506 1169
2188072 532505 506 125618
2188073 532505 506 540
2188074 532505 506 50637
2188075 19282 506 125614
2188079 532508 506 125633
2188080 532508 506 125
2188081 532508 506 28269
2188082 532508 506 125602
2188095 19306 506 3
2188121 532521 506 125622
2188122 532521 506 5018
2188128 61402 506 125611
2188129 61402 506 125584
2188130 61402 506 4302
2188131 61402 506 125633
2188132 61402 506 125
2188186 532543 506 125
2188187 532543 506 3
2188188 532543 506 40649
2188189 532543 506 596
2188190 532543 506 5407
2188191 532544 506 125
2188192 532544 506 254
2188193 532544 506 125759
2188196 532547 506 40517
2188200 532550 506 125
2188201 532550 506 139
2188209 414970 506 125761
2188210 414970 506 6881
2188211 414970 506 125
2188212 414970 506 5407
2188213 414970 506 80
2188244 408649 506 216
2188245 408649 506 1064
2188269 532568 506 125620
2188274 532570 506 540
2188275 532570 506 225
2188276 532570 506 119032
2188277 532570 506 125610
2188278 532570 506 125
2188279 532570 506 125575
2188280 532570 506 301
2188281 532570 506 643
2188282 532570 506 125608
2188283 532571 506 125
2188284 532571 506 254
2188285 532571 506 4267
2188287 532573 506 125633
2188288 532573 506 28269
2188289 532573 506 540
2188290 532573 506 125613
2188291 352896 506 125
2188292 352896 506 125633
2188293 352896 506 28269
2188294 352896 506 540
2188298 532575 506 125
2188299 532575 506 125602
2188300 532575 506 5593
2188301 532575 506 301
2188302 532575 506 28269
2188312 532581 506 125
2188313 532581 506 254
2188314 532581 506 125602
2188315 532581 506 28269
2188316 532582 506 125
2188317 532582 506 125633
2188318 532582 506 4974
2188319 532582 506 225
2188321 98873 506 125
2188322 98873 506 125620
2188323 98873 506 125633
2188324 98873 506 125631
2188347 532593 506 125
2188372 532601 506 125
2188373 532601 506 125633
2188374 532601 506 540
2188375 352997 506 125
2188453 532628 506 1169
2188503 532642 506 1172
2188504 532642 506 254
2188505 532642 506 125590
2188506 532642 506 125573
2188507 532642 506 1257
2188526 532648 506 125605
2188527 532648 506 125647
2188528 532648 506 3663
2188529 532648 506 125
2188533 532650 506 125605
2188534 532650 506 5522
2188581 385784 506 125633
2188582 385784 506 81
2188583 385784 506 125767
2188584 385784 506 125741
2188585 385784 506 125
2188598 353314 506 507
2188599 353314 506 225
2188600 353314 506 125667
2188601 353314 506 28269
2188602 353314 506 125623
2188607 532666 506 1367
2188618 19448 506 46
2188619 532670 506 540
2188620 532670 506 1169
2188621 532670 506 24096
2188622 532670 506 125716
2188623 532670 506 125608
2188636 532674 506 3
2188637 532674 506 254
2188638 173283 506 5306
2188639 173283 506 1257
2188640 173283 506 125573
2188641 173283 506 125600
2188642 173283 506 125601
2188643 173283 506 125590
2188661 532677 506 216
2188662 532677 506 108084
2188663 532677 506 301
2188664 532677 506 1325
2188665 532677 506 818
2188666 532677 506 125584
2188667 532678 506 8905
2188668 532678 506 108084
2188669 532678 506 6229
2188670 532678 506 391
2188671 532678 506 125
2188672 532678 506 11883
2188673 532679 506 216
2188674 532679 506 108084
2188675 532679 506 79
2188676 532679 506 77
2188677 532679 506 818
2188678 532679 506 125614
2188686 1934635 506 216
2188687 1934635 506 3122
2188688 1934635 506 53
2188689 1934635 506 108084
2188690 1934635 506 797
2188691 1934635 506 39656
2188692 404753 506 8905
2188693 404753 506 1886
2188694 404753 506 816
2188695 404753 506 46
2188696 404753 506 125
2188697 404753 506 20
2188703 532683 506 8905
2188704 532684 506 125609
2188705 532684 506 44968
2188706 532684 506 540
2188707 532684 506 125
2188708 532685 506 1738
2188724 277367 506 7561
2188725 277367 506 13549
2188726 277367 506 871
2188734 532690 506 276
2188735 532690 506 2161
2188736 532690 506 1918
2188737 532690 506 2603
2188738 532690 506 978
2188739 532690 506 301
2188750 532693 506 3
2188751 532693 506 76
2188752 532693 506 4245
2188753 532693 506 125632
2188754 532694 506 125
2188766 99178 506 125
2188767 99178 506 18723
2188768 1934636 506 125
2188769 532699 506 125
2188787 532704 506 7561
2188791 532706 506 125626
2188792 532707 506 391
2188793 532708 506 391
2188794 532708 506 225
2188795 532708 506 125608
2188796 532709 506 125626
2188855 532725 506 125667
2188856 532725 506 4267
2188857 532725 506 3
2188858 532725 506 1257
2188859 532725 506 125590
2188863 532727 506 125573
2188864 532727 506 125589
2188865 532727 506 125600
2188866 532727 506 1257
2188867 532727 506 125684
2188868 532728 506 992
2188869 532728 506 2631
2188870 532728 506 3394
2188871 532728 506 67346
2188872 532728 506 1057
2188873 532728 506 125776
2188874 18091 506 816
2188875 18091 506 5306
2188876 18091 506 125635
2188877 18091 506 125573
2188878 18091 506 124279
2188879 18091 506 125582
2188887 532731 506 125613
2188888 532731 506 4573
2188912 532738 506 2631
2188913 532738 506 20485
2188914 532738 506 18051
2188915 532738 506 301
2188916 532738 506 125583
2188917 477218 506 2631
2188918 477218 506 391
2188945 532749 506 125637
2188946 532749 506 125700
2188993 532764 506 125
2188994 532764 506 139
2188999 532767 506 507
2189000 532767 506 1169
2189001 532767 506 125618
2189002 532767 506 540
2189003 532767 506 2627
2189004 532767 506 28269
2189005 532767 506 125614
2189054 532782 506 507
2189055 532782 506 1169
2189056 532782 506 125618
2189057 532782 506 540
2189058 532782 506 125608
2189059 532783 506 91634
2189060 532783 506 125785
2189061 532783 506 28269
2189080 532791 506 507
2189081 532791 506 1169
2189082 532791 506 125618
2189083 532791 506 540
2189084 532791 506 912
2189085 532791 506 125608
2189086 532792 506 125
2189087 532792 506 24095
2189088 532792 506 28269
2189089 532792 506 50054
2189090 532792 506 125602
2189140 156926 506 8905
2189141 156926 506 305
2189142 156926 506 5367
2189143 156926 506 5244
2189144 156926 506 668
2189145 532813 506 4302
2189146 532813 506 125608
2189178 126975 506 125623
2189179 126975 506 941
2189180 126975 506 125633
2189181 126975 506 3663
2189182 126975 506 254
2189183 126975 506 2392
2189184 126975 506 106891
2189185 532819 506 3
2189197 299505 506 254
2189198 532822 506 5306
2189199 532822 506 125608
2189200 532823 506 3394
2189201 396258 506 1704
2189202 396258 506 503
2189203 396258 506 1052
2189204 396258 506 425
2189205 396258 506 1555
2189206 396258 506 125597
2189207 396258 506 376
2189221 532831 506 3394
2189222 532831 506 992
2189223 532831 506 4292
2189224 532831 506 125603
2189225 532831 506 254
2189226 532831 506 301
2189227 532832 506 254
2189228 532832 506 391
2189229 532832 506 276
2189230 532832 506 917
2189231 532832 506 992
2189232 532832 506 156
2189233 532832 506 388
2189234 532832 506 587
2189235 532832 506 301
2189236 532832 506 125
2189239 532834 506 125611
2189240 532834 506 507
2189241 532834 506 125789
2189289 491431 506 125593
2189290 491431 506 351
2189297 532847 506 3
2189298 532847 506 301
2189299 532847 506 125602
2189300 532847 506 523
2189301 532847 506 292
2189302 532847 506 982
2189303 532847 506 125593
2189304 532847 506 28269
2189305 532849 506 125791
2189306 532849 506 125573
2189307 532849 506 124279
2189308 532849 506 5306
2189309 532849 506 125635
2189336 532858 506 70
2189337 532858 506 2603
2189338 532858 506 262
2189349 532861 506 503
2189350 532861 506 4027
2189351 532861 506 425
2189392 532870 506 125607
2189400 532872 506 2217
2189401 532872 506 56112
2189402 532872 506 23812
2189403 532872 506 125683
2189404 532872 506 124279
2189405 532872 506 125580
2189406 532873 506 125
2189407 532873 506 125631
2189408 532873 506 125602
2189419 41206 506 125
2189420 41206 506 240
2189421 41206 506 5407
2189422 41206 506 818
2189423 41206 506 3
2189424 41206 506 618
2189445 532884 506 28269
2189446 532884 506 125602
2189447 532884 506 5593
2189448 532884 506 125608
2189449 491462 506 156
2189450 491462 506 20321
2189451 491462 506 540
2189452 491462 506 507
2189453 491462 506 818
2189454 491462 506 391
2189455 491462 506 28269
2189459 25064 506 643
2189460 25064 506 698
2189461 25064 506 125
2189462 25064 506 40828
2189463 25064 506 125614
2189470 532888 506 41681
2189471 532888 506 125582
2189472 532888 506 125794
2189473 532888 506 125573
2189474 532888 506 124279
2189480 532890 506 2990
2189481 532890 506 125614
2189488 406290 506 1325
2189489 406290 506 77
2189490 406290 506 1007
2189491 406290 506 1738
2189492 406290 506 125614
2189494 532895 506 125602
2189495 532895 506 540
2189496 532895 506 28269
2189497 532895 506 3
2189522 532901 506 125575
2189523 532901 506 125796
2189524 532901 506 1172
2189525 532901 506 240
2189557 532913 506 125573
2189558 532913 506 124279
2189559 532913 506 125582
2189560 532913 506 5593
2189561 532913 506 125589
2189562 532913 506 125580
2189563 532913 506 125590
2189568 95655 506 507
2189569 95655 506 6240
2189570 95655 506 125
2189571 95655 506 2631
2189572 95655 506 1169
2189684 532949 506 125
2189705 532955 506 125584
2189706 532955 506 3
2189707 532955 506 1367
2189708 532955 506 17394
2189724 532962 506 125
2189725 532962 506 4234
2189726 532962 506 4573
2189727 532962 506 44968
2189728 532962 506 818
2189729 532962 506 540
2189730 532962 506 125613
2189731 532962 506 3
2189747 532968 506 125614
2189750 532970 506 751
2189751 532970 506 50449
2189752 532970 506 3
2189775 532975 506 301
2189776 532975 506 44
2189777 532975 506 125597
2189778 532975 506 125800
2189779 532975 506 54853
2189780 532976 506 3
2189781 532976 506 596
2189782 532976 506 124724
2189783 106720 506 7
2189794 532981 506 124279
2189795 532981 506 125573
2189796 532981 506 125635
2189797 532981 506 5306
2189798 532982 506 125590
2189799 532982 506 1257
2189800 532982 506 125600
2189801 532982 506 125573
2189802 532982 506 5306
2189803 532982 506 125589
2189822 532985 506 125658
2189878 533000 506 28269
2189897 304503 506 941
2189898 304503 506 125
2189899 304503 506 15714
2189900 304503 506 3663
2189908 533007 506 2631
2189909 533007 506 125583
2189911 533009 506 3
2189912 533009 506 618
2189913 533009 506 125575
2189914 533009 506 125608
2189915 533010 506 125602
2189916 533010 506 28269
2189917 533010 506 125
2189918 533010 506 15412
2189919 533011 506 7561
2189920 533011 506 301
2189921 533011 506 40
2189922 533011 506 13549
2189927 412649 506 10967
2189928 412649 506 285
2189929 412649 506 254
2189930 412649 506 540
2189931 412649 506 225
2189932 412649 506 240
2189933 412649 506 79
2189940 533016 506 4701
2189941 533016 506 5407
2189949 533020 506 124279
2189950 533020 506 125573
2189951 533020 506 125635
2189952 533020 506 5306
2189953 488208 506 216
2189954 488208 506 3122
2189955 488208 506 53
2189956 488208 506 1775
2189957 488208 506 3
2189958 488208 506 125
2189959 488208 506 285
2189960 488208 506 4917
2189961 488208 506 5197
2189962 488208 506 1004
2189966 533023 506 1257
2189967 533023 506 78707
2189968 533023 506 3
2189969 533023 506 254
2189971 61506 506 643
2189972 424797 506 46
2189973 106745 506 596
2189974 106745 506 1325
2189975 106745 506 5407
2189976 106745 506 6852
2189977 533025 506 8905
2189978 533025 506 975
2189979 533025 506 2990
2189980 533025 506 225
2189981 533025 506 90
2189982 533025 506 638
2189983 533025 506 982
2189984 533026 506 816
2189985 533026 506 46
2189986 533026 506 125614
2189987 88695 506 3
2189988 88695 506 4573
2189989 88695 506 125613
2189994 43372 506 1838
2189995 533027 506 3
2189996 533027 506 540
2189997 533027 506 254
2189998 533027 506 225
2189999 533027 506 4502
2190000 533027 506 125610
2190001 533027 506 301
2190002 1201 506 301
2190003 1201 506 503
2190004 43490 506 125
2190005 43490 506 254
2190006 43490 506 125620
2190011 533029 506 125
2190012 533029 506 816
2190013 533029 506 3
2190014 533029 506 125780
2190112 533049 506 3
2190113 533049 506 507
2190114 533049 506 376
2190115 533049 506 318
2190116 533049 506 125614
2190134 533057 506 80525
2190135 533057 506 72328
2190136 533057 506 2100
2190137 533057 506 125646
2190138 533057 506 301
2190139 533057 506 5306
2190140 533057 506 1738
2190141 533057 506 125677
2190142 533058 506 301
2190163 57957 506 816
2190164 57957 506 941
2190165 57957 506 1704
2190166 57957 506 138
2190167 533050 506 3
2190168 533050 506 816
2190169 533050 506 1704
2190170 533050 506 138
2190171 533050 506 125682
2190172 533050 506 941
2190173 533050 506 1937
2190174 533050 506 1183
2190175 533050 506 1897
2190176 533050 506 466
2190177 533050 506 125620
2190178 533051 506 6171
2190179 533051 506 76
2190180 533051 506 1738
2190181 533051 506 216
2190182 533051 506 80
2190187 533065 506 76
2190188 533065 506 21993
2190189 533065 506 458
2190190 533065 506 638
2190191 533065 506 128
2190228 533080 506 41681
2190229 533080 506 125573
2190230 533080 506 125635
2190231 533080 506 5306
2190254 533088 506 125613
2190255 533088 506 125602
2190256 1934645 506 391
2190257 1934645 506 125584
2190258 1934645 506 125574
2190259 1934645 506 111541
2190260 1934645 506 2161
2190261 1934645 506 125610
2190262 1934645 506 301
2190263 1934645 506 47415
2190278 533095 506 254
2190279 533095 506 3394
2190280 533095 506 125603
2190281 533096 506 254
2190282 533096 506 3394
2190283 533096 506 1057
2190290 67896 506 125620
2190291 67896 506 125
2190292 67896 506 254
2190293 67896 506 4234
2190294 67896 506 941
2190295 533099 506 77530
2190296 533099 506 2631
2190297 533099 506 125611
2190298 533099 506 77
2190299 533100 506 28615
2190300 533100 506 125623
2190301 533100 506 254
2190302 533100 506 798
2190307 533103 506 125573
2190308 533103 506 124279
2190309 533103 506 5306
2190310 533104 506 1704
2190311 533104 506 125609
2190312 533104 506 2161
2190313 533104 506 3
2190314 533104 506 125
2190320 533106 506 28381
2190321 533107 506 125602
2190322 533107 506 125589
2190323 533107 506 1257
2190324 533107 506 125590
2190325 533107 506 103910
2190326 533107 506 125
2190327 533107 506 29224
2190336 533109 506 117948
2190366 533116 506 156
2190367 533116 506 4323
2190368 533116 506 5371
2190369 533116 506 301
2190370 533116 506 4245
2190371 533116 506 125662
2190372 533116 506 818
2190398 533126 506 276
2190403 533128 506 103910
2190404 533128 506 125602
2190405 533128 506 28269
2190406 533128 506 125590
2190407 533128 506 301
2190408 533129 506 125
2190409 533129 506 225
2190410 533129 506 125633
2190411 533129 506 125818
2190451 1934647 506 16
2190474 533151 506 458
2190475 533151 506 254
2190476 533151 506 16
2190485 393793 506 16
2190486 393793 506 3
2190487 393793 506 466
2190488 393793 506 39651
2190489 393793 506 125614
2190497 415598 506 16
2190498 415598 506 466
2190499 415598 506 318
2190580 533174 506 125635
2190581 533174 506 2631
2190582 533175 506 125590
2190583 533175 506 1257
2190584 533175 506 125600
2190585 533175 506 125601
2190586 533175 506 125573
2190587 533175 506 5306
2190588 533176 506 125613
2190589 533176 506 254
2190590 533176 506 225
2190591 533176 506 301
2190592 533176 506 156
2190605 533193 506 156
2190606 533193 506 301
2190607 533193 506 125614
2190608 533193 506 4292
2190609 533193 506 30
2190610 533193 506 125608
2190652 533187 506 507
2190653 533187 506 1169
2190654 533187 506 125618
2190655 533187 506 540
2190656 533187 506 6240
2190704 265028 506 138
2190705 265028 506 125
2190706 265028 506 46
2190718 533205 506 216
2190733 413538 506 540
2190734 413538 506 3593
2190735 413538 506 225
2190736 413538 506 4
2190737 413538 506 79
2190738 413538 506 4628
2190739 413538 506 125608
2190744 533210 506 3
2190745 533210 506 254
2190746 533210 506 1172
2190747 533210 506 125590
2190748 533210 506 125826
2190749 533211 506 391
2190750 533211 506 301
2190751 533211 506 818
2190752 533211 506 2161
2190753 533211 506 643
2190773 23408 506 941
2190774 23408 506 138
2190775 23408 506 1937
2190776 23408 506 1939
2190777 23408 506 1897
2190778 23408 506 125584
2190779 23408 506 816
2190781 533218 506 2373
2190782 533218 506 125573
2190783 533218 506 125642
2190784 533218 506 40517
2190785 533218 506 2161
2190786 533218 506 125649
2190787 533219 506 125631
2190788 533219 506 125829
2190789 533220 506 216
2190790 533221 506 3
2190791 533221 506 1168
2190792 533221 506 125640
2190815 533229 506 127
2190816 533229 506 13853
2190817 533229 506 4230
2190818 166539 506 818
2190819 166539 506 125702
2190820 166539 506 125
2190837 457460 506 125611
2190838 457460 506 941
2190839 457460 506 125
2190840 457460 506 5407
2190841 457460 506 301
2190842 457460 506 816
2190850 533237 506 2627
2190851 533237 506 4701
2190852 533237 506 523
2190853 533237 506 125618
2190854 533237 506 3
2190855 533237 506 26276
2190862 450131 506 254
2190863 450131 506 1704
2190864 450131 506 4247
2190865 450131 506 125621
2190866 450131 506 3
2190867 450131 506 125630
2190868 450131 506 4323
2190869 450131 506 125608
2190870 533239 506 125620
2190871 533239 506 125
2190872 533239 506 225
2190873 533239 506 254
2190885 533244 506 216
2190886 533245 506 13853
2190887 533245 506 125747
2190888 533245 506 125831
2190889 533245 506 8577
2190890 533245 506 9983
2190891 533245 506 125749
2190892 533245 506 125750
2190897 533246 506 1353
2190898 533246 506 77
2190899 533246 506 220
2190900 533246 506 125
2190901 533246 506 125620
2190905 533248 506 125613
2190906 533248 506 4502
2190907 533248 506 125662
2190908 15726 506 52657
2190909 15726 506 391
2190910 15726 506 276
2190911 15726 506 125609
2190912 15726 506 818
2190913 15726 506 225
2190914 15726 506 1414
2190915 533249 506 3
2190916 533249 506 125834
2190944 533257 506 3394
2190945 533256 506 992
2190946 533256 506 4230
2191012 533264 506 6240
2191013 533264 506 507
2191014 533264 506 2150
2191015 533264 506 1169
2191016 533264 506 6515
2191017 533264 506 2631
2191021 533266 506 16
2191022 533266 506 79
2191023 533266 506 255
2191024 533266 506 40649
2191025 533266 506 507
2191026 533266 506 3
2191045 117007 506 2627
2191053 533270 506 1819
2191054 533270 506 276
2191055 533270 506 70
2191056 533270 506 262
2191057 533270 506 125614
2191058 106823 506 507
2191059 106823 506 1169
2191060 106823 506 125618
2191061 106823 506 540
2191062 106823 506 917
2191063 106823 506 126
2191064 106823 506 466
2191066 533272 506 216
2191067 533272 506 305
2191068 533272 506 8623
2191069 533272 506 6310
2191070 533272 506 125
2191071 533272 506 46
2191078 533274 506 301
2191079 533274 506 103910
2191080 533274 506 28269
2191081 533274 506 4027
2191082 533274 506 125590
2191083 533274 506 254
2191084 533274 506 77
2191110 15751 506 4292
2191111 15751 506 1738
2191112 15751 506 125614
2191126 1934654 506 216
2191127 1934654 506 107334
2191128 1934654 506 1325
2191129 1934654 506 54616
2191130 1934654 506 4797
2191131 1934654 506 386
2191132 1934654 506 125849
2191133 1934654 506 125850
2191134 34722 506 3
2191150 1934655 506 125619
2191151 1934655 506 125626
2191161 533289 506 13853
2191162 533289 506 125852
2191170 499352 506 1169
2191171 37201 506 46
2191220 41434 506 46
2191221 20444 506 125614
2191228 13398 506 816
2191229 13398 506 1704
2191230 13398 506 941
2191231 13398 506 1124
2191232 13398 506 116564
2191233 13398 506 928
2191234 13398 506 1239
2191235 533315 506 65243
2191236 533315 506 1957
2191237 533315 506 507
2191238 533315 506 1128
2191239 533315 506 44
2191240 533315 506 1703
2191425 533387 506 5407
2191426 533387 506 125613
2191427 533387 506 4573
2191428 533387 506 125855
2191430 526249 506 596
2191431 526249 506 5407
2191432 526249 506 240
2191433 526249 506 1325
2191434 526249 506 3
2191435 526249 506 125606
2191442 533391 506 5407
2191443 533391 506 596
2191444 533391 506 9526
2191454 106513 506 5407
2191455 165836 506 5407
2191457 533396 506 156
2191458 533396 506 4573
2191459 533396 506 5407
2191460 533396 506 125629
2191461 533396 506 125608
2191462 533396 506 301
2191478 533399 506 5302
2191479 533399 506 125631
2191480 533399 506 301
2191481 533399 506 125611
2191482 1290 506 125
2191483 1290 506 125633
2191484 1290 506 124279
2191485 1290 506 125611
2191486 1290 506 125584
2191509 533408 506 125635
2191510 533408 506 125573
2191511 533408 506 5306
2191512 533408 506 124279
2191527 334219 506 540
2191528 334219 506 1057
2191529 334219 506 816
2191530 334219 506 1367
2191531 334219 506 125613
2191532 334219 506 301
2191533 334219 506 3739
2191534 334219 506 156
2191535 533413 506 125857
2191536 533413 506 125626
2191608 66975 506 125
2191609 66975 506 125621
2191671 15792 506 301
2191672 15792 506 28269
2191673 15792 506 125602
2191674 15792 506 103910
2191675 15792 506 5593
2191676 15792 506 125627
2191681 533462 506 376
2191682 533462 506 125597
2191700 533467 506 125575
2191701 533467 506 4573
2191702 533467 506 125613
2191703 533467 506 58225
2191711 533476 506 4247
2191712 533476 506 4267
2191713 533476 506 125861
2191714 533476 506 125621
2191737 533477 506 125575
2191802 533501 506 125867
2191803 533501 506 125630
2191886 533530 506 2707
2191887 533530 506 2837
2191888 533530 506 125590
2191889 533530 506 125573
2191959 533540 506 125613
2191960 533540 506 391
2191961 533540 506 125871
2191962 533540 506 301
2191963 354738 506 125
2191964 354738 506 28615
2191965 533541 506 1041
2191966 533541 506 125
2191967 533541 506 301
2191968 533541 506 220
2191969 166946 506 3
2191970 166946 506 76
2191971 166946 506 128
2191972 166946 506 301
2191973 166946 506 125584
2191974 166946 506 818
2191975 166946 506 125682
2191980 533543 506 156
2191981 533543 506 125614
2191982 533543 506 285
2191983 533543 506 540
2191984 533543 506 926
2191985 533543 506 11316
2191986 533543 506 1714
2191987 533543 506 3
2192014 41491 506 16
2192015 533551 506 5507
2192021 533553 506 4245
2192022 533553 506 125610
2192023 533553 506 125585
2192024 533553 506 3
2192025 533553 506 301
2192026 533553 506 818
2192045 1335121 506 216
2192046 1335121 506 3122
2192047 1335121 506 53
2192048 1335121 506 90
2192049 1335121 506 2026
2192050 1335121 506 20
2192051 1335121 506 10796
2192052 1335121 506 798
2192053 1335121 506 1738
2192062 533562 506 507
2192063 533562 506 2990
2192064 533562 506 4234
2192065 533562 506 240
2192082 1924147 506 125
2192083 1924147 506 254
2192084 1924147 506 1704
2192085 1924147 506 391
2192086 1924147 506 2161
2192087 1924147 506 540
2192088 1924147 506 818
2192089 1924147 506 111541
2192090 1924147 506 125575
2192091 1924147 506 301
2192098 1934659 506 818
2192099 1934659 506 125873
2192100 1934659 506 391
2192101 1934659 506 125602
2192103 533572 506 818
2192104 533572 506 391
2192105 533572 506 3394
2192106 533572 506 1057
2192107 533572 506 992
2192108 533572 506 125603
2192117 533574 506 540
2192118 533574 506 818
2192119 533574 506 125602
2192120 533574 506 28269
2192121 533574 506 103910
2192122 533574 506 301
2192123 533574 506 391
2192124 533574 506 125613
2192125 533574 506 156
2192126 166993 506 391
2192127 166998 506 391
2192130 13635 506 391
2192131 13635 506 1738
2192132 13635 506 4292
2192133 13635 506 3
2192135 533577 506 391
2192136 533577 506 276
2192138 533579 506 391
2192139 533579 506 125766
2192140 533580 506 391
2192144 483391 506 391
2192145 483391 506 1257
2192146 483391 506 254
2192147 483391 506 540
2192151 1934661 506 391
2192152 1934661 506 276
2192153 1934661 506 301
2192154 1934661 506 225
2192155 1934661 506 818
2192156 1934661 506 2161
2192157 1934661 506 3640
2192158 533583 506 3
2192159 533583 506 391
2192160 533583 506 51250
2192161 533583 506 125613
2192162 533583 506 5306
2192163 533583 506 125608
2192164 533584 506 125
2192165 533584 506 3
2192166 533584 506 540
2192167 533584 506 391
2192168 533584 506 818
2192169 533584 506 276
2192170 533584 506 4430
2192171 533585 506 391
2192172 533586 506 125
2192173 533586 506 391
2192174 533586 506 125609
2192175 533586 506 125623
2192176 533586 506 254
2192177 533586 506 818
2192181 533589 506 391
2192182 533589 506 52657
2192183 533589 506 125623
2192184 533589 506 818
2192185 514361 506 391
2192186 514361 506 276
2192187 514361 506 4385
2192188 514361 506 254
2192189 514361 506 818
2192190 533591 506 391
2192191 533591 506 125875
2192192 533591 506 125682
2192193 533591 506 3640
2192194 533591 506 301
2192195 1934662 506 1738
2192196 1934662 506 391
2192197 1934662 506 4323
2192198 1934662 506 125621
2192199 1934662 506 301
2192200 284034 506 125
2192201 284034 506 3
2192202 284034 506 540
2192203 284034 506 391
2192204 284034 506 818
2192205 284034 506 917
2192206 284034 506 1367
2192207 284034 506 458
2192208 284034 506 2161
2192209 284034 506 1918
2192210 284034 506 4385
2192211 284034 506 5185
2192212 284034 506 125613
2192213 284034 506 301
2192214 284034 506 156
2192215 533592 506 391
2192216 533592 506 125607
2192217 533592 506 125602
2192218 533592 506 301
2192219 533592 506 28269
2192220 533592 506 5483
2192221 533593 506 391
2192224 533595 506 391
2192232 533597 506 391
2192233 533597 506 125623
2192244 533600 506 391
2192261 533606 506 391
2192262 533606 506 276
2192273 533610 506 391
2192274 533610 506 40517
2192275 533610 506 40507
2192276 533610 506 818
2192277 533610 506 125609
2192280 533613 506 2631
2192281 533613 506 391
2192282 533613 506 818
2192305 533618 506 391
2192307 533620 506 391
2192313 1934663 506 225
2192314 1934663 506 342
2192315 1934663 506 4974
2192316 1934663 506 540
2192317 1934663 506 301
2192330 533625 506 125602
2192331 533625 506 125607
2192332 533626 506 29624
2192333 533627 506 6240
2192334 533627 506 912
2192335 533628 506 125
2192336 533628 506 2631
2192337 533628 506 3640
2192338 533629 506 391
2192339 533629 506 125
2192340 533629 506 6515
2192341 533629 506 124279
2192342 533629 506 2837
2192343 533629 506 125876
2192357 1934664 506 540
2192358 1934664 506 156
2192359 1934664 506 116564
2192360 1934664 506 125573
2192361 1934664 506 4245
2192362 1934664 506 301
2192363 1934664 506 2752
2192364 1934664 506 6515
2192365 1934664 506 125585
2192379 169340 506 125611
2192380 169340 506 125573
2192381 23556 506 125611
2192382 23556 506 4234
2192383 23556 506 1704
2192384 23556 506 1191
2192385 533638 506 28615
2192386 533639 506 125597
2192387 533639 506 125675
2192388 533639 506 125590
2192389 533639 506 125655
2192390 533639 506 125674
2192405 533644 506 2161
2192406 533644 506 125573
2192407 533644 506 125597
2192408 533644 506 124279
2192409 533644 506 40517
2192410 533644 506 4027
2192412 47864 506 1367
2192413 47864 506 816
2192414 47864 506 125614
2192419 73178 506 2161
2192420 73178 506 125609
2192436 15874 506 76
2192437 533650 506 76
2192438 533650 506 125614
2192445 533648 506 6171
2192446 533648 506 76
2192447 533648 506 1738
2192448 533648 506 216
2192449 533648 506 80
2192450 533649 506 6171
2192451 533649 506 76
2192452 533649 506 5006
2192453 533649 506 1779
2192456 327852 506 76
2192457 327852 506 643
2192458 13698 506 70
2192459 13698 506 76
2192460 13698 506 3
2192461 13698 506 7945
2192462 13698 506 79
2192463 13698 506 125682
2192464 13698 506 125614
2192473 20812 506 3
2192474 20812 506 816
2192475 20812 506 1704
2192476 20812 506 138
2192477 20812 506 125682
2192478 20812 506 941
2192479 20812 506 1937
2192480 20812 506 1183
2192481 20812 506 1897
2192482 20812 506 466
2192497 533662 506 125573
2192498 533662 506 125589
2192499 533662 506 1257
2192500 533662 506 125655
2192501 533662 506 2707
2192502 533662 506 5593
2192503 533662 506 125601
2192504 533662 506 125600
2192505 533662 506 125590
2192506 533663 506 13853
2192507 533663 506 254
2192508 533663 506 301
2192509 533663 506 2627
2192510 533663 506 3640
2192511 533663 506 127
2192518 533665 506 125613
2192519 299758 506 4302
2192520 299758 506 125608
2192535 533669 506 3394
2192536 533669 506 4061
2192542 533671 506 125590
2192543 533671 506 1257
2192544 533671 506 125573
2192545 533671 506 125600
2192546 533671 506 5306
2192547 533671 506 125601
2192548 533671 506 125589
2192549 533672 506 125618
2192569 533676 506 70
2192570 533677 506 70
2192571 533677 506 388
2192575 533680 506 70
2192582 533682 506 7561
2192583 533682 506 13549
2192585 533687 506 124592
2192587 533685 506 1257
2192588 533685 506 254
2192589 533685 506 5593
2192590 533685 506 125600
2192591 533685 506 125585
2192596 533686 506 1057
2192597 533686 506 3394
2192598 533686 506 28269
2192599 533686 506 124279
2192600 533686 506 125613
2192614 533692 506 618
2192615 533692 506 596
2192616 533692 506 5407
2192617 533692 506 125606
2192628 533694 506 216
2192631 533696 506 19964
2192632 533696 506 816
2192633 533696 506 1367
2192636 533698 506 1367
2192637 533698 506 24096
2192638 533698 506 254
2192639 533698 506 816
2192640 533698 506 301
2192642 533700 506 1367
2192643 533700 506 540
2192644 533700 506 3
2192645 533700 506 458
2192646 533700 506 125880
2192647 533701 506 1367
2192648 533701 506 458
2192651 533703 506 1367
2192652 533703 506 816
2192653 533703 506 3
2192674 533708 506 1367
2192675 533708 506 507
2192681 533710 506 125747
2192682 533712 506 50449
2192696 533714 506 979
2192697 533714 506 70
2192698 533714 506 3
2192726 533725 506 41747
2192727 23623 506 125613
2192728 533726 506 1178
2192729 533726 506 79
2192730 533726 506 865
2192738 533729 506 125870
2192739 533729 506 818
2192740 533729 506 24302
2192741 533730 506 507
2192742 533730 506 1169
2192743 533730 506 540
2192744 533730 506 28269
2192745 533730 506 125602
2192746 533730 506 125607
2192747 533731 506 301
2192748 533731 506 254
2192749 533731 506 125883
2192750 302836 506 220
2192751 302836 506 1172
2192752 302836 506 4267
2192753 302836 506 125613
2192754 302836 506 125871
2192755 302836 506 156
2192756 106975 506 125611
2192757 106975 506 507
2192758 106975 506 40
2192759 106975 506 28269
2192760 106975 506 1169
2192761 106975 506 125618
2192762 106975 506 125813
2192763 533732 506 125590
2192764 533732 506 1257
2192765 533732 506 125600
2192766 533732 506 125601
2192767 533732 506 125573
2192768 533732 506 5306
2192807 533744 506 125
2192808 533744 506 3
2192809 533744 506 818
2192810 533744 506 540
2192811 533744 506 54
2192812 533744 506 4135
2192813 533744 506 17394
2192815 328028 506 125
2192816 328028 506 125575
2192817 533746 506 540
2192818 533746 506 391
2192819 533746 506 225
2192820 533746 506 643
2192821 533746 506 125
2192822 533746 506 301
2192823 533746 506 125608
2192835 533749 506 3394
2192836 533749 506 992
2192837 533749 506 40517
2192838 533749 506 40649
2192839 533749 506 301
2192840 533749 506 1057
2192841 533750 506 57523
2192842 533750 506 301
2192843 533750 506 125613
2192844 533750 506 125812
2192845 533750 506 254
2192846 533750 506 1057
2192847 1934666 506 254
2192848 1934666 506 57523
2192849 1934666 506 342
2192850 1934666 506 1057
2192851 1934666 506 3
2192852 1934666 506 125812
2192853 1934666 506 156
2192868 1934667 506 507
2192869 1934667 506 1169
2192870 1934667 506 125618
2192871 1934667 506 540
2192872 1934667 506 917
2192873 1934667 506 254
2192874 533754 506 917
2192924 533775 506 1257
2192925 533775 506 3663
2192926 533775 506 125590
2192931 533814 506 77
2192932 533814 506 125594
2192933 533823 506 80844
2192955 23648 506 4292
2192956 23648 506 3
2192957 23648 506 46
2192958 23648 506 1738
2192959 23648 506 125614
2192960 533817 506 1738
2192961 533817 506 4292
2192962 533817 506 77
2192963 533817 506 125614
2192970 23656 506 351
2192971 23656 506 125662
2192972 23656 506 24091
2192973 23656 506 3
2192974 23656 506 125593
2192975 23656 506 982
2192976 533820 506 982
2192977 533820 506 816
2192985 533821 506 6240
2192986 533821 506 40649
2192989 533826 506 125645
2192990 533826 506 125760
2193018 533832 506 5483
2193019 533832 506 276
2193020 533832 506 318
2193021 533832 506 818
2193022 533832 506 95395
2193023 533832 506 125608
2193024 533833 506 5483
2193025 533833 506 4245
2193026 533833 506 125602
2193027 533833 506 225
2193028 61683 506 156
2193029 61683 506 11316
2193030 61683 506 3
2193031 61683 506 818
2193032 61683 506 95709
2193033 61683 506 125614
2193051 533839 506 125657
2193052 533839 506 125658
2193053 533840 506 125590
2193054 533840 506 1257
2193055 533840 506 5306
2193056 533840 506 125600
2193057 533840 506 125601
2193058 533840 506 125573
2193059 533841 506 5306
2193060 533841 506 125608
2193061 533842 506 1257
2193062 533842 506 125573
2193063 533842 506 125590
2193064 533842 506 5306
2193065 533843 506 391
2193066 533844 506 19964
2193067 1521453 506 125
2193068 1521453 506 301
2193069 1521453 506 125573
2193070 1521453 506 643
2193071 533845 506 76
2193085 533847 506 27594
2193102 533851 506 125573
2193103 533851 506 125590
2193104 533851 506 1257
2193105 533851 506 125739
2193106 442262 506 125618
2193148 533860 506 18723
2193149 533861 506 301
2193150 533861 506 125621
2193151 533861 506 125608
2193183 533868 506 125578
2193184 533868 506 2217
2193185 533868 506 56112
2193186 533868 506 23812
2193187 533868 506 124279
2193188 533868 506 125580
2193189 533868 506 507
2193190 274486 506 28381
2193191 533869 506 70
2193192 533869 506 40517
2193193 533869 506 40507
2193212 23705 506 4292
2193213 23705 506 3
2193214 23705 506 125891
2193215 23705 506 125614
2193218 533876 506 507
2193219 533876 506 1169
2193220 533876 506 125618
2193221 533876 506 540
2193222 533876 506 125726
2193246 1013546 506 1918
2193247 1013546 506 24864
2193248 1013546 506 507
2193249 1013546 506 5026
2193250 1013546 506 221
2193251 1013546 506 2150
2193258 533886 506 818
2193259 533886 506 540
2193260 533886 506 3
2193261 533887 506 125626
2193269 533891 506 540
2193270 533891 506 818
2193271 533891 506 225
2193272 533891 506 1367
2193273 533891 506 220
2193274 533891 506 816
2193275 533891 506 301
2193312 533901 506 5006
2193313 533901 506 125893
2193314 533902 506 4027
2193315 533902 506 125597
2193316 533902 506 125894
2193317 533902 506 40
2193318 533903 506 254
2193319 533903 506 125667
2193320 533903 506 4247
2193321 533903 506 4385
2193322 21181 506 4292
2193323 21181 506 139
2193324 21181 506 3
2193325 21181 506 982
2193326 21181 506 254
2193327 21181 506 795
2193328 21181 506 125614
2193329 442315 506 24864
2193330 442315 506 1918
2193331 442315 506 254
2193332 442315 506 3663
2193333 442315 506 125647
2193334 533904 506 3
2193335 23724 506 138
2193336 23724 506 1937
2193337 23724 506 125614
2193338 533905 506 60361
2193339 533905 506 1178
2193340 533905 506 125895
2193342 533906 506 125618
2193343 533906 506 125
2193344 533907 506 125613
2193345 533907 506 125896
2193346 533908 506 540
2193347 533908 506 818
2193348 533909 506 225
2193349 533909 506 4245
2193350 533909 506 103910
2193351 533910 506 125633
2193352 533910 506 125
2193353 533910 506 125608
2193354 157415 506 125
2193355 157415 506 216
2193356 157415 506 80
2193357 157415 506 1738
2193358 157415 506 262
2193359 533911 506 216
2193360 533911 506 125633
2193361 533911 506 125614
2193396 533919 506 41870
2193397 533919 506 125590
2193398 533919 506 1257
2193399 533919 506 125739
2193400 533919 506 125573
2193401 161339 506 1819
2193402 161339 506 1021
2193403 161339 506 276
2193404 161339 506 139
2193405 161339 506 2990
2193406 161339 506 709
2193407 161339 506 125614
2193410 533922 506 3
2193430 1934671 506 216
2193431 1934671 506 698
2193432 1934671 506 276
2193433 1934671 506 220
2193434 1934671 506 1890
2193435 1934671 506 109726
2193436 1934671 506 188
2193447 1934673 506 276
2193448 1934673 506 781
2193449 1934673 506 88152
2193450 1934673 506 301
2193451 533943 506 156
2193452 533943 506 125614
2193453 533943 506 68322
2193454 533943 506 276
2193455 533943 506 15733
2193456 533943 506 240
2193457 533943 506 620
2193471 533946 506 125613
2193472 533946 506 276
2193473 533946 506 125623
2193475 1934675 506 216
2193476 1934675 506 276
2193477 1934675 506 698
2193478 1934675 506 305
2193479 1934675 506 6230
2193480 1934675 506 1160
2193481 1934675 506 1884
2193482 533929 506 216
2193483 533929 506 698
2193484 533929 506 276
2193485 533929 506 305
2193486 533929 506 10363
2193487 533929 506 125614
2193488 533948 506 391
2193489 533948 506 540
2193490 533948 506 818
2193491 533948 506 3
2193492 533948 506 276
2193493 533948 506 30
2193494 533930 506 818
2193495 533930 506 391
2193496 533930 506 276
2193497 533930 506 156
2193498 533930 506 388
2193499 533930 506 5483
2193500 533930 506 301
2193509 533951 506 391
2193510 533951 506 5831
2193511 533951 506 276
2193512 533951 506 4385
2193513 533951 506 3060
2193514 533951 506 1414
2193515 533951 506 818
2193516 533932 506 301
2193517 533932 506 276
2193518 533932 506 2161
2193519 533952 506 125582
2193520 533952 506 276
2193521 533952 506 125635
2193522 533952 506 124279
2193523 533952 506 125573
2193524 533952 506 5306
2193539 533957 506 28340
2193540 533957 506 2217
2193541 533957 506 23812
2193546 533935 506 3
2193547 533935 506 301
2193548 533935 506 276
2193549 533935 506 125613
2193550 533935 506 156
2193563 533936 506 276
2193564 533936 506 1057
2193565 533936 506 4967
2193566 533936 506 301
2193567 533936 506 2161
2193568 533936 506 125812
2193594 533938 506 276
2193595 533938 506 125
2193596 533938 506 112381
2193597 533938 506 301
2193598 57062 506 77
2193599 57062 506 276
2193600 57062 506 125
2193610 338835 506 4302
2193611 338835 506 125
2193612 338835 506 1704
2193613 338835 506 301
2193614 338835 506 124279
2193615 338835 506 507
2193616 338835 506 917
2193617 338835 506 276
2193618 338835 506 125583
2193621 533939 506 276
2193622 533939 506 3640
2193623 533939 506 301
2193624 533939 506 125583
2193639 533978 506 276
2193640 533978 506 125583
2193653 533979 506 301
2193654 533979 506 276
2193655 533979 506 125659
2193656 533979 506 125583
2193657 533942 506 3
2193658 533942 506 301
2193659 533942 506 540
2193660 533942 506 276
2193661 533942 506 240
2193662 533942 506 4234
2193663 533942 506 1819
2193664 533942 506 15733
2193665 533942 506 125575
2193666 533942 506 125608
2193671 533981 506 125
2193672 533981 506 276
2193677 533983 506 125582
2193678 533983 506 125573
2193679 533983 506 124279
2193680 533983 506 276
2193683 533985 506 276
2193684 533945 506 125665
2193685 533945 506 276
2193686 533945 506 5907
2193687 533947 506 276
2193692 533962 506 3
2193693 533962 506 540
2193694 533962 506 276
2193695 533962 506 307
2193696 533962 506 125614
2193697 409437 506 276
2193698 26350 506 125
2193699 26350 506 276
2193700 26350 506 5962
2193701 533969 506 318
2193702 533969 506 276
2193703 533969 506 6558
2193704 533969 506 2301
2193705 533969 506 125608
2193706 533971 506 276
2193707 533971 506 301
2193708 533971 506 125611
2193709 533971 506 1704
2193711 533975 506 276
2193712 533975 506 5728
2193713 533975 506 220
2193714 533975 506 125614
2193718 447038 506 276
2193726 533990 506 125642
2193727 533990 506 3
2193728 533990 506 1168
2193738 533992 506 125642
2193739 533992 506 3
2193740 533993 506 125630
2193741 533993 506 2631
2193742 533993 506 125642
2193743 533994 506 4027
2193744 533994 506 40
2193745 533994 506 125589
2193746 533994 506 1257
2193747 533994 506 125590
2193768 534001 506 40
2193769 534001 506 125574
2193770 534001 506 301
2193771 534001 506 507
2193787 85189 506 46
2193788 534007 506 3394
2193789 534007 506 4019
2193790 534007 506 301
2193791 534007 506 1057
2193797 534009 506 507
2193798 534009 506 1169
2193799 534009 506 125618
2193800 534009 506 540
2193801 534009 506 125726
2193815 534014 506 391
2193816 534014 506 388
2193817 534014 506 1257
2193826 316951 506 125613
2193827 316951 506 301
2193828 316951 506 17394
2193896 534035 506 125655
2193897 534035 506 57536
2193898 534035 506 125615
2193899 534035 506 125906
2193916 448085 506 1779
2193917 448085 506 388
2193918 448085 506 40517
2193919 448085 506 40507
2193920 448085 506 125
2193992 123955 506 125889
2193993 123955 506 17394
2194002 534051 506 28269
2194003 534051 506 5306
2194004 534051 506 125633
2194005 534051 506 125602
2194015 534055 506 125623
2194016 534055 506 254
2194017 534055 506 125589
2194018 534055 506 1257
2194019 534055 506 125590
2194020 534055 506 301
2194021 534055 506 125907
2194022 534056 506 28269
2194023 534056 506 523
2194024 534056 506 507
2194025 534056 506 125607
2194026 534057 506 125908
2194027 534057 506 912
2194028 484147 506 125
2194029 484147 506 540
2194030 484147 506 254
2194031 484147 506 125585
2194032 484147 506 301
2194063 29854 506 254
2194064 29854 506 3
2194065 29854 506 301
2194066 29854 506 125585
2194075 534065 506 70
2194080 534068 506 3
2194081 534068 506 301
2194082 534068 506 540
2194083 534068 506 391
2194084 534068 506 3394
2194085 534068 506 156
2194086 534069 506 125831
2194087 534069 506 13853
2194088 534069 506 125747
2194089 534069 506 8577
2194090 534069 506 9983
2194091 534069 506 125749
2194092 534069 506 125750
2194098 534071 506 41681
2194099 534071 506 125582
2194100 534071 506 125573
2194101 534071 506 124279
2194102 534071 506 125642
2194107 183853 506 458
2194132 534078 506 125613
2194133 534079 506 125774
2194134 534079 506 125573
2194135 534079 506 124279
2194136 534079 506 5306
2194137 534079 506 125635
2194138 137969 506 125
2194139 137969 506 1738
2194140 137969 506 46
2194152 86616 506 216
2194153 86616 506 305
2194154 86616 506 5933
2194155 86616 506 120
2194156 86616 506 125
2194157 86616 506 14851
2194158 250607 506 125689
2194159 250607 506 255
2194189 534093 506 125584
2194190 534093 506 818
2194191 534093 506 13853
2194192 23817 506 307
2194193 23817 506 3
2194194 23817 506 1653
2194196 1934681 506 301
2194197 1934681 506 125585
2194198 1934681 506 125667
2194199 1934681 506 4247
2194200 1934681 506 57523
2194201 1934681 506 391
2194202 1934681 506 3394
2194203 1934681 506 1239
2194204 1934681 506 540
2194205 1934681 506 1704
2194206 1934682 506 216
2194207 1934682 506 698
2194208 1934682 506 276
2194209 1934682 506 5330
2194210 1934682 506 540
2194211 1934682 506 10363
2194212 1934682 506 6862
2194213 281771 506 992
2194214 281771 506 41157
2194215 281771 506 1122
2194216 281771 506 894
2194217 281771 506 3394
2194218 534095 506 3
2194219 534095 506 125575
2194220 534095 506 254
2194221 534095 506 125590
2194222 534095 506 301
2194223 534112 506 125
2194224 534112 506 3
2194225 534112 506 301
2194226 534112 506 540
2194227 534112 506 254
2194228 534112 506 391
2194229 534112 506 818
2194230 534112 506 125590
2194231 534112 506 29224
2194241 534097 506 276
2194242 534097 506 67545
2194243 534097 506 125575
2194244 534097 506 301
2194245 534097 506 4234
2194246 534097 506 2990
2194247 534097 506 1819
2194248 534097 506 125602
2194260 534098 506 301
2194261 534098 506 425
2194262 534098 506 19962
2194263 534098 506 19964
2194264 534098 506 124279
2194265 534098 506 125597
2194281 534118 506 28269
2194282 534118 506 507
2194283 534118 506 41681
2194284 534118 506 125635
2194285 534118 506 125573
2194286 534118 506 5306
2194287 534119 506 125582
2194288 534119 506 818
2194289 534119 506 125635
2194290 534119 506 5306
2194291 534119 506 125573
2194292 534120 506 125589
2194293 534120 506 125600
2194294 534120 506 1257
2194295 534120 506 125590
2194296 534120 506 125826
2194297 534100 506 540
2194298 534100 506 391
2194299 534100 506 79
2194300 534100 506 818
2194301 534100 506 4385
2194302 534100 506 125608
2194306 524538 506 125
2194307 524538 506 3
2194308 524538 506 254
2194309 524538 506 3394
2194310 524538 506 1057
2194311 524538 506 992
2194312 524538 506 1838
2194313 524538 506 125603
2194314 524539 506 3394
2194315 524539 506 1057
2194316 524539 506 992
2194317 524539 506 596
2194318 524539 506 40
2194319 524539 506 240
2194320 524539 506 4323
2194321 524539 506 366
2194322 524539 506 125608
2194323 524539 506 125606
2194324 524539 506 125629
2194325 534122 506 3640
2194326 534122 506 2161
2194327 534122 506 1918
2194328 534122 506 2631
2194329 534122 506 24864
2194330 167489 506 125728
2194331 167489 506 125590
2194332 167489 506 1257
2194333 167489 506 125826
2194334 534123 506 540
2194335 534123 506 254
2194336 534123 506 225
2194337 534123 506 125662
2194338 534123 506 125613
2194339 534123 506 301
2194341 167492 506 254
2194342 167492 506 5306
2194343 167492 506 1257
2194344 167492 506 4323
2194345 167492 506 125590
2194346 167492 506 125655
2194347 167492 506 125826
2194348 534127 506 276
2194349 534127 506 77
2194350 534127 506 2603
2194351 534127 506 978
2194352 534127 506 254
2194353 534127 506 125826
2194361 534129 506 125
2194362 534129 506 254
2194363 534129 506 225
2194364 534129 506 40649
2194365 534129 506 28269
2194366 534129 506 301
2194377 534102 506 13853
2194378 534132 506 41870
2194379 534132 506 3125
2194380 534132 506 125731
2194381 534132 506 125739
2194382 534132 506 125590
2194383 534132 506 125589
2194384 534132 506 125573
2194394 534135 506 540
2194395 534135 506 127
2194396 534135 506 13853
2194397 534135 506 9983
2194398 534135 506 125613
2194399 534135 506 301
2194400 534135 506 156
2194405 534105 506 156
2194406 534105 506 15412
2194407 534105 506 254
2194408 534105 506 125602
2194409 534105 506 28269
2194410 534105 506 125627
2194411 534143 506 125613
2194412 534143 506 301
2194413 534143 506 318
2194424 534144 506 125613
2194425 534144 506 125913
2194426 534145 506 3
2194427 534145 506 125613
2194428 534145 506 301
2194429 534145 506 4573
2194430 534145 506 40649
2194431 534145 506 156
2194432 146056 506 156
2194433 146056 506 638
2194434 146056 506 818
2194435 146056 506 540
2194436 146056 506 5661
2194437 146056 506 3
2194438 146056 506 79
2194446 534108 506 391
2194447 534108 506 4502
2194448 534108 506 540
2194449 534108 506 225
2194450 534108 506 119032
2194451 534108 506 79
2194452 534109 506 540
2194453 534109 506 818
2194454 534109 506 391
2194455 534109 506 225
2194456 534109 506 156
2194457 534109 506 4245
2194458 534109 506 4974
2194459 534109 506 254
2194460 534109 506 301
2194461 534110 506 156
2194462 534110 506 2861
2194463 534110 506 540
2194464 534110 506 523
2194465 534110 506 917
2194466 534110 506 125602
2194467 534110 506 124279
2194468 534146 506 125613
2194469 534146 506 125635
2194470 534146 506 125573
2194471 534146 506 124279
2194472 534146 506 5306
2194473 21653 506 125
2194474 21653 506 3
2194475 21653 506 301
2194476 21653 506 540
2194477 21653 506 4573
2194478 21653 506 125613
2194479 21653 506 4247
2194480 21653 506 156
2194481 534111 506 156
2194482 534111 506 540
2194483 534111 506 3
2194484 534111 506 3811
2194485 534111 506 4573
2194486 534111 506 125621
2194487 534111 506 125608
2194488 534147 506 2217
2194489 534147 506 23812
2194490 534147 506 56112
2194491 534147 506 125578
2194492 534147 506 124279
2194493 534147 506 125683
2194494 534147 506 125580
2194502 534113 506 917
2194503 534113 506 507
2194504 534113 506 28269
2194508 534117 506 391
2194509 21876 506 5907
2194510 21876 506 698
2194511 21876 506 125
2194512 21876 506 5507
2194513 21876 506 254
2194514 21876 506 1808
2194515 21876 506 125614
2194520 534125 506 391
2194521 534125 506 818
2194522 534125 506 52657
2194523 534126 506 816
2194534 534128 506 992
2194535 534128 506 894
2194536 534128 506 734
2194540 534131 506 125
2194541 534131 506 254
2194542 534131 506 225
2194543 534131 506 4234
2194546 534134 506 125
2194547 534134 506 125633
2194548 534137 506 1169
2194549 534137 506 254
2194550 534137 506 225
2194551 534138 506 507
2194552 534138 506 1169
2194553 534138 506 125618
2194554 534138 506 540
2194555 534138 506 6240
2194556 477361 506 1367
2194557 477361 506 5939
2194558 534139 506 391
2194559 534152 506 76
2194560 534152 506 635
2194561 534152 506 20360
2194562 534152 506 125621
2194563 534152 506 4332
2194564 534140 506 7561
2194598 534159 506 1738
2194599 534159 506 125
2194600 534159 506 527
2194601 534159 506 40649
2194605 1934683 506 156
2194606 534164 506 4857
2194607 534164 506 125916
2194613 79848 506 507
2194614 79848 506 1169
2194615 79848 506 125618
2194616 79848 506 540
2194617 79848 506 3
2194618 79848 506 861
2194619 79848 506 2086
2194620 79848 506 125614
2194629 534168 506 125633
2194654 534171 506 816
2194660 534176 506 125
2194661 534176 506 125602
2194662 534176 506 125607
2194663 534176 506 28269
2194664 534177 506 24095
2194665 534177 506 125573
2194666 534177 506 1257
2194667 534178 506 125630
2194668 534179 506 7561
2194669 534180 506 125609
2194670 534181 506 16
2194671 534181 506 125613
2194672 534182 506 125602
2194673 534182 506 103910
2194674 534182 506 28269
2194675 534182 506 301
2194676 534182 506 125573
2194677 534182 506 30
2194678 534182 506 76
2194697 534189 506 125919
2194698 534189 506 13853
2194699 534189 506 79
2194700 534189 506 3
2194701 534189 506 125584
2194702 534189 506 4385
2194703 484467 506 98577
2194704 484467 506 79
2194705 484467 506 3
2194706 484467 506 1367
2194707 484467 506 4292
2194708 484467 506 125920
2194740 534199 506 1779
2194741 534199 506 216
2194742 534199 506 1738
2194743 534200 506 125
2194744 534200 506 540
2194746 534202 506 992
2194747 534202 506 4230
2194748 534202 506 3394
2194749 534202 506 1122
2194750 534203 506 240
2194751 534203 506 4247
2194752 534203 506 125575
2194753 302055 506 1025
2194754 302055 506 78
2194755 302055 506 3240
2194756 302055 506 187
2194757 302055 506 10654
2194758 302055 506 225
2194759 302055 506 125623
2194767 534205 506 3394
2194768 534205 506 301
2194769 534205 506 125603
2194770 534205 506 125618
2194771 534206 506 3394
2194772 534206 506 992
2194773 534206 506 38624
2194774 534206 506 125618
2194778 534208 506 254
2194779 534208 506 1257
2194780 534208 506 125589
2194781 534208 506 125601
2194782 534208 506 125600
2194783 534208 506 125573
2194784 534208 506 125590
2194787 305664 506 5306
2194788 305664 506 19962
2194789 305664 506 19964
2194790 305664 506 125573
2194791 305664 506 124279
2194797 534211 506 301
2194798 534211 506 77
2194799 534211 506 5407
2194800 534211 506 124724
2194801 1934684 506 3
2194802 1934684 506 540
2194803 1934684 506 254
2194804 1934684 506 125608
2194805 1934684 506 125623
2194806 1934684 506 301
2194807 1934684 506 125674
2194808 534212 506 254
2194809 534212 506 225
2194810 534212 506 125623
2194811 534212 506 912
2194812 534212 506 301
2194813 534212 506 125608
2194852 534221 506 58225
2194853 534221 506 125613
2194854 534221 506 77
2194855 534221 506 4573
2194856 534221 506 2631
2194884 67841 506 3
2194885 534228 506 125688
2194886 534228 506 1979
2194887 534228 506 2631
2194888 534228 506 125583
2194890 6627 506 507
2194891 6627 506 1169
2194892 6627 506 125618
2194893 6627 506 540
2194908 534233 506 125
2194909 534233 506 2631
2194910 534233 506 138
2194911 534233 506 225
2194912 534233 506 125623
2194913 534233 506 1704
2194914 534233 506 5019
2194915 534233 506 125620
2194941 6657 506 816
2194948 534242 506 138
2194949 534242 506 44
2194950 534242 506 3
2194951 534242 506 46
2194952 534242 506 225
2194969 254442 506 125
2194970 254442 506 125633
2194974 534247 506 125582
2194975 534247 506 125635
2194976 534247 506 125573
2194977 534247 506 5306
2194978 534248 506 3663
2194979 534248 506 1057
2194980 534248 506 125647
2194981 534248 506 28269
2194982 534248 506 125608
2194983 534250 506 540
2194984 534250 506 3
2194985 534250 506 225
2194986 534250 506 125
2194987 534250 506 28269
2195015 1934686 506 5371
2195016 1934686 506 225
2195017 1934686 506 818
2195018 1934686 506 540
2195019 1934686 506 156
2195020 1934686 506 1160
2195021 1934686 506 1731
2195022 1934686 506 301
2195024 534262 506 225
2195025 534262 506 818
2195026 534263 506 125661
2195056 534271 506 507
2195057 534271 506 1169
2195058 534271 506 540
2195059 534271 506 301
2195060 534271 506 125608
2195069 534274 506 3257
2195070 534274 506 301
2195071 534274 506 1057
2195075 534276 506 125858
2195076 534276 506 125
2195077 534276 506 51250
2195080 534278 506 254
2195081 534278 506 276
2195082 534278 506 225
2195083 534278 506 507
2195084 534278 506 5907
2195085 534278 506 917
2195091 534281 506 1122
2195092 534281 506 3394
2195093 534281 506 992
2195096 534283 506 5407
2195097 534283 506 125606
2195098 534283 506 507
2195099 1934687 506 216
2195100 1934687 506 3122
2195101 1934687 506 53
2195102 1934687 506 79
2195103 1934687 506 305
2195104 1934687 506 276
2195105 1934687 506 30
2195106 1934687 506 108247
2195107 1934687 506 61341
2195111 6776 506 292
2195175 534332 506 3394
2195176 534332 506 992
2195177 534332 506 1122
2195201 534302 506 156
2195202 534303 506 507
2195203 534303 506 125927
2195204 534303 506 72391
2195205 261360 506 3
2195206 261360 506 540
2195207 261360 506 4502
2195208 261360 506 1704
2195209 261360 506 50668
2195210 261360 506 334
2195219 534305 506 3
2195220 534305 506 540
2195221 534305 506 818
2195222 534305 506 301
2195223 534305 506 40
2195224 534305 506 125574
2195225 534305 506 125697
2195226 534305 506 125608
2195232 534306 506 276
2195233 534306 506 125621
2195234 534306 506 97509
2195235 534306 506 503
2195236 534338 506 540
2195237 534338 506 912
2195238 534338 506 917
2195239 534338 506 41222
2195240 534339 506 917
2195241 534339 506 2785
2195242 534339 506 507
2195298 534315 506 24096
2195310 534319 506 27594
2195326 534335 506 4385
2195327 534335 506 540
2195328 534335 506 125657
2195354 429292 506 216
2195355 429292 506 1738
2195356 429292 506 125
2195357 429292 506 1325
2195368 534363 506 540
2195369 534363 506 276
2195370 534363 506 225
2195371 534363 506 643
2195372 534363 506 4061
2195373 534363 506 301
2195388 518022 506 3
2195389 518022 506 4292
2195390 518022 506 125
2195391 518022 506 125633
2195392 518022 506 1367
2195393 518022 506 507
2195394 518022 506 816
2195395 518022 506 125614
2195403 305799 506 125
2195404 305799 506 3394
2195405 305799 506 1057
2195406 305799 506 992
2195407 305799 506 301
2195422 534383 506 3394
2195423 534383 506 125
2195424 534383 506 139
2195425 534383 506 126
2195426 534383 506 1779
2195427 534383 506 6729
2195428 534383 506 125603
2195437 534389 506 3394
2195438 534389 506 1057
2195439 534389 506 992
2195440 534389 506 80844
2195441 534389 506 254
2195442 534389 506 301
2195450 534398 506 3394
2195451 534398 506 104
2195452 534398 506 301
2195453 534399 506 3394
2195454 534399 506 1057
2195455 534399 506 992
2195456 534399 506 321
2195457 534399 506 55462
2195475 534377 506 3394
2195476 534377 506 125655
2195477 534377 506 254
2195478 534377 506 1057
2195480 534382 506 3394
2195481 534382 506 4292
2195482 534382 506 1057
2195483 534382 506 992
2195484 534382 506 125603
2195486 534388 506 992
2195487 534388 506 3394
2195494 534392 506 992
2195495 534392 506 3394
2195499 534394 506 992
2195500 534394 506 3394
2195506 534400 506 3394
2195507 534400 506 1178
2195515 534402 506 1122
2195536 534412 506 2861
2195537 534412 506 125
2195541 534411 506 2861
2195542 534411 506 156
2195543 534411 506 523
2195544 534411 506 4272
2195545 534411 506 125933
2195546 534411 506 72
2195558 534418 506 388
2195559 534418 506 458
2195560 534419 506 391
2195561 534419 506 2161
2195566 534421 506 125573
2195567 534421 506 125615
2195571 534423 506 2631
2195572 534423 506 124279
2195573 534423 506 125934
2195574 534424 506 540
2195575 534424 506 818
2195576 534424 506 643
2195577 534424 506 507
2195578 534424 506 301
2195579 534424 506 125608
2195580 534425 506 276
2195581 534425 506 540
2195582 534425 506 79
2195583 534425 506 818
2195584 534425 506 301
2195585 534425 506 643
2195586 534425 506 125608
2195600 534429 506 301
2195601 534429 506 4573
2195602 534429 506 125613
2195603 534429 506 125602
2195604 534429 506 80525
2195605 534429 506 156
2195627 534432 506 391
2195641 79875 506 507
2195642 79875 506 1122
2195643 79875 506 125614
2195644 534437 506 2217
2195645 534437 506 125573
2195646 534437 506 125578
2195647 534437 506 125580
2195655 1934693 506 56112
2195656 1934693 506 125836
2195657 1934693 506 2217
2195658 1934693 506 23812
2195659 1934693 506 125935
2195660 1934693 506 917
2195661 1934693 506 301
2195662 1934693 506 125580
2195666 534440 506 391
2195667 534441 506 391
2195668 534442 506 254
2195669 534442 506 125575
2195670 534442 506 3
2195671 534442 506 125936
2195672 534443 506 540
2195673 534443 506 818
2195674 534443 506 125
2195675 534443 506 138
2195676 534443 506 4651
2195677 534444 506 125613
2195678 534444 506 225
2195679 534444 506 125623
2195680 534444 506 254
2195681 534444 506 301
2195682 534444 506 156
2195686 534446 506 125623
2195687 534446 506 301
2195688 534447 506 125611
2195689 534447 506 1918
2195690 534447 506 301
2195691 534447 506 2161
2195692 534447 506 125583
2195704 534450 506 7561
2195705 534451 506 1325
2195735 534458 506 125613
2195736 534458 506 125602
2195737 534458 506 301
2195738 534458 506 156
2195853 534492 506 125642
2195854 534492 506 124279
2195855 534492 506 125573
2195856 534492 506 301
2195857 534492 506 125582
2195858 534492 506 125705
2195859 534493 506 125
2195860 534493 506 301
2195861 534493 506 7413
2195868 534495 506 125741
2195869 534496 506 5407
2195870 534496 506 45824
2195871 534496 506 596
2195903 534501 506 125630
2195904 534501 506 28614
2195907 534502 506 125573
2195908 534502 506 125590
2195909 534502 506 125589
2195910 534502 506 5593
2195911 534502 506 125600
2195912 534502 506 1257
2195913 534502 506 125601
2195914 534502 506 125591
2195915 534503 506 992
2195916 534503 506 1122
2195917 534503 506 4230
2195918 534503 506 13853
2195919 534503 506 127
2195920 534504 506 125582
2195921 534504 506 125573
2195922 534504 506 124279
2195923 534504 506 125635
2195924 534504 506 5306
2195953 511952 506 24864
2195959 534512 506 124279
2195960 534513 506 125613
2195961 534513 506 81124
2195965 46395 506 1325
2196048 534528 506 125602
2196049 534528 506 301
2196050 534528 506 103910
2196051 534528 506 125674
2196072 534533 506 6604
2196073 534533 506 818
2196109 534541 506 156
2196110 534541 506 125602
2196111 534541 506 523
2196112 534541 506 540
2196113 534541 506 28269
2196114 534541 506 125682
2196115 534542 506 3
2196116 534542 506 301
2196117 534542 506 540
2196118 534542 506 818
2196119 534542 506 125602
2196120 534542 506 103910
2196121 534542 506 28269
2196137 41788 506 254
2196138 41788 506 1325
2196139 41788 506 108
2196140 41788 506 527
2196141 41788 506 46
2196142 41788 506 1049
2196143 41788 506 1738
2196144 41788 506 125614
2196181 534558 506 125
2196182 534558 506 912
2196183 534558 506 507
2196184 534558 506 125618
2196192 6985 506 507
2196193 6985 506 1169
2196194 6985 506 125618
2196195 6985 506 540
2196196 6985 506 2785
2196197 6985 506 917
2196198 6985 506 125614
2196225 524722 506 301
2196226 524722 506 4573
2196227 524722 506 125613
2196228 524722 506 156
2196229 534569 506 540
2196230 534569 506 225
2196231 534569 506 125584
2196236 534571 506 125
2196237 534571 506 540
2196238 534571 506 225
2196239 534571 506 220
2196240 534571 506 301
2196241 534571 506 4502
2196242 534572 506 4974
2196243 534572 506 254
2196244 534572 506 301
2196245 534572 506 220
2196246 534572 506 4196
2196247 534572 506 818
2196248 534572 506 540
2196283 442787 506 540
2196284 442787 506 13010
2196285 442787 506 3
2196286 442787 506 79
2196287 442787 506 818
2196288 442787 506 4502
2196289 442787 506 125614
2196290 534582 506 507
2196291 534582 506 125614
2196294 397118 506 3
2196295 397118 506 4292
2196296 88239 506 507
2196297 88239 506 125618
2196298 88239 506 24095
2196299 88239 506 3
2196300 88239 506 1057
2196301 88239 506 28269
2196302 534584 506 125945
2196303 534584 506 125618
2196304 534584 506 1057
2196305 534584 506 507
2196311 534587 506 125575
2196312 534587 506 540
2196313 534587 506 125608
2196684 534682 506 124279
2196685 534682 506 2837
2196686 534682 506 301
2196687 534682 506 125684
2196939 534744 506 125620
2196940 534744 506 125
2196943 534755 506 301
2196944 534755 506 3640
2196945 534755 506 125611
2197013 534776 506 3394
2197014 534776 506 388
2197015 534776 506 125603
2197089 534799 506 20016
2197090 534799 506 125589
2197091 534799 506 1257
2197092 534799 506 125600
2197093 534799 506 125601
2197094 534799 506 5593
2197095 534799 506 125683
2197096 534799 506 125590
2197128 87206 506 125620
2197129 87206 506 125649
2197138 534809 506 28269
2197139 534809 506 125602
2197140 472053 506 125613
2197146 534811 506 6240
2197149 534813 506 41681
2197150 534813 506 125582
2197151 534813 506 5306
2197152 534813 506 125635
2197153 534813 506 125573
2197161 534815 506 125744
2197162 534815 506 125634
2197163 534815 506 125766
2197194 534822 506 12125
2197269 534839 506 125
2197270 534839 506 318
2197271 534839 506 125665
2197272 534839 506 125963
2197448 534895 506 507
2197449 534895 506 125607
2197450 534895 506 28269
2197451 534896 506 15498
2197452 534896 506 87937
2197453 534896 506 24095
2197454 534896 506 240
2197455 534896 506 28269
2197585 534940 506 125645
2197586 534940 506 254
2197768 534975 506 125605
2197769 534975 506 5522
2197770 534975 506 125626
2197825 534988 506 125813
2197826 534988 506 507
2197827 534988 506 1169
2197828 534988 506 125618
2197829 534988 506 540
2197830 534988 506 7413
2197831 534988 506 125607
2197832 535038 506 125595
2197833 535038 506 125645
2197957 535037 506 125645
2197958 535037 506 125595
2197959 535039 506 125645
2197960 535040 506 125645
2197961 535090 506 125626
2198044 535088 506 125607
2198045 535089 506 125607
2198214 13909 506 125611
2198215 13909 506 125
2198216 13909 506 1704
2198217 13909 506 1257
2198218 13909 506 125981
2198219 13909 506 116564
2198220 13909 506 125637
2198441 535213 506 458
2198442 535213 506 125609
2198443 535213 506 3
2198450 451874 506 28615
2198451 451874 506 125623
2198452 451874 506 1738
2198462 7072 506 5407
2198463 7072 506 77
2198465 535218 506 216
2198471 535220 506 38597
2198472 535221 506 38597
2198473 535221 506 13853
2198474 535222 506 77
2198475 535222 506 3640
2198476 535222 506 1918
2198477 535222 506 24864
