133033 36127 51 77
133034 36127 51 9526
133037 36129 51 3239
133038 36130 51 574
133039 36130 51 9523
133040 3879 51 70
133041 3879 51 53
133044 36132 51 311
133045 36132 51 44
133046 36132 51 301
133047 36132 51 39
133048 36133 51 875
133049 36133 51 9527
133050 36134 51 9528
133051 36134 51 6712
133092 23229 51 301
133093 23229 51 1119
133094 23229 51 9530
133100 36158 51 285
133101 36158 51 1058
133102 36158 51 1119
133103 36158 51 3355
133131 36169 51 285
133132 36169 51 9543
133133 36169 51 2081
133152 5265 51 39
133153 5265 51 1119
133154 5265 51 587
133171 36183 51 9546
133172 36183 51 1230
133173 36183 51 9433
133197 5700 51 1664
133208 52 51 638
133209 52 51 9551
133223 36203 51 77
133224 36203 51 276
133225 36203 51 606
133226 36203 51 2230
133229 36205 51 276
133230 36205 51 1819
133231 36205 51 369
133245 36212 51 638
133246 36212 51 1819
133247 36212 51 6014
133248 36212 51 6315
133249 36212 51 1119
133271 36225 51 2564
133272 36225 51 1901
133273 36225 51 4490
133283 36229 51 7586
133284 36229 51 225
133294 36234 51 40
133295 36234 51 3778
133296 36234 51 81
133297 36234 51 9564
133307 36237 51 104
133308 36237 51 1119
133309 36237 51 3594
133313 36238 51 104
133314 36238 51 638
133315 36238 51 39
133316 36239 51 276
133317 36239 51 469
133318 36239 51 39
133347 36253 51 276
133348 36253 51 1119
133349 36253 51 1786
133379 36266 51 3030
133380 36266 51 638
133381 36266 51 9539
133392 36272 51 734
133393 36272 51 285
133394 36272 51 1679
133398 36275 51 1169
133399 36275 51 3
133400 36275 51 29
133401 36275 51 4332
133417 36284 51 978
133418 36284 51 4444
133429 1399 51 1230
133430 1399 51 3
133431 1399 51 1040
133432 1399 51 301
133437 36291 51 285
133438 36291 51 1230
133439 36291 51 9577
133445 36294 51 374
133446 36294 51 285
133459 33198 51 301
133460 33198 51 2465
133483 36307 51 3778
133484 36308 51 90
133485 36308 51 638
133486 36308 51 7144
133498 36313 51 2161
133499 36313 51 301
133500 36313 51 39
133501 36313 51 44
133502 36313 51 374
133503 36313 51 9581
133512 36317 51 5076
133513 36317 51 285
133518 36320 51 1119
133519 36320 51 156
133523 1931 51 9535
133534 36327 51 125
133535 36327 51 3
133536 36327 51 302
133537 36327 51 1775
133538 36327 51 9584
133552 36331 51 9586
133566 36337 51 734
133567 36337 51 3594
