2599872 1938969 520 28
2599873 1938969 520 11
2599874 1938969 520 139
2599882 378518 520 140965
2599883 553246 520 753
2599884 553246 520 11
2599885 553246 520 2605
2599886 553246 520 155
2599887 553246 520 474
2599891 553248 520 28
2599892 553248 520 11
2599893 553248 520 138
2599894 553248 520 64
2599911 553253 520 140969
2599912 553253 520 140970
2599913 553253 520 1615
2599914 553253 520 140971
2599915 553253 520 121098
2599916 553253 520 140972
2599917 553253 520 38189
2599918 553253 520 140973
2599919 553253 520 66857
2599920 553253 520 111221
2599921 553253 520 140974
