2600123 553352 522 19341
2600124 553352 522 523
2600125 553352 522 2301
2600126 170900 522 19341
2600127 170900 522 2584
2600130 553354 522 23993
2600141 7463 522 19341
2600142 7463 522 523
2600143 7463 522 5306
2600144 7463 522 369
2600145 7463 522 9313
2600157 22817 522 101742
2600158 22817 522 20
2600165 87809 522 913
2600166 87809 522 90
2600167 87809 522 507
2600182 511596 522 19341
2600183 511596 522 369
2600186 151856 522 140778
2600187 151856 522 882
2600188 151856 522 141017
2600190 553371 522 644
2600191 553371 522 141018
2600192 553372 522 79789
2600193 553372 522 112738
2600194 553373 522 518
2600195 553373 522 79789
2600196 553374 522 141019
2600198 852 522 19341
2600199 852 522 285
2600202 171365 522 141021
2600203 171365 522 129340
2600206 553378 522 109252
2600207 553378 522 285
2600208 1938995 522 79789
2600209 1938995 522 4124
2600210 1640404 522 141022
2600211 1938996 522 79789
2600213 1938998 522 79789
2600214 553379 522 5969
2600215 553379 522 79789
2600216 553379 522 72
2600217 553380 522 79789
2600218 553380 522 357
2600219 553381 522 79789
2600220 553381 522 90
2600223 553383 522 5969
2600224 553383 522 141023
2600227 553385 522 8903
2600228 553385 522 11521
2600229 553386 522 98590
2600230 553386 522 8903
2600231 553386 522 11521
2600232 553386 522 141024
2600240 553389 522 11521
2600241 553389 522 285
2600242 267138 522 8903
2600243 267138 522 8820
2600244 267138 522 369
2600245 553390 522 8903
2600246 553390 522 11521
2600247 553390 522 141025
2600250 485458 522 184
2600251 485458 522 90
2600263 553398 522 98590
2600264 553399 522 35590
2600265 553399 522 2515
2600266 553399 522 882
2600278 553403 522 24024
2600279 553403 522 882
2600288 553407 522 141032
2600289 553407 522 47248
2600290 553407 522 530
2600291 553408 522 141005
2600292 553408 522 913
2600339 553426 522 141040
2600340 553426 522 141041
2600355 553434 522 8903
2600356 553434 522 1058
2600357 553434 522 11521
2600358 15909 522 24201
2600359 15909 522 7
2600360 553435 522 19341
2600361 553435 522 318
2600362 553435 522 369
2600381 182934 522 141043
2600382 553444 522 141031
2600383 553444 522 833
2600384 553444 522 1058
2600385 553444 522 9313
2600397 553448 522 2515
2600398 553448 522 1406
2600399 553448 522 141012
2600400 553449 522 35590
2600401 553449 522 2515
2600402 553449 522 141018
2600403 553450 522 35590
2600404 553451 522 35590
2600405 553451 522 4124
2600406 553451 522 141012
2600407 553452 522 141032
2600408 553452 522 2515
2600409 553452 522 882
2600410 553453 522 141032
2600411 553453 522 2515
2600412 553453 522 882
2600413 553454 522 35590
2600414 553454 522 2515
2600415 553454 522 882
2600416 553454 522 141032
2600417 553455 522 35590
2600418 553455 522 2515
2600419 553455 522 882
2600420 553456 522 35590
2600421 553456 522 882
2600422 553456 522 2515
2600423 553456 522 141016
2600424 553457 522 35590
2600425 553457 522 2515
2600426 553457 522 523
2600427 553458 522 35590
2600428 553458 522 2515
2600429 553458 522 141018
2600430 553459 522 35590
2600431 553459 522 882
2600434 553461 522 35590
2600435 553461 522 2469
2600436 553461 522 2515
2600437 553461 522 882
2600438 553461 522 141016
2600441 553463 522 141032
2600442 553463 522 47248
2600443 553463 522 882
2600444 553463 522 2515
2600445 553464 522 141032
2600446 553464 522 882
2600447 553464 522 47248
2600448 553464 522 2515
2600457 553467 522 141045
2600458 553467 522 141029
2600459 553468 522 19341
2600460 553468 522 129340
2600461 553468 522 369
2600462 553468 522 2014
2600463 8565 522 19341
2600464 8565 522 285
2600465 8565 522 138
2600467 1939001 522 141022
2600468 1939001 522 141029
2600469 1939001 522 486
2600479 553471 522 5969
2600480 553471 522 259
2600481 23264 522 129
2600482 23264 522 259
2600483 23264 522 285
2600501 174177 522 141041
2600502 174177 522 369
2600510 553480 522 19100
2600511 553480 522 141010
2600512 553481 522 141005
2600513 553481 522 507
2600517 553484 522 5969
2600518 553484 522 141018
2600525 35 522 19341
2600526 35 522 72
2600527 35 522 285
2600528 553486 522 19341
2600529 553486 522 141040
2600530 553486 522 16117
2600531 553486 522 369
2600532 553486 522 141049
2600533 553486 522 90
2600534 553486 522 486
2600535 15654 522 19341
2600536 15654 522 8035
2600537 15654 522 285
2600546 132746 522 19341
2600547 132746 522 285
2600548 132746 522 926
2600558 7462 522 19341
2600559 7462 522 138
2600560 7462 522 141029
2600561 552202 522 19341
2600562 552202 522 523
2600563 552202 522 5306
2600580 424863 522 19341
2600581 424863 522 369
2600582 504010 522 19341
2600583 504010 522 523
2600584 504010 522 5306
2600585 1935442 522 19341
2600586 1935442 522 4124
2600587 1935442 522 141012
2600588 1939005 522 141043
2600589 1939006 522 19341
2600590 1939006 522 141029
2600591 1939007 522 141029
2600592 1939007 522 19341
2600593 1939008 522 141043
2600594 1939009 522 141029
2600595 1939009 522 19341
2600596 1939010 522 141043
2600597 1939011 522 141029
2600598 1939011 522 19341
2600599 1939012 522 19341
2600600 1939012 522 141029
2600601 1936747 522 19341
2600602 1936747 522 24201
2600603 1936747 522 4124
2600616 553506 522 5969
2600617 553506 522 141008
2600620 1939013 522 141028
2600621 553508 522 72
2600622 553508 522 228
2600623 553509 522 5969
2600624 553509 522 90
2600625 553509 522 42148
2600634 5272 522 882
2600635 5272 522 35590
2600637 553514 522 79789
2600638 553514 522 357
2600641 553516 522 5969
2600642 553516 522 141008
2600667 553528 522 129340
2600668 553528 522 141021
2600675 553531 522 8566
2600676 553531 522 285
2600679 553533 522 141012
2600680 553533 522 8903
2600688 553538 522 35590
2600689 553538 522 882
2600690 553538 522 141012
2600705 323563 522 141019
2600706 323563 522 141022
2600714 553543 522 141049
2600715 553543 522 141055
2600726 553547 522 141049
2600727 553547 522 141045
2600728 553547 522 9313
2600736 553549 522 140778
2600737 553549 522 1406
2600738 553549 522 141012
2600746 1939017 522 141022
2600747 1939017 522 141015
2600748 1939017 522 7103
2600753 8800 522 19341
2600754 8800 522 129340
2600755 136990 522 20505
2600756 136990 522 44
2600757 136990 522 285
2600758 136990 522 1528
2600759 136990 522 141015
2600768 64390 522 19341
2600769 64390 522 285
2600770 64390 522 141016
2600785 553561 522 24201
2600786 553561 522 7
2600787 553561 522 256
2600788 553561 522 5939
2600789 553561 522 141008
2600799 553563 522 154
2600800 553563 522 369
2600802 553565 522 141018
2600803 553565 522 24024
2600804 553565 522 130115
2600819 553570 522 141029
2600820 553570 522 10523
2600821 1939024 522 5969
2600822 1939024 522 141052
2600823 553571 522 141018
2600824 553571 522 35590
2600827 476 522 129340
2600828 476 522 7
2600829 476 522 117
2600830 476 522 24201
2600831 51 522 24201
2600832 51 522 7
2600854 553581 522 5932
2600855 553581 522 141043
2600863 553585 522 141060
2600864 553586 522 90
2600865 553586 522 5932
2600866 553586 522 1147
2600870 553588 522 5969
2600871 553588 522 285
2600872 553588 522 9270
2600873 553589 522 5932
2600874 553589 522 1147
2600875 553589 522 1058
2600888 553595 522 141061
2600891 553597 522 141012
2600893 553598 522 5932
2600894 553598 522 1257
2600895 553599 522 24024
2600896 553599 522 285
2600897 553600 522 24024
2600898 553600 522 141029
2600899 553601 522 141055
2600900 553601 522 285
2600901 553601 522 15
2600902 553602 522 141040
2600903 553602 522 141055
2600904 43829 522 5932
2600905 43829 522 15
2600906 406801 522 109252
2600907 406801 522 15
2600908 553603 522 109252
2600909 553603 522 141062
2600910 21290 522 141040
2600911 21290 522 5932
2600912 21290 522 9313
2600913 32077 522 23993
2600914 32077 522 18113
2600915 32077 522 141052
2600916 32077 522 486
2600917 553604 522 141040
2600918 553604 522 18113
2600919 1939025 522 141028
2600920 55579 522 18113
2600921 55579 522 23993
2600922 55579 522 15
2600923 21316 522 5932
2600924 21316 522 369
2600925 21316 522 9313
2600929 553606 522 141045
2600930 553606 522 141040
2600931 553606 522 9313
2600932 553607 522 141045
2600933 553607 522 285
2600934 553607 522 15
2600935 553608 522 141045
2600936 553608 522 141029
2600937 553609 522 530
2600938 553609 522 141045
2600941 553610 522 530
2600942 553610 522 141045
2600943 553611 522 530
2600944 553611 522 141045
2600945 553612 522 530
2600946 553612 522 141045
2600947 553613 522 530
2600948 553613 522 141045
2600949 553614 522 530
2600950 553614 522 141045
2600958 553617 522 141012
2600959 553617 522 141019
2600960 553618 522 141019
2600972 553620 522 5969
2600973 1939029 522 141024
2600974 1939029 522 141028
2600992 553627 522 3290
2600993 553627 522 912
2600994 553627 522 2441
2600997 553629 522 4947
2600998 553629 522 4124
2600999 553630 522 141038
2601000 553630 522 90
2601006 553632 522 913
2601007 553632 522 72
2601008 553632 522 16117
2601022 553638 522 141052
2601023 553638 522 141014
2601029 553641 522 24024
2601030 553641 522 130115
2601031 553641 522 141018
2601032 553642 522 129340
2601033 429070 522 101742
2601034 429070 522 90
2601038 553644 522 4947
2601042 55491 522 285
2601043 55491 522 15941
2601044 553646 522 15941
2601045 553646 522 228
2601046 553646 522 129
2601047 553646 522 29945
2601048 553646 522 72
2601066 553653 522 8847
2601067 553653 522 86351
2601068 553653 522 141015
2601073 553657 522 90
2601074 553657 522 5932
2601075 553657 522 1058
2601076 553657 522 1147
2601081 553661 522 507
2601082 553661 522 86351
2601083 553661 522 4297
2601084 553662 522 8903
2601085 553662 522 1058
2601086 553662 522 4297
2601087 553662 522 141022
2601088 1443 522 129340
2601089 1443 522 256
2601090 1443 522 7
2601091 1443 522 24201
2601110 10403 522 19341
2601111 10403 522 523
2601112 10403 522 5306
2601114 553672 522 5969
2601115 553672 522 12
2601116 553672 522 259
2601117 397003 522 319
2601118 397003 522 285
2601119 397003 522 507
2601120 397003 522 141029
2601121 397003 522 141065
2601143 1939039 522 141028
2601146 1939042 522 141028
2601153 553681 522 98590
2601154 553681 522 2584
2601157 553683 522 318
2601158 553683 522 285
2601159 553683 522 141043
2601164 553686 522 141034
2601165 553686 522 8903
2601166 553686 522 11521
2601173 1939043 522 141028
2601174 1939043 522 88389
2601183 1939045 522 88389
2601184 1939045 522 141024
2601185 1939045 522 141028
2601189 553693 522 141015
2601190 553693 522 8903
2601191 553693 522 11521
2601192 553693 522 88389
2601193 1939047 522 88389
2601194 1939047 522 8903
2601195 1939047 522 141026
2601221 452957 522 19341
2601222 452957 522 369
2601223 452957 522 2014
2601254 553712 522 141043
2601255 553713 522 19341
2601256 553713 522 787
2601268 553720 522 79789
2601269 553721 522 79789
2601270 553721 522 154
2601271 553722 522 79789
2601272 553722 522 141012
2601274 553723 522 79789
2601275 553723 522 357
2601276 1939054 522 79789
2601277 1939054 522 112738
2601278 553724 522 141034
2601279 553724 522 4124
2601300 6283 522 21
2601301 553734 522 86351
2601302 553734 522 141067
2601314 553740 522 19376
2601315 553740 522 106550
2601316 553740 522 141069
2601322 553742 522 141005
2601323 553742 522 15
2601324 553742 522 541
2601325 553743 522 19279
2601326 553743 522 19419
2601327 553743 522 541
2601331 87300 522 8566
2601332 87300 522 369
2601333 87300 522 141029
2601348 113003 522 141014
2601387 553763 522 141007
2601390 553765 522 35590
2601391 553765 522 4191
2601392 553765 522 882
2601393 553766 522 35590
2601394 553766 522 4191
2601395 512135 522 129340
2601396 512135 522 19341
2601397 512135 522 369
2601398 512135 522 486
2601403 553769 522 141018
2601404 553770 522 24024
2601405 553770 522 141018
2601406 553771 522 141018
2601416 553777 522 141018
2601417 553777 522 24024
2601420 553780 522 141018
2601421 553781 522 141018
2601422 553782 522 141018
2601435 553789 522 5932
2601436 553789 522 141008
2601437 553790 522 5932
2601438 553790 522 43205
2601439 553790 522 141008
2601440 553791 522 141008
2601441 553791 522 19279
2601442 407549 522 141041
2601443 407549 522 285
2601444 407549 522 15
2601456 57292 522 5969
2601457 57292 522 285
2601464 553798 522 7103
2601468 553800 522 19279
2601469 553800 522 5932
2601479 553804 522 19859
2601480 553804 522 882
2601481 553804 522 141038
2601482 553804 522 141018
2601483 553804 522 107743
2601484 553805 522 141038
2601485 553805 522 19859
2601486 553805 522 882
2601487 27417 522 5969
2601488 27417 522 5932
2601489 27417 522 307
2601490 27417 522 285
2601495 553808 522 8035
2601507 553812 522 141018
2601508 553812 522 141038
2601512 553815 522 10523
2601513 48070 522 5969
2601514 48070 522 141012
2601515 48070 522 882
2601516 553816 522 35590
2601517 553816 522 882
2601518 553817 522 5969
2601519 553817 522 4297
2601520 553817 522 141008
2601553 38548 522 5969
2601554 38548 522 285
2601555 38548 522 1528
2601556 38548 522 982
2601557 553826 522 141018
2601558 553826 522 6053
2601559 553827 522 141038
2601560 553827 522 19771
2601561 553827 522 882
2601562 553827 522 141018
2601567 553830 522 4947
2601568 553831 522 141015
2601572 553833 522 141034
2601573 553833 522 29648
2601583 553837 522 141005
2601584 553837 522 86351
2601593 553842 522 19419
2601594 553842 522 36841
2601617 7404 522 19341
2601618 7404 522 285
2601634 553859 522 141018
2601637 553861 522 141018
2601638 160019 522 19341
2601639 160019 522 285
2601640 553862 522 5969
2601641 553862 522 90
2601651 553867 522 141005
2601653 553869 522 141005
2601654 553869 522 2469
2601662 553873 522 141005
2601663 553873 522 1267
2601666 553875 522 141005
2601667 553875 522 369
2601669 118 522 117
2601670 118 522 24201
2601673 553876 522 319
2601674 553876 522 285
2601675 553876 522 141029
2601676 24645 522 141043
2601677 24645 522 319
2601678 24645 522 285
2601679 553877 522 24024
2601680 553877 522 141018
2601685 553879 522 141077
2601686 553880 522 5932
2601687 553880 522 369
2601688 553881 522 19341
2601689 553881 522 369
2601690 553881 522 90
2601691 553881 522 486
2601704 553886 522 8903
2601705 553886 522 1896
2601706 553887 522 79789
2601707 553887 522 369
2601726 553894 522 5969
2601727 553894 522 285
2601728 553894 522 90
2601752 553902 522 19341
2601753 553902 522 24201
2601754 553902 522 2584
2601762 553905 522 141018
2601763 553905 522 912
2601764 553906 522 8903
2601765 553906 522 141034
2601766 553906 522 141082
2601767 553906 522 882
2601770 553908 522 44
2601771 553908 522 1058
2601772 553908 522 285
2601773 553908 522 978
2601815 7714 522 19341
2601816 7714 522 369
2601817 27471 522 5969
2601818 27471 522 141016
2601819 553930 522 35590
2601820 553930 522 2515
2601821 553930 522 882
2601822 553930 522 141016
2601823 553931 522 5969
2601832 553934 522 141068
2601833 553934 522 15
2601834 553934 522 20505
2601836 553935 522 639
2601837 553935 522 19279
2601838 553935 522 2587
2601839 553935 522 141015
2601843 478211 522 141083
2601844 478211 522 4379
2601851 553938 522 141032
2601852 553938 522 47248
2601853 553938 522 530
2601861 128305 522 19341
2601862 128305 522 369
2601867 553940 522 79789
2601868 553940 522 112738
2601869 553940 522 486
2601870 553941 522 112738
2601871 553941 522 79789
2601905 553953 522 141031
2601906 553953 522 833
2601907 553953 522 1058
2601908 553954 522 3558
2601909 553954 522 5932
2601910 553955 522 141031
2601911 553955 522 833
2601912 553955 522 1058
2601913 553955 522 9313
2601914 553956 522 141031
2601915 553956 522 833
2601916 553956 522 1058
2601917 329793 522 19341
2601918 329793 522 523
2601919 329793 522 5306
2601932 49241 522 184
2601933 49241 522 90
2601937 553960 522 8035
2601969 7628 522 19341
2601970 7628 522 90
2601971 7628 522 486
2601984 1939082 522 74648
2601985 266683 522 24201
2601986 266683 522 286
2601987 553976 522 10523
2602006 5273 522 882
2602007 5273 522 35590
2602017 65066 522 5969
2602018 65066 522 141014
2602019 65066 522 259
2602020 65066 522 138
2602021 65066 522 285
2602022 7729 522 19341
2602023 7729 522 129340
2602038 553990 522 913
2602039 553990 522 72
2602040 553990 522 141084
2602041 553991 522 913
2602042 553991 522 285
2602043 453596 522 19341
2602044 453596 522 523
2602045 453596 522 5306
2602046 553992 522 141064
2602049 25152 522 286
2602050 25152 522 141014
2602051 25152 522 1896
2602052 25152 522 19341
2602068 553996 522 8035
2602069 553996 522 72
2602070 553997 522 8035
2602071 553997 522 72
2602072 553998 522 8035
2602073 553999 522 141015
2602074 553999 522 141034
2602075 553999 522 913
2602077 554001 522 7
2602078 554001 522 129340
2602079 554001 522 24201
2602094 29897 522 319
2602095 29897 522 507
