2771063 22797 534 46
2771064 22797 534 926
2771065 22797 534 4436
2771066 22797 534 108
2771067 3761 534 92144
2771068 3761 534 72
2771069 3761 534 1058
2771070 420909 534 289
2771071 420909 534 138
2771072 525332 534 276
2771073 525332 534 100
2771074 525332 534 81258
2771075 525332 534 120
2771079 420937 534 2902
2771080 420937 534 2404
2771081 420937 534 108
2771090 22809 534 1325
2771091 112587 534 637
2771092 112587 534 3376
2771093 112587 534 537
2771094 576281 534 254
2771095 576281 534 4502
2771096 576281 534 4247
2771097 576281 534 225
2771098 576281 534 369
2771099 576281 534 4267
2771100 576281 534 4276
2771101 576281 534 6293
2771103 372057 534 287
2771104 372057 534 825
2771107 360041 534 917
2771108 360041 534 369
2771109 421019 534 216
2771110 421019 534 797
2771111 421019 534 144
2771112 421019 534 187
2771113 453684 534 276
2771114 453684 534 311
2771125 576283 534 285
2771126 576283 534 635
2771127 576283 534 637
2771128 576284 534 730
2771129 576284 534 285
2771136 148655 534 10285
2771137 148655 534 287
2771138 148655 534 4418
2771141 54352 534 120
2771142 54352 534 44
2771143 54352 534 285
2771144 54352 534 118
2771145 54352 534 1739
2771146 54352 534 108
2771147 54352 534 9635
2771148 54352 534 978
2771152 576287 534 187
2771153 576287 534 289
2771154 11300 534 286
2771155 11300 534 30
2771156 11300 534 474
2771157 22832 534 187
2771158 22832 534 4446
2771159 22832 534 1731
2771160 22832 534 44
2771161 311166 534 286
2771162 311166 534 4132
2771163 351841 534 635
2771164 351841 534 637
2771165 351841 534 3376
2771166 281319 534 2902
2771167 281319 534 46
2771173 453713 534 865
2771174 453713 534 637
2771175 453713 534 5346
2771176 453713 534 254
2771195 79494 534 1141
2771196 79494 534 3822
2771197 79494 534 6420
2771198 79494 534 5670
2771199 412239 534 187
2771200 412239 534 46
2771201 412239 534 6108
2771205 421636 534 1939
2771206 421636 534 259
2771207 132079 534 46
2771208 132079 534 1064
2771209 132079 534 982
2771210 132079 534 2990
2771211 1940984 534 961
2771212 1940984 534 982
2771221 3850 534 46
2771222 3850 534 926
2771223 3850 534 72
2771227 52414 534 108
2771228 52414 534 187
2771229 52414 534 1886
2771230 576292 534 108
2771231 576292 534 125
2771232 576292 534 187
2771233 402190 534 216
2771234 402190 534 1325
2771235 402190 534 3122
2771236 36961 534 1141
2771237 36961 534 4421
2771238 36961 534 10302
2771239 36961 534 1938
2771240 36961 534 138
2771241 1919774 534 503
2771242 1919774 534 1731
2771243 1919774 534 583
2771244 1919774 534 3593
2771245 1919774 534 41703
2771246 421881 534 1007
2771247 421881 534 982
2771248 421881 534 1611
2771249 421954 534 1123
2771250 421954 534 926
2771251 421954 534 365
2771258 3900 534 996
2771259 3900 534 1862
2771260 360340 534 188
2771261 360340 534 187
2771262 360340 534 46
2771263 421996 534 289
2771264 421996 534 187
2771265 421996 534 138
2771266 421996 534 39967
2771267 421996 534 4421
2771270 3902 534 961
2771271 3902 534 926
2771272 3902 534 982
2771273 49586 534 108
2771274 49586 534 982
2771275 49586 534 1064
2771276 56670 534 668
2771277 56670 534 188
2771278 56670 534 11
2771287 143074 534 216
2771288 143074 534 797
2771293 37786 534 289
2771294 37786 534 3147
2771295 37786 534 187
2771296 37786 534 926
2771297 37786 534 1886
2771299 351918 534 3355
2771300 351918 534 254
2771303 422193 534 187
2771304 422193 534 46
2771305 422193 534 3567
2771306 422193 534 6011
2771307 422193 534 1886
2771319 393318 534 668
2771320 393318 534 188
2771321 393318 534 64
2771322 393318 534 11
2771323 393318 534 5906
2771324 393318 534 5675
2771325 52550 534 7091
2771326 52550 534 11
2771327 52550 534 70
2771328 52550 534 4056
2771329 52550 534 3613
2771330 52550 534 4444
2771331 52550 534 188
2771332 270529 534 996
2771333 270529 534 635
2771334 270529 534 367
2771335 270529 534 637
2771336 132188 534 287
2771337 132188 534 1819
2771342 157525 534 104
2771343 157525 534 1679
2771344 157525 534 98
2771345 157525 534 72
2771346 157525 534 748
2771347 157525 534 2012
2771354 22952 534 108
2771355 22952 534 6961
2771356 22952 534 5675
2771357 576299 534 188
2771358 576299 534 169
2771361 489087 534 287
2771362 489087 534 825
2771363 489087 534 4103
2771364 489087 534 785
2771365 489087 534 57448
2771366 273319 534 221
2771367 273319 534 374
2771368 51643 534 1141
2771369 51643 534 926
2771370 51643 534 90
2771380 56702 534 188
2771381 56702 534 668
2771382 56702 534 81258
2771383 56702 534 8334
2771384 56702 534 120
2771385 56702 534 1380
2771386 56702 534 5906
2771387 56702 534 5146
2771388 56702 534 14062
2771389 56702 534 149387
2771390 56702 534 6392
2771391 56702 534 5675
2771392 576302 534 11167
2771393 576302 534 709
2771394 576302 534 44
2771395 576302 534 1031
2771396 576303 534 188
2771402 576304 534 188
2771403 576304 534 120
2771404 576304 534 118
2771405 576304 534 108
2771406 576304 534 7056
2771407 576304 534 779
2771412 11721 534 2486
2771413 11721 534 292
2771414 11721 534 1923
2771415 11721 534 2581
2771416 11721 534 2936
2771417 11721 534 2100
2771420 37851 534 2909
2771421 37851 534 276
2771422 37851 534 10761
2771423 37851 534 915
2771424 37851 534 1057
2771425 37851 534 77
2771426 435411 534 2909
2771427 435411 534 276
2771428 435411 534 1057
2771429 435411 534 11
2771437 196255 534 46
2771438 196255 534 188
2771439 196255 534 1117
2771440 196255 534 108
2771441 196255 534 3613
2771442 196255 534 72
2771443 196255 534 992
2771446 576305 534 5891
2771447 576305 534 138
2771466 576308 534 1007
2771467 576308 534 1132
2771468 576308 534 1127
2771474 576309 534 285
2771475 576309 534 139
2771476 576309 534 734
2771477 576309 534 795
2771478 576309 534 635
2771479 576309 534 74094
2771480 576309 534 748
2771496 41103 534 825
2771497 41103 534 5906
2771498 41103 534 785
2771499 41103 534 287
2771500 41103 534 46
2771501 41103 534 6280
2771502 41103 534 4103
2771503 41103 534 4446
2771506 576310 534 30
2771507 576310 534 2330
2771508 576310 534 15136
2771509 576310 534 131
2771510 576310 534 6953
2771511 576310 534 168
2771512 428018 534 8246
2771513 428018 534 188
2771514 428018 534 5146
2771515 396165 534 187
2771516 396165 534 1147
2771517 42912 534 46
2771518 42912 534 108
2771519 42912 534 188
2771520 42912 534 9635
2771521 42912 534 458
2771536 264829 534 1058
2771537 264829 534 72
2771538 264829 534 44
2771539 264829 534 374
2771540 264829 534 11
2771541 152035 534 108181
2771542 152035 534 149388
2771543 152035 534 149389
2771544 152035 534 6765
2771545 576313 534 1007
2771550 576315 534 254
2771551 576315 534 2642
2771552 576315 534 367
2771562 84612 534 8768
2771563 84612 534 748
2771569 145553 534 286
2771570 145553 534 643
2771571 145553 534 1716
2771572 145553 534 452
2771573 126992 534 3394
2771574 126992 534 46
2771575 126992 534 10285
2771576 576318 534 286
2771577 576318 534 1106
2771578 576318 534 11
2771591 384540 534 259
2771592 384540 534 138
2771593 384540 534 46
2771604 23268 534 108
2771605 23268 534 2404
2771606 23268 534 734
2771607 23268 534 894
2771608 23279 534 785
2771609 23279 534 46
2771610 53667 534 108
2771611 53667 534 120
2771612 23280 534 1116
2771613 23280 534 6306
2771614 23280 534 78662
2771615 23280 534 13696
2771619 576322 534 1138
2771620 576322 534 10
2771621 576323 534 1007
2771622 576323 534 8280
2771623 576323 534 926
2771633 87971 534 4256
2771634 87971 534 21
2771635 87971 534 24102
2771636 87971 534 2100
2771637 45833 534 3394
2771638 45833 534 90
2771639 45833 534 277
2771640 45833 534 10162
2771641 45833 534 10161
2771642 45833 534 974
2771643 576326 534 1739
2771644 576326 534 1436
2771645 576326 534 108
2771646 22898 534 108
2771647 22898 534 286
2771657 27639 534 108
2771658 27639 534 1886
2771659 27639 534 816
2771660 27639 534 369
2771661 27639 534 90
2771662 38011 534 108
2771663 38011 534 46
2771664 38011 534 10034
2771665 38011 534 90
2771666 38011 534 700
2771676 576329 534 108
2771677 576329 534 72
2771678 576329 534 3613
2771679 565322 534 108
2771680 565322 534 187
2771681 565322 534 46
2771689 338622 534 46
2771690 338622 534 2902
2771691 338622 534 7979
2771692 41312 534 108
2771693 41312 534 188
2771694 41312 534 6997
2771695 41312 534 5367
2771696 41312 534 6417
2771697 41312 534 8090
2771706 174790 534 635
2771707 110709 534 128
2771708 110709 534 50393
2771709 110709 534 469
2771710 110709 534 20331
2771711 406433 534 1534
2771712 406433 534 635
2771713 406433 534 362
2771714 145901 534 4254
2771715 145901 534 4103
2771716 145901 534 286
2771717 145901 534 46
2771729 23392 534 458
2771730 23392 534 6280
2771731 23392 534 144
2771732 23392 534 825
2771733 23392 534 64
2771734 23392 534 926
2771735 23392 534 785
2771738 576332 534 46
2771739 576332 534 287
2771740 576333 534 276
2771741 576333 534 1819
2771742 576333 534 19777
2771743 576333 534 1160
2771744 576333 534 45028
2771745 143626 534 11
2771746 143626 534 635
2771750 576335 534 7492
2771751 576335 534 149391
2771752 576335 534 7345
2771753 23451 534 11167
2771754 23451 534 709
2771755 23451 534 44
2771756 23451 534 1031
2771760 576336 534 108
2771761 576336 534 120
2771773 576338 534 108
2771774 576338 534 1007
2771775 576339 534 635
2771776 576339 534 21
2771777 576340 534 2902
2771778 576341 534 188
2771779 576341 534 120
2771780 576341 534 668
2771781 576342 534 637
2771782 576342 534 996
2771783 576342 534 635
2771791 350781 534 1411
2771792 350781 534 188
2771793 26233 534 982
2771794 26233 534 2404
2771795 26233 534 2902
2771796 403928 534 46
2771797 403928 534 1739
2771798 403928 534 978
2771799 403928 534 108
2771800 403928 534 4056
2771801 374092 534 108
2771802 374092 534 5146
2771803 374092 534 169
2771804 374092 534 6160
2771805 576343 534 5674
2771806 576343 534 70
2771807 576343 534 262
2771808 576343 534 188
2771809 576343 534 169
2771810 38123 534 6547
2771811 38123 534 5146
2771812 38123 534 188
2771813 38123 534 1886
2771814 38123 534 305
2771815 38123 534 46
2771816 38125 534 5146
2771817 38125 534 4430
2771818 1940987 534 1007
2771819 1940987 534 1136
2771820 1940987 534 118
2771821 1940987 534 120
2771822 1940987 534 7477
2771823 1940987 534 29705
2771824 1940987 534 20225
2771825 1940987 534 748
2771826 1940987 534 7492
2771849 428715 534 1367
2771850 13792 534 138
2771851 13792 534 286
2771852 576346 534 1939
2771853 576346 534 1678
2771854 576346 534 816
2771870 143690 534 2404
2771871 143690 534 982
2771872 143690 534 2902
2771873 143690 534 138
2771874 143690 534 926
2771878 36559 534 108
2771879 36559 534 2742
2771880 36559 534 4368
2771890 130636 534 6361
2771891 130636 534 285
2771892 130636 534 290
2771893 130636 534 4217
2771894 130636 534 5919
2771895 576349 534 61666
2771896 576349 534 138
2771897 576349 534 557
2771913 576351 534 458
2771914 576351 534 828
2771915 50158 534 188
2771916 50158 534 286
2771923 1365 534 100
2771924 1365 534 807
2771925 23724 534 785
2771926 23724 534 240
2771927 61709 534 4135
2771928 61709 534 10000
2771929 61709 534 138
2771930 61709 534 240
2771931 200848 534 3394
2771932 200848 534 961
2771933 161339 534 1819
2771934 161339 534 1021
2771935 576352 534 1819
2771936 576352 534 369
2771937 576352 534 276
2771938 576352 534 635
2771939 576352 534 2990
2771940 53204 534 108
2771941 576353 534 286
2771942 576353 534 138
2771943 576353 534 187
2771944 576353 534 6262
2771949 576355 534 276
2771950 576355 534 30
2771966 14184 534 276
2771967 14184 534 4308
2771968 14184 534 11
2771969 14184 534 128
2771970 14184 534 1738
2771971 14184 534 131559
2771972 14184 534 72
2771973 14184 534 1058
2771987 14190 534 286
2771988 14190 534 276
2771989 14190 534 30
2771990 576360 534 276
2771991 576360 534 3
2771992 576360 534 1819
2772000 32080 534 188
2772001 32080 534 77
2772002 32080 534 474
2772003 32080 534 276
2772004 32080 534 374
2772005 576361 534 276
2772006 576361 534 1160
2772007 576362 534 982
2772008 576362 534 961
2772009 576362 534 41314
2772014 76105 534 287
2772015 76105 534 825
2772016 76105 534 734
2772017 76105 534 104
2772018 76105 534 311
2772019 76105 534 894
2772020 76105 534 3153
2772027 53230 534 188
2772028 53230 534 5928
2772029 53230 534 1380
2772030 53230 534 144470
2772034 576363 534 635
2772035 576363 534 4436
2772036 576363 534 138
2772044 47902 534 7326
2772045 47902 534 120
2772046 47902 534 118
2772047 47902 534 7327
2772056 576365 534 635
2772057 576365 534 709
2772058 576365 534 1123
2772059 576366 534 926
2772060 576366 534 734
2772061 576366 534 2542
2772062 576366 534 2822
2772063 576366 534 18279
2772070 528325 534 2603
2772071 528325 534 545
2772073 88162 534 2637
2772074 88162 534 17152
2772075 88162 534 4308
2772076 88162 534 4677
2772077 88162 534 254
2772082 454940 534 635
2772083 454940 534 895
2772084 454940 534 637
2772085 561802 534 1007
2772086 561802 534 384
2772087 561802 534 373
2772088 576368 534 2642
2772089 576368 534 24052
2772090 576368 534 285
2772091 576368 534 635
2772092 29291 534 527
2772093 29291 534 1117
2772094 29291 534 1120
2772095 29291 534 203
2772096 29291 534 7455
2772106 404955 534 287
2772107 404955 534 825
2772108 404955 534 785
2772109 404955 534 4668
2772118 23874 534 961
2772121 576375 534 982
2772122 576375 534 961
2772125 50294 534 108
2772126 50294 534 4056
2772127 50294 534 5930
2772128 576377 534 10828
2772129 576377 534 188
2772130 576377 534 108
2772131 576378 534 10828
2772132 576378 534 318
2772133 576378 534 4056
2772134 576379 534 4056
2772135 576379 534 10828
2772136 576379 534 978
2772137 576379 534 8394
2772138 576379 534 527
2772139 576379 534 1117
2772140 576379 534 1056
2772141 576379 534 1782
2772142 576380 534 10828
2772146 24263 534 4056
2772147 24263 534 1406
2772148 24263 534 1739
2772149 24263 534 46
2772150 576382 534 120
2772151 576382 534 5675
2772152 576382 534 118
2772153 576382 534 1897
2772154 576382 534 46
2772155 576383 534 108
2772156 576383 534 5146
2772171 383036 534 46
2772172 383036 534 825
2772173 383036 534 4103
2772174 383036 534 287
2772175 305746 534 276
2772176 305746 534 4727
2772177 305746 534 1359
2772178 305746 534 1172
2772179 305746 534 6351
2772180 266255 534 108
2772181 266255 534 3394
2772182 67922 534 11167
2772183 67922 534 709
2772184 67922 534 44
2772185 67922 534 1031
2772186 29348 534 287
2772187 29348 534 4958
2772188 29348 534 5022
2772194 576387 534 458
2772195 576387 534 1058
2772196 576387 534 3060
2772197 576387 534 4495
2772204 38298 534 138
2772205 38298 534 3394
2772206 38298 534 825
2772207 38298 534 1141
2772208 38298 534 328
2772212 576390 534 3394
2772213 576391 534 3394
2772214 576391 534 825
2772215 576391 534 3505
2772216 576391 534 4421
2772217 57144 534 3394
2772218 57144 534 75
2772219 57144 534 46
2772220 57144 534 108
2772221 57144 534 527
2772222 576392 534 4668
2772223 576392 534 785
2772224 576392 534 46
2772225 576392 534 287
2772226 576393 534 961
2772227 576393 534 4308
2772228 576393 534 10185
2772229 576393 534 340
2772234 576395 534 188
2772235 576395 534 7455
2772236 576395 534 374
2772239 576397 534 70
2772240 576397 534 5674
2772241 576397 534 120
2772242 576397 534 188
2772243 576397 534 262
2772244 53406 534 120
2772245 53406 534 188
2772246 53406 534 668
2772247 53406 534 5674
2772248 53406 534 44
2772249 53406 534 698
2772250 53406 534 125022
2772251 53406 534 2704
2772252 576398 534 108
2772253 576399 534 108
2772254 576399 534 188
2772255 576399 534 5146
2772256 576399 534 10132
2772257 77960 534 222
2772258 77960 534 144
2772265 339020 534 5146
2772266 339020 534 188
2772267 339020 534 1134
2772268 339020 534 286
2772273 576400 534 128
2772274 576400 534 668
2772275 576400 534 188
2772276 576400 534 138226
2772277 576400 534 149392
2772279 557945 534 70
2772280 557945 534 262
2772281 557945 534 318
2772282 557945 534 275
2772285 576401 534 795
2772286 576401 534 139
2772287 576401 534 285
2772288 576401 534 734
2772289 576401 534 859
2772290 576401 534 8388
2772291 576401 534 635
2772294 528612 534 961
2772295 528612 534 982
2772296 528612 534 161
2772297 63886 534 138
2772298 63886 534 187
2772299 63886 534 328
2772300 63886 534 825
2772301 63886 534 64
2772302 498 534 304
2772303 498 534 70
2772304 498 534 828
2772305 498 534 825
2772306 498 534 285
2772307 7031 534 816
2772308 7031 534 1943
2772309 7031 534 503
2772310 7031 534 39
2772317 562022 534 5372
2772318 562022 534 1127
2772319 562022 534 11
2772320 562022 534 120
2772321 562022 534 44
2772322 279234 534 108
2772323 279234 534 75
2772324 279234 534 10
2772325 576403 534 276
2772326 576403 534 120
2772327 576403 534 118
2772328 576403 534 11
2772329 576403 534 44
2772333 576405 534 2990
2772334 576405 534 635
2772335 133466 534 276
2772336 133466 534 635
2772337 133466 534 1313
2772341 52797 534 287
2772342 52797 534 978
2772346 425493 534 748
2772347 425493 534 1430
2772348 425493 534 104
2772349 425493 534 734
2772359 243050 534 287
2772360 243050 534 1739
2772361 184393 534 894
2772362 184393 534 730
2772363 184393 534 6780
2772364 184393 534 1528
2772365 184393 534 6779
2772392 79969 534 873
2772393 159653 534 3332
2772394 159653 534 2089
2772395 159653 534 188
2772396 576412 534 108
2772397 576412 534 188
2772398 576412 534 2150
2772399 576413 534 1007
2772400 576413 534 28
2772401 576413 534 7671
2772414 366480 534 635
2772415 366480 534 1819
2772416 576415 534 1160
2772417 576415 534 76
2772422 576417 534 388
2772423 576417 534 2642
2772424 576417 534 24052
2772432 58902 534 3394
2772433 58902 534 1058
2772436 429719 534 1436
2772437 429719 534 1057
2772438 429719 534 9635
2772439 429719 534 44
2772440 576419 534 46
2772441 576419 534 6547
2772446 70336 534 46
2772447 70336 534 20
2772448 70336 534 668
2772449 70336 534 108
2772450 70336 534 169
2772451 70336 534 527
2772452 70336 534 1117
2772453 70336 534 188
2772459 576422 534 304
2772460 576422 534 70
2772461 576422 534 978
2772462 576422 534 77
2772463 576423 534 4308
2772464 576423 534 254
2772465 576423 534 139
2772473 32295 534 8768
2772474 32295 534 748
2772475 32295 534 7326
2772476 32295 534 120
2772477 576425 534 108
2772478 576426 534 926
2772479 576426 534 7228
2772480 576426 534 225
2772481 576426 534 698
2772482 576426 534 3
2772483 53604 534 188
2772484 53604 534 120
2772485 53604 534 11
2772486 53604 534 369
2772487 53604 534 5675
2772490 349652 534 1007
2772491 349652 534 4495
2772492 111040 534 7784
2772493 111040 534 188
2772494 111040 534 1321
2772495 576428 534 276
2772496 576428 534 698
2772497 576428 534 220
2772498 576428 534 1323
2772499 576429 534 46
2772500 576429 534 287
2772501 85810 534 138
2772502 85810 534 4441
2772503 85810 534 43087
2772504 85810 534 291
2772505 85810 534 3471
2772506 85810 534 221
2772507 53633 534 635
2772522 558149 534 3064
2772523 558149 534 668
2772524 558149 534 188
2772525 576431 534 2331
2772526 576431 534 978
2772545 265984 534 3394
2772546 265984 534 5675
2772547 265984 534 458
2772548 265984 534 120
2772549 265984 534 188
2772550 308848 534 4288
2772551 308848 534 545
2772552 308848 534 100
2772566 576435 534 1007
2772567 576435 534 1446
2772568 576436 534 1007
2772569 576436 534 118
2772570 576436 534 7643
2772571 576436 534 7091
2772572 576436 534 7260
2772573 576436 534 120
2772582 576438 534 188
2772583 576438 534 668
2772584 576438 534 108
2772585 576438 534 4056
2772586 576438 534 169
2772587 576438 534 2603
2772588 576438 534 3613
2772589 576438 534 4444
2772590 576438 534 12880
2772591 29558 534 5675
2772592 29558 534 120
2772593 29558 534 46
2772594 576439 534 5675
2772595 576439 534 120
2772596 576439 534 46
2772597 193166 534 5675
2772598 193166 534 120
2772599 193166 534 46
2772600 576440 534 5675
2772601 576440 534 120
2772602 576440 534 46
2772603 397441 534 5675
2772604 397441 534 120
2772605 397441 534 46
2772606 576441 534 5675
2772607 576441 534 120
2772608 576441 534 46
2772609 266039 534 3394
2772610 266039 534 188
2772618 576444 534 1007
2772619 576444 534 85783
2772620 576444 534 474
2772621 576444 534 54236
2772622 576444 534 6091
2772623 48072 534 1007
2772624 48072 534 527
2772625 48072 534 188
2772626 48072 534 44
2772627 48072 534 118
2772628 48072 534 758
2772629 48072 534 120
2772630 48072 534 285
2772635 576446 534 1007
2772636 576446 534 1056
2772637 576446 534 1747
2772638 576446 534 6956
2772639 576447 534 1007
2772640 576447 534 40621
2772643 576448 534 1007
2772644 576448 534 156
2772645 576448 534 13237
2772655 88266 534 240
2772656 88266 534 27348
2772657 88266 534 11
2772668 159883 534 1170
2772669 159883 534 72
2772676 458160 534 668
2772677 458160 534 8019
2772683 179500 534 2206
2772684 179500 534 4308
2772685 179500 534 10185
2772686 24496 534 46
2772687 24496 534 6011
2772688 24496 534 221
2772689 24496 534 287
2772690 127587 534 4308
2772691 127587 534 286
2772692 133943 534 287
2772693 133943 534 187
2772694 423910 534 188
2772695 423910 534 286
2772696 423910 534 10296
2772708 56503 534 188
2772709 56503 534 5906
2772710 56503 534 5937
2772711 56503 534 668
2772712 56503 534 5938
2772718 576455 534 1007
2772719 576455 534 28
2772722 79339 534 50804
2772723 79339 534 3506
2772724 79339 534 3505
2772725 79339 534 188
2772734 576457 534 748
2772735 576457 534 285
2772736 576457 534 734
2772737 576457 534 37951
2772738 576457 534 13281
2772739 576457 534 795
2772749 576459 534 1160
2772750 576459 534 301
2772751 576459 534 1731
2772752 576460 534 70
2772753 576460 534 374
2772754 576461 534 39
2772755 576461 534 311
2772756 576461 534 1795
2772757 50858 534 72
2772758 50858 534 1138
2772759 50858 534 10860
2772760 50858 534 75
2772761 50858 534 545
2772765 408047 534 5146
2772766 408047 534 188
2772767 408047 534 291
2772768 408047 534 5939
2772769 576462 534 7326
2772770 576462 534 1049
2772771 576462 534 120
2772772 576462 534 5603
2772773 576462 534 9635
2772774 576462 534 7327
2772775 576462 534 118
2772781 576463 534 11
2772782 576463 534 6351
2772787 576465 534 4247
2772788 53824 534 46
2772789 53824 534 825
2772790 53824 534 187
2772791 53824 534 287
2772792 24634 534 220
2772793 24634 534 3666
2772794 576466 534 635
2772802 576467 534 1380
2772803 576467 534 668
2772804 576467 534 188
2772805 576467 534 1796
2772806 576467 534 2969
2772807 576468 534 3350
2772808 576469 534 4044
2772809 576469 534 188
2772810 576469 534 120
2772811 576469 534 11
2772812 576470 534 125
2772813 576470 534 1775
2772814 576470 534 225
2772815 576470 534 254
2772816 576471 534 187
2772817 576471 534 254
2772818 576471 534 4247
2772819 576472 534 1170
2772820 576472 534 369
2772821 576472 534 1169
2772822 531237 534 374
2772823 531237 534 276
2772824 531237 534 44
2772825 531237 534 1739
2772826 531237 534 77
2772827 531237 534 3389
2772828 576473 534 1058
2772829 576473 534 118
2772830 576473 534 120
2772831 576473 534 4308
2772832 576473 534 458
2772833 576473 534 1738
2772834 576474 534 11
2772835 576474 534 1106
2772836 576474 534 5325
2772837 576474 534 5133
2772848 576476 534 70
2772849 576476 534 5674
2772850 576476 534 262
2772851 576476 534 1058
2772852 576476 534 44
2772853 576476 534 108
2772854 576476 534 7091
2772855 425383 534 188
2772856 425383 534 331
2772857 425383 534 731
2772858 425383 534 221
2772859 425383 534 2781
2772860 425383 534 127
2772861 576477 534 1128
2772862 576477 534 926
2772863 576477 534 29
2772864 576477 534 6478
2772865 576477 534 331
2772866 576477 534 318
2772867 576478 534 10762
2772868 576478 534 10095
2772869 576478 534 926
2772870 576478 534 795
2772871 576478 534 11
2772872 576478 534 2469
2772873 267983 534 276
2772874 267983 534 220
2772875 116168 534 635
2772876 116168 534 27959
2772877 116168 534 2647
2772880 420387 534 370
2772881 420387 534 277
2772882 420387 534 507
2772883 420387 534 503
2772884 420387 534 2155
2772888 153502 534 734
2772889 153502 534 635
2772890 153502 534 2372
2772891 24732 534 46
2772892 24732 534 5120
2772893 24732 534 187
2772894 24732 534 3567
2772895 80189 534 1141
2772896 80189 534 1230
2772897 80189 534 1937
2772898 80189 534 44
2772899 80189 534 4896
2772900 576480 534 6015
2772901 576480 534 108
2772902 24758 534 46
2772903 24758 534 507
2772904 24758 534 6487
2772905 24758 534 221
2772906 576481 534 2902
2772907 576481 534 557
2772908 576481 534 108
2772909 576481 534 287
2772910 576482 534 7492
2772911 576483 534 7492
2772912 576483 534 3122
2772913 576484 534 7492
2772914 576484 534 75
2772915 576484 534 1007
2772916 576484 534 885
2772917 576484 534 6953
2772921 284642 534 156
2772922 284642 534 643
2772923 357892 534 188
2772924 357892 534 7264
2772925 357892 534 1347
2772932 562754 534 2990
2772933 562754 534 2376
2772939 35803 534 668
2772940 35803 534 188
2772941 35803 534 11
2772942 576487 534 44
2772943 576487 534 8676
2772944 576487 534 527
2772945 576488 534 276
2772946 576488 534 11
2772947 576488 534 1406
2772948 576488 534 40538
2772949 79305 534 390
2772950 79305 534 51200
2772951 79305 534 5668
2772952 79305 534 3
2772953 79305 534 1057
2772959 495382 534 287
2772960 495382 534 825
2772961 576490 534 156
2772962 576490 534 4502
2772963 576490 534 4
2772964 576490 534 225
2772965 576490 534 79
2772966 576491 534 301
2772967 576491 534 254
2772970 88608 534 2330
2772971 88608 534 8296
2772972 88608 534 46
2772976 576493 534 225
2772977 576493 534 220
2772978 576493 534 46
2772979 576493 534 72
2772980 576494 534 20321
2772981 576494 534 187
2772982 576494 534 4430
2772989 309722 534 7490
2772990 309722 534 285
2772991 309722 534 108
2772992 309722 534 32543
2772993 309722 534 1041
2772994 309722 534 1383
2772999 24808 534 6
2773000 24808 534 1063
2773001 576495 534 188
2773002 576495 534 668
2773003 576495 534 169
2773004 576495 534 4056
2773005 576495 534 12880
2773006 576495 534 4444
2773007 576495 534 3613
2773008 576495 534 2603
2773009 576496 534 328
2773010 576496 534 825
2773011 576496 534 1819
2773012 576496 534 276
2773013 576496 534 287
2773017 576497 534 44
2773018 576497 534 1058
2773019 576497 534 3355
2773020 576497 534 4247
2773021 576498 534 44
2773022 576498 534 1058
2773023 576498 534 3355
2773024 576498 534 4247
2773035 125915 534 46
2773036 125915 534 5535
2773037 125915 534 825
2773038 125915 534 44
2773039 125915 534 785
2773040 125915 534 35
2773041 125915 534 287
2773042 27979 534 1169
2773043 27979 534 926
2773044 27979 534 3357
2773045 27979 534 1868
2773046 27979 534 370
2773053 576501 534 7492
2773054 576501 534 1007
2773055 576501 534 75
2773056 576502 534 2642
2773057 576502 534 1049
2773058 576502 534 13891
2773059 576502 534 4320
2773060 576502 534 1703
2773061 576503 534 188
2773062 576503 534 1128
2773063 576503 534 169
2773064 576503 534 108
2773070 398026 534 4582
2773071 398026 534 30
2773072 398026 534 828
2773073 398026 534 128
2773074 398026 534 11
2773075 576504 534 287
2773076 576504 534 825
2773077 576504 534 4107
2773078 576504 534 992
2773079 576505 534 4247
2773080 576505 534 2637
2773081 576505 534 3659
2773082 556820 534 356
2773083 556820 534 46
2773084 556820 534 4368
2773092 576507 534 46
2773093 576507 534 20
2773094 576507 534 1141
2773095 576507 534 6
2773096 576508 534 1007
2773097 576508 534 156
2773107 252987 534 287
2773108 252987 534 4958
2773109 252987 534 5022
2773110 24962 534 287
2773111 24962 534 64
2773112 24962 534 5022
2773113 350305 534 3394
2773114 350305 534 825
2773115 350305 534 4668
2773116 350305 534 4728
2773117 576510 534 961
2773118 576510 534 982
2773119 576510 534 926
2773120 576510 534 138
2773121 576510 534 4895
2773122 576510 534 328
2773129 576511 534 216
2773130 576511 534 15
2773131 421193 534 72
2773132 421193 534 873
2773133 576512 534 287
2773134 576512 534 274
2773135 490605 534 276
2773136 490605 534 4103
2773137 490605 534 287
2773138 35598 534 108
2773139 35598 534 46
2773140 35598 534 369
2773141 35598 534 90
2773142 28010 534 108
2773143 28010 534 46
2773144 28010 534 369
2773145 28010 534 926
2773146 38819 534 188
2773147 38819 534 108
2773148 576513 534 6259
2773149 576513 534 894
2773150 576513 534 507
2773151 576513 534 4445
2773152 576513 534 4308
2773162 576516 534 108
2773163 576516 534 369
2773164 576516 534 952
2773165 576516 534 2150
2773166 453543 534 108
2773167 453543 534 3
2773168 453543 534 290
2773169 453543 534 11660
2773170 453543 534 285
2773171 576517 534 2816
2773172 576517 534 1007
2773173 46221 534 926
2773174 46221 534 108
2773175 46221 534 1117
2773176 46221 534 144
2773177 576518 534 287
2773178 576518 534 4103
2773179 576518 534 46
2773186 576520 534 188
2773187 576520 534 1739
2773188 576520 534 978
2773189 576520 534 7636
2773190 145388 534 1007
2773191 145388 534 7090
2773192 145388 534 7091
2773193 145388 534 7643
2773194 145388 534 1058
2773195 25115 534 3
2773215 398269 534 108
2773216 398269 534 4056
2773217 398269 534 1406
2773218 398269 534 978
2773219 398269 534 10828
2773220 398269 534 1436
2773226 576533 534 1058
2773227 576533 534 1534
2773228 40480 534 108
2773229 40480 534 2902
2773230 40480 534 187
2773231 40480 534 2404
2773232 266919 534 668
2773233 266919 534 1132
2773234 266919 534 50703
2773235 266919 534 2497
2773236 266919 534 188
2773237 266919 534 75
2773238 266919 534 1058
2773239 38887 534 10762
2773240 38887 534 10095
2773241 38887 534 926
2773242 38887 534 795
2773243 38887 534 11
2773244 38887 534 2469
2773245 266806 534 527
2773246 266806 534 10132
2773247 266806 534 780
2773248 266806 534 2081
2773249 2275 534 276
2773250 2275 534 373
2773251 2275 534 318
2773252 2275 534 131
2773253 80343 534 982
2773254 80343 534 2404
2773255 576524 534 1007
2773256 576524 534 75
2773257 576525 534 187
2773258 576525 534 138
2773259 576525 534 125
2773260 576525 534 216
2773261 576525 534 797
2773262 576526 534 825
2773263 576526 534 287
2773264 576526 534 6280
2773265 3584 534 3656
2773266 3584 534 149395
2773267 3584 534 1117
2773268 3584 534 527
2773269 3584 534 108
2773270 576527 534 1123
2773271 576527 534 287
2773272 576528 534 287
2773273 576528 534 1128
2773274 576529 534 1057
2773275 576529 534 1738
2773276 576529 534 46
2773277 59798 534 5146
2773278 59798 534 188
2773279 51237 534 1117
2773280 51237 534 4401
2773281 51237 534 79
2773282 51237 534 2331
2773283 51237 534 3
2773284 576530 534 1117
2773285 576530 534 1057
2773286 576530 534 3064
2773287 576530 534 1436
2773292 32757 534 108
2773293 32757 534 46
2773294 32757 534 1117
2773295 127999 534 108
2773296 127999 534 7091
2773297 127999 534 1116
2773298 127999 534 13696
2773299 56590 534 825
2773300 56590 534 287
2773316 412085 534 188
2773317 412085 534 120
2773318 412085 534 668
2773319 412085 534 5675
2773320 576537 534 120
2773321 576537 534 46
2773322 576537 534 5675
2773323 576537 534 118
2773324 61127 534 978
2773325 61127 534 1116
