2773326 576538 535 40078
2773327 576538 535 8287
2773328 576538 535 42683
2773329 576538 535 15892
2773343 576541 535 40078
2773344 576541 535 149402
2773345 576541 535 7904
2773346 576541 535 1275
2773347 576542 535 40078
2773348 576542 535 149402
2773349 576542 535 7904
2773350 576542 535 1275
2773351 576543 535 40078
2773352 576543 535 149402
2773353 576543 535 7904
2773354 576543 535 1275
2773355 74442 535 10523
2773356 74442 535 5969
2773357 74442 535 19330
2773361 576545 535 40078
2773362 576545 535 149402
2773363 576545 535 7904
2773364 576545 535 1275
2773367 576547 535 19280
2773368 576547 535 650
2773369 576547 535 182
2773370 576547 535 149397
2773375 576549 535 40078
2773376 576549 535 3572
2773377 576549 535 42341
2773378 97425 535 149403
2773379 97425 535 19280
2773380 97425 535 149404
2773381 97425 535 149405
2773382 97425 535 5969
2773383 576550 535 40078
2773384 576550 535 149402
2773385 576550 535 7904
2773386 576550 535 1275
2773387 576550 535 149406
2773390 576551 535 19280
2773391 576551 535 149400
2773392 576551 535 51456
2773393 576551 535 6042
2773397 576552 535 19280
2773398 576552 535 1275
2773399 576552 535 149408
2773404 470359 535 149403
2773405 470359 535 19280
2773406 470359 535 149411
2773407 470359 535 5950
2773408 470359 535 149400
2773409 576554 535 181
2773410 576554 535 1275
2773411 576554 535 149412
2773412 576555 535 40078
2773413 576555 535 149402
2773414 576555 535 7904
2773415 576555 535 1275
2773416 576555 535 3889
2773417 576556 535 40078
2773418 576556 535 149402
2773419 576556 535 7904
2773420 576556 535 1275
2773423 447358 535 40078
2773424 447358 535 6101
2773425 447358 535 650
2773426 447358 535 149397
2773441 576561 535 40078
2773442 576561 535 48427
2773443 576561 535 130516
2773444 576561 535 1275
2773445 576561 535 149416
2773449 576563 535 40078
2773450 576563 535 149400
2773451 576563 535 25156
2773458 84416 535 19280
2773459 84416 535 149418
2773460 84416 535 5950
2773461 84416 535 149419
2773462 576565 535 19280
2773463 576565 535 5948
2773464 576565 535 19414
2773465 576566 535 19280
2773466 576566 535 149420
2773486 576571 535 40078
2773487 576571 535 8287
2773488 576571 535 15892
2773489 576571 535 15199
2773498 576574 535 40078
2773499 576574 535 8287
2773500 576574 535 5950
2773501 576575 535 40078
2773502 576575 535 149422
2773503 576575 535 12453
2773504 576575 535 149428
2773505 576575 535 149429
2773506 576575 535 149430
2773507 576575 535 51456
2773515 466473 535 181
2773516 466473 535 149422
2773517 466473 535 149428
2773518 466473 535 149429
2773519 466473 535 149430
2773520 466473 535 51456
2773521 576577 535 40078
2773522 576577 535 149411
2773523 576577 535 130516
2773524 576577 535 149422
2773525 576577 535 12453
2773526 576577 535 149428
2773527 576577 535 51456
2773528 576578 535 40078
2773529 576578 535 149411
2773530 576578 535 130516
2773531 576578 535 149422
2773532 576578 535 149428
2773533 576578 535 51456
2773534 576579 535 40078
2773535 576579 535 149411
2773536 576579 535 130516
2773537 576579 535 149422
2773538 576579 535 149428
2773539 576579 535 51456
2773540 576580 535 40078
2773541 576580 535 130516
2773542 576580 535 149422
2773543 576580 535 149428
2773544 576580 535 51456
2773545 576581 535 40078
2773546 576581 535 130516
2773547 576581 535 25164
2773548 576581 535 79670
2773549 576581 535 149431
2773550 576581 535 149432
2773551 576582 535 40078
2773552 576582 535 130516
2773553 576582 535 149400
2773554 576582 535 136446
2773555 576582 535 149433
2773556 576582 535 130891
2773564 576584 535 40078
2773565 576584 535 8287
2773566 576584 535 681
2773567 576585 535 40078
2773568 576585 535 8287
2773569 576585 535 681
2773570 576586 535 40078
2773571 576586 535 25164
2773572 576586 535 149435
2773573 576586 535 79670
2773577 576587 535 10523
2773578 576587 535 149434
2773582 576588 535 10523
2773583 576588 535 149434
2773594 576591 535 40078
2773595 576591 535 149440
2773596 576591 535 1275
2773597 576591 535 149441
2773598 576591 535 149442
2773599 576591 535 149443
2773607 576593 535 40078
2773608 576593 535 48427
2773609 576593 535 130516
2773610 576593 535 1275
2773611 576593 535 147886
2773617 576595 535 181
2773618 576595 535 19315
2773619 576595 535 5682
2773620 576595 535 149400
2773621 576595 535 136446
2773622 576595 535 149446
2773623 576595 535 12034
2773627 576597 535 10523
2773628 576597 535 149434
2773640 576600 535 40078
2773641 576600 535 8287
2773642 576600 535 1275
2773643 576600 535 15892
2773644 576600 535 792
2773649 576602 535 40078
2773650 576602 535 149400
2773651 576602 535 136446
2773652 576602 535 12034
2773653 576602 535 149450
2773654 576603 535 10523
2773655 576603 535 149434
2773656 1940992 535 18895
2773657 1940992 535 8878
2773658 1940992 535 149409
2773659 1940992 535 1275
2773665 576605 535 40078
2773666 576605 535 8287
2773667 576605 535 15892
2773668 576605 535 15459
2773685 576610 535 10523
2773686 576610 535 149434
2773687 576611 535 181
2773688 576611 535 149440
2773689 576611 535 1275
2773695 576613 535 18895
2773696 576613 535 8878
2773697 576613 535 149409
2773698 576613 535 1275
2773699 576613 535 39602
2773700 576614 535 18895
2773701 576614 535 8878
2773702 576614 535 149409
2773703 576614 535 1275
2773704 576614 535 39602
2773705 104388 535 40078
2773706 104388 535 149411
2773707 104388 535 130516
2773708 104388 535 149422
2773709 104388 535 149455
2773714 576617 535 10523
2773715 576617 535 149434
2773719 4937 535 19280
2773720 4937 535 6042
2773726 576620 535 40078
2773727 576620 535 149421
2773728 576620 535 149427
2773729 576621 535 40078
2773730 576621 535 130516
2773731 576621 535 149422
2773732 576621 535 149427
2773733 271395 535 10514
2773734 271395 535 650
2773735 271395 535 6042
2773748 271456 535 40078
2773749 271456 535 5950
2773750 271456 535 46870
2773756 576627 535 10523
2773757 576627 535 149434
2773761 522480 535 149403
2773762 522480 535 19280
2773763 522480 535 149461
2773764 522480 535 149405
2773765 576629 535 5920
2773766 576629 535 149461
2773767 576630 535 5920
2773768 576630 535 149461
2773769 576631 535 5920
2773770 576631 535 149461
2773771 576632 535 5920
2773772 576632 535 149461
2773773 576633 535 5920
2773774 576633 535 149461
2773775 576634 535 5920
2773776 576634 535 149461
2773777 576635 535 5920
2773778 576635 535 149461
2773779 576636 535 5920
2773780 576636 535 149461
2773781 576637 535 5920
2773782 576637 535 149461
2773783 576638 535 5920
2773784 576638 535 149461
2773785 576639 535 5920
2773786 576639 535 149461
2773787 576640 535 5920
2773788 576640 535 149461
2773789 576641 535 5920
2773790 576641 535 149461
2773791 576642 535 5920
2773792 576642 535 149461
2773793 576643 535 5920
2773794 576643 535 149461
2773795 576644 535 5920
2773796 576644 535 149461
2773797 80348 535 149403
2773798 80348 535 19280
2773799 80348 535 149434
2773800 80348 535 5969
2773803 576645 535 19280
2773804 576645 535 130516
2773805 576645 535 1275
2773806 576645 535 149462
2773807 576645 535 149422
2773808 576645 535 149427
2773812 576647 535 10523
2773813 576647 535 6536
2773814 576647 535 5969
2773815 576647 535 149427
2773816 576647 535 3889
2773827 576650 535 10514
2773828 576650 535 508
2773829 576650 535 130516
2773830 576650 535 149422
2773831 576650 535 149427
2773849 576654 535 40078
2773850 576654 535 130516
2773851 576654 535 149422
2773852 576654 535 149427
2773853 576654 535 1275
2773854 576654 535 149462
2773855 576655 535 18895
2773856 576655 535 130516
2773857 576655 535 149422
2773858 576655 535 15892
2773859 576655 535 149427
2773860 576656 535 40078
2773861 576656 535 130516
2773862 576656 535 149422
2773863 576656 535 149427
2773881 576660 535 40078
2773882 576660 535 15892
2773883 576660 535 149427
2773884 576660 535 15199
2773885 576662 535 40078
2773886 576662 535 112637
2773887 576662 535 149422
2773888 576662 535 149427
2773889 576662 535 1275
2773890 576662 535 149462
2773891 576662 535 3889
2773903 576665 535 19280
2773904 576665 535 650
2773905 576665 535 149397
2773922 576667 535 40078
2773923 576667 535 5950
2773924 576667 535 137948
2773925 576667 535 9749
2773936 576669 535 40078
2773937 576669 535 1275
2773938 576669 535 149471
2773939 576669 535 149412
2773940 576669 535 149472
2773941 20149 535 181
2773942 20149 535 1275
2773943 20149 535 47455
2773950 576671 535 40078
2773951 576671 535 19093
2773952 576671 535 3572
2773953 576671 535 6042
2773960 576672 535 40078
2773961 576672 535 3572
2773962 8694 535 181
2773963 8694 535 3572
2773964 8694 535 42341
2773965 576673 535 149466
2773966 576673 535 19280
2773967 576673 535 25164
2773968 576673 535 149474
2773969 576673 535 149475
2773970 576674 535 149466
2773971 576674 535 19280
2773972 576674 535 25164
2773973 576674 535 149476
2773974 576674 535 149475
2773975 576675 535 19280
2773976 576675 535 25164
2773977 576675 535 149477
2773978 576676 535 40078
2773979 576676 535 25164
2773980 576676 535 79670
2773981 576676 535 149431
2773982 576676 535 149478
2773983 576676 535 149432
2773984 576676 535 19315
2773985 576676 535 149479
2773986 576676 535 3889
2773987 95717 535 19280
2773988 95717 535 25164
2773989 95717 535 149431
2773990 576677 535 19280
2773991 576677 535 25164
2773992 576677 535 149431
2774012 576681 535 149484
2774013 576681 535 19280
2774014 576681 535 149436
2774015 576681 535 5969
2774016 576682 535 19280
2774017 576682 535 149400
2774018 576682 535 149452
2774028 576685 535 10514
2774029 576685 535 149413
2774030 576685 535 12453
2774031 576685 535 121542
2774032 576685 535 149485
2774049 576690 535 40078
2774050 576690 535 6101
2774051 576690 535 149421
2774052 576690 535 149488
2774053 576690 535 149427
2774054 380625 535 19280
2774055 380625 535 149410
2774071 576695 535 40078
2774072 576695 535 19093
2774073 576695 535 5950
2774074 576695 535 19330
2774075 576695 535 3889
2774084 576698 535 149398
2774085 576698 535 181
2774086 576698 535 1275
2774087 576698 535 47455
2774088 576699 535 40078
2774089 576699 535 6101
2774090 576699 535 681
2774091 576700 535 40078
2774092 576700 535 149402
2774093 576700 535 7904
2774094 576700 535 1275
2774095 576700 535 149490
2774096 55164 535 19280
2774097 55164 535 5948
2774103 576702 535 40078
2774104 576702 535 8287
2774105 576702 535 15892
2774106 576702 535 792
2774107 576702 535 15459
2774112 576703 535 40078
2774113 576703 535 8287
2774114 576703 535 1275
2774115 576703 535 15892
2774116 576703 535 792
2774117 576703 535 15459
2774124 576705 535 40078
2774125 576705 535 5950
2774126 576705 535 149492
2774127 576705 535 149493
2774128 6811 535 19280
2774129 6811 535 347
2774176 576712 535 19280
2774177 576712 535 6536
2774178 576712 535 5969
2774179 576712 535 3889
2774180 576713 535 19280
2774181 576713 535 149422
2774182 576713 535 149454
2774183 576714 535 19280
2774184 576714 535 149497
2774185 576714 535 149435
2774186 576714 535 149498
2774187 576714 535 8561
2774188 576715 535 19280
2774189 576715 535 149497
2774190 576715 535 149435
2774191 576715 535 149498
2774192 576715 535 149499
2774193 576715 535 8561
2774198 576717 535 40078
2774199 576717 535 477
2774200 576717 535 19315
2774201 576717 535 149500
2774202 576717 535 131969
2774203 576718 535 19280
2774204 576718 535 19315
2774205 576718 535 149500
2774206 576718 535 131969
2774213 5757 535 19280
2774214 5757 535 149501
2774215 25103 535 149403
2774216 25103 535 19280
2774217 25103 535 6536
2774218 25103 535 8419
2774219 25103 535 5969
2774220 25103 535 743
2774223 5827 535 19280
2774224 5827 535 347
2774253 576728 535 40078
2774254 576728 535 8287
2774255 576728 535 15892
2774256 576728 535 792
2774257 576728 535 15459
2774262 26322 535 19280
2774263 26322 535 149507
2774264 26322 535 25164
2774265 26322 535 79670
2774285 28859 535 19280
2774286 28859 535 25164
2774290 576736 535 40078
2774291 576736 535 1275
2774292 576736 535 149427
2774293 576737 535 10523
2774294 576737 535 149434
2774295 576738 535 40078
2774296 576738 535 8287
2774297 576738 535 8714
2774298 576738 535 6042
2774299 576739 535 40078
2774300 576739 535 8287
2774301 576739 535 743
2774327 21310 535 19280
2774328 21310 535 5932
2774329 21310 535 15892
2774330 51868 535 19280
2774331 51868 535 5932
2774332 51868 535 344
2774357 576747 535 40078
2774358 576747 535 1275
2774359 576747 535 149511
2774360 576747 535 121920
2774371 576751 535 10523
2774372 576751 535 149434
2774373 576752 535 40078
2774374 576752 535 8287
2774375 576752 535 681
2774376 576753 535 40078
2774377 576753 535 8287
2774378 576753 535 1216
2774379 576753 535 15459
2774383 576755 535 40078
2774384 576755 535 5950
2774385 576755 535 149438
2774386 576755 535 149439
2774387 576756 535 19280
2774388 576756 535 5950
2774389 576756 535 149438
2774390 576756 535 149439
2774391 576756 535 9749
2774396 576758 535 19280
2774397 576758 535 644
2774398 576758 535 149457
2774401 1902 535 19280
2774402 1902 535 5950
2774403 1902 535 149444
2774407 272895 535 40078
2774408 272895 535 48427
2774409 576760 535 19280
2774410 576760 535 19315
2774411 576760 535 5682
2774412 576760 535 8919
2774413 576760 535 59775
2774414 576761 535 10523
2774415 576761 535 149434
2774420 23929 535 19280
2774421 23929 535 18438
2774422 23929 535 110904
2774423 23929 535 19330
2774424 576763 535 40078
2774425 576763 535 130516
2774426 576763 535 149435
2774427 576763 535 149480
2774428 576763 535 149431
2774429 576764 535 40078
2774430 576764 535 130516
2774431 576764 535 149422
2774432 576764 535 149427
2774433 576764 535 1275
2774434 576764 535 149462
2774435 576764 535 6042
2774436 576765 535 40078
2774437 576765 535 130516
2774438 576765 535 25164
2774439 576765 535 79670
2774440 576765 535 149432
2774441 576765 535 149431
2774442 576766 535 40078
2774443 576766 535 8287
2774444 576766 535 25164
2774445 576766 535 59775
2774449 178481 535 19280
2774450 178481 535 19093
2774451 178481 535 79787
2774452 576768 535 10523
2774453 576768 535 149434
2774454 298020 535 40078
2774455 298020 535 6101
2774456 298020 535 6042
2774459 576769 535 10514
2774460 576769 535 112637
2774461 576769 535 149400
2774462 576769 535 5950
2774463 576769 535 136446
2774464 576769 535 149450
2774465 576769 535 12034
2774470 169688 535 181
2774471 169688 535 149400
2774472 169688 535 136446
2774473 169688 535 149514
2774474 169688 535 51456
2774475 576771 535 181
2774476 576771 535 8878
2774477 576771 535 1275
2774478 576771 535 149515
2774479 576771 535 99117
2774490 576774 535 40078
2774491 576774 535 48427
2774492 576774 535 130516
2774493 576774 535 1275
2774494 576774 535 149511
2774495 576774 535 121920
2774496 96084 535 19280
2774497 96084 535 5950
2774498 96084 535 149400
2774499 96084 535 25164
2774500 576775 535 181
2774501 576775 535 1275
2774502 576775 535 121366
2774521 576778 535 40078
2774522 576778 535 48427
2774523 576778 535 130516
2774524 576778 535 1275
2774525 576778 535 121366
2774526 576779 535 40078
2774527 576779 535 48427
2774528 576779 535 130516
2774529 576779 535 1275
2774530 576779 535 121366
2774535 576781 535 19280
2774536 576781 535 149497
2774537 576781 535 1275
2774538 576781 535 149435
2774539 576781 535 149499
2774540 576782 535 40078
2774541 576782 535 48427
2774542 576782 535 130516
2774543 576782 535 1275
2774544 576782 535 149519
2774551 263451 535 181
2774552 263451 535 5950
2774553 263451 535 136446
2774554 263451 535 149520
2774562 194773 535 181
2774563 194773 535 25164
2774564 194773 535 644
2774565 194773 535 681
2774566 194773 535 149521
2774567 194773 535 149509
2774575 576787 535 19280
2774576 576787 535 5950
2774577 576787 535 149444
2774578 576787 535 149522
2774587 576791 535 40078
2774588 576791 535 18438
2774589 576791 535 130516
2774590 576791 535 1275
2774591 576791 535 149471
2774592 576791 535 149472
2774593 576791 535 149412
2774594 576792 535 40078
2774595 576792 535 6536
2774596 576792 535 130516
2774597 576792 535 1275
2774598 576792 535 149471
2774599 576792 535 149472
2774600 576792 535 149412
2774601 576793 535 40078
2774602 576793 535 1275
2774603 576793 535 149471
2774604 576793 535 149412
2774605 576793 535 149472
2774614 111055 535 149403
2774615 111055 535 19280
2774616 111055 535 19093
2774656 576804 535 40078
2774657 576804 535 149402
2774658 576804 535 7904
2774659 576804 535 1275
2774692 170317 535 18895
2774693 170317 535 149464
2774694 170317 535 1275
2774695 170317 535 12453
2774696 170317 535 39602
2774697 170317 535 121920
2774704 576816 535 181
2774705 576816 535 1255
2774706 576817 535 40078
2774707 576817 535 8287
2774708 576817 535 5948
2774713 576819 535 10523
2774714 576819 535 5948
2774715 576819 535 6052
2774716 576820 535 10523
2774717 576820 535 149434
2774721 576822 535 40078
2774722 576822 535 6101
2774723 576822 535 106402
2774724 576822 535 149421
2774725 576822 535 149422
2774726 576822 535 149527
2774727 576823 535 40078
2774728 576823 535 6101
2774729 576823 535 106402
2774730 576823 535 149400
2774731 576823 535 149452
2774732 242815 535 40078
2774733 242815 535 6101
2774734 242815 535 106402
2774735 242815 535 5948
2774736 242815 535 650
2774737 242815 535 17779
2774743 576825 535 10523
2774744 576825 535 149434
2774747 576827 535 40078
2774748 576827 535 48427
2774749 576827 535 1275
2774750 576827 535 149471
2774751 576827 535 12453
2774752 576827 535 149412
2774753 576827 535 149528
2774754 576827 535 3889
2774755 576828 535 40078
2774756 576828 535 48427
2774757 576828 535 1275
2774758 576828 535 149471
2774759 576828 535 12453
2774760 576828 535 149412
2774761 576828 535 149528
2774785 576834 535 19280
2774786 576834 535 149400
2774787 576834 535 12034
2774788 576835 535 19280
2774789 576835 535 913
2774790 576835 535 149400
2774791 576835 535 12034
2774792 279344 535 40078
2774793 279344 535 6101
2774794 279344 535 1275
2774795 576836 535 40078
2774796 576836 535 6101
2774797 576836 535 1275
2774798 576836 535 149471
2774799 576836 535 149412
2774800 576836 535 149529
2774801 576836 535 3889
2774808 16465 535 19280
2774809 16465 535 99231
2774850 175431 535 149484
2774851 175431 535 181
2774852 175431 535 1275
2774853 175431 535 137627
2774857 457647 535 19280
2774858 457647 535 112637
2774861 576849 535 19280
2774862 576849 535 149422
2774863 576849 535 149427
2774864 576849 535 1275
2774865 576849 535 149462
2774866 576849 535 149430
2774867 576849 535 3889
2774868 61960 535 40078
2774869 61960 535 6536
2774870 61960 535 344
2774871 61960 535 5969
2774872 576850 535 19280
2774873 576850 535 149435
2774882 576853 535 181
2774883 576853 535 6052
2774884 576853 535 1275
2774889 576854 535 18895
2774890 576854 535 8878
2774891 576854 535 1275
2774892 576854 535 149471
2774893 576854 535 149412
2774931 576861 535 40078
2774932 576861 535 1275
2774933 576861 535 149471
2774934 576861 535 12453
2774935 576861 535 19329
2774936 576861 535 149412
2774937 576861 535 149528
2774938 576861 535 149472
2774939 576861 535 149510
2774949 576863 535 18895
2774950 576863 535 149464
2774951 576863 535 1275
2774952 576863 535 149471
2774953 576863 535 149412
2774954 576863 535 149472
2774955 576864 535 40078
2774956 576864 535 149402
2774957 576864 535 7904
2774958 576864 535 1275
2774959 576864 535 149471
2774960 576864 535 149412
2774961 576864 535 149528
2774962 576865 535 40078
2774963 576865 535 6101
2774964 576865 535 149400
2774965 576865 535 36413
2774966 576865 535 19330
2774967 576865 535 17778
2774968 576865 535 10527
2774969 576865 535 3889
2774970 55837 535 19280
2774971 55837 535 18438
2774972 55837 535 5948
2774973 55837 535 19414
2774974 55837 535 19330
2774975 515721 535 19280
2774976 515721 535 5948
2774977 515721 535 19414
2774978 282002 535 40078
2774979 282002 535 6536
2774980 576866 535 10523
2774981 576866 535 149434
2774985 576868 535 19280
2774986 576868 535 8287
2774987 523748 535 19280
2774988 523748 535 1275
2774989 523748 535 121920
2774990 576869 535 40078
2774991 576869 535 48427
2774992 576869 535 1275
2774993 576869 535 121920
2774994 576870 535 10523
2774995 576870 535 149400
2774996 576870 535 51456
2775000 576872 535 40078
2775001 576872 535 1275
2775002 576872 535 149441
2775003 576872 535 149442
2775004 576872 535 149443
2775024 576877 535 40078
2775025 576877 535 5950
2775026 576877 535 149438
2775027 576877 535 149439
2775028 44245 535 181
2775029 44245 535 5932
2775030 44245 535 650
2775031 576878 535 40078
2775032 576878 535 8287
2775033 576878 535 5948
2775102 75739 535 19280
2775103 75739 535 149533
2775104 576889 535 40078
2775105 576889 535 681
2775106 576889 535 149508
2775107 576889 535 149521
2775108 576889 535 149509
2775109 576890 535 40078
2775110 576890 535 681
2775111 576890 535 149508
2775112 576890 535 149521
2775113 576890 535 149509
2775114 576891 535 40078
2775115 576891 535 130516
2775116 576891 535 149422
2775117 576891 535 149427
2775118 576891 535 149534
2775119 576891 535 149535
2775120 576891 535 3889
2775121 576892 535 149466
2775122 576892 535 19280
2775123 576892 535 15892
2775124 576892 535 149427
2775125 576892 535 15199
2775126 576893 535 19280
2775127 576893 535 149497
2775128 576893 535 149435
2775158 576898 535 10523
2775159 576898 535 6536
2775160 576898 535 149516
2775161 576898 535 5969
2775162 576898 535 1275
2775163 576899 535 10523
2775164 576899 535 48427
2775165 576899 535 1275
2775166 576899 535 19329
2775167 55990 535 19280
2775168 55990 535 149405
2775171 576901 535 149403
2775172 576901 535 19280
2775173 576901 535 48427
2775174 576901 535 1275
2775175 576901 535 149408
2775188 576904 535 10523
2775189 576904 535 149434
2775197 576906 535 40078
2775198 576906 535 8287
2775199 576906 535 681
2775200 576907 535 19280
2775201 576907 535 913
2775202 576907 535 1275
2775203 576907 535 99117
2775204 576907 535 149515
2775217 74892 535 19280
2775218 74892 535 8700
2775219 74892 535 6042
2775258 576917 535 19280
2775259 576917 535 1275
2775260 576917 535 47455
2775278 576921 535 19280
2775279 576921 535 112637
2775280 576921 535 5948
2775281 576921 535 17779
2775282 576922 535 19280
2775283 576922 535 25164
2775284 576922 535 149475
2775285 576923 535 18895
2775286 576923 535 149435
2775287 576923 535 149538
2775288 576923 535 149518
2775289 576923 535 149475
2775290 95020 535 19280
2775291 95020 535 149501
2775296 576925 535 40078
2775297 576925 535 8391
2775298 576925 535 130516
2775299 576925 535 149400
2775300 576925 535 149539
2775301 576925 535 51456
2775302 576926 535 40078
2775303 576926 535 6101
2775304 576926 535 112637
2775305 576926 535 5948
2775306 576926 535 17779
2775307 576926 535 3889
2775311 576927 535 18895
2775312 576927 535 149497
2775313 576927 535 130516
2775314 576927 535 149435
2775315 576927 535 149480
2775316 576927 535 149431
2775317 576928 535 40078
2775318 576928 535 8287
2775319 576928 535 681
2775320 576929 535 19280
2775321 576929 535 149410
2775336 576932 535 181
2775337 576932 535 8878
2775338 576932 535 5950
2775339 576932 535 149444
2775340 576932 535 149493
2775341 1941000 535 40078
2775342 1941000 535 149411
2775343 1941000 535 130516
2775344 1941000 535 5950
2775345 1941000 535 149493
2775346 1941000 535 149422
2775347 1941000 535 149416
2775348 1941000 535 149541
2775349 576933 535 40078
2775350 576933 535 149411
2775351 576933 535 130516
2775352 576933 535 5950
2775353 576933 535 149493
2775354 576933 535 149541
2775365 148308 535 19280
2775366 148308 535 1275
2775367 148308 535 149408
2775371 576937 535 181
2775372 576937 535 149400
2775373 576937 535 136446
2775374 576937 535 149539
2775375 576937 535 51456
2775376 576937 535 36413
2775377 576937 535 25159
2775388 576940 535 40078
2775389 576940 535 1275
2775390 576940 535 149471
2775391 576940 535 12453
2775392 576940 535 149412
2775393 576940 535 149528
2775394 576940 535 149542
2775395 576941 535 40078
2775396 576941 535 5948
2775397 576941 535 149400
2775398 576941 535 51456
2775427 576947 535 40078
2775428 576947 535 149402
2775429 576947 535 7904
2775430 576947 535 1275
2775431 576947 535 149544
2775432 576948 535 10523
2775433 576948 535 149422
2775434 576948 535 149427
2775435 576948 535 149430
2775436 263680 535 181
2775437 263680 535 5950
2775438 263680 535 149444
2775439 263680 535 136446
2775440 263680 535 149545
2775441 576949 535 40078
2775442 576949 535 19093
2775443 576949 535 79787
2775444 576949 535 6042
2775445 1829 535 149403
2775446 1829 535 19280
2775447 1829 535 8287
2775448 1829 535 650
2775449 1829 535 5948
2775450 1829 535 25164
2775451 576950 535 19280
2775452 576950 535 792
2775453 108092 535 19280
2775454 108092 535 1275
2775455 108092 535 39614
2775456 576951 535 105641
2775457 576951 535 149402
2775458 576951 535 1275
2775459 576951 535 149408
2775460 576952 535 18895
2775461 576952 535 149402
2775462 576952 535 19710
2775463 576952 535 1275
2775464 576953 535 10523
2775465 576953 535 6536
2775466 576953 535 149456
2775467 576953 535 149402
2775468 576953 535 1275
2775469 86186 535 19280
2775470 86186 535 149422
2775471 86186 535 149454
2775480 576956 535 40078
2775481 576956 535 8287
2775482 576956 535 149501
2775483 75815 535 19280
2775484 75815 535 25164
2775485 576957 535 40078
2775486 576957 535 5950
2775487 576957 535 149439
2775488 576957 535 149438
2775532 576967 535 40078
2775533 576967 535 48427
2775534 576967 535 130516
2775535 576967 535 1275
2775536 576967 535 149547
2775554 576971 535 40078
2775555 576971 535 48427
2775556 576971 535 130516
2775557 576971 535 1275
2775558 576971 535 109314
2775559 576972 535 40078
2775560 576972 535 25164
2775561 576972 535 149431
2775562 576972 535 6042
2775563 576973 535 19280
2775564 576973 535 149415
2775565 576973 535 1275
2775566 576973 535 12453
2775567 75832 535 19280
2775568 75832 535 149400
2775569 75832 535 149401
2775574 576974 535 40078
2775575 576974 535 149400
2775576 576974 535 136446
2775577 576974 535 149433
2775578 576974 535 130891
2775579 149681 535 5920
2775580 149681 535 650
2775581 149681 535 149505
2775582 149681 535 149414
2775583 149681 535 6042
2775584 576975 535 19280
2775585 576975 535 149505
2775586 576975 535 149414
2775587 1925362 535 40078
2775588 1925362 535 3572
2775589 1925362 535 7904
2775590 1925362 535 42341
2775603 62246 535 149403
2775604 62246 535 19280
2775605 62246 535 149548
2775606 62246 535 647
2775607 62246 535 5969
2775608 576979 535 181
2775609 576979 535 149549
2775610 576979 535 1275
2775611 576979 535 149408
2775612 576980 535 19280
2775613 576980 535 1275
2775614 576980 535 121920
2775615 576980 535 149464
2775616 576981 535 149398
2775617 576981 535 181
2775618 576981 535 149549
2775619 576981 535 1275
2775620 576981 535 149408
2775625 576983 535 40078
2775626 576983 535 477
2775627 576983 535 19315
2775628 576983 535 149550
2775629 576983 535 5950
2775630 576983 535 149551
2775634 576984 535 40078
2775635 576984 535 149549
2775636 576984 535 1275
2775637 576984 535 149441
2775638 576984 535 149543
2775639 108326 535 40078
2775640 108326 535 17779
2775641 108326 535 17778
2775642 108326 535 5948
2775643 108326 535 650
2775644 108326 535 3889
2775645 166713 535 40078
2775646 166713 535 17779
2775647 166713 535 5948
2775648 166713 535 650
2775649 166713 535 3889
2775650 576985 535 40078
2775651 576985 535 8287
2775652 576985 535 15892
2775653 576985 535 15459
2775654 576986 535 40078
2775655 576986 535 19093
2775656 576986 535 130516
2775657 576986 535 149400
2775658 576986 535 136446
2775659 576986 535 130891
2775660 576986 535 149433
2775673 576989 535 40078
2775674 576989 535 8287
2775675 576989 535 130516
2775676 576989 535 149400
2775677 576989 535 149539
2775678 576989 535 51456
2775679 576989 535 15892
2775680 576990 535 40078
2775681 576990 535 25164
2775682 576990 535 79670
2775683 576990 535 149474
2775684 576990 535 149552
2775685 576990 535 149475
2775699 576993 535 40078
2775700 576993 535 477
2775701 576993 535 19315
2775702 576993 535 149479
2775703 576993 535 149431
2775704 576994 535 19280
2775705 576994 535 19315
2775706 576994 535 29477
2775707 576994 535 149496
2775714 302878 535 19280
2775715 302878 535 79787
2775716 302878 535 1216
2775717 302878 535 15892
2775718 302878 535 19330
2775734 95975 535 19280
2775735 95975 535 8748
2775736 95975 535 6042
2775745 1941001 535 149398
2775746 1941001 535 18895
2775747 1941001 535 8878
2775748 1941001 535 149409
2775749 1941001 535 1275
2775756 577000 535 40078
2775757 577000 535 8287
2775758 577000 535 1275
2775761 577001 535 40078
2775762 577001 535 149507
2775763 577001 535 130516
2775764 577001 535 25164
2775765 577001 535 79670
2775766 577001 535 149553
2775767 577001 535 149474
2775768 577001 535 149476
2775769 577001 535 149475
2775770 577002 535 40078
2775771 577002 535 1275
2775772 577002 535 149511
2775773 577002 535 121920
2775774 577003 535 10523
2775775 577003 535 6536
2775776 577003 535 149516
2775777 577003 535 25164
2775778 577003 535 59775
2775779 577004 535 10523
2775780 577004 535 149434
2775796 462276 535 181
2775797 462276 535 106402
2775798 577007 535 40078
2775799 577007 535 130516
2775800 577007 535 149422
2775801 577007 535 149491
2775802 577007 535 5950
2775803 577007 535 149439
2775804 577007 535 149438
2775805 577007 535 149421
2775806 577007 535 149556
2775813 501350 535 19280
2775814 501350 535 5950
2775815 501350 535 149444
2775816 577009 535 40078
2775817 577009 535 130516
2775818 577009 535 1275
2775819 577009 535 149543
2775828 577012 535 19280
2775829 577012 535 149557
2775830 577012 535 1275
2775831 577012 535 149471
2775832 577012 535 149412
2775833 577013 535 105641
2775834 577013 535 149557
2775835 577013 535 1275
2775836 577013 535 149471
2775837 577013 535 149412
2775841 121623 535 19280
2775842 121623 535 792
2775843 121623 535 6801
2775848 577015 535 10523
2775849 577015 535 149434
2775850 577016 535 18895
2775851 577016 535 8878
2775852 577016 535 149409
2775853 577016 535 1275
2775869 577018 535 40078
2775870 577018 535 48427
2775871 577018 535 130516
2775872 577018 535 1275
2775873 577018 535 149511
2775874 577018 535 121920
2775875 577019 535 40078
2775876 577019 535 8287
2775877 577019 535 1275
2775878 577019 535 15892
2775879 577019 535 792
2775880 577020 535 40078
2775881 577020 535 149402
2775882 577020 535 7904
2775883 577020 535 1275
2775884 577020 535 149558
2775908 577027 535 19280
2775909 577027 535 149435
2775919 577029 535 19280
2775920 577029 535 5948
2775921 577029 535 19414
2775929 577031 535 10523
2775930 577031 535 149434
2775931 420835 535 181
2775932 420835 535 25164
2775933 420835 535 79670
2775934 420835 535 149478
2775935 577032 535 40078
2775936 577032 535 8287
2775937 577032 535 5950
2775938 577032 535 19315
2775939 577032 535 5682
2775940 577032 535 99077
2775941 577032 535 46216
2775942 472157 535 40078
2775943 472157 535 130516
2775944 472157 535 5969
2775945 472157 535 4599
2775973 182089 535 40078
2775974 182089 535 149533
2775975 182089 535 1275
2775976 182089 535 15892
2775977 182089 535 792
2775978 182089 535 3889
2775979 577039 535 40078
2775980 577039 535 8287
2775981 577039 535 149501
2775986 64763 535 19280
2775987 64763 535 42683
2775988 64763 535 913
2775989 64763 535 15892
2775990 64763 535 767
2775991 64763 535 19330
2775992 32724 535 19280
2775993 32724 535 6101
2775994 32724 535 913
2775998 35474 535 149403
2775999 35474 535 19280
2776000 35474 535 8391
2776001 35474 535 650
2776002 577041 535 181
2776003 577041 535 112637
2776004 577041 535 25164
2776005 577041 535 79670
2776006 577041 535 149432
2776013 577043 535 10523
2776014 577043 535 149434
2776015 2633 535 19280
2776016 2633 535 822
2776020 577045 535 40078
2776021 577045 535 8287
2776022 577045 535 681
2776026 577046 535 10523
2776027 577046 535 6536
2776028 577046 535 149456
2776029 577046 535 149434
2776030 577046 535 5969
2776034 32744 535 149403
2776035 32744 535 19280
2776036 32744 535 8714
2776037 32744 535 149405
2776038 577048 535 5920
2776039 577048 535 8714
2776042 577050 535 5920
2776043 577050 535 8714
2776044 577051 535 5920
2776045 577051 535 8714
2776046 359574 535 5920
2776047 359574 535 8714
2776048 577052 535 5920
2776049 577052 535 8714
2776050 577053 535 5920
2776051 577053 535 8714
2776052 577054 535 5920
2776053 577054 535 8714
2776054 577055 535 5920
2776055 577055 535 8714
2776056 153981 535 5920
2776057 153981 535 8714
2776058 577056 535 5920
2776059 577056 535 8714
2776060 577057 535 5920
2776061 577057 535 8714
2776062 577058 535 5920
2776063 577058 535 8714
2776064 577059 535 5920
2776065 577059 535 8714
2776066 577060 535 5920
2776067 577060 535 8714
2776068 577061 535 5920
2776069 577061 535 8714
2776074 577062 535 5920
2776075 577062 535 8714
2776076 577063 535 5920
2776077 577063 535 8714
2776078 577064 535 5920
2776079 577064 535 8714
2776091 577067 535 40078
2776092 577067 535 149402
2776093 577067 535 7904
2776094 577067 535 1275
