2801148 581229 538 2598
2801149 581229 538 6384
2801150 581230 538 6384
2801151 581230 538 873
2801152 112582 538 285
2801153 112582 538 6384
2801154 112582 538 120
2801155 112582 538 7260
2801156 112582 538 3722
2801157 581231 538 150146
2801160 581233 538 138
2801161 581233 538 1064
2801162 581233 538 150147
2801163 345772 538 552
2801164 345772 538 131
2801167 581235 538 11205
2801168 581235 538 150148
2801169 581235 538 387
2801182 104315 538 3640
2801183 104315 538 5027
2801184 104315 538 1918
2801185 104315 538 21
2801189 581239 538 138
2801190 581239 538 187
2801191 581239 538 6988
2801192 581239 538 1611
2801193 569535 538 156
2801194 569535 538 3781
2801195 569535 538 150151
2801196 35538 538 188
2801197 35538 538 108
2801198 35538 538 2742
2801199 35538 538 138
2801202 52325 538 138
2801203 52325 538 187
2801204 52325 538 15
2801205 53814 538 1745
2801206 53814 538 128162
2801210 581241 538 2705
2801211 581241 538 1740
2801212 581241 538 6384
2801213 581242 538 150152
2801214 581242 538 150153
2801215 581242 538 794
2801216 581243 538 1740
2801217 581243 538 4418
2801218 581243 538 727
2801219 581243 538 698
2801220 581244 538 210
2801221 581245 538 1329
2801222 581245 538 39182
2801223 581245 538 90
2801224 581245 538 545
2801225 148684 538 1136
2801226 148684 538 7098
2801227 45574 538 285
2801228 45574 538 1714
2801233 3832 538 1783
2801234 3832 538 138
2801235 581248 538 829
2801236 581248 538 1786
2801240 132080 538 138
2801241 132080 538 144
2801256 110422 538 138
2801257 110422 538 187
2801258 110422 538 150156
2801262 581254 538 1740
2801263 581254 538 6846
2801264 581254 538 7901
2801265 56664 538 44
2801266 56664 538 138
2801267 56664 538 187
2801268 56664 538 150158
2801269 581255 538 6128
2801270 581255 538 1740
2801271 581255 538 150157
2801272 581255 538 150159
2801273 581255 538 150155
2801274 581256 538 17176
2801275 581256 538 150160
2801276 581256 538 4140
2801277 581256 538 101870
2801278 581256 538 908
2801279 581256 538 150161
2801280 431088 538 829
2801281 431088 538 20
2801282 431088 538 451
2801283 431088 538 748
2801286 581259 538 6384
2801287 581259 538 120
2801288 581259 538 150162
2801289 488067 538 138
2801290 488067 538 144
2801295 46088 538 138
2801296 46088 538 3248
2801297 46088 538 150154
2801298 581260 538 7284
2801299 581260 538 757
2801300 581260 538 7089
2801301 581260 538 19
2801302 581261 538 100
2801303 581262 538 7089
2801304 581262 538 7284
2801305 581262 538 58128
2801306 581262 538 6352
2801307 581262 538 757
2801308 447269 538 100
2801309 447269 538 150163
2801310 447269 538 44
2801311 447269 538 10176
2801312 447269 538 75
2801313 447269 538 150147
2801314 15506 538 150155
2801315 15506 538 926
2801316 15506 538 23
2801317 15506 538 50
2801318 15506 538 150164
2801319 48260 538 138
2801320 48260 538 1783
2801321 128561 538 1117
2801322 128561 538 138
2801323 128561 538 150147
2801329 581263 538 8778
2801330 581263 538 8331
2801331 581263 538 150165
2801332 581263 538 150166
2801333 581263 538 3505
2801334 581263 538 33595
2801335 581264 538 100
2801336 581264 538 734
2801337 581264 538 90
2801338 581264 538 150167
2801339 581265 538 3504
2801340 581265 538 90
2801341 581265 538 150158
2801342 581266 538 1329
2801343 581266 538 552
2801344 581266 538 4140
2801365 581271 538 138
2801366 581271 538 150168
2801367 581272 538 100
2801368 581272 538 1374
2801369 581272 538 798
2801370 581272 538 138
2801371 581272 538 150158
2801376 852 538 16
2801377 852 538 285
2801378 852 538 150154
2801381 65583 538 138
2801382 65583 538 150147
2801383 581274 538 264
2801384 581274 538 1740
2801385 581274 538 150169
2801386 110883 538 1122
2801387 110883 538 285
2801388 581275 538 779
2801389 581275 538 12170
2801390 581275 538 4162
2801391 581275 538 5959
2801392 581276 538 1740
2801393 581276 538 11493
2801394 581276 538 127369
2801395 581277 538 168
2801396 581277 538 4140
2801397 581277 538 101870
2801398 581277 538 150170
2801401 581279 538 125
2801402 581279 538 1739
2801403 581279 538 150147
2801404 581279 538 100
2801410 65642 538 283
2801411 65642 538 100
2801412 65642 538 665
2801417 581282 538 668
2801418 581282 538 6384
2801419 561089 538 188
2801420 561089 538 10738
2801421 561089 538 2746
2801422 561089 538 13946
2801423 581283 538 94342
2801424 581283 538 4154
2801425 581283 538 523
2801428 581285 538 94342
2801429 581285 538 49199
2801446 581291 538 94342
2801447 581291 538 4154
2801459 369164 538 98
2801460 369164 538 104
2801461 369164 538 3490
2801462 369164 538 7098
2801463 369164 538 131671
2801464 369164 538 19574
2801465 369164 538 31018
2801466 581296 538 78762
2801472 196109 538 11550
2801473 196109 538 2100
2801474 196109 538 4082
2801475 196109 538 798
2801476 196109 538 150159
2801477 581299 538 4082
2801478 581299 538 1409
2801479 581299 538 17692
2801480 581299 538 4058
2801481 581299 538 150147
2801482 176717 538 4126
2801483 176717 538 4082
2801484 176717 538 20196
2801485 176717 538 2100
2801486 176717 538 4058
2801487 176717 538 150147
2801488 581300 538 4387
2801489 581300 538 285
2801490 581300 538 2100
2801491 581301 538 21
2801492 581301 538 643
2801493 581301 538 2936
2801494 581301 538 665
2801495 581301 538 373
2801496 581303 538 21
2801497 581303 538 42500
2801498 581303 538 302
2801499 581303 538 84
2801500 581303 538 79
2801501 581304 538 21
2801502 581304 538 643
2801503 581304 538 11851
2801504 581305 538 98
2801505 581305 538 21
2801506 581305 538 150159
2801507 581305 538 7098
2801508 581306 538 1159
2801509 581306 538 150171
2801510 581306 538 324
2801511 581306 538 323
2801512 581306 538 73069
2801513 581306 538 42420
2801514 581306 538 1160
2801515 581306 538 665
2801516 581306 538 21
2801517 581307 538 1383
2801518 581307 538 70
2801519 581308 538 21
2801520 581308 538 1123
2801521 581308 538 8293
2801522 581308 538 299
2801525 581310 538 2936
2801526 581310 538 1160
2801527 581310 538 34166
2801528 581310 538 21
2801529 581311 538 21
2801530 581311 538 2680
2801531 581312 538 21
2801532 581312 538 326
2801533 581312 538 3497
2801534 581312 538 639
2801538 581314 538 21
2801539 581314 538 665
2801540 581315 538 98
2801541 581315 538 21
2801542 581315 538 150159
2801543 581315 538 7098
2801544 581316 538 21
2801545 581316 538 138
2801550 581318 538 21
2801551 581318 538 2592
2801552 581318 538 4767
2801553 581319 538 643
2801554 581319 538 665
2801555 581319 538 373
2801556 581319 538 21
2801557 581320 538 150172
2801558 581320 538 2936
2801559 581320 538 467
2801560 581320 538 24
2801561 581320 538 21
2801562 581321 538 21
2801563 581321 538 873
2801564 581321 538 34166
2801565 581323 538 1160
2801566 581323 538 53074
2801567 581323 538 665
2801568 581323 538 373
2801569 581323 538 21
2801573 581326 538 21
2801574 581326 538 187
2801579 581328 538 21
2801580 581328 538 996
2801581 581328 538 24
2801582 581329 538 21
2801583 581329 538 996
2801584 581329 538 583
2801585 581329 538 24
2801592 581331 538 21
2801593 581331 538 3240
2801598 581333 538 98
2801599 581333 538 21
2801600 581333 538 150159
2801601 581333 538 7098
2801606 581335 538 21
2801607 581335 538 996
2801608 581335 538 2592
2801609 581335 538 24
2801612 333165 538 4126
2801613 333165 538 4082
2801614 333165 538 4472
2801615 333165 538 4058
2801616 333165 538 20196
2801617 333165 538 150147
2801618 47692 538 100
2801619 47692 538 283
2801620 47692 538 665
2801621 581337 538 1021
2801622 581337 538 639
2801632 549481 538 779
2801633 549481 538 28
2801634 549481 538 90
2801635 581340 538 6384
2801636 581340 538 120
2801637 581340 538 28524
2801643 581342 538 150175
2801644 581342 538 34640
2801645 581342 538 79441
2801646 581342 538 150159
2801647 581343 538 1374
2801648 581343 538 8875
2801649 581343 538 7098
2801650 581343 538 4196
2801651 348595 538 798
2801652 348595 538 11550
2801653 348595 538 4127
2801654 348595 538 5056
2801655 348595 538 150147
2801656 581344 538 6384
2801657 581344 538 12752
2801658 581344 538 150176
2801659 581344 538 6409
2801660 581344 538 885
2801668 581346 538 188
2801669 581346 538 8247
2801670 581346 538 8797
2801671 581346 538 474
2801672 581346 538 5987
2801673 581347 538 1136
2801674 581347 538 29752
2801675 581347 538 44
2801676 581347 538 150147
2801679 581349 538 1329
2801680 581349 538 552
2801681 581349 538 150178
2801682 581349 538 926
2801683 581350 538 5146
2801684 581350 538 7284
2801685 581350 538 90
2801686 581351 538 1740
2801687 581351 538 8141
2801688 581351 538 12255
2801689 581351 538 6384
2801690 581352 538 150179
2801691 581352 538 6128
2801693 581354 538 2705
2801694 581354 538 1740
2801695 581355 538 1740
2801696 581355 538 2705
2801697 581355 538 150154
2801698 581356 538 6083
2801699 581356 538 1740
2801700 581356 538 926
2801701 427939 538 6128
2801702 427939 538 1740
2801703 427939 538 6384
2801704 427939 538 150180
2801705 427940 538 6128
2801706 427940 538 1740
2801707 427940 538 6384
2801708 427940 538 90
2801709 427940 538 6409
2801710 581357 538 6128
2801711 581357 538 1740
2801712 581357 538 6384
2801713 581357 538 90
2801714 581357 538 150155
2801715 581357 538 150159
2801716 581358 538 4140
2801717 581358 538 2486
2801718 581358 538 128641
2801719 581359 538 100
2801720 581359 538 1347
2801721 581359 538 798
2801722 581359 538 15729
2801727 581362 538 6409
2801728 581362 538 29449
2801729 581362 538 8112
2801730 581362 538 8310
2801731 355571 538 138
2801732 355571 538 150155
2801733 87027 538 81
2801734 87027 538 7089
2801735 84437 538 98
2801736 84437 538 104
2801737 84437 538 748
2801738 84437 538 7098
2801739 84437 538 138
2801740 84437 538 187
2801741 84437 538 381
2801742 84437 538 31018
2801743 9015 538 275
2801744 9015 538 131
2801745 9015 538 552
2801746 9015 538 3593
2801747 9015 538 90
2801748 581363 538 104
2801749 581363 538 1560
2801750 581363 538 40175
2801755 581365 538 100
2801756 581365 538 5909
2801757 581365 538 7091
2801758 581365 538 150159
2801759 581366 538 7625
2801760 581366 538 19574
2801761 581366 538 2901
2801762 581366 538 25270
2801763 581366 538 7530
2801764 581366 538 7098
2801765 581366 538 748
2801772 406069 538 2100
2801773 406069 538 4472
2801774 406069 538 4058
2801775 406069 538 570
2801776 406069 538 4082
2801777 406069 538 150147
2801796 581371 538 1374
2801797 581371 538 4162
2801798 581371 538 7711
2801799 581371 538 150177
2801800 581371 538 6973
2801801 581371 538 125
2801802 581372 538 150168
2801803 581372 538 1534
2801804 581372 538 639
2801805 581373 538 9981
2801806 581373 538 11746
2801807 581373 538 734
2801808 581373 538 2013
2801809 581373 538 150154
2801810 581374 538 11851
2801811 581374 538 643
2801812 581374 538 150183
2801813 581375 538 11851
2801814 581375 538 839
2801815 581376 538 11851
2801816 581376 538 1133
2801817 581376 538 150154
2801822 581377 538 805
2801823 581377 538 643
2801824 581377 538 373
2801825 581377 538 8778
2801826 581377 538 11851
2801827 581377 538 100
2801828 303971 538 4371
2801829 303971 538 639
2801830 303971 538 285
2801831 126920 538 100
2801832 126920 538 527
2801833 126920 538 8776
2801834 126920 538 20331
2801842 581381 538 4140
2801843 581381 538 1021
2801844 581381 538 758
2801845 581381 538 18279
2801846 52680 538 138
2801847 52680 538 144
2801848 581382 538 188
2801849 581382 538 1393
2801850 581382 538 150159
2801851 581383 538 1740
2801852 581383 538 8310
2801853 581383 538 150154
2801854 581383 538 150185
2801863 256555 538 29925
2801864 256555 538 4154
2801865 256555 538 150159
2801879 581387 538 10793
2801883 581389 538 138
2801884 581389 538 187
2801888 66217 538 286
2801889 66217 538 11821
2801890 66217 538 21
2801891 581391 538 150187
2801892 581391 538 5306
2801902 581392 538 100
2801903 581392 538 6409
2801904 581392 538 11677
2801905 581392 538 798
2801906 581393 538 150188
2801907 581393 538 150189
2801921 581396 538 150191
2801922 581396 538 100
2801923 581396 538 15
2801924 581396 538 8213
2801925 581397 538 138
2801926 581397 538 187
2801927 581397 538 6877
2801934 581398 538 101326
2801935 581398 538 70
2801936 581398 538 150157
2801937 581399 538 10682
2801938 581399 538 1169
2801939 581399 538 4011
2801940 306941 538 846
2801941 306941 538 3151
2801942 306941 538 104
2801943 306941 538 1147
2801944 306941 538 1321
2801945 306941 538 150157
2801952 581400 538 7643
2801953 581400 538 7098
2801954 28135 538 170
2801955 28135 538 70
2801956 28135 538 53
2801957 581401 538 150194
2801958 581402 538 1740
2801959 581402 538 7788
2801963 581405 538 818
2801964 581405 538 150168
2801965 581404 538 150168
2801966 581404 538 254
2801967 581404 538 3640
2801968 581404 538 4081
2801973 581407 538 6384
2801974 581407 538 77
2801975 581407 538 976
2801976 581407 538 2990
2801977 581407 538 6409
2801978 581407 538 885
2801997 581412 538 125022
2801998 581412 538 120
2801999 581412 538 1740
2802000 581412 538 6384
2802001 581413 538 150197
2802002 581413 538 27169
2802003 581413 538 150157
2802004 581413 538 150159
2802010 12550 538 285
2802011 12550 538 1132
2802012 12550 538 5909
2802013 12550 538 1258
2802014 581415 538 150198
2802015 581415 538 1561
2802016 72657 538 2702
2802017 72657 538 941
2802018 72657 538 138
2802019 4866 538 734
2802020 4866 538 2180
2802021 4866 538 77
2802025 581416 538 283
2802026 581416 538 53074
2802027 581416 538 665
2802028 581416 538 373
2802029 1140 538 150159
2802030 1140 538 21
2802031 1140 538 125
2802032 1140 538 865
2802041 581419 538 1745
2802042 581419 538 639
2802043 581419 538 285
2802044 581419 538 77
2802052 581420 538 21
2802053 581420 538 3640
2802054 581420 538 1918
2802055 581421 538 125
2802056 581421 538 150157
2802057 581421 538 43955
2802060 581423 538 150154
2802061 581423 538 4140
2802062 581423 538 18279
2802063 581423 538 533
2802064 581423 538 518
2802069 581424 538 285
2802074 581425 538 11205
2802075 581425 538 6384
2802076 581425 538 261
2802077 581425 538 6409
2802078 581425 538 150155
2802079 581426 538 100591
2802080 581426 538 1739
2802081 581426 538 90
2802082 581427 538 6409
2802083 581427 538 8580
2802084 581427 538 6641
2802085 581427 538 6384
2802086 581427 538 150200
2802087 581428 538 6409
2802088 581428 538 805
2802089 581428 538 11851
2802090 581428 538 150201
2802091 581428 538 150154
2802092 581429 538 4140
2802093 581429 538 120
2802094 581429 538 118
2802095 581429 538 150202
2802096 581429 538 150203
2802097 581429 538 2739
2802098 581429 538 1517
2802099 30382 538 6846
2802100 30382 538 1740
2802101 581430 538 150204
2802102 581430 538 1739
2802103 581431 538 5217
2802104 581431 538 30
2802105 581431 538 150159
2802106 535753 538 276
2802107 535753 538 7326
2802108 535753 538 665
2802109 535753 538 507
2802110 535753 538 1049
2802111 110646 538 2497
2802112 110646 538 13564
2802113 110646 538 2486
2802114 581432 538 2497
2802115 581432 538 150158
2802116 581432 538 530
2802120 581434 538 734
2802121 581434 538 150205
2802122 581435 538 5687
2802123 581435 538 748
2802124 581435 538 7098
2802125 581435 538 6841
2802126 581435 538 5162
2802127 23268 538 144522
2802128 23268 538 2404
2802129 23268 538 138
2802130 581436 538 7302
2802131 581436 538 4140
2802132 581436 538 150160
2802133 112722 538 138
2802134 112722 538 150154
2802135 581437 538 7000
2802136 581437 538 10095
2802137 581437 538 6192
2802138 581438 538 150206
2802139 581439 538 1136
2802140 581439 538 381
2802141 581439 538 7098
2802142 581439 538 1373
2802156 581443 538 150207
2802161 581445 538 2464
2802162 581445 538 1136
2802163 581445 538 7098
2802164 581446 538 6846
2802165 581446 538 2890
2802166 581446 538 2705
2802167 581446 538 1740
2802168 581446 538 7927
2802169 581447 538 150206
2802170 581447 538 6384
2802174 581449 538 871
2802175 581449 538 2730
2802176 581449 538 8493
2802177 581449 538 380
2802178 581450 538 4140
2802179 581450 538 120
2802180 581450 538 150154
2802181 581450 538 150164
2802182 581450 538 150203
2802183 581450 538 41272
2802184 581450 538 7920
2802185 581451 538 6453
2802186 581451 538 643
2802187 581451 538 698
2802189 396352 538 188
2802190 396352 538 4387
2802191 396352 538 79231
2802192 396352 538 150147
2802200 581454 538 6846
2802201 581454 538 9435
2802202 581454 538 7232
2802203 581454 538 734
2802204 158850 538 150208
2802205 158850 538 19271
2802206 158850 538 276
2802207 158850 538 2739
2802208 581455 538 150209
2802209 581455 538 1740
2802214 581457 538 27691
2802215 581457 538 150210
2802216 581458 538 170
2802217 581458 538 7208
2802218 581458 538 70
2802219 581458 538 53
2802234 29076 538 108
2802235 29076 538 138
2802236 29076 538 150154
2802237 29076 538 5946
2802238 29076 538 2742
2802239 581462 538 27691
2802240 581462 538 128726
2802241 581462 538 1740
2802242 544110 538 4162
2802243 544110 538 668
2802244 40612 538 150159
2802247 66655 538 1739
2802248 66655 538 100
2802249 66655 538 15
2802250 66655 538 125
2802251 13012 538 138
2802252 13012 538 187
2802253 13012 538 150151
2802254 581463 538 20196
2802255 581463 538 11550
2802256 581463 538 4173
2802257 581463 538 150147
2802258 581464 538 11550
2802259 581464 538 20196
2802260 581464 538 4127
2802261 581464 538 798
2802262 581464 538 150147
2802263 355937 538 78762
2802264 355937 538 2100
2802265 355937 538 798
2802266 581465 538 1740
2802267 581465 538 90
2802268 581465 538 6409
2802269 581466 538 552
2802270 581466 538 150157
2802271 581466 538 131
2802280 581468 538 4140
2802281 581468 538 1021
2802282 581468 538 18279
2802283 581468 538 150155
2802284 84728 538 138
2802285 84728 538 150154
2802286 158884 538 11851
2802287 158884 538 21
2802288 158884 538 150159
2802289 581469 538 11851
2802290 581469 538 643
2802291 581469 538 21
2802292 581469 538 150159
2802293 546905 538 20130
2802294 546905 538 4371
2802295 546905 538 6192
2802296 546905 538 150157
2802297 546905 538 150155
2802298 546905 538 150164
2802299 581470 538 1739
2802300 581470 538 798
2802301 581470 538 27311
2802302 581470 538 4140
2802317 547813 538 1087
2802318 547813 538 100
2802319 547813 538 1528
2802320 547813 538 5909
2802321 66736 538 100
2802322 66736 538 5909
2802323 66736 538 11
2802324 66736 538 7091
2802325 66736 538 90
2802326 66736 538 150154
2802327 581473 538 4140
2802328 581473 538 5909
2802329 581473 538 5891
2802330 544277 538 100
2802331 544277 538 29752
2802332 544277 538 1136
2802333 544277 538 5909
2802337 544519 538 4162
2802338 544519 538 2061
2802339 544519 538 639
2802363 132746 538 285
2802364 132746 538 457
2802365 132746 538 150159
2802371 1941102 538 457
2802372 1941102 538 164
2802373 1941102 538 4316
2802374 1941102 538 150182
2802375 581485 538 552
2802376 581485 538 131
2802377 581485 538 825
2802378 368664 538 6384
2802379 368664 538 66119
2802380 368664 538 2233
2802381 581486 538 353
2802382 581486 538 150214
2802383 581486 538 150215
2802384 31958 538 150214
2802385 23390 538 138
2802386 23390 538 187
2802390 55073 538 138
2802391 55073 538 187
2802392 55073 538 2057
2802400 581488 538 11013
2802401 581488 538 150216
2802402 581488 538 9674
2802411 581491 538 10793
2802415 151298 538 138
2802416 151298 538 187
2802417 151298 538 150182
2802418 581492 538 552
2802419 581492 538 978
2802420 581492 538 131
2802421 581492 538 825
2802422 111399 538 81
2802423 581493 538 150203
2802424 581493 538 4140
2802425 581493 538 1106
2802426 581493 538 150154
2802431 581495 538 138
2802432 581495 538 150155
2802433 581495 538 15729
2802445 581497 538 4162
2802446 581497 538 15442
2802451 581499 538 4162
2802452 581499 538 150217
2802453 581499 538 108
2802454 581499 538 188
2802455 1941103 538 4162
2802456 1941103 538 5987
2802457 1941103 538 7957
2802458 581500 538 4162
2802459 581500 538 5549
2802492 544523 538 4162
2802493 544523 538 4260
2802494 544523 538 150220
2802497 581501 538 4162
2802498 581501 538 5987
2802499 581501 538 5549
2802500 581501 538 33212
2802501 581502 538 4162
2802502 581502 538 5987
2802503 581502 538 5549
2802504 581502 538 4569
2802505 581502 538 18071
2802506 581503 538 4162
2802507 581503 538 4699
2802508 581503 538 59041
2802514 1941104 538 4162
2802515 1941104 538 5987
2802516 1941104 538 7915
2802517 1941104 538 112911
2802518 581505 538 4162
2802519 581505 538 150221
2802520 581505 538 7915
2802521 13264 538 4162
2802522 13264 538 44
2802523 13264 538 100
2802524 581506 538 4162
2802525 581506 538 5987
2802526 581506 538 29711
2802527 581506 538 5461
2802528 581506 538 4793
2802529 581507 538 4162
2802530 581507 538 5987
2802531 581507 538 5549
2802536 547951 538 4162
2802537 547951 538 3122
2802538 547951 538 2795
2802539 42689 538 4162
2802540 42689 538 6737
2802541 42689 538 11022
2802542 581514 538 4162
2802543 581514 538 6737
2802544 581514 538 380
2802545 581515 538 4162
2802546 581515 538 3122
2802547 581515 538 4917
2802548 581515 538 150151
2802549 547925 538 4162
2802550 547925 538 6737
2802551 547925 538 8018
2802552 276092 538 4162
2802553 276092 538 3122
2802554 276092 538 816
2802555 276092 538 6737
2802556 581516 538 4162
2802557 581516 538 4278
2802558 581516 538 6737
2802559 581517 538 4162
2802560 581517 538 6737
2802561 581517 538 3122
2802562 581517 538 318
2802563 581517 538 2
2802564 581517 538 31437
2802565 197307 538 4162
2802566 197307 538 3122
2802567 197307 538 1131
2802568 267680 538 4162
2802569 267680 538 6737
2802570 267680 538 3122
2802571 267680 538 1182
2802572 581518 538 4162
2802573 581518 538 6737
2802574 581518 538 2427
2802575 581518 538 318
2802576 581518 538 518
2802577 581519 538 390
2802578 581519 538 4162
2802579 581519 538 3122
2802580 581520 538 4162
2802581 581520 538 3122
2802582 581520 538 125
2802586 127075 538 4162
2802587 127075 538 255
2802588 127075 538 3122
2802600 559213 538 618
2802601 559213 538 4162
2802602 559213 538 926
2802603 559213 538 150213
2802613 581526 538 77
2802614 581526 538 4921
2802615 581526 538 285
2802621 581527 538 150214
2802622 581527 538 150194
2802623 150299 538 2890
2802624 581528 538 21
2802625 581528 538 150155
2802628 581530 538 9439
2802629 581530 538 8084
2802637 61587 538 507
2802638 61587 538 126
2802639 61587 538 285
2802645 581536 538 734
2802646 581536 538 7098
2802647 581536 538 17700
2802648 581538 538 9654
2802649 581538 538 3722
2802650 581538 538 7098
2802664 29148 538 779
2802665 29148 538 7972
2802666 29148 538 527
2802667 29148 538 1528
2802668 483127 538 5307
2802669 483127 538 150154
2802670 483127 538 643
2802671 483127 538 152
2802672 1941105 538 4162
2802673 1941105 538 7284
2802674 1941105 538 5367
2802675 42706 538 4162
2802676 42706 538 100
2802677 42706 538 5367
2802678 42706 538 7284
2802683 581540 538 6077
2802684 581540 538 6405
2802685 581540 538 150224
2802686 581540 538 150225
2802691 581541 538 94342
2802692 581541 538 4154
2802693 581541 538 125
2802707 581545 538 6409
2802708 581545 538 976
2802709 581545 538 150154
2802713 581547 538 108
2802714 581547 538 138
2802719 581549 538 4089
2802720 581549 538 150154
2802721 581550 538 6409
2802722 581550 538 150228
2802723 581550 538 4044
2802724 1941106 538 30
2802725 1941106 538 10793
2802726 1941106 538 94634
2802727 581551 538 30
2802728 581551 538 10793
2802729 581551 538 94634
2802730 581551 538 5005
2802734 581553 538 78762
2802735 581553 538 1049
2802736 581553 538 4127
2802737 166946 538 138
2802738 166946 538 150147
2802739 151723 538 150168
2802740 151723 538 1534
2802741 581556 538 4140
2802742 581556 538 11
2802749 545422 538 4162
2802750 545422 538 8213
2802751 545422 538 29711
2802752 545422 538 150151
2802753 545422 538 4699
2802754 545422 538 10013
2802755 337645 538 70
2802756 337645 538 7208
2802757 337645 538 53
2802758 581559 538 53
2802759 581559 538 70
2802760 581559 538 380
2802761 581559 538 150156
2802765 581561 538 780
2802766 581562 538 780
2802767 581562 538 10793
2802768 581562 538 150177
2802769 581562 538 639
2802770 581563 538 865
2802771 581563 538 168
2802772 581563 538 131
2802773 581563 538 342
2802774 557675 538 188
2802775 557675 538 8327
2802776 557675 538 3722
2802780 581565 538 138
2802781 581565 538 1064
2802782 581565 538 150147
2802783 581566 538 100
2802784 581566 538 188
2802785 581566 538 1739
2802786 581566 538 7636
2802787 581566 538 101326
2802788 581566 538 51006
2802792 134995 538 50518
2802793 134995 538 7122
2802794 134995 538 17107
2802795 134995 538 908
2802796 128167 538 3505
2802797 128167 538 988
2802798 128167 538 1126
2802799 146781 538 1122
2802803 94551 538 639
2802804 252054 538 100
2802805 252054 538 1739
2802806 252054 538 13767
2802810 581571 538 101870
2802811 581571 538 4140
2802812 581571 538 5350
2802813 581571 538 17176
2802814 581571 538 11138
2802820 17887 538 21
2802821 17887 538 294
2802822 17887 538 318
2802823 17887 538 825
2802824 17887 538 150157
2802825 17887 538 125
2802830 581573 538 29925
2802831 581573 538 4154
2802832 581573 538 15
2802833 581574 538 220
2802834 581574 538 57458
2802835 581574 538 6223
2802836 581575 538 285
2802837 581575 538 4387
2802838 581576 538 125
2802839 581576 538 94342
2802840 581577 538 886
2802841 581577 538 88573
2802842 581577 538 90
2802843 581578 538 7302
2802844 581578 538 150231
2802845 581578 538 4140
2802846 290793 538 1367
2802847 290793 538 30
2802848 290793 538 10793
2802849 13801 538 5146
2802850 13801 538 188
2802851 13801 538 908
2802852 13801 538 305
2802853 13801 538 150147
2802858 548263 538 552
2802859 548263 538 131
2802860 548263 538 1605
2802871 6007 538 5
2802872 6007 538 81
2802873 6007 538 11
2802878 581584 538 29340
2802879 581584 538 798
2802880 581584 538 150196
2802891 581587 538 138
2802892 581587 538 150232
2802895 479365 538 100
2802896 479365 538 285
2802897 479365 538 11
2802898 479365 538 30
2802899 479365 538 474
2802900 479365 538 1393
2802901 479365 538 31717
2802902 479365 538 18473
2802903 377430 538 100
2802904 377430 538 1679
2802905 581589 538 4140
2802906 581589 538 150223
2802907 581589 538 7711
2802908 581590 538 150233
2802913 417691 538 342
2802914 417691 538 5
2802915 43787 538 138
2802916 43787 538 187
2802917 43787 538 125
2802923 428806 538 138
2802924 428806 538 150155
2802927 581595 538 150234
2802928 581595 538 7302
2802929 581595 538 4140
2802930 581595 538 41581
2802934 580217 538 941
2802935 580217 538 138
2802936 580217 538 1886
2802937 580217 538 1999
2802938 580217 538 2526
2802939 581597 538 7000
2802940 581597 538 305
2802941 581597 538 895
2802947 406757 538 734
2802948 406757 538 285
2802949 581599 538 2139
2802950 581599 538 90
2802951 581599 538 734
2802952 581600 538 5687
2802953 581600 538 734
2802954 581600 538 2139
2802955 32987 538 1386
2802956 32987 538 7013
2802957 32987 538 1819
2802958 32987 538 2990
2802959 32987 538 1779
2802963 548361 538 100
2802964 548361 538 4162
2802965 548361 538 4023
2802966 548361 538 92535
2802967 80372 538 1122
2802968 80372 538 285
2802976 165887 538 131
2802977 165887 538 908
2802978 165887 538 4483
2802979 165887 538 150157
2802980 165887 538 150155
2802983 530231 538 4177
2802984 530231 538 798
2802992 581606 538 150238
2802993 581606 538 1740
2802994 581606 538 150239
2802997 581607 538 104
2802998 581607 538 1021
2802999 581607 538 829
2803000 581607 538 1080
2803001 581607 538 23932
2803008 581610 538 11291
2803009 581610 538 276
2803010 581610 538 4154
2803014 581612 538 4089
2803015 581612 538 45274
2803016 581612 538 7089
2803017 581612 538 606
2803018 581612 538 276
2803019 581613 538 4089
2803020 581613 538 276
2803021 581613 538 4472
2803022 581613 538 2100
2803023 581613 538 4387
2803024 581613 538 7326
2803025 581613 538 20294
2803026 581614 538 129666
2803027 581614 538 131
2803028 581614 538 552
2803033 345131 538 276
2803034 345131 538 6862
2803035 345131 538 318
2803036 345131 538 2739
2803037 345131 538 255
2803038 345131 538 150213
2803049 581617 538 276
2803050 581617 538 4181
2803051 581617 538 100
2803052 581617 538 20294
2803053 581617 538 606
2803054 581617 538 150240
2803055 581618 538 210
2803056 581618 538 5932
2803057 581618 538 18888
2803058 581619 538 27311
2803059 581619 538 285
2803060 581619 538 100
2803061 581619 538 1739
2803062 266098 538 276
2803063 266098 538 8781
2803064 266098 538 8279
2803065 266098 538 2486
2803066 266098 538 150159
2803067 26350 538 5962
2803068 26350 538 276
2803069 581620 538 13564
2803070 581620 538 2682
2803071 581620 538 2680
2803072 581620 538 30
2803073 581620 538 2679
2803083 349092 538 4162
2803084 349092 538 4089
2803085 349092 538 150151
2803086 349092 538 3122
2803087 32073 538 188
2803088 32073 538 7081
2803089 32073 538 1106
2803090 32073 538 108
2803091 32073 538 276
2803092 32073 538 150147
2803093 349107 538 10762
2803094 349107 538 100
2803095 349107 538 188
2803096 349107 538 885
2803097 334885 538 276
2803098 334885 538 4483
2803099 334885 538 30
2803100 334885 538 79
2803101 334885 538 4984
2803102 581624 538 138
2803103 581624 538 150155
2803109 356321 538 100
2803110 356321 538 24178
2803111 356321 538 76
2803112 356321 538 150213
2803113 356321 538 2427
2803114 356321 538 164
2803115 356321 538 276
2803116 581625 538 13564
2803117 581625 538 100
2803118 581625 538 90
2803119 581625 538 4173
2803120 581625 538 150158
2803126 334914 538 100
2803127 334914 538 908
2803128 334914 538 1135
2803129 334914 538 150154
2803130 581627 538 94342
2803131 581627 538 4154
2803132 581627 538 125
2803133 581628 538 342
2803134 581628 538 963
2803135 581628 538 1122
2803136 301978 538 829
2803137 301978 538 709
2803146 581630 538 94342
2803147 581630 538 4154
2803148 581630 538 125
2803152 581633 538 188
2803153 581633 538 10738
2803154 581633 538 1528
2803155 581634 538 98
2803156 581634 538 10281
2803157 581634 538 29
2803158 581634 538 127
2803159 581634 538 2781
2803160 581634 538 1679
2803161 404640 538 100
2803162 404640 538 50905
2803163 404640 538 1743
2803164 581635 538 441
2803165 581635 538 657
2803166 581635 538 81
2803167 581635 538 4
2803175 47902 538 150232
2803176 47902 538 7326
2803177 47902 538 120
2803178 47902 538 1127
2803179 47902 538 150157
2803180 581637 538 138
2803181 581637 538 187
2803182 581637 538 150158
2803183 339281 538 318
2803184 339281 538 2849
2803185 339281 538 76
2803186 339281 538 4802
2803187 339281 538 51028
2803188 339281 538 131
2803202 581641 538 2598
2803203 581641 538 5217
2803204 581641 538 2940
2803213 335054 538 51200
2803214 335054 538 2497
2803215 335054 538 1320
2803216 335054 538 150158
2803219 581644 538 4162
2803220 581644 538 11603
2803221 581644 538 7314
2803222 581644 538 11821
2803223 581645 538 276
2803224 581645 538 1653
2803225 581645 538 4154
2803229 581647 538 4019
2803230 581648 538 2857
2803231 581648 538 5387
2803232 581648 538 374
2803233 581648 538 150147
2803234 581648 538 150159
2803235 581649 538 11016
2803236 581649 538 1745
2803241 581650 538 150243
2803249 452863 538 1122
2803250 452863 538 285
2803251 87948 538 963
2803252 87948 538 869
2803253 581652 538 4140
2803254 581652 538 10238
2803255 581652 538 18279
2803256 581652 538 150154
2803257 581653 538 150148
2803264 581655 538 150245
2803275 581658 538 8875
2803276 581658 538 643
2803277 581658 538 698
2803278 11814 538 4082
2803279 11814 538 2100
2803280 11814 538 7326
2803281 11814 538 1611
2803282 581659 538 1740
2803283 581659 538 374
2803292 581662 538 4154
2803293 581662 538 1322
2803294 581662 538 150151
2803295 581662 538 19543
2803296 581663 538 829
2803297 581663 538 1021
2803298 581663 538 39812
2803299 581664 538 150246
2803300 581664 538 829
2803301 581664 538 7098
2803302 581664 538 7530
2803303 581664 538 1021
2803304 581664 538 39812
2803305 581664 538 150156
2803318 581667 538 150247
2803319 581667 538 150248
2803320 581667 538 150249
2803321 581667 538 1740
2803327 581669 538 1328
2803328 581669 538 90
2803329 581669 538 318
2803330 581670 538 4162
2803331 581670 538 255
2803332 581670 538 305
2803333 581670 538 150151
2803334 581670 538 5987
2803335 581671 538 300
2803336 581671 538 28
2803337 581671 538 1136
2803338 581671 538 960
2803339 581671 538 11511
2803340 581671 538 1373
2803350 581674 538 1740
2803351 581674 538 19623
2803352 581674 538 150251
2803353 581674 538 150239
2803354 153103 538 960
2803355 153103 538 285
2803356 79854 538 643
2803357 79854 538 6453
2803358 307869 538 100
2803359 307869 538 1132
2803360 307869 538 474
2803374 581677 538 150157
2803375 581677 538 150154
2803376 349212 538 150252
2803377 349212 538 8448
2803380 581679 538 9800
2803381 581679 538 6409
2803382 581679 538 8580
2803383 581679 538 150253
2803384 581679 538 112707
2803385 581680 538 6409
2803386 581680 538 6384
2803387 581680 538 39375
2803388 23874 538 138
2803389 23874 538 961
2803395 581681 538 13564
2803396 581681 538 50924
2803397 581681 538 2680
2803398 581681 538 545
2803399 581682 538 7232
2803400 581683 538 285
2803401 581683 538 7232
2803402 581683 538 150254
2803403 581683 538 17700
2803404 581684 538 6384
2803405 581684 538 150255
2803406 581684 538 1897
2803407 581685 538 138
2803408 581685 538 187
2803409 581685 538 150196
2803410 581685 538 5374
2803411 581685 538 6812
2803415 581687 538 1739
2803416 581687 538 64
2803417 581687 538 21
2803418 581687 538 150157
2803419 581688 538 908
2803420 581688 538 150155
2803421 581688 538 150159
2803422 581688 538 21
2803423 581689 538 1740
2803424 581689 538 6384
2803425 581689 538 125
2803426 378006 538 101949
2803427 378006 538 101948
2803428 378006 538 4082
2803429 378006 538 4127
2803430 378006 538 2469
2803431 378006 538 1611
2803432 378006 538 606
2803433 581690 538 3505
2803434 581690 538 1126
2803435 581690 538 4699
2803436 581690 538 100586
2803437 581690 538 988
2803438 581691 538 885
2803439 581691 538 779
2803440 581691 538 72
2803441 581691 538 150157
2803442 581692 538 150149
2803443 581692 538 101870
2803444 581692 538 150177
2803445 581692 538 100481
2803446 581693 538 3504
2803447 581693 538 47092
2803448 581694 538 3504
2803449 581694 538 961
2803460 581696 538 871
2803461 581696 538 8493
2803462 581696 538 2730
2803468 581699 538 21
2803469 581699 538 77
2803470 144149 538 28
2803471 144149 538 1393
2803472 144149 538 138
2803476 23924 538 5146
2803477 23924 538 305
2803478 23924 538 328
2803479 23924 538 188
2803481 363596 538 13564
2803482 363596 538 4127
2803483 363596 538 150147
2803484 363596 538 20280
2803485 363596 538 50787
2803486 581702 538 125
2803487 581702 538 94342
2803488 581702 538 150256
2803493 581704 538 318
2803494 581704 538 699
2803495 581704 538 665
2803496 581704 538 21
2803497 3046 538 300
2803498 3046 538 552
2803499 3046 538 28
2803500 3046 538 131
2803501 3046 538 90
2803502 581705 538 100515
2803503 581705 538 4140
2803504 581705 538 101870
2803505 581705 538 9674
2803506 581705 538 150175
2803507 581706 538 639
2803508 581707 538 102336
2803509 581707 538 150257
2803510 581707 538 168
2803511 581708 538 374
2803512 581708 538 865
2803523 581711 538 7089
2803524 581711 538 150258
2803525 581711 538 606
2803526 581711 538 798
2803527 581712 538 7089
2803528 440263 538 7089
2803536 112922 538 780
2803537 112922 538 639
2803538 112922 538 10793
2803539 112922 538 150177
2803562 581719 538 150262
2803563 581719 538 908
2803564 581719 538 100477
2803565 581719 538 8279
2803566 581719 538 150263
2803567 581720 538 94342
2803568 581720 538 4154
2803569 581720 538 125
2803570 581720 538 156
2803571 581720 538 150264
2803578 581723 538 28
2803579 581723 538 1373
2803580 581723 538 734
2803581 254517 538 1328
2803582 254517 538 318
2803583 254517 538 90
2803584 275681 538 2100
2803585 275681 538 4082
2803586 275681 538 4580
2803593 581725 538 300
2803594 581725 538 102312
2803595 581725 538 552
2803596 581725 538 131
2803597 581726 538 300
2803598 581726 538 798
2803599 581726 538 552
2803600 581726 538 4140
2803601 581726 538 908
2803602 581727 538 552
2803603 581727 538 300
2803604 581727 538 125
2803605 581728 538 28
2803606 581728 538 380
2803607 581728 538 77
2803608 581728 538 885
2803609 581729 538 11550
2803610 581729 538 829
2803611 581729 538 90
2803627 349336 538 2331
2803628 349336 538 188
2803629 349336 538 527
2803630 349336 538 10296
2803631 349336 538 150147
2803632 581731 538 94342
2803633 581731 538 4154
2803634 581731 538 2526
2803638 38325 538 285
2803639 38325 538 639
2803640 38325 538 1021
2803641 57161 538 5476
2803642 57161 538 2602
2803643 144226 538 5146
2803644 144226 538 150154
2803645 144226 538 5959
2803646 144226 538 188
2803647 144226 538 668
2803648 144226 538 305
2803660 38348 538 5146
2803661 38348 538 188
2803662 38348 538 10134
2803663 38348 538 6274
2803664 38348 538 305
2803665 38348 538 9439
2803668 557941 538 56
2803669 557941 538 188
2803670 557941 538 1528
2803671 557941 538 1822
2803672 557941 538 150147
2803676 16368 538 4127
2803677 16368 538 2100
2803678 16368 538 41989
2803679 581734 538 150266
2803680 581734 538 150267
2803681 581734 538 129
2803682 581734 538 138
2803686 581736 538 9755
2803687 581736 538 150268
2803688 581736 538 877
2803689 581736 538 150156
2803692 1941109 538 150269
2803693 1941109 538 150270
2803694 1941109 538 125
2803695 1941109 538 150157
2803696 1941109 538 131
2803697 1941109 538 39182
2803701 581739 538 138
2803702 581739 538 150271
2803708 581741 538 150204
2803709 581741 538 1739
2803710 581741 538 150272
2803711 581742 538 150273
2803712 581743 538 20543
2803713 581743 538 1883
2803724 335561 538 552
2803725 335561 538 4140
2803726 335561 538 1329
2803727 335561 538 877
2803728 335561 538 131
2803729 7039 538 29
2803730 7039 538 3
2803731 7039 538 127
2803732 7039 538 138
2803733 581745 538 275
2803734 581745 538 128261
2803735 581745 538 988
2803736 581745 538 3505
2803737 581745 538 150196
2803738 581746 538 150275
2803739 581746 538 275
2803740 581746 538 727
2803741 581746 538 988
2803742 581746 538 3505
2803743 581746 538 863
2803744 581748 538 138
2803745 581748 538 1064
2803746 581748 538 150147
2803751 581750 538 4162
2803752 581750 538 618
2803753 581750 538 90
2803756 581751 538 7089
2803757 581751 538 657
2803758 337794 538 1819
2803759 337794 538 100
2803760 337794 538 474
2803763 581753 538 24363
2803764 581753 538 2138
2803765 581753 538 285
2803766 581753 538 1172
2803767 133465 538 963
2803768 133465 538 342
2803781 581756 538 7851
2803782 581756 538 8018
2803783 581756 538 4140
2803784 581756 538 1374
2803785 581757 538 1328
2803786 581757 538 988
2803787 581757 538 3505
2803788 581757 538 275
2803789 581757 538 863
2803790 581757 538 150184
2803791 27787 538 1611
2803792 27787 538 104
2803793 27787 538 616
2803796 581759 538 9800
2803797 581759 538 6384
2803798 581759 538 285
2803803 581760 538 23935
2803804 581760 538 829
2803805 581760 538 7098
2803806 581760 538 1021
2803807 581760 538 39812
2803808 581760 538 150156
2803809 581761 538 104
2803810 581761 538 5326
2803811 581761 538 40175
2803812 27790 538 80855
2803813 27790 538 829
2803814 27790 538 20
2803815 581762 538 104
2803816 581762 538 40175
2803817 581763 538 100
2803818 581763 538 79169
2803819 581763 538 1807
2803820 581763 538 79168
2803821 581763 538 7530
2803824 581764 538 285
2803825 581764 538 1409
2803826 581764 538 1031
2803827 581764 538 264
2803836 581765 538 150276
2803837 581766 538 1739
2803838 581766 538 2990
2803839 581766 538 44
2803840 581766 538 138
2803841 241271 538 960
2803842 241271 538 11432
2803843 241271 538 798
2803844 241271 538 12047
2803845 241271 538 7098
2803846 241271 538 748
2803849 581768 538 15
2803850 581768 538 94342
2803851 581768 538 150182
2803852 581768 538 4154
2803853 581768 538 5244
2803854 581769 538 7098
2803855 581769 538 4196
2803856 581769 538 3722
2803857 581769 538 4270
2803858 581769 538 150156
2803859 581769 538 1136
2803863 22654 538 138
2803864 22654 538 187
2803865 22654 538 3147
2803872 201577 538 1605
2803873 201577 538 150157
2803878 581773 538 1328
2803879 581773 538 57720
2803880 581773 538 150184
2803881 581774 538 8975
2803889 581776 538 5891
2803890 581776 538 1743
2803891 505003 538 4797
2803892 505003 538 7089
2803893 16465 538 138
2803894 16465 538 1123
2803895 16465 538 150277
2803896 16465 538 81
2803897 16465 538 150157
2803922 581783 538 7284
2803923 581783 538 1393
2803924 581783 538 11
2803925 581783 538 1739
2803932 581786 538 12372
2803933 581786 538 7302
2803934 581786 538 125661
2803939 7313 538 12584
2803940 7313 538 1057
2803941 581788 538 150281
2803942 581788 538 1374
2803943 581788 538 100
2803949 581789 538 828
2803950 581789 538 5476
2803951 581789 538 44
2803952 581789 538 5162
2803953 581790 538 1740
2803954 581790 538 7866
2803955 581790 538 6384
2803956 581791 538 150157
2803957 581791 538 873
2803958 581792 538 6384
2803959 581792 538 1739
2803960 581792 538 285
2803961 581792 538 100438
2803962 581792 538 138
2803963 581792 538 150155
2803964 581793 538 100515
2803965 581793 538 4140
2803966 581793 538 150175
2803967 581793 538 150155
2803968 581793 538 9674
2803969 581793 538 150159
2803970 581794 538 100
2803971 581794 538 707
2803972 581794 538 47092
2803973 581794 538 1739
2803983 581795 538 353
2803984 581796 538 353
2803985 35042 538 138
2803986 35042 538 150154
2803987 581797 538 2027
2803988 581797 538 1352
2803989 558043 538 5674
2803990 558043 538 5909
2803991 558043 538 188
2803992 558043 538 150240
2803993 581798 538 2598
2803994 581798 538 639
2803995 581798 538 150177
2803996 581799 538 2598
2803997 581800 538 2175
2803999 581802 538 606
2804000 581802 538 150258
2804001 581802 538 798
2804018 581807 538 2331
2804019 581807 538 138
2804020 581807 538 150154
2804021 581807 538 1352
2804023 581809 538 552
2804024 581809 538 1528
2804025 581809 538 139
2804026 581810 538 908
2804027 581810 538 150159
2804028 581810 538 150154
2804029 68569 538 138
2804030 68569 538 187
2804031 68569 538 45
2804040 536514 538 324
2804041 536514 538 323
2804042 536514 538 657
2804043 536514 538 81
2804044 536514 538 2
2804045 536514 538 1160
2804055 61175 538 1739
2804056 61175 538 27311
2804057 61175 538 1425
2804058 61175 538 13780
2804059 407413 538 1136
2804060 407413 538 1258
2804061 407413 538 124314
2804062 407413 538 150282
2804063 194923 538 100
2804064 194923 538 1136
2804065 194923 538 7224
2804066 346263 538 100
2804067 346263 538 7224
2804068 346263 538 1136
2804069 346263 538 90
2804070 581813 538 4162
2804071 581813 538 5987
2804072 581813 538 5549
2804073 581813 538 113060
2804074 581814 538 104
2804075 581814 538 1136
2804076 581814 538 7098
2804080 581816 538 100558
2804081 581816 538 734
2804084 581817 538 643
2804085 581817 538 4387
2804086 581817 538 6384
2804087 581818 538 77
2804088 581818 538 81
2804089 581818 538 285
2804090 581819 538 168
2804091 581819 538 4140
2804092 581819 538 101870
2804093 581819 538 150283
2804097 581821 538 19677
2804098 581821 538 846
2804103 581823 538 150284
2804104 581824 538 150285
2804105 581824 538 150286
2804106 581824 538 552
2804107 581824 538 798
2804108 581825 538 6409
2804109 581825 538 8310
2804110 581825 538 150154
2804111 581826 538 102172
2804112 581826 538 7868
2804113 581826 538 798
2804114 488927 538 150287
2804115 488927 538 1057
2804116 581827 538 19279
2804117 581828 538 960
2804118 581829 538 960
2804119 581829 538 285
2804120 581829 538 3153
2804121 24268 538 285
2804122 24268 538 734
2804123 24268 538 40617
2804129 268530 538 264
2804130 268530 538 865
2804131 268530 538 7098
2804132 268530 538 2464
2804133 268530 538 4196
2804134 581832 538 29925
2804135 581832 538 4154
2804136 581832 538 187
2804137 581832 538 150151
2804138 302374 538 908
2804139 302374 538 798
2804140 302374 538 552
2804141 302374 538 150159
2804142 302374 538 28
2804145 68710 538 24794
2804146 68710 538 665
2804147 68710 538 2
2804148 68710 538 1160
2804149 68710 538 57589
2804150 68710 538 150183
2804151 68710 538 150157
2804152 581833 538 138
2804153 581833 538 150154
2804156 581835 538 52
2804157 581835 538 643
2804158 581835 538 6384
2804159 53600 538 1446
2804160 53600 538 90
2804161 581836 538 6409
2804162 581836 538 6641
2804163 581836 538 150288
2804164 581836 538 6384
2804165 581836 538 150200
2804166 581837 538 6409
2804167 581837 538 6641
2804168 581837 538 6384
2804169 581837 538 150289
2804175 581840 538 871
2804176 581840 538 8493
2804177 581840 538 2730
2804178 581841 538 10793
2804179 581842 538 150290
2804180 581842 538 8499
2804181 581842 538 4140
2804182 581842 538 150291
2804183 581842 538 150155
2804184 581842 538 150292
2804185 581842 538 150293
2804192 78098 538 285
2804193 78098 538 734
2804194 78098 538 885
2804195 351693 538 138
2804210 581846 538 552
2804211 581846 538 4140
2804212 581846 538 908
2804213 581846 538 150155
2804216 581847 538 908
2804217 581847 538 150161
2804218 581847 538 150155
2804219 581847 538 4140
2804220 581847 538 150294
2804221 581847 538 150295
2804222 581847 538 150296
2804223 581848 538 8626
2804224 581848 538 285
2804225 581848 538 150263
2804226 581848 538 908
2804227 581848 538 150154
2804228 581848 538 150159
2804229 581849 538 4495
2804230 581849 538 3060
2804231 581850 538 294
2804232 581850 538 150157
2804233 581850 538 7264
2804234 581850 538 1374
2804239 181371 538 276
2804240 181371 538 45238
2804241 181371 538 469
2804242 181371 538 464
2804243 181371 538 618
2804244 181371 538 302
2804250 581854 538 6409
2804251 581854 538 8563
2804252 581855 538 6384
2804253 581855 538 13471
2804254 581855 538 6409
2804255 581855 538 150154
2804256 581856 538 138
2804257 581857 538 7284
2804258 581857 538 1393
2804259 581857 538 1739
2804260 581857 538 11
2804261 581857 538 150154
2804262 581858 538 4173
2804263 581858 538 90
2804264 349059 538 276
2804265 349059 538 4181
2804266 349059 538 90
2804267 349059 538 150240
2804268 349059 538 606
2804269 349059 538 4089
2804270 349059 538 45274
2804271 581859 538 100
2804272 581859 538 7224
2804273 581859 538 1136
2804277 57297 538 138
2804278 57297 538 150147
2804289 16794 538 4401
2804290 16794 538 84
2804291 16794 538 143147
2804292 16794 538 4483
2804293 16794 538 100
2804294 1690 538 77
2804295 1690 538 285
2804296 581861 538 77
2804297 581861 538 6409
2804298 581861 538 491
2804299 581861 538 885
2804300 31304 538 885
2804301 31304 538 77
2804302 31304 538 6409
2804303 31304 538 6384
2804307 581862 538 6384
2804308 581862 538 75
2804309 581862 538 6409
2804310 581862 538 77
2804311 581862 538 6128
2804312 581862 538 885
2804313 581863 538 150297
2804314 581863 538 4387
2804315 581863 538 285
2804318 16804 538 138
2804319 16804 538 150154
2804326 156489 538 639
2804327 156489 538 4387
2804328 156489 538 285
2804329 156489 538 150168
2804338 581866 538 5687
2804339 581866 538 374
2804340 581866 538 865
2804341 35748 538 6846
2804342 35748 538 374
2804343 35748 538 5387
2804344 35748 538 150154
2804345 35748 538 150159
2804346 581867 538 552
2804347 581867 538 4140
2804355 581872 538 1745
2804356 581872 538 125
2804357 581872 538 451
2804360 581874 538 639
2804361 544550 538 4162
2804362 544550 538 3122
2804363 544550 538 12752
2804364 544550 538 6737
2804370 581875 538 1323
2804371 581875 538 643
2804372 581875 538 7232
2804373 581875 538 8875
2804382 581878 538 1329
2804383 581878 538 150178
2804384 581879 538 27313
2804385 581879 538 7302
2804386 581879 538 4140
2804387 581879 538 150155
2804388 581879 538 150157
2804391 581882 538 780
2804392 581882 538 639
2804393 581882 538 150177
2804394 581883 538 780
2804395 581883 538 150177
2804396 581883 538 639
2804398 562321 538 780
2804399 562321 538 285
2804412 581889 538 120
2804413 581889 538 28524
2804414 581890 538 120
2804415 581890 538 150162
2804416 581891 538 3505
2804417 581891 538 1126
2804418 581891 538 318
2804419 581891 538 150151
2804420 581892 538 285
2804421 581892 538 1739
2804422 581892 538 748
2804423 581892 538 2013
2804424 581892 538 100
2804425 581892 538 150147
2804426 581892 538 885
2804432 581893 538 94342
2804433 581893 538 4154
2804434 581893 538 125
2804441 581895 538 102780
2804442 581895 538 1374
2804443 581895 538 7848
2804444 3089 538 552
2804445 3089 538 131
2804446 3089 538 125
2804447 3089 538 150157
2804454 581897 538 5687
2804455 581897 538 104
2804456 581897 538 829
2804457 581897 538 734
2804458 581897 538 42625
2804461 16897 538 4401
2804462 16897 538 4162
2804463 16897 538 100
2804464 16897 538 295
2804465 16897 538 55
2804466 144789 538 1374
2804467 144789 538 4023
2804468 144789 538 40552
2804469 144789 538 1203
2804470 144789 538 36126
2804471 144789 538 110228
2804475 581900 538 6973
2804476 581900 538 1374
2804477 581900 538 102969
2804478 581900 538 150304
2804479 581900 538 11432
2804480 581900 538 7098
2804481 581900 538 1021
2804482 581901 538 6973
2804483 581901 538 798
2804484 581901 538 150158
2804485 581901 538 5987
2804486 581902 538 1374
2804487 581902 538 7098
2804488 581902 538 4196
2804489 152498 538 285
2804490 152498 538 734
2804491 152498 538 77
2804492 152498 538 150155
2804500 581904 538 1739
2804501 581904 538 5162
2804502 581904 538 11
2804503 581905 538 57589
2804504 581905 538 324
2804505 581905 538 323
2804506 581905 538 1160
2804507 581905 538 665
2804508 581905 538 2
2804509 581906 538 829
2804510 581906 538 104
2804511 581906 538 7000
2804512 581906 538 1528
2804513 581906 538 100
2804514 581907 538 138
2804515 581907 538 187
2804516 581907 538 2742
2804517 581907 538 7312
2804518 357355 538 21
2804519 357355 538 780
2804520 357355 538 5217
2804521 581908 538 275
2804522 581908 538 8778
2804523 581908 538 57720
2804524 581908 538 863
2804525 581908 538 150306
2804526 581908 538 988
2804527 581908 538 3505
2804528 581908 538 150196
2804533 581910 538 1160
2804534 581910 538 133600
2804535 581910 538 699
2804536 581911 538 133600
2804537 581911 538 1160
2804538 581911 538 699
2804539 581911 538 125
2804543 64 538 170
2804544 64 538 70
2804545 64 538 53
2804546 581914 538 834
2804547 581914 538 509
2804548 581914 538 30
2804549 581914 538 117
2804550 581914 538 131
2804551 1751 538 188
2804552 1751 538 831
2804558 581917 538 20280
2804559 581917 538 2680
2804560 581917 538 76
2804561 581917 538 4802
2804562 581917 538 150147
2804563 581918 538 100
2804564 581918 538 27526
2804565 581918 538 10793
2804570 581920 538 100
2804571 581920 538 696
2804572 581920 538 44
2804573 581920 538 4162
2804574 581920 538 6961
2804579 581921 538 100
2804580 581921 538 4371
2804581 581921 538 6192
2804582 581921 538 285
2804583 581922 538 100
2804584 581922 538 11851
2804585 581922 538 150308
2804586 581923 538 100
2804587 581923 538 7319
2804588 425833 538 100
2804589 425833 538 1106
2804590 425833 538 90
2804591 581924 538 100
2804592 581924 538 90
2804593 581924 538 27296
2804594 581924 538 150154
2804595 581924 538 1106
2804596 53740 538 100
2804597 53740 538 8844
2804598 53740 538 90
2804603 581925 538 100
2804604 581925 538 7319
2804605 581925 538 885
2804610 581926 538 56
2804611 581926 538 100
2804612 581926 538 474
2804613 401008 538 100
2804614 401008 538 44
2804615 401008 538 75
2804616 401008 538 10176
2804626 581928 538 100
2804627 581928 538 188
2804628 581928 538 40460
2804629 581928 538 474
2804633 546186 538 90
2804634 546186 538 100
2804635 546186 538 10428
2804636 546186 538 7530
2804637 581929 538 170
2804638 581929 538 7208
2804639 581929 538 100
2804640 581929 538 150309
2804641 581929 538 70
2804642 581930 538 798
2804643 581930 538 124919
2804644 581931 538 6384
2804645 581931 538 387
2804646 581931 538 77
2804647 581931 538 6409
2804648 581931 538 474
2804649 581932 538 78762
2804650 581933 538 78762
2804651 581934 538 4140
2804652 581934 538 285
2804653 581935 538 102336
2804654 581935 538 8017
2804655 581936 538 104
2804656 581936 538 865
2804657 581936 538 21
2804658 36792 538 144406
2804659 36792 538 285
2804660 36792 538 150147
2804678 581938 538 643
2804679 581938 538 698
2804680 581938 538 6453
2804695 581943 538 552
2804696 581943 538 131
2804697 581944 538 552
2804698 581944 538 4140
2804699 581945 538 1329
2804700 581945 538 552
2804701 581945 538 798
2804702 581945 538 877
2804703 85991 538 285
2804704 85991 538 1021
2804718 581949 538 1605
2804719 581949 538 552
2804720 581949 538 877
2804721 581949 538 4140
2804722 581950 538 125
2804723 581950 538 4044
2804724 581950 538 94342
2804725 581950 538 4154
2804728 581952 538 100
2804729 581952 538 4162
2804730 581952 538 7784
2804731 581952 538 40597
2804732 581952 538 4877
2804733 581952 538 81640
2804734 581952 538 8746
2804735 581952 538 6862
2804736 581953 538 4140
2804737 581953 538 7302
2804738 581953 538 150160
2804739 581953 538 17176
2804740 581954 538 4140
2804741 581954 538 7302
2804742 581954 538 17176
2804743 581954 538 150160
2804744 581955 538 2013
2804745 581955 538 748
2804746 581955 538 104
2804747 581955 538 100
2804748 581956 538 3122
2804749 581956 538 16019
2804750 581956 538 4162
2804751 581956 538 1320
2804752 581956 538 150151
2804753 397593 538 552
2804754 397593 538 131
2804755 581957 538 285
2804756 581958 538 917
2804757 581958 538 30
2804758 581958 538 10793
2804759 581959 538 6384
2804760 581959 538 8267
2804761 581959 538 6409
2804762 581959 538 7122
2804768 581961 538 138
2804769 581961 538 1131
2804770 581961 538 187
2804771 45998 538 1446
2804772 45998 538 885
2804773 476875 538 1446
2804774 476875 538 90
2804775 476875 538 72
2804781 581964 538 908
2804782 581964 538 552
2804783 581964 538 150310
2804784 581964 538 150161
2804785 581964 538 4140
2804786 581964 538 10355
2804787 581965 538 507
2804788 581965 538 57589
2804789 581965 538 665
2804790 581965 538 133600
2804791 581965 538 699
2804792 581965 538 1160
2804793 581965 538 150182
2804794 581965 538 1159
2804795 581965 538 150171
2804796 581965 538 150311
2804797 581966 538 2291
2804798 581966 538 25337
2804799 581966 538 100368
2804800 581966 538 331
2804801 581966 538 6384
2804804 581968 538 552
2804805 581968 538 131
2804833 581975 538 150314
2804834 581975 538 734
2804835 581975 538 709
2804836 581975 538 285
2804837 48132 538 144345
2804838 48132 538 1323
2804839 134028 538 1117
2804840 134028 538 108
2804841 134028 538 138
2804842 134028 538 150156
2804849 70791 538 138
2804850 70791 538 150154
2804858 443500 538 150159
2804859 443500 538 100
2804860 443500 538 1133
2804861 560360 538 4162
2804862 560360 538 4089
2804868 581979 538 13564
2804869 581979 538 2680
2804870 581979 538 70
2804871 581979 538 1386
2804872 581979 538 150147
2804874 144953 538 798
2804875 144953 538 5413
2804876 144953 538 286
2804877 144953 538 285
2804878 144953 538 4140
2804900 581984 538 3060
2804901 581984 538 908
2804902 581984 538 79
2804903 581984 538 55
2804904 581984 538 264
2804907 116900 538 150315
2804908 116900 538 8396
2804909 116900 538 734
2804919 581989 538 643
2804920 581989 538 318
2804921 581989 538 727
2804922 1373756 538 1329
2804923 1373756 538 552
2804924 1373756 538 131
2804925 581990 538 1329
2804926 581990 538 552
2804927 581990 538 131
2804928 581990 538 150154
2804973 582001 538 6384
2804974 582001 538 150148
2804975 582001 538 100481
2804976 582001 538 150177
2804979 153079 538 734
2804980 153079 538 829
2804981 153079 538 11231
2804982 582004 538 123803
2804983 582004 538 150322
2804984 582004 538 11235
2804985 27452 538 374
2804986 582005 538 1739
2804987 582005 538 7636
2804988 582005 538 44
2804989 582006 538 7636
2804990 582006 538 1739
2804991 582006 538 90
2804992 582006 538 44
2805005 582008 538 3505
2805006 582008 538 988
2805007 582008 538 275
2805008 582008 538 2739
2805009 582008 538 1615
2805010 582008 538 27768
2805011 582008 538 150196
2805012 582009 538 150323
2805013 582010 538 150324
2805014 582010 538 6384
2805015 582010 538 1740
2805016 111319 538 150325
2805017 138633 538 3
2805018 138633 538 1530
2805019 138633 538 4846
2805020 138633 538 150157
2805021 138633 538 926
2805022 582011 538 7000
2805023 582011 538 5591
2805027 582012 538 4162
2805028 582012 538 7546
2805029 582012 538 7098
2805030 582012 538 4144
2805031 582013 538 865
2805041 582014 538 552
2805042 582014 538 1329
2805043 582014 538 150157
2805044 582014 538 150154
2805045 582014 538 125
2805046 401207 538 6846
2805047 401207 538 7232
2805048 401207 538 734
2805049 582015 538 188
2805050 582015 538 5146
2805051 582015 538 112920
2805052 582015 538 668
2805059 329294 538 21
2805060 329294 538 150159
2805061 329294 538 150154
2805062 329294 538 5307
2805063 329294 538 41263
2805064 329294 538 152
2805073 582019 538 2857
2805074 582019 538 374
2805075 582019 538 8736
2805076 582019 538 150327
2805077 582020 538 3505
2805078 582020 538 860
2805079 582020 538 100
2805080 582020 538 863
2805081 582020 538 150159
2805084 346645 538 1426
2805085 346645 538 131
2805086 346645 538 552
2805087 346645 538 117
2805088 346645 538 1436
2805089 346645 538 518
2805092 582023 538 3497
2805093 582023 538 639
2805094 582023 538 150182
2805095 582024 538 150328
2805096 582024 538 150148
2805097 582025 538 4387
2805098 582025 538 150214
2805104 582027 538 5146
2805105 582027 538 668
2805106 582027 538 188
2805107 582027 538 90
2805108 582027 538 150155
2805112 45597 538 150148
2805113 45597 538 6077
2805114 45597 538 1611
2805115 45597 538 150328
2805116 309389 538 105284
2805117 309389 538 131
2805118 309389 538 552
2805119 309389 538 117
2805120 582029 538 105284
2805121 582029 538 552
2805122 582029 538 131
2805123 582029 538 4362
2805124 364086 538 131
2805125 364086 538 105284
2805126 364086 538 117
2805127 364086 538 552
2805128 364086 538 302
2805129 364086 538 834
2805130 582030 538 138
2805131 582030 538 150154
2805132 24664 538 5728
2805133 24664 538 168
2805134 529207 538 138
2805135 529207 538 187
2805136 582031 538 1739
2805137 582031 538 11
2805138 582031 538 1058
2805139 582031 538 150330
2805140 582032 538 5
2805141 582033 538 125
2805142 582034 538 150157
2805143 582035 538 779
2805144 582035 538 100
2805145 582035 538 12170
2805146 582035 538 7056
2805147 582036 538 4162
2805148 582036 538 7625
2805149 582036 538 150182
2805150 582036 538 1396
2805156 26914 538 138
2805157 26914 538 187
2805158 26914 538 125
2805159 582039 538 829
2805160 582039 538 9710
2805161 582039 538 54538
2805162 582040 538 776
2805163 582040 538 390
2805164 582040 538 6757
2805165 582040 538 1057
2805166 582040 538 1176
2805167 582040 538 150213
2805176 440830 538 1169
2805177 440830 538 139
2805178 440830 538 11
2805179 449271 538 125
2805180 449271 538 144406
2805181 449271 538 138
2805183 25332 538 108
2805184 25332 538 2742
2805185 25332 538 188
2805186 25332 538 7814
2805187 25332 538 138
2805188 582045 538 7791
2805189 582045 538 9439
2805193 1847 538 1436
2805194 1847 538 1329
2805195 1847 538 552
2805196 1847 538 131
2805201 582048 538 1329
2805202 582048 538 552
2805203 582048 538 908
2805204 582048 538 150232
2805205 582048 538 4140
2805206 582049 538 4162
2805207 582049 538 618
2805208 582050 538 75
2805209 582050 538 1049
2805210 582050 538 6384
2805211 582050 538 150197
2805212 582050 538 150180
2805213 582050 538 150159
2805214 1941111 538 11851
2805215 1941111 538 255
2805216 1941111 538 264
2805217 1941111 538 150201
2805218 1941111 538 150159
2805219 582051 538 133600
2805220 582051 538 1160
2805221 582051 538 699
2805222 582051 538 1320
2805229 582053 538 4140
2805230 582053 538 150332
2805231 582053 538 6384
2805232 582053 538 6409
2805233 582054 538 4140
2805234 582054 538 2892
2805240 582056 538 12376
2805241 582056 538 168
2805242 582056 538 4140
2805243 582056 538 101870
2805244 582057 538 606
2805245 582057 538 150258
2805246 582057 538 798
2805247 582057 538 150154
2805248 582058 538 7302
2805249 582058 538 4140
2805250 582058 538 1517
2805251 582058 538 2739
2805252 582058 538 150155
2805253 582059 538 4140
2805254 582059 538 81
2805255 582060 538 7302
2805256 582060 538 4140
2805257 582060 538 7260
2805258 582060 538 8464
2805259 582061 538 8084
2805260 582061 538 150333
2805267 617 538 9654
2805268 617 538 90
2805274 582063 538 150234
2805275 582063 538 30
2805276 582063 538 11
2805277 582063 538 6409
2805278 255421 538 4162
2805279 255421 538 3285
2805280 255421 538 100
2805281 255421 538 381
2805282 255421 538 7098
2805283 255421 538 38497
2805286 145101 538 643
2805287 145101 538 11851
2805288 145101 538 150154
2805289 145101 538 699
2805290 145101 538 150159
2805293 36308 538 150157
2805294 36308 538 1123
2805295 32552 538 11
2805296 32552 538 7284
2805297 32552 538 1393
2805298 25448 538 138
2805299 25448 538 1897
2805300 25448 538 150154
2805303 582067 538 4140
2805304 582067 538 101870
2805305 582067 538 8017
2805306 582068 538 170
2805307 582068 538 101326
2805308 582068 538 7208
2805309 582068 538 877
2805310 582068 538 9654
2805311 582068 538 70
2805312 582069 538 552
2805313 582069 538 4140
2805314 582069 538 150155
2805315 582070 538 150259
2805316 582070 538 6384
2805318 258909 538 11851
2805319 258909 538 2149
2805320 258909 538 2376
2805321 258909 538 5464
2805322 582073 538 138
2805323 582073 538 1064
2805324 582073 538 150147
2805325 582074 538 6192
2805326 582074 538 4371
2805327 582074 538 1136
2805328 582074 538 734
2805332 582076 538 10793
2805333 582077 538 81
2805334 582077 538 342
2805335 282260 538 57589
2805336 282260 538 57458
2805337 282260 538 133600
2805338 282260 538 1159
2805339 282260 538 150171
2805340 282260 538 1160
2805341 282260 538 2
2805342 282260 538 324
2805343 282260 538 323
2805344 282260 538 125
2805345 282260 538 150183
2805351 582079 538 9103
2805358 582080 538 2180
2805359 582081 538 150335
2805360 582081 538 150297
2805361 582081 538 2100
2805362 582081 538 285
2805366 582083 538 150155
2805367 582083 538 4140
2805368 582083 538 18279
2805369 582083 538 533
2805370 582083 538 518
2805371 582084 538 150276
2805372 582084 538 6384
2805373 582084 538 2990
2805374 582084 538 6409
2805375 582086 538 138
2805376 582086 538 20858
2805377 4906 538 150157
2805378 4906 538 125
2805379 4906 538 285
2805380 4906 538 77
2805381 582087 538 10253
2805386 582089 538 131
2805387 582089 538 150157
2805388 582089 538 464
2805389 582089 538 1172
2805390 582090 538 19279
2805391 582090 538 81
2805392 582090 538 1745
2805399 582094 538 8084
2805403 582096 538 701
2805404 582096 538 688
2805405 582096 538 699
2805406 582096 538 1160
2805407 582096 538 125
2805408 357944 538 15376
2805409 357944 538 30
2805410 357944 538 44
2805411 357944 538 150159
2805412 357944 538 150151
2805413 27965 538 1325
2805414 27965 538 15711
2805415 27965 538 1007
2805416 27965 538 15
2805417 27965 538 150159
2805418 582097 538 3505
2805419 582097 538 988
2805420 582097 538 1126
2805421 88604 538 638
2805422 88604 538 507
2805423 88604 538 90
2805424 88604 538 150298
2805425 181877 538 125
2805426 181877 538 1157
2805427 181877 538 254
2805428 181877 538 2637
2805429 582098 538 552
2805430 582098 538 1329
2805431 582098 538 4151
2805434 582099 538 138
2805435 582099 538 187
2805436 582099 538 3147
2805437 582100 538 150157
2805438 582100 538 2657
2805439 582100 538 4767
2805456 582105 538 150214
2805457 582105 538 6128
2805458 582106 538 734
2805459 582106 538 865
2805460 582106 538 285
2805461 582106 538 8396
2805462 582106 538 150154
2805463 582107 538 188
2805464 582107 538 4778
2805465 582107 538 72
2805470 582109 538 150160
2805471 582109 538 908
2805472 582109 538 101870
2805473 428581 538 4181
2805474 428581 538 4089
2805475 428581 538 100
2805476 428581 538 20294
2805477 428581 538 606
2805478 428581 538 798
2805479 428581 538 150154
2805480 277992 538 100
2805481 277992 538 779
2805482 277992 538 4181
2805483 277992 538 606
2805484 277992 538 150240
2805485 60955 538 138
2805486 60955 538 150154
2805487 60955 538 125
2805488 60955 538 150157
2805499 51013 538 552
2805500 51013 538 131
2805501 51013 538 1369
2805502 582111 538 7089
2805503 582111 538 503
2805504 582111 538 1169
2805505 582111 538 4053
2805506 158280 538 374
2805507 158280 538 5387
2805508 158280 538 2857
2805509 158280 538 150147
2805510 158280 538 150159
2805511 582112 538 138
2805512 582112 538 150182
2805513 582112 538 3811
2805514 582113 538 21
2805515 582113 538 150157
2805516 582114 538 100
2805517 582114 538 150182
2805518 582114 538 311
2805519 582114 538 41347
2805520 582115 538 300
2805521 582115 538 117
2805522 582115 538 552
2805523 582115 538 834
2805524 582115 538 28
2805525 582115 538 30
2805526 582115 538 90
2805527 582116 538 11
2805528 582116 538 7284
2805529 582116 538 55656
2805530 582117 538 6128
2805531 582117 538 150155
2805532 582117 538 150157
2805533 582117 538 150159
2805534 582117 538 1740
2805535 582118 538 150258
2805536 582118 538 798
2805537 582118 538 606
2805538 582119 538 2027
2805539 582119 538 2990
2805540 582119 538 1386
2805541 582120 538 6384
2805542 582121 538 8543
2805543 582121 538 100
2805544 582121 538 53
2805545 582121 538 150158
2805546 582121 538 8844
2805547 582121 538 1739
2805551 582123 538 138
2805552 582123 538 150154
2805553 3628 538 552
2805554 3628 538 1528
2805555 3628 538 139
2805556 3628 538 285
2805557 3628 538 28
2805558 3628 538 300
2805559 582124 538 21
2805560 582124 538 100
2805561 582124 538 696
2805562 582125 538 285
2805563 582125 538 8035
2805564 582125 538 6384
2805565 582126 538 131
2805566 582126 538 44
2805567 582126 538 275
2805568 582126 538 552
2805569 582126 538 90
2805574 582127 538 150233
2805575 582127 538 150177
2805578 111460 538 1727
2805579 111460 538 11
2805580 111460 538 1150
2805581 475987 538 507
2805582 475987 538 441
2805583 475987 538 39
2805584 475987 538 150298
2805595 582130 538 1740
2805596 582130 538 108
2805597 582130 538 138
2805598 582130 538 150337
2805599 182032 538 639
2805600 182032 538 894
2805601 182032 538 392
2805602 582131 538 7089
2805603 3146 538 1356
2805604 3146 538 138
2805605 3146 538 150155
2805606 3146 538 286
2805607 3146 538 88879
2805608 582132 538 6409
2805609 582132 538 8310
2805610 582132 538 6384
2805611 582132 538 150338
2805616 582135 538 4641
2805617 582135 538 100
2805618 582136 538 57589
2805619 582136 538 1159
2805620 582136 538 150171
2805621 582136 538 50789
2805625 582137 538 150339
2805626 582137 538 104
2805627 582137 538 3490
2805628 582137 538 7098
2805629 582137 538 131671
2805630 582137 538 7530
2805631 582137 538 150340
2805632 582137 538 150213
2805639 582138 538 285
2805640 582138 538 150157
2805641 582138 538 77
2805642 582138 538 639
2805643 80266 538 963
2805644 80266 538 342
2805647 73181 538 7098
2805648 73181 538 734
2805649 73181 538 1021
2805650 73181 538 1779
2805651 73181 538 90
2805652 73181 538 150164
2805657 582141 538 7788
2805658 582141 538 1740
2805659 582142 538 7788
2805660 582142 538 27754
2805661 582142 538 1740
2805662 113215 538 150341
2805663 113215 538 1740
2805664 113215 538 27754
2805665 582143 538 101870
2805666 582143 538 150342
2805667 582143 538 4140
2805668 582143 538 128414
2805669 582143 538 150333
2805670 395671 538 13564
2805671 395671 538 4127
2805672 395671 538 798
2805673 395671 538 2680
2805676 582145 538 6384
2805677 582145 538 1740
2805678 582145 538 7788
2805679 582146 538 150343
2805680 582146 538 5911
2805681 582146 538 19895
2805686 531555 538 20196
2805687 531555 538 23932
2805688 531555 538 150147
2805689 582149 538 1329
2805690 582149 538 552
2805691 582149 538 155
2805692 582149 538 300
2805693 582149 538 4326
2805694 582149 538 131
2805700 582152 538 156
2805701 582152 538 618
2805702 582152 538 3781
2805703 582152 538 150151
2805714 27035 538 156
2805715 27035 538 4154
2805716 27035 538 29925
2805717 582155 538 4140
2805718 582155 538 150160
2805719 582155 538 12256
2805720 529418 538 4288
2805721 529418 538 40480
2805722 582156 538 7284
2805723 582156 538 100
2805724 582156 538 839
2805725 582156 538 150344
2805726 582156 538 150193
2805727 582156 538 150154
2805732 582158 538 4162
2805733 582158 538 829
2805734 582158 538 2906
2805735 1974 538 829
2805736 1974 538 7098
2805737 29808 538 829
2805738 29808 538 104
2805739 29808 538 4107
2805740 582159 538 829
2805741 582159 538 37952
2805742 582159 538 39812
2805743 582159 538 5461
2805744 582160 538 829
2805745 582160 538 865
2805746 582160 538 150241
2805747 582160 538 150147
2805751 582162 538 829
2805752 582162 538 150345
2805753 582162 538 10119
2805754 582162 538 9710
2805755 582162 538 54538
2805769 582166 538 285
2805770 582166 538 639
2805771 582166 538 150346
2805772 582167 538 150203
2805773 582167 538 4140
2805774 582167 538 90
2805781 529438 538 104
2805782 529438 538 8835
2805783 529438 538 491
2805784 529438 538 150156
2805785 582168 538 150347
2805786 582168 538 4140
2805787 582168 538 150223
2805788 582168 538 150154
2805794 582171 538 100
2805795 582171 538 19274
2805796 582171 538 68
2805797 45712 538 734
2805798 45712 538 4127
2805799 45712 538 11432
2805807 45912 538 7089
2805808 45912 538 40
2805809 45912 538 657
2805810 582173 538 2598
2805811 582173 538 6384
2805817 582174 538 150177
2805818 582174 538 150348
2805821 582176 538 4140
2805822 582176 538 150349
2805823 582176 538 518
2805824 582176 538 1172
2805828 33804 538 144345
2805829 33804 538 643
2805830 33804 538 1323
2805831 582178 538 825
2805832 582178 538 150350
2805836 35598 538 138
2805837 35598 538 108
2805838 35598 538 150147
2805843 582179 538 6409
2805844 582179 538 11
2805845 582179 538 552
2805846 582179 538 4151
2805847 582180 538 4140
2805848 582180 538 128641
2805849 582180 538 9674
2805853 582182 538 1740
2805854 582183 538 150351
2805855 582183 538 150146
2805856 582184 538 6780
2805857 582184 538 4162
2805861 582185 538 285
2805868 29840 538 1136
2805869 29840 538 3722
2805870 29840 538 1049
2805871 29840 538 150158
2805872 94186 538 3722
2805873 94186 538 4270
2805874 94186 538 1136
2805875 94186 538 104
2805876 529478 538 1136
2805877 529478 538 545
2805878 529478 538 109438
2805885 582192 538 150353
2805886 2017 538 961
2805887 2017 538 982
2805888 2017 538 2028
2805889 2017 538 138
2805890 582193 538 11524
2805891 582193 538 1786
2805892 582193 538 80456
2805893 582193 538 859
2805894 582193 538 150155
2805895 582193 538 150159
2805896 582194 538 4371
2805897 582194 538 6192
2805898 582194 538 734
2805902 582195 538 150168
2805903 582195 538 285
2805904 582195 538 1534
2805905 582195 538 639
2805906 12963 538 639
2805907 582196 538 285
2805908 582196 538 80456
2805909 582196 538 12372
2805913 581124 538 131
2805914 581124 538 1843
2805915 581124 538 90
2805929 582201 538 150204
2805930 582201 538 1739
2805935 158 538 138
2805936 158 538 108
2805937 158 538 72
2805938 158 538 220
2805939 158 538 285
2805940 42487 538 138
2805941 42487 538 187
2805942 42487 538 5367
2805943 582203 538 1611
2805944 582203 538 120
2805945 582204 538 39624
2805946 582204 538 76310
2805947 582204 538 545
2805948 29272 538 4162
2805949 29272 538 1611
2805957 582208 538 100
2805958 582208 538 4641
2805959 582208 538 734
2805960 582208 538 1328
2805961 582208 538 318
2805962 582208 538 150154
2805963 2043 538 6780
2805964 2043 538 1528
2805965 2043 538 139
2805966 2043 538 285
2805973 75921 538 29
2805974 75921 538 127
2805975 75921 538 518
2805976 75921 538 255
2805977 75921 538 131
2805986 582211 538 120
2805987 582211 538 150157
2805988 582212 538 131
2805989 582212 538 4151
2805990 582212 538 125
2805991 582212 538 150157
2805992 582212 538 6384
2805993 582213 538 960
2805994 582213 538 4151
2805995 582213 538 552
2805996 582213 538 131
2805997 582214 538 3766
2805998 582214 538 138
2805999 582214 538 150154
2806006 22481 538 138
2806007 22481 538 2404
2806008 582216 538 168
2806009 582216 538 131
2806010 582217 538 10793
2806011 582218 538 908
2806012 582218 538 798
2806013 582218 538 150154
2806014 582218 538 150159
2806035 582224 538 150287
2806036 582224 538 734
2806037 582224 538 1057
2806042 582226 538 150359
2806043 582226 538 150360
2806044 582226 538 150361
2806045 582226 538 150259
2806046 582227 538 1819
2806047 582227 538 285
2806048 582227 538 1779
2806049 582228 538 100
2806050 582228 538 1528
2806051 38887 538 139
2806052 38887 538 285
2806053 38887 538 10762
2806054 38887 538 20130
2806055 38887 538 150155
2806056 38887 538 150362
2806064 582231 538 100558
2806065 582231 538 734
2806072 582257 538 21
2806073 582258 538 1374
2806074 582258 538 1138
2806078 1941112 538 100558
2806079 1941112 538 865
2806080 1941112 538 734
2806087 582235 538 100558
2806088 582235 538 734
2806089 582236 538 100558
2806090 25149 538 138
2806091 25149 538 187
2806092 25149 538 2404
2806093 269757 538 798
2806094 269757 538 4140
2806095 269757 538 1135
2806096 269757 538 908
2806097 269757 538 552
2806098 269757 538 150157
2806099 269757 538 150155
2806106 582238 538 32125
2806107 582238 538 100
2806108 582238 538 8396
2806109 582238 538 150147
2806110 582238 538 150364
2806111 582238 538 8310
2806120 582240 538 5326
2806121 582240 538 4144
2806122 582240 538 40175
2806123 582241 538 150365
2806124 582241 538 6170
2806125 582241 538 90
2806126 582242 538 150366
2806127 582242 538 15601
2806128 582242 538 27684
2806129 582243 538 102336
2806130 582243 538 150257
2806131 582244 538 102336
2806132 582244 538 150257
2806133 1375512 538 552
2806134 1375512 538 131
2806135 1375512 538 1329
2806136 1375512 538 150157
2806137 582245 538 150155
2806138 582245 538 908
2806139 582245 538 552
2806140 582245 538 4140
2806141 17742 538 668
2806142 17742 538 188
2806143 17742 538 128414
2806144 337333 538 11851
2806145 337333 538 283
2806146 337333 538 150154
2806147 337333 538 150159
2806148 582246 538 101414
2806149 582246 538 13564
2806150 582246 538 2680
2806151 582246 538 70
2806152 582246 538 150147
2806153 531746 538 13564
2806154 531746 538 100
2806155 531746 538 2680
2806156 531746 538 150367
2806160 582248 538 150368
2806161 582248 538 150369
2806162 424045 538 101326
2806163 424045 538 170
2806164 424045 538 7208
2806165 424045 538 70
2806166 582249 538 150187
2806167 582249 538 5306
2806186 374249 538 188
2806187 374249 538 885
2806196 79050 538 4715
