2828579 586948 545 894
2828580 586948 545 19679
2828581 586948 545 5231
2828582 586948 545 35328
2828583 586949 545 4873
2828584 586949 545 139860
2828585 7463 545 457
2828586 7463 545 106965
2828587 7463 545 523
2828588 7463 545 4254
2828589 134869 545 138
2828590 134869 545 2404
2828591 134869 545 982
2828592 134869 545 926
2828593 134869 545 3147
2828594 586950 545 635
2828595 586950 545 926
2828596 586950 545 106965
2828597 586950 545 254
2828598 586950 545 3355
2828599 586951 545 730
2828600 586951 545 638
2828601 586951 545 369
2828602 586951 545 50504
2828603 586951 545 12371
2828612 586953 545 1867
2828613 586953 545 996
2828614 586953 545 369
2828615 401957 545 2890
2828616 401957 545 285
2828617 401957 545 46
2828618 401957 545 926
2828624 586954 545 82212
2828625 586954 545 26406
2828626 586954 545 7333
2828627 586955 545 996
2828628 586955 545 1062
2828629 586955 545 1175
2828630 586955 545 96565
2828631 586956 545 730
2828632 586956 545 795
2828633 586956 545 894
2828634 586956 545 139
2828635 586957 545 303
2828636 586957 545 70
2828637 586957 545 53
2828638 351824 545 285
2828639 351824 545 139
2828640 351824 545 138
2828641 351824 545 894
2828642 351824 545 730
2828643 351824 545 926
2828644 351824 545 106965
2828645 586958 545 3394
2828646 586958 545 54609
2828647 586959 545 55049
2828648 586959 545 917
2828649 586959 545 507
2828650 586959 545 58167
2828651 586960 545 1157
2828652 586960 545 1257
2828653 586960 545 1134
2828654 586960 545 286
2828655 586961 545 926
2828656 586961 545 106965
2828657 586961 545 2637
2828658 586961 545 5940
2828659 586961 545 637
2828660 586961 545 4908
2828661 11311 545 285
2828662 11311 545 139
2828663 11311 545 709
2828664 11311 545 894
2828665 11311 545 730
2828666 11311 545 77
2828667 132068 545 2404
2828668 132068 545 709
2828669 132068 545 139
2828670 132068 545 894
2828671 132068 545 734
2828672 132068 545 138
2828673 38936 545 894
2828674 38936 545 730
2828675 38936 545 369
2828676 38936 545 638
2828677 38936 545 10281
2828683 586963 545 106965
2828684 586963 545 40640
2828685 586963 545 1257
2828686 586963 545 529
2828687 586963 545 637
2828688 586963 545 1808
2828692 586965 545 151187
2828693 586965 545 2082
2828694 511360 545 285
2828695 511360 545 156
2828696 511360 545 106965
2828697 511360 545 3325
2828698 586966 545 894
2828699 586966 545 1367
2828700 586966 545 730
2828701 586966 545 139
2828702 586966 545 982
2828703 586966 545 709
2828704 360352 545 139
2828705 360352 545 709
2828706 360352 545 41047
2828707 422211 545 894
2828708 422211 545 730
2828709 422211 545 17258
2828710 422211 545 1128
2828711 422211 545 139
2828718 444591 545 1896
2828719 444591 545 818
2828720 444591 545 557
2828721 444591 545 156
2828722 444591 545 391
2828723 444591 545 935
2828724 444591 545 286
2828725 422302 545 285
2828726 422302 545 3394
2828727 422302 545 139
2828728 422302 545 6737
2828729 422302 545 2371
2828730 422302 545 3325
2828736 3991 545 70
2828737 3991 545 53
2828738 3991 545 151189
2828739 3991 545 5714
2828743 586969 545 374
2828744 586969 545 139
2828745 586969 545 709
2828746 586969 545 795
2828747 586969 545 151190
2828748 586969 545 2568
2828753 586971 545 151191
2828754 1941151 545 386
2828755 1941151 545 1157
2828756 1941151 545 41302
2828757 1941151 545 151192
2828760 586973 545 15588
2828761 586973 545 51255
2828762 586973 545 4154
2828763 586973 545 151194
2828769 586975 545 150513
2828770 586975 545 4356
2828771 586975 545 523
2828772 586976 545 156
2828773 586976 545 388
2828774 586976 545 276
2828775 586976 545 26459
2828776 586976 545 386
2828777 586976 545 345
2828778 586977 545 5831
2828779 586977 545 151196
2828780 586978 545 390
2828781 586978 545 2160
2828782 586978 545 4432
2828783 586978 545 1247
2828784 586979 545 20372
2828785 270728 545 3394
2828786 270728 545 139
2828787 270728 545 882
2828788 270728 545 93742
2828789 586980 545 139
2828790 586980 545 730
2828791 586980 545 894
2828792 586980 545 374
2828793 586980 545 151197
2828799 1922088 545 3394
2828800 1922088 545 106965
2828807 11901 545 151198
2828808 11901 545 730
2828809 11901 545 139
2828810 11901 545 673
2828811 11901 545 285
2828812 1941152 545 894
2828813 1941152 545 992
2828814 1941152 545 3394
2828815 1941152 545 730
2828816 1941152 545 285
2828817 1941152 545 15
2828818 1941152 545 2441
2828819 586981 545 3394
2828820 586981 545 93742
2828821 586981 545 982
2828822 586981 545 882
2828837 586983 545 1004
2828838 586983 545 50196
2828839 586983 545 982
2828840 586983 545 912
2828841 586983 545 2964
2828857 586986 545 1021
2828858 586986 545 982
2828859 586986 545 285
2828860 586986 545 139
2828861 586986 545 386
2828873 586989 545 2364
2828874 586989 545 507
2828875 586989 545 557
2828876 586989 545 6
2828877 586990 545 1565
2828878 586990 545 125
2828879 586990 545 557
2828880 586990 545 2364
2828881 586990 545 3146
2828882 586990 545 2185
2828883 586991 545 894
2828884 586991 545 730
2828885 586991 545 139
2828886 586991 545 635
2828887 586991 545 326
2828888 586991 545 285
2828902 586995 545 4863
2828903 586995 545 40
2828904 586995 545 19533
2828905 586995 545 4
2828906 586995 545 72
2828907 117286 545 638
2828908 117286 545 90
2828909 117286 545 507
2828910 117286 545 22851
2828911 117286 545 1233
2828912 117286 545 4682
2828913 1941153 545 16967
2828914 1941153 545 307
2828915 1941153 545 4376
2828916 586996 545 311
2828917 586996 545 1119
2828918 586996 545 386
2828919 586996 545 388
2828920 586996 545 3341
2828937 586997 545 1795
2828938 586997 545 47871
2828939 586997 545 1615
2828949 586999 545 151204
2828950 586999 545 1176
2828951 586999 545 106965
2828955 4654 545 70
2828956 4654 545 53
2828957 4654 545 1382
2828958 4654 545 151189
2828959 4654 545 25915
2828960 4654 545 7965
2828961 87983 545 151205
2828962 87983 545 15
2828963 587001 545 4715
2828964 587001 545 76912
2828965 587002 545 24623
2828966 587002 545 15355
2828967 587002 545 151206
2828970 587004 545 734
2828971 587004 545 2028
2828972 587004 545 638
2828973 587004 545 151208
2828974 54858 545 17258
2828975 54858 545 285
2828976 54858 545 709
2828977 54858 545 139
2828978 54858 545 151190
2828979 587005 545 734
2828980 587005 545 2028
2828981 587005 545 151208
2828982 587005 545 638
2828983 587006 545 386
2828984 587006 545 1728
2828985 587006 545 29232
2828986 196825 545 139
2828987 196825 545 709
2828988 196825 545 730
2828989 196825 545 17258
2828990 196825 545 151209
2828995 1941155 545 4061
2828996 1941155 545 369
2828997 1941155 545 24008
2828998 1941155 545 1884
2829002 348780 545 894
2829003 348780 545 1155
2829004 348780 545 2441
2829005 348780 545 730
2829006 348780 545 865
2829007 348780 545 5406
2829008 405483 545 894
2829009 405483 545 730
2829010 405483 545 18279
2829011 405483 545 638
2829012 405483 545 1882
2829013 405483 545 285
2829014 405483 545 8493
2829019 587009 545 894
2829020 587009 545 709
2829021 587009 545 139
2829022 587009 545 285
2829023 587009 545 730
2829024 587009 545 4430
2829029 577555 545 2815
2829030 577555 545 29
2829031 577555 545 8886
2829032 99725 545 285
2829033 99725 545 139
2829034 99725 545 730
2829035 99725 545 384
2829036 99725 545 2576
2829037 105495 545 40640
2829038 105495 545 15
2829043 587010 545 70
2829044 587010 545 304
2829045 587010 545 12154
2829046 587010 545 151211
2829047 126183 545 1174
2829048 126183 545 1062
2829049 126183 545 1175
2829050 126183 545 151212
2829051 52812 545 15
2829052 52812 545 139
2829053 52812 545 3
2829054 52812 545 1779
2829055 52812 545 638
2829063 587012 545 1174
2829064 587012 545 1062
2829065 587012 545 1175
2829066 587012 545 151212
2829070 5045 545 1147
2829071 5045 545 15
2829072 5045 545 523
2829073 1941156 545 9828
2829074 1941156 545 1257
2829075 1941156 545 285
2829076 1941156 545 40640
2829077 1941156 545 43645
2829078 626650 545 9828
2829079 626650 545 40640
2829080 626650 545 982
2829081 626650 545 285
2829082 626650 545 43645
2829083 100076 545 307
2829084 100076 545 643
2829085 100076 545 72
2829086 100076 545 286
2829087 100076 545 5765
2829088 100076 545 2725
2829089 100076 545 3
2829098 587015 545 67905
2829099 587015 545 1909
2829100 587015 545 941
2829101 587015 545 2526
2829102 587015 545 151215
2829106 587017 545 285
2829107 587017 545 894
2829108 587017 545 730
2829109 587017 545 139
2829110 587017 545 362
2829111 587017 545 4639
2829112 587018 545 5053
2829113 587018 545 151217
2829114 587018 545 254
2829119 587020 545 5661
2829120 587020 545 1157
2829121 587020 545 16767
2829122 587020 545 386
2829133 393793 545 3
2829134 393793 545 285
2829135 393793 545 106965
2829136 393793 545 926
2829137 393793 545 457
2829138 393793 545 455
2829139 393793 545 6995
2829144 587022 545 138
2829145 587022 545 285
2829146 587023 545 151218
2829147 587023 545 111572
2829148 587023 545 36122
2829149 587023 545 4643
2829157 136683 545 17258
2829158 136683 545 139
2829159 136683 545 285
2829160 136683 545 2822
2829161 136683 545 709
2829162 136683 545 151190
2829170 1941157 545 441
2829171 1941157 545 151220
2829172 1941157 545 151221
2829177 5389 545 70
2829178 5389 545 1382
2829179 5389 545 151189
2829180 5389 545 126
2829186 23467 545 877
2829187 23467 545 2908
2829188 23467 545 4212
2829189 23467 545 3
2829190 23467 545 285
2829191 23467 545 2892
2829192 587029 545 877
2829193 587029 545 1396
2829194 587029 545 285
2829195 587029 545 6234
2829196 13347 545 1257
2829197 13347 545 16767
2829198 13347 545 1134
2829199 13347 545 1157
2829200 13347 545 4882
2829212 442074 545 139
2829213 442074 545 730
2829214 442074 545 635
2829215 442074 545 326
2829216 442074 545 894
2829217 587031 545 1723
2829218 587031 545 8705
2829219 587031 545 106411
2829224 587033 545 996
2829225 587033 545 1867
2829226 587033 545 15
2829227 587034 545 4154
2829228 587034 545 4376
2829229 587034 545 38066
2829230 587034 545 2579
2829231 587034 545 1191
2829232 587034 545 7079
2829233 587035 545 3394
2829234 587035 545 139
2829235 587035 545 894
2829236 587035 545 730
2829237 587035 545 285
2829238 587035 545 709
2829239 587035 545 4212
2829240 587036 545 286
2829241 587036 545 1157
2829242 587036 545 1257
2829243 587036 545 935
2829244 587036 545 2936
2829245 587036 545 643
2829246 587037 545 113443
2829247 587037 545 778
2829248 587037 545 1779
2829249 587037 545 846
2829250 587037 545 894
2829254 190265 545 286
2829255 190265 545 25885
2829256 190265 545 1565
2829257 190265 545 307
2829258 190265 545 643
2829259 190265 545 1728
2829260 587039 545 996
2829261 587039 545 386
2829262 587039 545 3082
2829263 587039 545 1062
2829264 152354 545 285
2829265 152354 545 46
2829266 152354 545 77
2829267 152354 545 139
2829268 152354 545 982
2829269 1487082 545 16767
2829270 1487082 545 24498
2829271 1487082 545 4
2829272 1487082 545 72
2829273 1487082 545 15
2829276 281659 545 138
2829277 281659 545 276
2829278 281659 545 53
2829279 281659 545 2603
2829280 67081 545 807
2829281 67081 545 24
2829282 67081 545 1582
2829283 67081 545 4234
2829285 587041 545 151223
2829295 454613 545 816
2829296 454613 545 6
2829297 454613 545 20
2829298 454613 545 1882
2829299 454613 545 151224
2829300 454613 545 2061
2829301 587043 545 139
2829302 587043 545 829
2829303 587043 545 104
2829304 587043 545 1882
2829305 587044 545 1367
2829306 587044 545 139
2829307 587044 545 816
2829310 587046 545 82212
2829311 587046 545 26406
2829317 587047 545 156
2829318 587047 545 285
2829319 587047 545 3
2829320 587047 545 2427
2829321 587047 545 4387
2829322 824248 545 1257
2829323 824248 545 1808
2829324 824248 545 285
2829325 824248 545 1672
2829326 824248 545 17617
2829327 587048 545 3394
2829328 587048 545 139
2829329 587048 545 894
2829330 587048 545 882
2829331 587048 545 151199
2829332 94555 545 70
2829333 94555 545 53
2829334 94555 545 1382
2829335 94555 545 285
2829336 94555 545 151190
2829337 587049 545 70
2829338 587049 545 894
2829339 587049 545 730
2829340 587049 545 1382
2829341 587049 545 780
2829342 587049 545 151189
2829349 587051 545 992
2829350 587051 545 894
2829351 587051 545 20442
2829352 587051 545 730
2829353 587051 545 638
2829354 587051 545 2892
2829355 587052 545 4196
2829356 587052 545 1160
2829357 587052 545 156
2829358 587052 545 1731
2829384 133044 545 982
2829385 133044 545 5
2829386 133044 545 1257
2829387 133044 545 1882
2829388 133044 545 1808
2829389 133044 545 4882
2829397 587055 545 795
2829398 587055 545 709
2829399 587055 545 139
2829400 587055 545 4445
2829401 587055 545 5919
2829402 587055 545 151190
2829403 587055 545 982
2829404 587055 545 734
2829410 587056 545 38294
2829411 587057 545 38294
2829413 587059 545 4044
2829414 587059 545 362
2829415 587059 545 39
2829416 587059 545 4376
2829417 587060 545 1728
2829418 587060 545 1134
2829419 587060 545 151227
2829420 587060 545 94531
2829424 587062 545 70
2829425 587062 545 635
2829426 587062 545 1382
2829427 587062 545 276
2829428 587062 545 151189
2829429 587062 545 24052
2829430 587063 545 1367
2829431 587063 545 156
2829432 587063 545 113399
2829433 587063 545 151229
2829434 587063 545 27597
2829435 587064 545 139
2829436 587064 545 734
2829437 587064 545 709
2829448 1420548 545 88152
2829449 1420548 545 6737
2829450 1420548 545 95603
2829451 1420548 545 106965
2829452 1420548 545 50504
2829457 587066 545 869
2829458 587066 545 5831
2829459 587066 545 151230
2829467 447009 545 1327
2829468 447009 545 709
2829469 447009 545 80
2829470 447009 545 5451
2829475 3018 545 70
2829476 3018 545 1382
2829477 3018 545 3285
2829478 3018 545 151189
2829479 3018 545 1383
2829480 146025 545 2815
2829481 146025 545 29
2829482 146025 545 8886
2829496 6261 545 285
2829497 6261 545 139
2829498 6261 545 635
2829499 6261 545 926
2829500 6261 545 106965
2829501 6261 545 637
2829502 6261 545 1299
2829503 458488 545 4230
2829504 458488 545 638
2829506 183793 545 523
2829507 183793 545 1779
2829508 183793 545 39
2829509 183793 545 24794
2829519 164544 545 557
2829520 164544 545 151231
2829521 164544 545 19514
2829533 486776 545 926
2829534 486776 545 869
2829535 486776 545 10254
2829536 486776 545 4156
2829537 486776 545 1882
2829538 486776 545 5940
2829539 486776 545 1262
2829540 586416 545 285
2829541 586416 545 15378
2829542 586416 545 4591
2829543 586416 545 2609
2829544 586416 545 151232
2829545 587073 545 15
2829546 587073 545 5831
2829549 1399 545 1040
2829550 1399 545 2908
2829551 1399 545 3
2829552 1399 545 285
2829553 1399 545 240
2829554 1399 545 1770
2829555 1408314 545 16967
2829556 1408314 545 1722
2829557 1408314 545 10895
2829558 1408314 545 19265
2829559 1408314 545 5547
2829560 1408314 545 6824
2829561 587075 545 151193
2829573 587078 545 38294
2829578 587079 545 25885
2829579 587079 545 1565
2829580 587079 545 2364
2829581 587079 545 151233
2829582 587080 545 3394
2829583 587080 545 90
2829584 587080 545 1058
2829585 587080 545 11
2829586 587080 545 369
2829596 1941158 545 894
2829597 1941158 545 2086
2829598 1941158 545 127
2829599 1941158 545 221
2829600 1941158 545 730
2829601 1941158 545 6737
2829602 1941158 545 3098
2829603 1941159 545 7738
2829604 1941159 545 88152
2829605 1941159 545 1882
2829606 1941159 545 106965
2829607 1941159 545 6737
2829608 281783 545 151234
2829609 281783 545 51658
2829610 587082 545 139
2829611 587082 545 730
2829612 587082 545 369
2829613 587082 545 4230
2829614 587082 545 127
2829615 587082 545 20
2829616 587082 545 1743
2829617 1941160 545 1819
2829618 1941160 545 2990
2829619 1941160 545 638
2829620 1941160 545 1882
2829621 1941160 545 392
2829622 1941160 545 4641
2829623 1941160 545 7013
2829631 587084 545 13822
2829632 587084 545 1743
2829633 587084 545 1868
2829640 587085 545 894
2829641 587085 545 730
2829642 587085 545 369
2829643 587085 545 11707
2829647 126335 545 3394
2829648 126335 545 13812
2829649 126335 545 894
2829650 126335 545 20449
2829651 126335 545 90
2829652 126335 545 638
2829653 425218 545 638
2829654 425218 545 734
2829655 425218 545 1779
2829656 425218 545 39121
2829666 550259 545 20
2829667 550259 545 638
2829668 550259 545 912
2829669 550259 545 3312
2829670 550259 545 6945
2829671 1941161 545 6729
2829672 1941161 545 3394
2829673 1941161 545 88152
2829674 1941161 545 638
2829675 587086 545 730
2829676 587086 545 894
2829677 587086 545 638
2829678 587086 545 264
2829679 587086 545 50504
2829684 1809468 545 730
2829685 1809468 545 638
2829686 1809468 545 992
2829687 1809468 545 54641
2829688 1809468 545 8493
2829712 67845 545 4308
2829713 67845 545 57675
2829714 67845 545 3
2829715 67845 545 4327
2829716 67845 545 1745
2829717 67845 545 302
2829718 67845 545 441
2829719 587093 545 20372
2829720 587094 545 6351
2829721 587094 545 1058
2829722 587094 545 1534
2829723 587094 545 4727
2829732 587095 545 1723
2829733 587095 545 68355
2829734 331014 545 70
2829735 331014 545 1382
2829736 331014 545 151189
2829741 23916 545 285
2829742 23916 545 139
2829743 23916 545 388
2829744 23916 545 138
2829745 23916 545 1739
2829746 23916 545 734
2829747 23916 545 4056
2829751 82866 545 1128
2829752 82866 545 557
2829753 82866 545 3526
2829754 82866 545 25814
2829755 82866 545 53049
2829756 82866 545 301
2829757 587097 545 285
2829758 587097 545 26459
2829759 587097 545 151240
2829785 587101 545 3394
2829786 587101 545 54609
2829787 587101 545 54645
2829788 331054 545 894
2829789 331054 545 139
2829790 331054 545 730
2829791 331054 545 795
2829792 331054 545 6
2829793 331054 545 5101
2829794 331054 545 151207
2829805 587103 545 1157
2829806 587103 545 26827
2829807 587103 545 386
2829808 587103 545 120269
2829809 587103 545 4882
2829810 396955 545 557
2829811 396955 545 125
2829812 396955 545 1896
2829813 396955 545 1704
2829814 396955 545 29729
2829815 396955 545 3526
2829816 396955 545 5947
2829817 587104 545 151196
2829818 587104 545 10928
2829819 587104 545 57156
2829820 587104 545 151188
2829828 587105 545 2541
2829829 587105 545 380
2829830 587105 545 302
2829834 587107 545 2541
2829835 587107 545 1040
2829836 587108 545 15
2829837 587108 545 151242
2829838 587109 545 2815
2829839 587109 545 29
2829840 587109 545 8886
2829842 331113 545 29
2829843 331113 545 507
2829844 331113 545 1367
2829845 331113 545 557
2829846 331113 545 1615
2829852 146840 545 1021
2829853 146840 545 4058
2829854 146840 545 139
2829855 146840 545 877
2829856 146840 545 1396
2829857 122522 545 6691
2829858 122522 545 28502
2829859 122522 545 50416
2829860 122522 545 276
2829861 122522 545 26459
2829862 122522 545 568
2829863 587112 545 29
2829864 587112 545 15
2829865 587112 545 127
2829866 587113 545 3044
2829867 587113 545 139685
2829868 587113 545 2815
2829869 587113 545 29
2829870 587113 545 73270
2829871 587113 545 127
2829872 6985 545 507
2829873 6985 545 126
2829874 6985 545 917
2829875 6985 545 285
2829889 587115 545 70
2829890 587115 545 1382
2829891 587115 545 1786
2829892 587115 545 1058
2829893 587115 545 285
2829902 108300 545 1128
2829903 108300 545 374
2829904 108300 545 7784
2829905 108300 545 285
2829912 50427 545 303
2829913 50427 545 70
2829914 50427 545 151189
2829915 50427 545 53
2829916 587117 545 78089
2829917 125634 545 70
2829918 125634 545 285
2829919 125634 545 139
2829920 125634 545 374
2829921 125634 545 1130
2829922 587118 545 78089
2829923 146162 545 3394
2829924 146162 545 93742
2829925 146162 545 1882
2829926 146162 545 882
2829927 146162 545 635
2829928 146162 545 139
2829929 1941162 545 3394
2829930 1941162 545 6737
2829931 1941162 545 1882
2829932 1941162 545 635
2829933 1941162 545 93742
2829934 1941163 545 894
2829935 1941163 545 139
2829936 1941163 545 982
2829937 1941163 545 730
2829938 1941163 545 1882
2829939 1941163 545 6737
2829940 16425 545 15
2829941 16425 545 39
2829942 7124 545 70
2829943 7124 545 529
2829944 7124 545 1382
2829945 7124 545 151189
2829949 587119 545 151218
2829950 587119 545 36122
2829951 587119 545 111572
2829952 587119 545 4643
2829958 70316 545 557
2829959 70316 545 8722
2829960 70316 545 1795
2829961 70316 545 3681
2829979 448510 545 70
2829980 448510 545 1382
2829981 448510 545 1041
2829982 448510 545 15378
2829983 448510 545 151189
2830004 587123 545 894
2830005 587123 545 774
2830006 587123 545 139
2830007 587123 545 3729
2830008 53503 545 1267
2830009 53503 545 894
2830010 53503 545 730
2830011 53503 545 882
2830012 53503 545 39
2830013 53503 545 523
2830014 53503 545 342
2830015 53503 545 151249
2830029 587126 545 730
2830030 587126 545 139
2830031 587126 545 10004
2830032 587126 545 101667
2830033 587126 545 894
2830034 198752 545 894
2830035 198752 545 730
2830036 198752 545 139
2830037 198752 545 795
2830038 198752 545 77
2830039 587127 545 730
2830040 587127 545 369
2830041 587127 545 894
2830042 587127 545 374
2830043 587127 545 42340
2830044 587128 545 730
2830045 587128 545 369
2830046 587128 545 894
2830051 587130 545 3394
2830052 587130 545 457
2830053 587130 545 139
2830054 587130 545 6737
2830055 249229 545 894
2830056 249229 545 139
2830057 249229 545 730
2830058 249229 545 1034
2830059 249229 545 4156
2830060 249229 545 5947
2830061 587131 545 894
2830062 587131 545 730
2830063 587131 545 795
2830064 587131 545 139
2830065 587131 545 19456
2830066 299631 545 469
2830067 299631 545 557
2830068 299631 545 79
2830069 92266 545 1191
2830070 92266 545 1723
2830071 92266 545 14058
2830072 92266 545 1722
2830073 92266 545 151250
2830074 587132 545 780
2830075 587132 545 638
2830076 587132 545 285
2830077 587132 545 139
2830078 394579 545 6351
2830079 394579 545 1058
2830080 27814 545 730
2830081 27814 545 894
2830082 27814 545 139
2830083 27814 545 285
2830084 27814 545 17258
2830085 27814 545 709
2830120 587137 545 16767
2830121 587137 545 42659
2830122 587137 545 386
2830123 587137 545 523
2830124 11870 545 894
2830125 11870 545 730
2830126 11870 545 139
2830127 11870 545 2992
2830128 11870 545 709
2830129 70411 545 1257
2830130 70411 545 125
2830131 70411 545 15
2830132 70411 545 16767
2830133 70411 545 1157
2830134 587138 545 4715
2830135 587138 545 19751
2830136 587138 545 15265
2830140 429789 545 507
2830141 429789 545 139
2830142 429789 545 285
2830143 429789 545 730
2830144 429789 545 17258
2830145 429789 545 2472
2830146 429789 545 2781
2830147 2776 545 507
2830148 2776 545 29
2830149 2776 545 1004
2830150 1941164 545 29
2830151 1941164 545 127
2830152 1941164 545 1664
2830153 587139 545 15
2830154 587139 545 40640
2830155 587140 545 12427
2830156 587140 545 151253
2830157 587140 545 1897
2830158 587140 545 107031
2830168 587143 545 8722
2830169 587143 545 1795
2830187 331447 545 4376
2830188 331447 545 82269
2830189 331447 545 38069
2830190 331447 545 1191
2830191 331447 545 72195
2830192 331447 545 29428
2830200 587148 545 4
2830201 587148 545 3
2830202 587148 545 285
2830203 558126 545 285
2830204 558126 545 26459
2830205 558126 545 151240
2830206 558126 545 5322
2830207 558126 545 4495
2830208 587149 545 2364
2830209 587149 545 25885
2830210 587149 545 1565
2830211 587149 545 24
2830212 329056 545 2364
2830213 329056 545 25885
2830214 329056 545 1565
2830215 329056 545 1897
2830216 329056 545 523
2830217 329056 545 1795
2830218 329056 545 15412
2830219 587150 545 1751
2830220 587150 545 151259
2830222 68899 545 138
2830223 68899 545 6
2830224 68899 545 4320
2830225 68899 545 13891
2830226 68899 545 1049
2830233 587152 545 6
2830234 587152 545 816
2830235 587152 545 151261
2830236 587152 545 151262
2830237 587152 545 941
2830242 25626 545 240
2830243 25626 545 139
2830244 25626 545 151263
2830245 587153 545 709
2830246 587153 545 730
2830247 587153 545 894
2830248 587153 545 139
2830249 587153 545 2372
2830250 587153 545 285
2830251 587153 545 795
2830252 17831 545 139
2830253 17831 545 894
2830254 17831 545 5452
2830255 17831 545 795
2830256 1941165 545 3394
2830257 1941165 545 88152
2830258 1941165 545 507
2830259 1941165 545 6181
2830260 1941165 545 20427
2830261 1941165 545 774
2830262 1941165 545 139
2830272 85860 545 795
2830273 85860 545 139
2830274 85860 545 1937
2830275 85860 545 151190
2830276 85860 545 77
2830282 153179 545 42459
2830283 153179 545 1130
2830284 153179 545 1779
2830285 153179 545 3122
2830286 153179 545 139
2830287 587155 545 285
2830288 587155 545 139
2830289 587155 545 709
2830290 587155 545 894
2830291 587155 545 730
2830292 587155 545 54298
2830293 587155 545 134669
2830294 587156 545 49602
2830295 587156 545 4154
2830296 587156 545 93979
2830297 587156 545 53296
2830298 587156 545 4657
2830299 587156 545 5498
2830300 587157 545 4715
2830301 587157 545 15355
2830302 587157 545 80282
2830303 262395 545 557
2830304 262395 545 29232
2830305 262395 545 125
2830306 262395 545 6
2830309 38534 545 139
2830310 38534 545 730
2830311 38534 545 507
2830312 38534 545 709
2830313 38534 545 3122
2830314 38534 545 10189
2830315 38534 545 27741
2830323 587160 545 1257
2830324 587160 545 40640
2830325 587160 545 16767
2830338 458153 545 24017
2830339 458153 545 390
2830340 458153 545 1396
2830341 1941167 545 139
2830342 1941167 545 1937
2830343 1941167 545 77
2830344 1941167 545 1125
2830345 1941167 545 894
2830346 74763 545 3
2830347 74763 545 818
2830348 74763 545 24589
2830349 74763 545 6691
2830350 74763 545 318
2830354 298890 545 3681
2830355 298890 545 13822
2830356 298890 545 557
2830357 298890 545 441
2830358 298890 545 917
2830359 298890 545 78461
2830365 587164 545 5911
2830366 587164 545 151269
2830379 391014 545 3
2830380 391014 545 285
2830381 391014 545 2908
2830382 391014 545 2161
2830383 391014 545 2602
2830384 391014 545 4387
2830387 587166 545 23639
2830388 587166 545 509
2830389 587167 545 509
2830390 587167 545 151271
2830391 587167 545 1040
2830392 587167 545 23639
2830396 587170 545 40640
2830397 587170 545 125
2830398 587171 545 138
2830399 587171 545 4135
2830400 587171 545 1745
2830401 587171 545 3
2830402 587171 545 302
2830403 587172 545 318
2830404 587172 545 220
2830405 587172 545 15
2830414 587176 545 26406
2830415 587176 545 82212
2830418 587178 545 46657
2830419 587178 545 4715
2830423 587181 545 15
2830424 587181 545 557
2830425 587181 545 90303
2830426 587181 545 5831
2830427 587181 545 29
2830428 587182 545 139
2830429 587182 545 730
2830430 587182 545 894
2830431 587182 545 285
2830432 587182 545 635
2830433 587182 545 326
2830434 27439 545 3394
2830435 27439 545 730
2830436 27439 545 139
2830437 27439 545 2602
2830438 27439 545 709
2830439 27439 545 4212
2830440 27439 545 3
2830443 587184 545 557
2830444 587184 545 2371
2830445 587185 545 778
2830446 587185 545 113443
2830447 587185 545 285
2830448 587185 545 846
2830449 587185 545 894
2830450 587185 545 1779
2830451 587186 545 76912
2830452 587186 545 110450
2830453 587186 545 23996
2830454 587186 545 386
2830455 587186 545 151276
2830456 587186 545 151277
2830468 587189 545 76912
2830469 587189 545 23996
2830470 587189 545 80282
2830471 587189 545 110450
2830472 587189 545 1672
2830473 587189 545 40640
2830474 587190 545 151279
2830475 587190 545 151280
2830476 587190 545 151276
2830498 587196 545 6351
2830499 587196 545 1058
2830505 587197 545 1559
2830506 587197 545 813
2830507 587197 545 3156
2830508 587197 545 1565
2830531 587201 545 877
2830532 587201 545 1396
2830533 587201 545 285
2830534 587201 545 6234
2830535 587202 545 982
2830536 587202 545 3394
2830537 587202 545 93742
2830541 472855 545 70
2830542 472855 545 53
2830543 472855 545 136
2830544 472855 545 285
2830545 472855 545 151189
2830572 332052 545 3
2830573 332052 545 79
2830574 332052 545 285
2830575 332052 545 29
2830576 332052 545 2892
2830577 332052 545 42163
2830578 332052 545 97679
2830579 194524 545 4641
2830580 194524 545 388
2830581 194524 545 2990
2830582 194524 545 734
2830583 194524 545 139
2830584 194524 545 638
2830585 587207 545 2815
2830586 587207 545 29
2830587 587207 545 8886
2830588 587208 545 4
2830589 587208 545 386
2830590 587208 545 5325
2830591 587208 545 15
2830592 587208 545 3
2830593 587208 545 818
2830594 587208 545 107832
2830595 587209 545 894
2830596 587209 545 709
2830597 587209 545 285
2830598 587209 545 305
2830599 587209 545 730
2830600 587209 545 54298
2830601 587209 545 139
2830602 587211 545 3
2830603 587211 545 139
2830604 587211 545 2908
2830605 587211 545 877
2830606 587211 545 4212
2830607 587212 545 72529
2830608 401304 545 4715
2830609 401304 545 151288
2830610 401304 545 72
2830611 587213 545 91857
2830612 587213 545 1058
2830613 587213 545 11
2830614 587213 545 5831
2830615 587214 545 4156
2830616 6132 545 70
2830617 587215 545 4873
2830618 587215 545 139860
2830619 587216 545 19679
2830620 587216 545 2291
2830621 587216 545 23817
2830627 160112 545 2568
2830628 160112 545 139
2830629 160112 545 709
2830630 160112 545 795
2830631 160112 545 734
2830632 160112 545 151190
2830633 160112 545 374
2830634 587219 545 507
2830635 587219 545 894
2830636 587219 545 139
2830637 587219 545 730
2830638 587219 545 2081
2830639 587219 545 982
2830640 587219 545 9798
2830641 477968 545 369
2830642 477968 545 10520
2830643 477968 545 1882
2830644 477968 545 8988
2830645 1941171 545 17617
2830646 1941171 545 386
2830647 1941171 545 2936
2830664 56259 545 3
2830665 56259 545 285
2830666 56259 545 1396
2830667 56259 545 2908
2830668 56259 545 4387
2830669 56259 545 877
2830670 56259 545 36840
2830673 587224 545 15
2830674 587224 545 39
2830675 587224 545 523
2830685 587226 545 1751
2830686 587226 545 26936
2830687 587226 545 72
2830688 185790 545 1191
2830689 185790 545 125
2830690 185790 545 557
2830691 185790 545 1896
2830692 185790 545 1999
2830693 185790 545 138
2830694 75990 545 894
2830695 75990 545 730
2830696 75990 545 19456
2830697 75990 545 139
2830711 587228 545 70
2830712 587228 545 1382
2830713 587228 545 151189
2830714 587228 545 2746
2830715 332183 545 614
2830716 332183 545 1191
2830717 332183 545 72529
2830722 423338 545 151296
2830723 423338 545 151198
2830724 423338 545 255
2830725 423338 545 139
2830726 423338 545 894
2830727 423338 545 730
2830728 423338 545 635
2830729 423338 545 29225
2830754 587234 545 151297
2830755 587234 545 151299
2830756 587234 545 151202
2830757 587234 545 151201
2830758 587234 545 151238
2830768 587237 545 1779
2830769 587237 545 139
2830770 587238 545 4715
2830771 587239 545 4230
2830772 587239 545 3285
2830773 587239 545 139
2830774 1941173 545 100929
2830775 1941173 545 225
2830776 1941173 545 2371
2830777 1941173 545 151300
2830782 422122 545 3394
2830783 422122 545 992
2830784 422122 545 882
2830785 422122 545 6737
2830786 418150 545 637
2830787 418150 545 369
2830788 418150 545 635
2830789 587240 545 557
2830790 587240 545 93234
2830791 587240 545 27300
2830792 98668 545 1004
2830793 98668 545 912
2830794 98668 545 2964
2830800 146990 545 5947
2830801 146990 545 1896
2830802 146990 545 557
2830803 146990 545 1823
2830804 587241 545 1257
2830805 587241 545 1157
2830806 587241 545 2936
2830807 587241 545 4882
2830808 587241 545 15
2830809 587242 545 40248
2830810 587242 545 1406
2830811 56389 545 709
2830812 56389 545 139
2830813 56389 545 795
2830814 56389 545 2568
2830815 56389 545 151190
2830816 56389 545 374
2830817 56389 545 285
2830829 332267 545 557
2830830 332267 545 638
2830831 332267 545 19533
2830832 332267 545 72
2830833 332267 545 44624
2830834 332267 545 1730
2830835 587244 545 22949
2830836 587244 545 12427
2830837 587244 545 2964
2830838 587244 545 8886
2830839 1926 545 709
2830840 1926 545 139
2830841 1926 545 894
2830842 1926 545 730
2830843 1926 545 11318
2830844 1926 545 635
2830853 332269 545 557
2830854 332269 545 503
2830855 332269 545 935
2830856 332269 545 7122
2830857 332269 545 301
2830858 587246 545 1723
2830859 587246 545 1191
2830860 587246 545 638
2830861 587246 545 29651
2830862 587246 545 1722
2830863 587246 545 4104
2830866 587247 545 1565
2830867 587247 545 1559
2830868 587247 545 813
2830869 587247 545 3156
2830870 587248 545 369
2830871 587248 545 1257
2830872 587248 545 1808
2830873 587248 545 39088
2830874 587248 545 91502
2830875 587249 545 557
2830876 587249 545 87184
2830877 587249 545 1128
2830878 587249 545 2185
2830879 587249 545 3275
2830880 587249 545 1802
2830886 587250 545 1231
2830887 587250 545 106965
2830888 587250 545 254
2830889 587250 545 1704
2830900 587253 545 20553
2830913 7389 545 6
2830914 7389 545 3784
2830915 7389 545 3
2830916 7389 545 4387
2830929 462304 545 156
2830930 462304 545 818
2830931 462304 545 386
2830932 462304 545 3
2830933 587259 545 285
2830934 587259 545 1119
2830935 587259 545 2161
2830936 587259 545 915
2830937 587259 545 76415
2830938 587259 545 1597
2830944 146543 545 869
2830945 146543 545 12297
2830946 146543 545 3
2830947 146543 545 285
2830948 587262 545 1751
2830949 587262 545 4
2830950 587262 545 285
2830951 587262 545 4580
2830952 587262 545 2082
2830957 1941175 545 151204
2830958 1941175 545 638
2830964 62345 545 3
2830965 62345 545 818
2830966 62345 545 156
2830967 62345 545 926
2830968 62345 545 318
2830976 587265 545 818
2830977 587265 545 156
2830978 587265 545 386
2830979 587265 545 1731
2830980 587265 545 5661
2830986 24951 545 3
2830987 24951 545 285
2830988 24951 545 156
2830989 24951 545 1775
2830990 24951 545 76
2830991 567489 545 2161
2830992 567489 545 386
2830993 567489 545 6710
2830994 567489 545 15741
2830995 567489 545 301
2830996 27485 545 829
2830997 27485 545 104
2830998 587266 545 894
2830999 587266 545 139
2831000 587266 545 2081
2831001 587266 545 285
2831002 587266 545 709
2831003 587266 545 730
2831004 587266 545 38187
2831005 587266 545 2489
2831006 587267 545 894
2831007 587267 545 29573
2831008 587267 545 5841
2831009 587267 545 730
2831010 587267 545 139
2831017 587268 545 4873
2831018 587268 545 19679
2831019 587268 545 12209
2831020 587268 545 2291
2831021 587269 545 70
2831022 587269 545 1382
2831023 587269 545 151198
2831024 587269 545 151189
2831025 587269 545 53878
2831026 587270 545 151306
2831027 587270 545 151307
2831028 587270 545 12427
2831035 1941176 545 88152
2831036 1941176 545 6729
2831037 1941176 545 104195
2831038 587272 545 1723
2831039 587272 545 10428
2831040 587272 545 1882
2831041 587272 545 1722
2831042 5480 545 70
2831043 5480 545 53
2831044 5480 545 1382
2831045 5480 545 151189
2831046 587273 545 78089
2831047 587273 545 104349
2831051 56477 545 507
2831052 56477 545 139
2831053 56477 545 709
2831054 56477 545 285
2831055 56477 545 29
2831056 56477 545 730
2831057 56477 545 1004
2831058 56477 545 2472
2831059 56477 545 9217
2831060 56477 545 7738
2831061 27085 545 917
2831062 27085 545 285
2831063 27085 545 126
2831064 27085 545 441
2831065 27085 545 2081
2831066 27085 545 507
2831067 27085 545 2513
2831084 587277 545 4552
2831085 587277 545 1004
2831086 587277 545 507
2831087 587277 545 912
2831093 587278 545 3
2831094 587278 545 70
2831095 587278 545 53
2831096 587278 545 318
2831097 587278 545 345
2831098 587279 545 1702
2831099 587279 545 21210
2831100 587279 545 1728
2831101 587280 545 151310
2831102 587280 545 151311
2831103 587281 545 151312
2831104 587281 545 2637
2831105 587281 545 42414
2831106 587281 545 139
2831107 587281 545 15048
2831112 587282 545 1751
2831113 587282 545 39008
2831114 587282 545 42414
2831115 62459 545 3
2831116 62459 545 709
2831117 62459 545 818
2831118 62459 545 79
2831119 62459 545 72438
2831120 62459 545 285
2831121 587283 545 4715
2831122 587283 545 1257
2831123 587283 545 1157
2831124 587283 545 151313
2831125 587284 545 23996
2831126 587284 545 151289
2831127 587284 545 386
2831128 587284 545 1157
2831129 587284 545 26458
2831131 38883 545 638
2831132 38883 545 637
2831133 38883 545 20
2831134 38883 545 618
2831135 38883 545 1560
2831136 587286 545 894
2831137 587286 545 139
2831138 587286 545 19679
2831139 587286 545 35328
2831140 587286 545 7905
2831141 587286 545 1057
2831147 587288 545 2964
2831148 587288 545 67905
2831149 587288 545 941
2831153 29873 545 1034
2831154 29873 545 4156
2831155 29873 545 5947
2831159 587290 545 4715
2831160 587290 545 15355
2831165 587292 545 80
2831166 587292 545 1327
2831167 587293 545 26459
2831168 587293 545 151240
2831169 587293 545 5322
2831173 587295 545 1157
2831174 587295 545 42659
2831175 587295 545 17617
2831176 587295 545 93599
2831177 587295 545 386
2831178 587295 545 16767
2831179 558702 545 26459
2831180 558702 545 151240
2831181 558702 545 5322
2831182 558702 545 50508
2831183 587296 545 26459
2831184 587296 545 76
2831185 587296 545 164
2831186 587297 545 285
2831187 587297 545 26459
2831188 587297 545 151240
2831189 587297 545 5322
2831193 587298 545 40640
2831194 587298 545 1267
2831195 587298 545 1808
2831196 35507 545 877
2831197 35507 545 1396
2831198 35507 545 285
2831199 35507 545 6234
2831247 25215 545 507
2831248 25215 545 917
2831249 25215 545 225
2831250 25215 545 359
2831251 25215 545 557
2831252 25215 545 4131
2831253 25215 545 6375
2831254 25215 545 151317
2831377 456504 545 41047
2831378 456504 545 3
2831379 456504 545 285
2831380 456504 545 139
2831381 456504 545 2908
2831382 456504 545 20182
2831383 587318 545 24589
2831384 587318 545 151320
2831385 587318 545 40938
2831392 350516 545 29225
2831393 350516 545 894
2831394 350516 545 139
2831395 350516 545 305
2831396 350516 545 795
