2831397 587320 546 35630
2831399 461172 546 35630
2831400 359710 546 57611
2831401 587327 546 1169
2831402 587328 546 57611
2831403 587329 546 57611
2831411 587335 546 35630
2831412 587336 546 35630
2831415 587339 546 367
2831417 587342 546 35630
2831418 587343 546 11
2831423 401889 546 57611
2831424 395908 546 57611
2831425 587349 546 35630
2831426 587350 546 35630
2831427 587351 546 57611
2831428 52315 546 35630
2831430 421140 546 11
2831431 500769 546 35630
2831434 587359 546 35630
2831436 587362 546 35630
2831437 587363 546 57611
2831438 580830 546 557
2831440 114731 546 35630
2831442 395924 546 557
2831444 587367 546 35630
2831447 339713 546 35630
2831448 587389 546 35630
2831450 587390 546 374
2831451 587391 546 35630
2831453 587370 546 35630
2831455 587372 546 35630
2831456 587373 546 57611
2831458 587376 546 35630
2831462 587379 546 57611
2831464 587380 546 35630
2831466 84284 546 35630
2831467 587382 546 285
2831469 587383 546 285
2831470 587384 546 35630
2831473 160655 546 35630
2831477 38941 546 11
2831479 171095 546 285
2831480 489050 546 285
2831482 419790 546 35630
2831485 587394 546 1169
2831486 360427 546 57611
2831489 587397 546 35630
2831493 587401 546 35630
2831495 203035 546 11
2831496 171155 546 35630
2831498 587405 546 35630
2831499 587407 546 57611
2831500 587408 546 57611
2831501 1941184 546 1303
2831502 435344 546 35630
2831505 22928 546 285
2831506 587411 546 35630
2831507 587412 546 35630
2831509 587415 546 35630
2831511 329789 546 35630
2831512 587417 546 35630
2831513 587418 546 35630
2831514 587419 546 35630
2831515 587420 546 35630
2831518 171257 546 35630
2831522 587426 546 35630
2831524 62459 546 285
2831525 587428 546 35630
2831527 587430 546 35630
2831529 587432 546 1331
2831530 587433 546 35630
2831531 587435 546 181
2831533 110883 546 35630
2831536 587439 546 57611
2831538 489102 546 11
2831540 587442 546 57611
2831542 587444 546 35630
2831543 587445 546 57611
2831545 587447 546 35630
2831546 543061 546 35630
2831552 587452 546 5523
2831555 587453 546 35630
2831556 587454 546 35630
2831557 587455 546 35630
2831558 587456 546 35630
2831559 587457 546 39
2831561 4120 546 35630
2831562 587458 546 35630
2831563 587459 546 35630
2831564 587461 546 35630
2831565 527746 546 57611
2831567 587465 546 57611
2831568 587466 546 35630
2831569 333155 546 57611
2831570 587467 546 35630
2831571 587468 546 35630
2831572 587469 546 35630
2831573 587470 546 57611
2831574 587471 546 11
2831575 587475 546 35630
2831576 587476 546 35630
2831577 1941185 546 57611
2831579 587480 546 35630
2831581 587482 546 11
2831583 587486 546 57611
2831584 587487 546 35630
2831588 587491 546 57611
2831589 587492 546 35630
2831590 587493 546 35630
2831594 587496 546 57611
2831596 587498 546 35630
2831597 587499 546 11
2831598 587500 546 35630
2831602 587504 546 35630
2831604 587506 546 35630
2831606 587508 546 57611
2831607 587509 546 35630
2831608 587510 546 35630
2831609 15243 546 35630
2831610 402593 546 181
2831612 587511 546 35630
2831613 11810 546 35630
2831615 587513 546 846
2831617 11825 546 35630
2831618 46839 546 11
2831619 348595 546 11
2831620 587514 546 57611
2831621 587519 546 57611
2831622 587520 546 35630
2831623 587521 546 57611
2831624 342896 546 374
2831626 587524 546 35630
2831627 587525 546 35630
2831628 587526 546 11
2831631 65523 546 35630
2831632 587529 546 35630
2831633 587530 546 35630
2831634 587531 546 35630
2831637 587534 546 35630
2831639 587537 546 35630
2831643 165792 546 35630
2831647 587544 546 57611
2831650 361854 546 285
2831651 289914 546 151321
2831652 587547 546 104
2831653 587548 546 57611
2831654 587549 546 57611
2831657 587552 546 35630
2831658 587553 546 57611
2831660 587555 546 35630
2831665 587561 546 35630
2831666 587563 546 557
2831668 587565 546 35630
2831669 1089 546 35630
2831670 587567 546 57611
2831672 204405 546 35630
2831673 587569 546 57611
2831674 149687 546 285
2831675 587571 546 35630
2831676 862111 546 35630
2831677 587574 546 35630
2831678 587575 546 35630
2831679 587576 546 35630
2831680 587577 546 35630
2831681 587578 546 35630
2831683 587580 546 35630
2831684 587581 546 35630
2831688 587584 546 57611
2831689 587586 546 57611
2831690 587588 546 57611
2831692 587591 546 35630
2831693 587592 546 35630
2831695 573258 546 181
2831696 259865 546 151321
2831699 52679 546 35630
2831700 587596 546 35630
2831703 587598 546 16382
2831707 156896 546 39
2831708 587606 546 5523
2831710 587608 546 5523
2831712 587610 546 11
2831714 587612 546 5523
2831715 587613 546 35630
2831716 587614 546 35630
2831717 587615 546 57611
2831718 417691 546 1560
2831719 587617 546 35630
2831720 587618 546 35630
2831721 587619 546 35630
2831723 587622 546 57611
2831724 587623 546 35630
2831726 587625 546 35630
2831728 587628 546 35630
2831729 423428 546 181
2831734 587632 546 57611
2831740 587639 546 35630
2831741 587640 546 35630
2831742 587641 546 35630
2831746 587644 546 35630
2831747 587645 546 57611
2831749 406176 546 1560
2831752 587649 546 35630
2831753 587650 546 35630
2831755 587652 546 35630
2831756 587653 546 35630
2831759 402990 546 181
2831760 150208 546 35630
2831761 587657 546 57611
2831762 61430 546 35630
2831767 587660 546 35630
2831768 587661 546 57611
2831770 587664 546 35630
2831771 587665 546 181
2831772 587666 546 35630
2831775 587669 546 35630
2831780 587674 546 57611
2831782 587676 546 35630
2831784 587678 546 57611
2831793 587686 546 35630
2831794 587688 546 35630
2831795 587689 546 35630
2831796 587690 546 39
2831798 587692 546 16382
2831802 587697 546 35630
2831803 412629 546 35630
2831804 587698 546 57611
2831805 177183 546 181
2831809 587704 546 35630
2831812 587706 546 57611
2831813 587707 546 35630
2831814 84616 546 11
2831815 587708 546 57611
2831816 587709 546 35630
2831817 587710 546 35630
2831818 587711 546 35630
2831819 587712 546 57611
2831823 587715 546 1331
2831825 587717 546 57611
2831827 1140 546 181
2831830 112116 546 35630
2831831 587722 546 35630
2831832 587723 546 35630
2831834 587724 546 35630
2831837 587726 546 57611
2831842 587730 546 35630
2831843 587731 546 57611
2831846 587732 546 35630
2831847 587733 546 57611
2831848 587734 546 35630
2831851 1941188 546 151323
2831852 587736 546 151323
2831854 587738 546 35630
2831855 587739 546 35630
2831857 587741 546 57611
2831858 587742 546 57611
2831859 173883 546 35630
2831862 31902 546 35630
2831863 542424 546 35630
2831864 323021 546 35630
2831865 587744 546 35630
2831866 54907 546 35630
2831867 494120 546 35630
2831868 587745 546 35630
2831869 587746 546 35630
2831870 587747 546 57611
2831874 587751 546 35630
2831875 587752 546 35630
2831876 587754 546 35630
2831878 587756 546 35630
2831881 587759 546 35630
2831882 587760 546 35630
2831883 587761 546 35630
2831884 587762 546 35630
2831885 587763 546 35630
2831886 587764 546 35630
2831888 587765 546 57611
2831889 587766 546 35630
2831890 1941189 546 557
2831891 587767 546 557
2831895 587769 546 11
2831896 587770 546 35630
2831897 587772 546 57611
2831899 587774 546 39
2831901 587776 546 35630
2831902 587777 546 57611
2831903 587778 546 35630
2831904 587779 546 57611
2831906 587781 546 35630
2831910 587784 546 35630
2831911 587786 546 35630
2831912 106720 546 41942
2831913 587787 546 35630
2831914 133184 546 285
2831915 587788 546 57611
2831916 587789 546 35630
2831917 587791 546 57611
2831918 587792 546 35630
2831919 587794 546 35630
2831920 587796 546 557
2831921 587798 546 35630
2831924 274465 546 35630
2831925 533011 546 35630
2831926 587801 546 374
2831927 587802 546 57611
2831928 587804 546 57611
2831929 587805 546 35630
2831930 274486 546 41942
2831931 174256 546 35630
2831932 1201 546 35630
2831933 132663 546 35630
2831935 587809 546 35630
2831937 587811 546 35630
2831939 587813 546 35630
2831941 587815 546 35630
2831943 587820 546 11
2831946 587822 546 35630
2831949 587824 546 557
2831953 587828 546 374
2831954 587829 546 374
2831955 587830 546 35630
2831956 587831 546 374
2831957 587832 546 5523
2831959 587835 546 35630
2831960 190019 546 181
2831961 587837 546 35630
2831962 587839 546 35630
2831964 587841 546 35630
2831965 587842 546 57611
2831966 587844 546 35630
2831968 587845 546 39
2831969 87986 546 35630
2831970 587846 546 35630
2831971 587847 546 35630
2831972 587848 546 57611
2831974 317235 546 57611
2831975 180489 546 35630
2831978 119388 546 181
2831979 587850 546 35630
2831980 406430 546 35630
2831981 533107 546 35630
2831982 587853 546 35630
2831984 415522 546 35630
2831985 587855 546 374
2831986 587856 546 35630
2831988 260370 546 557
2831989 415581 546 151321
2831991 587860 546 35630
2831992 587861 546 35630
2831993 1941190 546 1303
2831994 587862 546 35630
2831995 587863 546 57611
2831996 36493 546 285
2831997 587864 546 11
2832000 587867 546 57611
2832002 587869 546 374
2832003 495389 546 35630
2832006 587872 546 35630
2832007 587873 546 35630
2832009 587875 546 35630
2832010 5272 546 6
2832012 587877 546 35630
2832014 9125 546 35630
2832015 200325 546 35630
2832017 587879 546 35630
2832018 587880 546 35630
2832019 587881 546 35630
2832020 587882 546 35630
2832021 587883 546 35630
2832022 587884 546 35630
2832023 587886 546 35630
2832024 587887 546 35630
2832025 587888 546 35630
2832026 587889 546 35630
2832027 587890 546 35630
2832028 587891 546 35630
2832030 587893 546 35630
2832031 587894 546 35630
2832032 587895 546 24512
2832034 587897 546 57611
2832036 587899 546 181
2832039 84717 546 285
2832040 69702 546 35630
2832041 561479 546 35630
2832042 587901 546 35630
2832046 587905 546 39
2832047 587906 546 35630
2832048 587907 546 35630
2832049 587908 546 35630
2832050 587909 546 35630
2832051 587910 546 57611
2832052 587911 546 35630
2832053 166571 546 35630
2832055 587913 546 57611
2832060 587920 546 35630
2832061 26178 546 35630
2832063 587922 546 35630
2832064 587924 546 35630
2832065 587925 546 35630
2832066 587926 546 35630
2832067 587927 546 41942
2832068 179545 546 11
2832069 587928 546 285
2832071 587930 546 35630
2832072 587931 546 57611
2832073 587932 546 57611
2832074 587934 546 285
2832075 15751 546 285
2832076 23467 546 285
2832078 587937 546 374
2832080 587939 546 35630
2832082 84834 546 285
2832085 587946 546 35630
2832090 1941191 546 846
2832094 17423 546 35630
2832095 587950 546 35630
2832096 587951 546 35630
2832098 587952 546 35630
2832099 151534 546 35630
2832100 200464 546 35630
2832101 587954 546 35630
2832102 587955 546 35630
2832105 565876 546 57611
2832106 587958 546 57611
2832108 587963 546 57611
2832109 587964 546 35630
2832111 587965 546 11
2832118 15792 546 35630
2832119 344461 546 35630
2832121 587974 546 39
2832123 587976 546 35630
2832125 587978 546 35630
2832126 587979 546 57611
2832127 587980 546 57611
2832128 587981 546 35630
2832130 587984 546 35630
2832132 587986 546 57611
2832138 587990 546 35630
2832139 587991 546 35630
2832140 587992 546 35630
2832141 403881 546 57611
2832142 587994 546 35630
2832143 265149 546 35630
2832146 587998 546 35630
2832147 1941193 546 151323
2832148 587999 546 151323
2832149 260639 546 35630
2832153 439977 546 35630
2832155 588003 546 57611
2832156 588004 546 57611
2832157 321082 546 35630
2832159 588007 546 557
2832160 454585 546 151321
2832164 588011 546 57611
2832165 588012 546 35630
2832166 588013 546 35630
2832167 588014 546 57611
2832168 588015 546 57611
2832173 152385 546 35630
2832174 578386 546 35630
2832175 145957 546 35630
2832179 588024 546 35630
2832180 318453 546 285
2832181 588026 546 35630
2832182 588027 546 285
2832184 588030 546 35630
2832185 588031 546 181
2832187 588033 546 35630
2832190 588036 546 57611
2832191 588037 546 57611
2832196 588041 546 35630
2832197 32019 546 11
2832199 588044 546 57611
2832200 588045 546 35630
2832202 588047 546 35630
2832206 588052 546 57611
2832208 25103 546 285
2832210 588055 546 35630
2832211 588056 546 151321
2832212 588057 546 57611
2832213 13801 546 35630
2832216 588060 546 35630
2832217 588062 546 35630
2832222 588067 546 35630
2832223 244334 546 35630
2832224 62867 546 285
2832225 588068 546 35630
2832227 588071 546 35630
2832229 588072 546 35630
2832231 588073 546 285
2832232 588074 546 35630
2832234 87119 546 285
2832235 588076 546 35630
2832240 588082 546 5523
2832242 588085 546 35630
2832244 190531 546 35630
2832246 588092 546 57611
2832252 588098 546 181
2832253 416202 546 39
2832256 588101 546 35630
2832257 588102 546 35630
2832258 55354 546 285
2832261 588108 546 557
2832262 588109 546 35630
2832263 588110 546 35630
2832264 588111 546 35630
2832265 588112 546 35630
2832266 588113 546 35630
2832267 588114 546 35630
2832269 588116 546 57611
2832270 588117 546 57611
2832276 588122 546 35630
2832277 480068 546 35630
2832278 180736 546 35630
2832279 588124 546 35630
2832280 23705 546 285
2832282 588126 546 57611
2832285 588128 546 4132
2832288 588131 546 35630
2832289 588133 546 35630
2832290 428856 546 35630
2832291 57036 546 557
2832292 57036 546 285
2832293 588134 546 35630
2832294 50169 546 35630
2832295 139503 546 35630
2832296 448020 546 151321
2832297 588135 546 35630
2832298 588136 546 57611
2832301 588141 546 1169
2832302 588142 546 57611
2832303 588143 546 57611
2832305 588145 546 35630
2832307 588147 546 35630
2832308 588148 546 35630
2832309 588149 546 35630
2832310 588151 546 35630
2832315 588156 546 285
2832316 421070 546 35630
2832317 588157 546 57611
2832320 69957 546 35630
2832321 588160 546 35630
2832322 588162 546 35630
2832323 588163 546 35630
2832325 305309 546 285
2832326 1941195 546 285
2832329 21316 546 285
2832331 588172 546 35630
2832333 46660 546 285
2832336 588176 546 35630
2832337 588177 546 57611
2832339 588179 546 35630
2832343 21310 546 35630
2832345 588185 546 57611
2832346 51868 546 285
2832349 588187 546 57611
2832353 588191 546 57611
2832355 197982 546 285
2832356 112855 546 285
2832359 119962 546 11
2832360 109098 546 11
2832362 588199 546 151321
2832363 178141 546 11
2832365 588201 546 35630
2832366 588202 546 35630
2832367 1941197 546 1331
2832368 588203 546 1331
2832370 550152 546 1331
2832371 69985 546 1331
2832373 452827 546 35630
2832374 152564 546 35630
2832375 417742 546 285
2832377 588207 546 35630
2832378 588208 546 57611
2832381 580270 546 35630
2832385 588212 546 1560
2832388 588215 546 57611
2832389 588216 546 35630
2832390 588217 546 57611
2832392 588219 546 35630
2832394 588221 546 35630
2832397 588224 546 181
2832398 588225 546 35630
2832401 588228 546 285
2832405 588233 546 35630
2832410 588237 546 24512
2832411 270023 546 57611
2832412 588238 546 35630
2832413 588240 546 35630
2832414 588242 546 57611
2832415 588243 546 557
2832417 588245 546 374
2832420 588247 546 57611
2832422 75849 546 374
2832424 588249 546 285
2832427 588254 546 35630
2832430 588257 546 11
2832431 29274 546 35630
2832432 588258 546 35630
2832433 588259 546 57611
2832434 588260 546 35630
2832435 588261 546 35630
2832441 588267 546 35630
2832442 588268 546 57611
2832446 167489 546 35630
2832448 36266 546 557
2832450 588274 546 57611
2832451 588275 546 35630
2832455 588279 546 35630
2832456 588281 546 35630
2832457 588283 546 35630
2832458 588284 546 35630
2832459 451109 546 35630
2832461 588287 546 35630
2832463 588288 546 35630
2832468 588293 546 1122
2832470 588295 546 35630
2832471 588296 546 35630
2832472 588297 546 35630
2832473 588298 546 35630
2832479 252194 546 39
2832480 588301 546 151323
2832484 67779 546 557
2832487 1941198 546 104
2832490 588309 546 557
2832493 588312 546 57611
2832494 588313 546 57611
2832495 588314 546 35630
2832497 588315 546 35630
2832498 588316 546 35630
2832499 25062 546 35630
2832500 588317 546 35630
2832502 588321 546 35630
2832504 588323 546 57611
2832505 588324 546 57611
2832506 588325 546 35630
2832509 147026 546 285
2832513 588332 546 35630
2832514 588333 546 57611
2832516 588336 546 285
2832518 91647 546 11
2832519 73740 546 557
2832520 588341 546 35630
2832522 67845 546 35630
2832523 526874 546 11
2832525 6663 546 35630
2832528 588346 546 35630
2832529 588347 546 57611
2832531 588350 546 57611
2832532 588351 546 35630
2832536 588356 546 57611
2832537 588357 546 35630
2832538 588358 546 35630
2832541 588360 546 35630
2832542 252248 546 57611
2832543 588361 546 35630
2832544 588362 546 57611
2832546 452905 546 35630
2832549 588365 546 57611
2832550 588366 546 35630
2832551 588367 546 65335
2832555 588371 546 35630
2832557 550415 546 35630
2832559 588375 546 57611
2832560 588376 546 57611
2832563 588379 546 35630
2832565 588381 546 151322
2832567 588384 546 57611
2832568 588385 546 35630
2832570 6794 546 285
2832574 96057 546 35630
2832575 174193 546 35630
2832576 588389 546 35630
2832577 588390 546 57611
2832579 588392 546 35630
2832580 588393 546 35630
2832582 588394 546 35630
2832583 588395 546 35630
2832584 588396 546 285
2832585 588397 546 35630
2832586 339562 546 11
2832587 27761 546 285
2832588 73827 546 1560
2832589 584998 546 35630
2832590 305792 546 11
2832593 588402 546 57611
2832594 79227 546 11
2832595 588403 546 35630
2832596 588404 546 35630
2832598 1941199 546 35630
2832599 588406 546 35630
2832600 74024 546 285
2832602 588409 546 35630
2832603 588410 546 35630
2832604 588411 546 35630
2832605 588412 546 57611
2832609 588415 546 35630
2832611 588417 546 35630
2832612 148138 546 11
2832614 588421 546 57611
2832615 588422 546 1560
2832624 588432 546 35630
2832626 588434 546 35630
2832627 588435 546 35630
2832631 557909 546 11
2832632 588438 546 65335
2832633 588439 546 11
2832634 588440 546 35630
2832635 588441 546 35630
2832637 38321 546 57611
2832638 588443 546 57611
2832640 180982 546 35630
2832641 588445 546 151321
2832642 588446 546 35630
2832643 356656 546 11
2832644 167893 546 181
2832646 588449 546 35630
2832647 588454 546 35630
2832648 588452 546 35630
2832649 588453 546 57611
2832650 588455 546 35630
2832652 1489 546 35630
2832653 588456 546 35630
2832656 335458 546 11
2832658 588458 546 151321
2832662 588464 546 57611
2832663 588466 546 57611
2832664 3059 546 318
2832665 588467 546 35630
2832666 523247 546 4132
2832667 588468 546 35630
2832668 588469 546 35630
2832669 302178 546 35630
2832670 201436 546 35630
2832671 588470 546 35630
2832675 68137 546 35630
2832676 588474 546 35630
2832679 588476 546 35630
2832680 107402 546 151321
2832682 50427 546 285
2832683 50435 546 285
2832684 498 546 285
2832685 588481 546 35630
2832686 588482 546 285
2832688 7039 546 285
2832690 588487 546 57611
2832691 1941201 546 1303
2832695 588490 546 35630
2832696 588491 546 57611
2832697 64712 546 6
2832698 588492 546 35630
2832700 588495 546 35630
2832701 588496 546 285
2832702 89332 546 869
2832705 588500 546 57611
2832708 2742 546 318
2832709 588504 546 57611
2832710 1941202 546 3196
2832711 588507 546 35630
2832712 378816 546 57611
2832715 1536 546 104
2832716 394521 546 104
2832717 3404 546 104
2832722 588517 546 57611
2832723 588518 546 57611
2832724 588519 546 1331
2832725 455324 546 35630
2832726 588521 546 35630
2832727 318918 546 35630
2832728 588523 546 35630
2832729 588524 546 35630
2832730 588525 546 39
2832735 588531 546 35630
2832736 417300 546 285
2832738 178746 546 35630
2832740 68337 546 35630
2832741 588535 546 35630
2832742 588536 546 35630
2832743 588537 546 57611
2832744 588538 546 35630
2832745 588539 546 35630
2832746 588540 546 35630
2832747 588542 546 57611
2832748 588543 546 35630
2832751 588546 546 35630
2832752 588548 546 35630
2832754 549165 546 35630
2832756 1589 546 285
2832759 588551 546 35630
2832760 588553 546 11
2832769 588562 546 35630
2832770 112300 546 35630
2832771 588563 546 35630
2832772 588564 546 35630
2832773 588565 546 35630
2832775 588568 546 35630
2832779 16521 546 35630
2832784 588575 546 285
2832785 588575 546 4132
2832786 588576 546 35630
2832790 412693 546 35630
2832791 588580 546 35630
2832792 588582 546 151321
2832793 588584 546 35630
2832794 588585 546 57611
2832798 588588 546 16382
2832799 456128 546 35630
2832802 588591 546 35630
2832803 588592 546 35630
2832804 588593 546 35630
2832805 588596 546 35630
2832806 588597 546 57611
2832807 588598 546 35630
2832808 588599 546 35630
2832809 588600 546 35630
2832810 588601 546 35630
2832811 588602 546 35630
2832812 588594 546 35630
2832813 588595 546 57611
2832814 588603 546 35630
2832815 588604 546 35630
2832816 588605 546 35630
2832817 588606 546 57611
2832818 588607 546 2391
2832819 588609 546 35630
2832823 588615 546 35630
2832824 500127 546 318
2832825 588617 546 35630
2832826 55765 546 35630
2832827 588618 546 35630
2832828 588619 546 57611
2832829 588620 546 35630
2832834 588625 546 35630
2832835 588626 546 35630
2832836 588627 546 35630
2832838 588629 546 57611
2832841 588633 546 35630
2832842 588636 546 35630
2832843 588637 546 35630
2832844 588640 546 35630
2832845 588643 546 57611
2832846 588644 546 557
2832847 588646 546 35630
2832848 588647 546 35630
2832849 588648 546 57611
2832851 588650 546 35630
2832853 27368 546 35630
2832855 588652 546 35630
2832857 588654 546 35630
2832864 588661 546 57611
2832869 588666 546 35630
2832871 588668 546 39
2832872 472288 546 35630
2832873 276903 546 57611
2832874 588670 546 35630
2832876 588673 546 35630
2832883 588679 546 35630
2832884 588680 546 374
2832886 61960 546 35630
2832888 588683 546 35630
2832889 588685 546 35630
2832890 181252 546 57611
2832892 588692 546 35630
2832895 588696 546 35630
2832900 588700 546 35630
2832904 588703 546 35630
2832906 588705 546 35630
2832907 588707 546 35630
2832909 588711 546 4132
2832910 588712 546 35630
2832914 588716 546 374
2832917 588719 546 57611
2832919 462710 546 35630
2832920 588721 546 11
2832921 472342 546 35630
2832922 588722 546 35630
2832924 302374 546 35630
2832925 588724 546 35630
2832926 588725 546 57611
2832928 588727 546 35630
2832929 588728 546 35630
2832932 279809 546 285
2832935 588733 546 35630
2832937 1941203 546 57611
2832938 588735 546 35630
2832939 588736 546 35630
2832941 530780 546 35630
2832944 588743 546 57611
2832946 588745 546 35630
2832948 588747 546 35630
2832950 588745 546 57611
2832951 588747 546 57611
2832954 68800 546 523
2832955 588754 546 285
2832956 588755 546 57611
2832957 588756 546 57611
2832958 588757 546 57611
2832960 588759 546 57611
2832961 588760 546 57611
2832962 588761 546 57611
2832965 16713 546 285
2832969 588767 546 11
2832970 588768 546 285
2832971 588769 546 57611
2832972 588770 546 57611
2832973 588771 546 57611
2832976 588774 546 285
2832977 588777 546 57611
2832979 80006 546 57611
2832980 588779 546 57611
2832981 588780 546 57611
2832983 588781 546 57611
2832984 68851 546 57611
2832986 588783 546 57611
2832990 588787 546 57611
2832992 588789 546 57611
2832993 588790 546 57611
2832994 588791 546 57611
2832995 68884 546 57611
2832997 588793 546 57611
2832998 588794 546 57611
2832999 374443 546 11
2833000 22214 546 1169
2833003 477782 546 57611
2833004 588798 546 57611
2833007 588800 546 57611
2833008 588803 546 57611
2833009 588805 546 57611
2833010 588806 546 57611
2833011 512145 546 57611
2833013 588808 546 57611
2833014 588809 546 57611
2833018 588813 546 57611
2833019 588814 546 57611
2833020 588815 546 57611
2833022 588817 546 57611
2833024 92541 546 57611
2833025 588820 546 57611
2833026 588821 546 57611
2833027 588822 546 57611
2833028 269776 546 57611
2833029 588823 546 57611
2833030 29530 546 57611
2833032 1681 546 57611
2833035 588825 546 57611
2833036 588826 546 57611
2833037 588828 546 57611
2833038 588829 546 57611
2833039 588830 546 57611
2833040 588831 546 57611
2833043 588834 546 11
2833044 588836 546 57611
2833045 588837 546 57611
2833046 588838 546 57611
2833047 588841 546 57611
2833056 588846 546 57611
2833057 588847 546 57611
2833058 588848 546 57611
2833059 588850 546 11
2833060 588851 546 57611
2833063 16800 546 57611
2833067 192291 546 39
2833068 588853 546 57611
2833070 588854 546 523
2833072 518706 546 57611
2833075 588856 546 57611
2833078 588859 546 57611
2833079 1941204 546 1303
2833080 588860 546 57611
2833081 588862 546 57611
2833082 588865 546 57611
2833083 588868 546 57611
2833084 588869 546 57611
2833085 588870 546 57611
2833087 588871 546 57611
2833088 588872 546 57611
2833089 588873 546 57611
2833092 26700 546 285
2833093 588875 546 57611
2833094 49146 546 57611
2833095 179340 546 57611
2833096 936 546 318
2833098 588877 546 57611
2833100 588879 546 5319
2833101 154118 546 318
2833103 140540 546 367
2833104 436384 546 57611
2833107 588885 546 57611
2833108 588886 546 57611
2833116 588892 546 285
2833121 588897 546 57611
2833122 1941206 546 2391
2833123 588899 546 15
2833125 48069 546 57611
2833126 588901 546 57611
2833129 202307 546 57611
2833130 588903 546 57611
2833132 588904 546 57611
2833133 588905 546 57611
2833135 588915 546 57611
2833136 588906 546 57611
2833137 588907 546 57611
2833138 588908 546 57611
2833139 588909 546 57611
2833140 588910 546 57611
2833141 588918 546 57611
2833142 588919 546 57611
2833143 588911 546 57611
2833144 588920 546 57611
2833145 588912 546 57611
2833146 588922 546 57611
2833147 588917 546 11
2833148 588921 546 57611
2833149 530941 546 374
2833150 588923 546 57611
2833153 588926 546 57611
2833168 588941 546 5523
2833169 588942 546 57611
2833170 588943 546 57611
2833171 59561 546 57611
2833175 588946 546 5319
2833177 588948 546 285
2833178 74786 546 57611
2833179 159882 546 1560
2833180 410312 546 1169
2833182 133907 546 1169
2833184 107823 546 1169
2833187 588951 546 11
2833188 588952 546 57611
2833189 147555 546 1169
2833191 588954 546 57611
2833192 35177 546 2427
2833193 1941208 546 869
2833194 588955 546 11
2833198 57364 546 285
2833199 116736 546 285
2833200 588960 546 57611
2833204 588966 546 57611
2833205 588969 546 57611
2833206 588970 546 57611
2833209 588971 546 57611
2833210 588972 546 57611
2833211 588973 546 57611
2833213 249973 546 285
2833216 346017 546 11
2833218 11721 546 57611
2833219 588981 546 57611
2833221 430225 546 318
2833222 181553 546 57611
2833224 1941209 546 57611
2833225 588983 546 57611
2833226 588985 546 57611
2833227 588987 546 57611
2833228 268871 546 11
2833229 588988 546 57611
2833230 460091 546 57611
2833231 588989 546 57611
2833238 32422 546 57611
2833239 588994 546 39
2833240 588995 546 39
2833242 588997 546 57611
2833244 588999 546 57611
2833247 245957 546 57611
2833248 269171 546 57611
2833250 589002 546 15
2833251 589003 546 57611
2833252 589005 546 57611
2833255 589008 546 57611
2833260 589014 546 57611
2833262 266193 546 11
2833264 589016 546 57611
2833265 589017 546 11
2833270 589022 546 57611
2833272 181585 546 57611
2833273 79383 546 151321
2833275 589024 546 57611
2833276 589025 546 57611
2833277 153317 546 1560
2833278 589027 546 57611
2833280 589029 546 57611
2833284 589033 546 57611
2833285 589034 546 57611
2833286 589035 546 57611
2833288 589037 546 57611
2833289 589038 546 57611
2833293 589043 546 57611
2833296 589046 546 57611
2833298 589050 546 57611
2833299 589051 546 151321
2833301 589052 546 57611
2833302 589053 546 57611
2833304 589055 546 57611
2833305 589056 546 57611
2833306 589057 546 1169
2833307 589058 546 57611
2833308 589059 546 57611
2833309 589064 546 57611
2833311 589061 546 57611
2833312 589062 546 57611
2833313 589063 546 57611
2833314 589065 546 11
2833315 589067 546 57611
2833316 589068 546 57611
2833317 589069 546 57611
2833318 589071 546 57611
2833325 589077 546 57611
2833326 589078 546 57611
2833329 589080 546 57611
2833330 50858 546 11
2833332 589082 546 11
2833333 589083 546 285
2833334 589084 546 57611
2833335 589085 546 285
2833338 589088 546 57611
2833340 589090 546 57611
2833341 589091 546 57611
2833343 589092 546 57611
2833344 349889 546 57611
2833345 589093 546 57611
2833350 589098 546 57611
2833351 589099 546 57611
2833352 589100 546 1560
2833353 336578 546 1560
2833357 105788 546 151324
2833359 589107 546 57611
2833360 179796 546 57611
2833361 589108 546 57611
2833362 589109 546 57611
2833363 589110 546 57611
2833364 589105 546 57611
2833365 589111 546 374
2833366 589112 546 57611
2833367 589106 546 57611
2833368 589114 546 57611
2833369 589115 546 57611
2833370 589116 546 57611
2833371 589117 546 374
2833372 589118 546 57611
2833373 589119 546 57611
2833374 589120 546 374
2833375 589121 546 151321
2833377 88486 546 57611
2833378 589123 546 557
2833379 589124 546 57611
2833380 589125 546 57611
2833381 64888 546 57611
2833390 589135 546 57611
2833392 589138 546 57611
2833393 589139 546 57611
2833395 589142 546 57611
2833401 589147 546 57611
2833403 589149 546 15
2833405 589153 546 374
2833406 589154 546 374
2833407 589155 546 374
2833409 589157 546 15
2833410 589158 546 57611
2833412 589160 546 15
2833415 480602 546 57611
2833420 589167 546 2391
2833422 589169 546 2391
2833424 589172 546 57611
2833426 589174 546 57611
2833427 589176 546 57611
2833428 589177 546 151321
2833430 589178 546 57611
2833431 79370 546 57611
2833432 589179 546 57611
2833434 589181 546 2391
2833438 173796 546 57611
2833439 589185 546 57611
2833440 589186 546 57611
2833441 185642 546 11
2833442 589187 546 285
2833443 589188 546 57611
2833445 589192 546 57611
2833449 531226 546 57611
2833451 589196 546 57611
2833453 186951 546 57611
2833454 589198 546 57611
2833456 589200 546 57611
2833457 408206 546 11
2833459 589204 546 57611
2833460 589205 546 57611
2833461 589209 546 57611
2833463 589212 546 57611
2833464 1941210 546 1303
2833465 1941211 546 1303
2833466 589214 546 151324
2833468 589216 546 151324
2833470 589218 546 151324
2833471 589219 546 151324
2833472 589220 546 151324
2833473 589221 546 151324
2833474 589222 546 151324
2833475 589224 546 57611
2833477 589227 546 57611
2833483 589232 546 57611
2833484 589233 546 57611
2833486 589229 546 57611
2833487 29714 546 57611
2833488 589237 546 57611
2833491 589240 546 285
2833493 589242 546 11
2833494 589243 546 57611
2833495 589246 546 57611
2833496 589247 546 57611
2833497 589248 546 57611
2833501 1941212 546 869
2833502 468061 546 57611
2833503 589253 546 57611
2833505 55717 546 57611
2833507 589255 546 11
2833508 33198 546 285
2833509 589256 546 57611
2833510 589257 546 57611
2833511 589258 546 846
2833516 589265 546 57611
2833519 589267 546 57611
2833520 589268 546 57611
2833524 589272 546 57611
2833526 589273 546 57611
2833528 589275 546 151321
2833531 589278 546 57611
2833532 589280 546 57611
2833533 589281 546 57611
2833535 589284 546 57611
2833538 140669 546 6
2833539 93019 546 11
2833540 589287 546 57611
2833542 589288 546 57611
2833543 589289 546 57611
2833549 589297 546 374
2833551 589299 546 57611
2833553 589302 546 57611
2833554 1941214 546 57611
2833555 589304 546 57611
2833557 589307 546 57611
2833563 258928 546 557
2833564 589313 546 57611
2833567 589316 546 57611
2833570 589318 546 57611
2833571 589319 546 57611
2833574 24769 546 285
2833575 589322 546 57611
2833576 589323 546 57611
2833577 193947 546 57611
2833578 589324 546 57611
2833581 589327 546 57611
2833586 589332 546 57611
2833587 589333 546 151321
2833589 589336 546 57611
2833590 589339 546 57611
2833591 589340 546 57611
2833592 589345 546 57611
2833593 589349 546 57611
2833594 589352 546 57611
2833596 589338 546 57611
2833597 387437 546 57611
2833598 50991 546 104
2833600 111396 546 2427
2833602 589341 546 57611
2833603 589342 546 57611
2833604 589360 546 57611
2833605 589343 546 57611
2833606 589344 546 57611
2833607 589361 546 57611
2833608 589346 546 57611
2833609 589347 546 57611
2833610 589348 546 57611
2833611 589363 546 57611
2833612 589364 546 57611
2833613 589365 546 57611
2833614 589350 546 57611
2833615 589351 546 57611
2833616 589353 546 57611
2833618 22722 546 318
2833619 484998 546 2427
2833620 501058 546 39
2833623 95153 546 57611
2833625 589370 546 57611
2833626 589371 546 57611
2833627 589372 546 57611
2833629 589374 546 57611
2833630 57507 546 151321
2833631 589375 546 1169
2833632 589376 546 57611
2833633 589378 546 57611
2833636 589381 546 57611
2833637 589382 546 57611
2833638 56313 546 285
2833640 589385 546 57611
2833644 17401 546 11
2833645 589393 546 57611
2833646 330596 546 1122
2833647 589386 546 57611
2833648 589394 546 57611
2833650 589397 546 57611
2833651 589398 546 57611
2833652 351447 546 285
2833653 589399 546 57611
2833655 589401 546 57611
2833659 589406 546 39
2833666 426100 546 57611
2833667 589413 546 57611
2833668 589414 546 57611
2833669 589415 546 57611
2833670 589389 546 57611
2833672 589417 546 57611
2833673 589418 546 57611
2833674 589419 546 57611
2833675 589420 546 57611
2833676 589421 546 57611
2833677 589423 546 57611
2833678 589424 546 57611
2833679 589425 546 374
2833683 589429 546 57611
2833684 589430 546 57611
2833688 589432 546 57611
2833689 589433 546 57611
2833690 589434 546 57611
2833691 554657 546 57611
2833692 589435 546 57611
2833693 589436 546 57611
2833697 560566 546 57611
2833700 589441 546 57611
2833701 589442 546 57611
2833702 589443 546 57611
2833703 75840 546 57611
2833706 589445 546 57611
2833707 135635 546 557
2833708 589446 546 57611
2833710 589448 546 57611
2833711 589449 546 57611
2833714 589452 546 57611
2833715 589453 546 57611
2833717 589455 546 57611
2833719 168870 546 57611
2833721 24813 546 11
2833722 589459 546 57611
2833723 589460 546 57611
2833724 589461 546 57611
2833725 589462 546 57611
2833727 504842 546 57611
2833729 589464 546 57611
2833731 589466 546 4132
2833732 589467 546 57611
2833733 589469 546 57611
2833735 589422 546 57611
2833737 589472 546 57611
2833738 589473 546 57611
2833739 589474 546 57611
2833740 589475 546 57611
2833741 589476 546 57611
2833742 589477 546 57611
2833743 338525 546 57611
2833745 589479 546 57611
2833746 580991 546 57611
2833749 589483 546 57611
2833752 589487 546 1331
2833754 501094 546 57611
2833755 589489 546 57611
2833756 589490 546 57611
2833757 173263 546 57611
2833758 589491 546 285
2833759 589458 546 57611
2833764 309699 546 57611
2833765 589498 546 1331
2833766 589539 546 15
2833767 301187 546 57611
2833772 589541 546 15
2833777 589506 546 57611
2833779 589548 546 15
2833780 589508 546 57611
2833781 589510 546 57611
2833782 589511 546 11
2833783 589512 546 57611
2833789 589520 546 1331
2833790 589521 546 57611
2833791 589553 546 285
2833793 589522 546 57611
2833794 589523 546 57611
2833795 589526 546 57611
2833796 337101 546 151321
2833798 172100 546 57611
2833800 320639 546 57611
2833801 589560 546 57611
2833803 589562 546 1169
2833804 135671 546 57611
2833805 589563 546 57611
2833806 589537 546 57611
2833808 357989 546 57611
2833809 96725 546 57611
2833811 589566 546 15
2833813 152905 546 57611
2833814 589567 546 15
2833815 55911 546 57611
2833817 7687 546 57611
2833821 589554 546 57611
2833823 589571 546 57611
2833829 589577 546 57611
2833830 589578 546 57611
2833840 589588 546 57611
2833841 589592 546 57611
2833842 589593 546 57611
2833843 589594 546 11
2833845 589590 546 39
2833846 589591 546 57611
2833847 589595 546 57611
2833850 589600 546 57611
2833853 589603 546 57611
2833858 589608 546 57611
2833859 589609 546 57611
2833860 589610 546 57611
2833861 589611 546 57611
2833862 589612 546 57611
2833864 589614 546 57611
2833865 589617 546 57611
2833866 589618 546 57611
2833867 589619 546 57611
2833868 589620 546 57611
2833869 589621 546 57611
2833870 589622 546 57611
2833871 393044 546 57611
2833872 269452 546 57611
2833874 589623 546 11
2833876 32644 546 285
2833880 589629 546 57611
2833881 302990 546 285
2833882 125942 546 285
2833885 589632 546 11
2833886 125649 546 57611
2833890 589636 546 57611
2833891 111494 546 557
2833892 496836 546 11
2833893 589642 546 57611
2833897 94157 546 285
2833898 589646 546 57611
2833903 441078 546 57611
2833904 296185 546 285
2833905 434955 546 57611
2833906 589652 546 57611
2833908 589654 546 57611
2833911 589660 546 57611
2833912 589662 546 57611
2833913 76262 546 104
2833917 589666 546 57611
2833918 589667 546 285
2833922 88695 546 285
2833923 1669816 546 57611
2833939 589711 546 57611
2833940 589712 546 57611
2833942 589715 546 57611
2833945 589718 546 57611
2833977 589727 546 57611
2833978 589728 546 57611
2833979 398082 546 11
2833981 589730 546 57611
2833984 56438 546 57611
2833985 589735 546 57611
2833986 589714 546 57611
2833987 589737 546 57611
2833988 62380 546 285
2833989 589738 546 285
2833990 589716 546 57611
2833992 24953 546 285
2833997 525195 546 285
2833998 24951 546 285
2834001 589740 546 57611
2834003 589741 546 57611
2834004 589742 546 57611
2834007 589745 546 57611
2834008 589746 546 57611
2834012 87308 546 285
2834013 589751 546 57611
2834014 589752 546 57611
2834020 589755 546 104
2834021 589756 546 57611
2834022 589757 546 57611
2834023 589758 546 1122
2834024 589759 546 285
2834025 1941216 546 57611
2834026 1941217 546 57611
2834027 589760 546 57611
2834029 589762 546 57611
2834030 589763 546 57611
2834035 589767 546 57611
2834036 589768 546 57611
2834038 589772 546 4132
2834040 589774 546 57611
2834041 589776 546 57611
2834046 589783 546 57611
2834047 589784 546 57611
2834050 420774 546 151321
2834052 589792 546 57611
2834054 241811 546 285
2834055 589793 546 57611
2834057 589796 546 57611
2834061 488862 546 57611
2834062 589798 546 57611
2834063 126730 546 285
2834064 589799 546 285
2834068 589805 546 57611
2834069 589806 546 57611
2834070 589807 546 57611
2834072 1397058 546 57611
2834073 589809 546 285
2834074 589810 546 57611
2834075 589811 546 57611
2834076 589812 546 57611
2834077 589813 546 57611
2834078 135744 546 57611
2834079 589816 546 57611
2834084 589821 546 846
2834085 589822 546 39
2834087 589825 546 57611
2834088 58584 546 2427
2834089 589826 546 11
2834090 589827 546 57611
2834091 589829 546 57611
2834093 553147 546 57611
2834095 589832 546 57611
2834097 589833 546 57611
2834099 589834 546 57611
2834101 62443 546 39
2834104 589840 546 57611
2834106 589842 546 57611
2834107 242466 546 57611
2834108 589843 546 11
2834109 589844 546 11
2834110 25115 546 57611
2834111 25613 546 318
2834112 589846 546 374
2834113 62448 546 285
2834114 589847 546 57611
2834115 589848 546 57611
2834117 589850 546 151321
2834118 422772 546 11
2834119 589851 546 11
2834120 136907 546 285
2834121 589852 546 57611
2834122 172927 546 57611
2834128 589858 546 507
2834129 589859 546 11
2834132 589874 546 57611
2834133 589860 546 57611
2834134 589861 546 57611
2834136 589863 546 57611
2834137 589876 546 57611
2834138 589864 546 57611
2834139 589865 546 57611
2834142 589869 546 57611
2834143 589871 546 57611
2834144 589872 546 57611
2834147 589878 546 57611
2834148 558664 546 57611
2834150 589880 546 57611
2834151 589881 546 57611
2834153 558666 546 57611
2834155 589884 546 57611
2834157 589886 546 57611
2834158 589887 546 57611
2834159 589888 546 57611
2834160 589889 546 57611
2834161 589890 546 57611
2834162 589891 546 57611
2834163 589892 546 57611
2834167 589896 546 57611
2834168 589897 546 57611
2834171 589900 546 57611
2834172 589911 546 57611
2834174 589912 546 57611
2834176 146608 546 57611
2834177 332675 546 57611
2834178 586797 546 57611
2834179 492988 546 57611
2834180 589903 546 57611
2834183 589905 546 57611
2834184 589906 546 57611
2834186 589907 546 57611
2834189 589917 546 285
2834190 589918 546 285
2834195 589920 546 57611
2834196 56542 546 57611
2834197 460462 546 15
2834198 589922 546 57611
2834199 74261 546 285
2834200 375186 546 57611
2834201 589924 546 57611
2834202 589925 546 57611
2834203 589926 546 57611
2834209 589935 546 57611
2834210 589936 546 57611
2834211 109699 546 285
2834212 589937 546 57611
2834213 52213 546 507
2834214 332720 546 57611
2834215 589938 546 57611
2834219 589941 546 57611
2834220 166 546 57611
2834221 589943 546 57611
2834222 589944 546 57611
2834224 93513 546 557
2834225 589945 546 557
2834226 391406 546 557
2834227 1941218 546 57611
2834228 955840 546 57611
2834229 1941219 546 57611
2834230 589946 546 557
2834233 332797 546 57611
2834236 1941220 546 1303
2834240 589954 546 11
2834241 589978 546 57611
2834244 126780 546 57611
2834245 589981 546 57611
2834246 589982 546 57611
2834247 589983 546 57611
2834248 589984 546 57611
2834251 423296 546 15
2834253 589958 546 57611
2834254 589959 546 57611
2834257 589962 546 57611
2834258 52224 546 285
2834259 44810 546 285
2834272 589987 546 57611
2834273 589988 546 57611
