2887668 599904 554 1267
2887669 599904 554 941
2887670 599904 554 111084
2887671 599904 554 152782
2887672 599904 554 83501
2887673 599904 554 54516
2887674 599904 554 152783
2887691 599909 554 507
2887692 599909 554 912
2887693 599909 554 1704
2887704 505234 554 44415
2887709 1941988 554 941
2887710 1941988 554 44415
2887711 1941988 554 152786
2887712 1941988 554 152787
2887713 1941988 554 29
2887714 1941988 554 1675
2887715 1941988 554 1802
2887733 1941990 554 4003
2887734 1941990 554 780
2887735 1941990 554 700
2887736 1941990 554 294
2887737 1941990 554 4256
2887738 1941990 554 2631
2887739 1941990 554 941
2887740 1941990 554 6046
2887744 1936822 554 451
2887745 1936822 554 4791
2887746 1936822 554 941
2887747 1936822 554 47650
2887748 1936822 554 43975
2887749 1941991 554 944
2887750 1941991 554 941
2887751 1941991 554 4861
2887752 1941991 554 1267
2887753 1941991 554 21
2887754 1941991 554 700
2887760 1941992 554 941
2887761 1941992 554 700
2887762 1941992 554 44415
2887763 1941992 554 152789
2887797 1941994 554 941
2887798 1941994 554 43975
2887799 1941994 554 15224
2887800 1941994 554 35942
2887801 1941995 554 941
2887802 1941995 554 43975
2887803 1941995 554 3483
2887804 1941995 554 1886
2887805 1941995 554 15224
2887806 1941995 554 7333
2887807 599926 554 1125
2887808 599926 554 3813
2887809 599926 554 3510
2887810 599926 554 1907
2887811 599926 554 2629
2887812 599926 554 523
2887822 599930 554 125
2887823 599930 554 941
2887824 599930 554 1239
2887825 599931 554 941
2887826 599931 554 44415
2887827 599931 554 15224
2887828 599931 554 1239
2887829 599931 554 1126
2887847 599942 554 3567
2887848 599942 554 6046
2887849 599942 554 941
2887876 1942001 554 10102
2887877 1942001 554 44415
2887878 1942001 554 10928
2887879 1942001 554 4132
2887880 1942001 554 4003
2887918 599949 554 12
2887919 599949 554 4582
2887920 599949 554 451
2887924 599951 554 1143
2887925 599951 554 4028
2887945 182463 554 53303
2887946 182463 554 44415
2887947 182463 554 29
2887996 599943 554 10102
2887997 599943 554 53303
2888001 599945 554 44415
2888002 599945 554 6046
2888014 1925292 554 4297
2888015 1925292 554 57112
2888016 1925292 554 4965
2888017 1925292 554 941
2888018 1925292 554 44415
2888019 1925292 554 10928
2888020 1925292 554 125
2888021 1925292 554 152799
2888022 1942005 554 16
2888023 1942005 554 4593
2888024 1942005 554 7
2888025 1942005 554 301
2888026 505281 554 2297
2888027 505281 554 507
2888028 505281 554 3813
2888033 599969 554 12
2888034 599969 554 5957
2888035 599969 554 29
2888037 498610 554 5319
2888039 599972 554 941
2888040 599972 554 258
2888041 599972 554 35942
2888042 599972 554 6046
2888076 259538 554 44415
2888092 599978 554 66881
2888093 599978 554 5927
2888094 599978 554 5811
2888119 599983 554 12
2888120 599983 554 4297
2888121 599983 554 83501
2888122 163045 554 44415
2888123 163045 554 2543
2888124 163045 554 941
2888125 163045 554 1125
2888126 163045 554 6046
2888149 289742 554 507
2888150 289742 554 1820
2888151 289742 554 2072
2888153 1922918 554 376
2888154 1922918 554 152803
2888155 1922918 554 507
2888156 599988 554 3510
2888157 599988 554 15358
2888158 599988 554 391
2888159 599988 554 4965
2888161 599990 554 1125
2888162 599990 554 44415
2888163 599990 554 4003
2888167 599991 554 451
2888168 599991 554 2968
2888169 599991 554 3321
2888170 599991 554 311
2888171 599991 554 46182
2888172 599991 554 4
2888177 1942011 554 941
2888178 1942011 554 1886
2888179 1942011 554 15224
2888180 599993 554 4965
2888181 599993 554 24695
2888182 599993 554 507
2888183 599993 554 5836
2888184 599993 554 376
2888188 599995 554 4003
2888189 599995 554 1367
2888190 599995 554 10928
2888191 599995 554 44789
2888192 599995 554 15224
2888193 599996 554 5831
2888194 599996 554 10928
2888195 599996 554 12431
2888196 599996 554 15224
2888197 599996 554 44415
2888198 599996 554 4003
2888199 599996 554 3750
2888200 599996 554 152804
2888206 599998 554 44415
2888207 599998 554 12
2888208 599998 554 42008
2888209 599999 554 87583
2888210 599999 554 152794
2888211 599999 554 110977
2888212 599999 554 72
2888213 7466 554 15224
2888214 7466 554 44415
2888215 7466 554 457
2888216 7466 554 4405
2888217 7466 554 152790
2888218 7466 554 152805
2888219 7466 554 110977
2888230 600001 554 4003
2888231 600001 554 111084
2888232 600001 554 3750
2888233 600001 554 26768
2888234 600001 554 1367
2888235 600001 554 33093
2888243 286031 554 53238
2888244 286031 554 24267
2888245 286031 554 700
2888246 286031 554 12
2888266 1942014 554 4028
2888267 1942014 554 2150
2888268 1942014 554 941
2888269 1942014 554 507
2888270 1942014 554 302
2888311 600008 554 941
2888312 600008 554 6046
2888313 600008 554 3567
2888314 600009 554 44415
2888315 600009 554 125
2888316 600009 554 507
2888317 600010 554 259
2888318 600010 554 1126
2888319 600010 554 4003
2888328 1942018 554 941
2888329 1942018 554 152791
2888330 1942018 554 50098
2888331 600013 554 294
2888332 600013 554 45610
2888333 600013 554 451
2888353 600016 554 44415
2888354 600016 554 125
2888355 600016 554 42008
2888356 600016 554 941
2888357 600017 554 3510
2888358 600017 554 1627
2888359 600017 554 3813
2888360 600017 554 15080
2888361 600017 554 10595
2888376 600018 554 138
2888377 600018 554 125
2888412 163085 554 125
2888413 163085 554 44415
2888414 163085 554 507
2888415 163085 554 941
2888416 163085 554 376
2888417 163085 554 917
2888422 414779 554 1781
2888423 414779 554 2631
2888424 414779 554 941
2888425 414779 554 18849
2888440 600031 554 2526
2888441 600031 554 24667
2888442 600031 554 798
2888443 600031 554 1820
2888444 600032 554 941
2888445 600032 554 125
2888446 600032 554 4280
2888447 600032 554 43975
2888448 600032 554 10746
2888449 163086 554 44415
2888450 163086 554 12
2888451 163086 554 6046
2888452 163086 554 4297
2888453 600033 554 451
2888454 600033 554 12
2888455 600033 554 44415
2888456 600033 554 941
2888457 600033 554 4488
2888465 600036 554 12
2888466 600036 554 941
2888467 600036 554 15224
2888468 600036 554 4405
2888469 600036 554 3750
2888470 600036 554 61937
2888471 600036 554 152802
2888490 259738 554 941
2888491 259738 554 507
2888492 259738 554 35942
2888493 259738 554 6046
2888494 259738 554 343
2888495 259738 554 3567
2888496 259738 554 152811
2888497 259738 554 949
2888499 600043 554 12
2888500 600043 554 469
2888501 600043 554 35301
2888502 600043 554 4003
2888503 1942023 554 4256
2888504 1942023 554 294
2888505 1942023 554 125
2888506 600044 554 4256
2888507 600044 554 294
2888512 163092 554 44415
2888513 163092 554 5668
2888514 98402 554 4003
2888515 98402 554 3510
2888530 81690 554 12
2888531 81690 554 523
2888532 81690 554 1802
2888546 347309 554 125
2888547 347309 554 941
2888548 274033 554 5957
2888549 274033 554 1313
2888550 274033 554 1802
2888563 1942026 554 941
2888564 1942026 554 6046
2888565 1942026 554 376
2888566 1942026 554 3567
2888567 1942026 554 24695
2888572 600052 554 523
2888573 600052 554 12
2888574 600052 554 15352
2888575 600052 554 152814
2888584 1942027 554 41743
2888585 1942027 554 23752
2888586 1942027 554 152815
2888587 1942027 554 3813
2888588 1942027 554 7401
2888604 600054 554 4003
2888605 600054 554 6808
2888606 600054 554 4028
2888607 600054 554 30020
2888629 600060 554 57112
2888630 600060 554 311
2888637 600062 554 29
2888638 238668 554 44415
2888639 238668 554 4003
2888640 238668 554 125
2888641 238668 554 77978
2888646 1922538 554 50098
2888647 1922538 554 700
2888648 1922538 554 451
2888649 1922538 554 12
2888650 1922538 554 8294
2888651 1922538 554 343
2888652 600064 554 4003
2888653 600064 554 2803
2888654 600064 554 1625
2888655 37912 554 125
2888656 37912 554 4003
2888657 37912 554 3303
2888658 37912 554 1886
2888659 37912 554 187
2888660 37912 554 926
2888661 37912 554 1820
2888683 600071 554 29
2888684 600071 554 41706
2888685 600071 554 4385
2888686 1151138 554 4053
2888687 1151138 554 3813
2888688 1151138 554 46261
2888692 283187 554 1367
2888693 283187 554 4053
2888694 283187 554 1049
2888695 283187 554 816
2888696 1942032 554 29169
2888697 1942032 554 6420
2888702 600074 554 44415
2888703 600074 554 135471
2888715 7434 554 469
2888716 7434 554 331
2888717 600076 554 44415
2888723 1942033 554 152818
2888724 1942033 554 941
2888725 1942033 554 152791
2888726 1942033 554 799
2888732 7652 554 12
2888733 7652 554 44415
2888734 600078 554 12
2888735 600078 554 451
2888738 600079 554 125
2888739 600079 554 4003
2888740 600079 554 1125
2888745 600080 554 6046
2888746 600080 554 469
2888747 600080 554 110977
2888748 600080 554 2376
2888749 600080 554 152794
2888750 600080 554 72
2888773 163136 554 941
2888774 163136 554 3567
2888775 163136 554 507
2888776 163136 554 6046
2888777 600085 554 43428
2888778 600085 554 376
2888779 600085 554 258
2888780 600085 554 302
2888781 600086 554 4965
2888782 600086 554 941
2888783 600086 554 43428
2888784 600086 554 125
2888785 600087 554 21633
2888797 600090 554 5957
2888798 600090 554 941
2888799 600090 554 556
2888814 260909 554 61561
2888815 260909 554 3813
2888816 260909 554 15080
2888817 260909 554 152814
2888822 600095 554 941
2888823 600095 554 125
2888824 600095 554 9984
2888825 600095 554 1565
2888844 274264 554 5957
2888845 274264 554 12
2888851 505367 554 152785
2888862 600102 554 18849
2888863 600102 554 125
2888908 163162 554 29
2888909 163162 554 917
2888910 163162 554 125
2888911 600112 554 507
2888912 600112 554 917
2888913 600112 554 44417
2888914 163171 554 5957
2888915 163171 554 1143
2888916 163171 554 44415
2888917 163171 554 2543
2888927 600114 554 507
2888928 600114 554 2324
2888929 600114 554 1821
2888930 600114 554 125555
2888931 600115 554 12
2888932 600115 554 1126
2888934 600117 554 507
2888935 600117 554 82751
2888936 600117 554 3813
2888937 1942038 554 5831
2888938 1942038 554 941
2888939 1942038 554 8294
2888940 1942038 554 5842
2888945 190772 554 5957
2888946 190772 554 1157
2888961 600120 554 5957
2888962 600120 554 29
2888963 1942041 554 125
2888964 1942041 554 5957
2888965 1942041 554 14112
2888966 1942041 554 12
2888967 1942041 554 451
2888968 1942041 554 1049
2888976 600122 554 1143
2888977 600122 554 80596
2888982 600124 554 152802
2888983 600124 554 61878
2888984 600124 554 152809
2888985 600124 554 111084
2888986 600124 554 1125
2888987 600124 554 53239
2888997 384525 554 941
2888998 384525 554 125
2888999 384525 554 3813
2889002 286381 554 507
2889003 286381 554 44415
2889004 286381 554 3813
2889005 286381 554 1125
2889006 7450 554 44415
2889007 7450 554 12
2889008 7450 554 110462
2889009 7450 554 451
2889010 600126 554 4405
2889011 600126 554 941
2889012 600126 554 44415
2889013 600126 554 1886
2889014 600126 554 457
2889015 600126 554 111084
2889016 600127 554 5957
2889017 600127 554 44415
2889018 600128 554 44415
2889028 600132 554 135588
2889029 600132 554 29
2889030 600132 554 120
2889031 600133 554 507
2889032 600133 554 135588
2889033 183134 554 12
2889034 8623 554 941
2889035 8623 554 6046
2889036 8623 554 44415
2889041 600135 554 507
2889042 600135 554 1367
2889043 600135 554 1616
2889050 600138 554 380
2889051 600138 554 3704
2889052 600138 554 1802
2889056 600140 554 1781
2889057 600140 554 4028
2889069 600142 554 125
2889070 600142 554 1125
2889071 600142 554 26768
2889072 600142 554 3813
2889073 600142 554 4003
2889074 947669 554 6046
2889075 947669 554 4003
2889076 947669 554 3750
2889077 947669 554 27609
2889082 260285 554 77978
2889083 260285 554 557
2889084 260285 554 44415
2889085 260285 554 5777
2889095 600146 554 22888
2889096 600146 554 20140
2889097 600146 554 111084
2889098 600146 554 71443
2889105 600148 554 20140
2889106 600148 554 22888
2889107 600148 554 138
2889108 600148 554 44415
2889109 600148 554 111084
2889115 600149 554 22888
2889116 600149 554 20140
2889117 600149 554 138
2889118 600149 554 44415
2889119 600149 554 111084
2889130 600152 554 20140
2889131 600152 554 22888
2889132 600152 554 71443
2889133 600152 554 111084
2889134 600152 554 44415
2889135 600152 554 10102
2889139 600154 554 71443
2889140 600154 554 22888
2889141 600154 554 111084
2889142 600154 554 20140
2889143 600154 554 44415
2889163 600160 554 6046
2889164 600160 554 3567
2889165 600160 554 507
2889166 600160 554 941
2889167 600160 554 376
2889168 600160 554 3483
2889169 600161 554 4003
2889170 600161 554 780
2889171 600161 554 21358
2889172 64348 554 941
2889173 64348 554 44415
2889174 64348 554 700
2889175 64348 554 80
2889176 64348 554 343
2889177 64348 554 69830
2889178 64348 554 43975
2889179 600162 554 4297
2889180 600162 554 5957
2889181 600162 554 152824
2889186 163200 554 44415
2889189 600165 554 1143
2889190 600165 554 1675
2889191 1942044 554 1675
2889192 1942044 554 917
2889193 1942044 554 152825
2889194 1942044 554 125
2889195 1942044 554 12431
2889196 1942044 554 12
2889226 600168 554 5957
2889227 600168 554 361
2889228 600168 554 469
2889229 600169 554 1183
2889230 600169 554 138
2889231 600169 554 1820
2889232 600169 554 1141
2889236 260357 554 469
2889243 384926 554 3510
2889244 384926 554 155
2889245 163243 554 1125
2889246 163243 554 3813
2889247 163243 554 10595
2889248 163243 554 1781
2889249 600173 554 29
2889250 600173 554 29196
2889251 600173 554 700
2889252 600173 554 3704
2889253 600173 554 61628
2889264 600176 554 1049
2889285 1942052 554 152783
2889286 1942052 554 152827
2889287 1942052 554 90369
2889288 1942052 554 941
2889289 1942052 554 8294
2889294 600180 554 61937
2889295 600180 554 700
2889296 600180 554 343
2889297 600180 554 6
2889298 600180 554 43975
2889299 600180 554 1704
2889300 600180 554 451
2889301 600181 554 941
2889302 600181 554 12
2889303 600181 554 343
2889304 600182 554 10102
2889305 600182 554 12
2889321 260438 554 1781
2889322 260438 554 294
2889323 260438 554 138
2889324 323201 554 44415
2889325 323201 554 294
2889326 323201 554 15080
2889327 323201 554 941
2889341 600188 554 44415
2889342 600188 554 1267
2889375 600194 554 331
2889376 600194 554 941
2889377 600194 554 53303
2889378 1942058 554 944
2889379 1942058 554 1975
2889380 1942058 554 941
2889381 1942058 554 8294
2889382 600195 554 507
2889383 600195 554 941
2889384 600195 554 53303
2889385 600195 554 44415
2889400 311343 554 451
2889401 311343 554 4297
2889405 152656 554 27627
2889406 152656 554 44415
2889407 152656 554 21135
2889408 1942059 554 152830
2889409 1942059 554 941
2889410 1942059 554 6046
2889411 1942059 554 125
2889412 1942059 554 294
2889413 1942059 554 4579
2889433 600204 554 507
2889434 600204 554 4028
2889435 600204 554 44415
2889436 600205 554 3483
2889437 600205 554 1886
2889438 600205 554 941
2889439 600205 554 152831
2889440 600206 554 12
2889441 600206 554 44415
2889442 600206 554 14112
2889443 600206 554 754
2889444 600206 554 67512
2889445 600206 554 451
2889446 600207 554 44415
2889447 600207 554 4003
2889448 600207 554 1125
2889449 600207 554 11088
2889450 600207 554 152832
2889451 600208 554 1143
2889469 600211 554 44415
2889470 600211 554 731
2889471 600211 554 135632
2889472 1942061 554 941
2889473 1942061 554 135598
2889474 1942061 554 44415
2889475 1942061 554 135632
2889493 263084 554 780
2889494 263084 554 276
2889495 263084 554 1106
2889496 263084 554 1781
2889497 600214 554 12431
2889498 600214 554 44415
2889499 89044 554 125
2889500 89044 554 1820
2889501 89044 554 1821
2889502 89044 554 4003
2889503 600215 554 1821
2889504 600215 554 1125
2889505 600216 554 4003
2889506 600216 554 1125
2889507 600216 554 125
2889508 600216 554 1821
2889509 600216 554 152816
2889515 1942064 554 138
2889516 1942064 554 1233
2889517 1942064 554 4003
2889518 1942064 554 1821
2889519 1942065 554 12
2889520 1942065 554 1820
2889521 1942065 554 1555
2889522 1942065 554 4582
2889530 1942066 554 2216
2889531 1942066 554 583
2889532 1942066 554 152836
2889533 1942066 554 8473
2889534 1942066 554 120
2889535 600220 554 125
2889536 600220 554 44415
2889537 600220 554 6046
2889538 600220 554 152837
2889554 1942068 554 5957
2889555 1942068 554 76784
2889556 1942068 554 9790
2889557 8825 554 259
2889558 8825 554 941
2889559 8825 554 469
2889578 600226 554 1781
2889579 600226 554 117588
2889583 1942070 554 66881
2889584 1942070 554 29
2889585 1942070 554 507
2889586 257633 554 12
2889589 600229 554 276
2889622 600236 554 29
2889623 600236 554 4385
2889624 600236 554 5957
2889625 600237 554 29
2889626 600237 554 125
2889627 600237 554 24488
2889628 600237 554 15754
2889629 600237 554 1358
2889630 163982 554 1125
2889631 163982 554 1049
2889632 163982 554 4003
2889645 260699 554 451
2889646 260699 554 4297
2889647 260699 554 66881
2889674 600248 554 12
2889678 600250 554 125
2889679 600250 554 941
2889680 600250 554 54616
2889681 600250 554 12
2889692 600253 554 4003
2889693 600253 554 376
2889694 600253 554 1820
2889695 600253 554 1698
2889696 600254 554 1781
2889697 600254 554 138
2889698 600254 554 221
2889699 600254 554 780
2889700 600255 554 4662
2889701 600255 554 944
2889702 600255 554 5831
2889703 600255 554 941
2889704 600255 554 294
2889705 600255 554 152843
2889732 600259 554 44415
2889733 600259 554 221
2889752 600263 554 343
2889753 600263 554 44927
2889754 600263 554 55321
2889755 600263 554 700
2889756 600263 554 311
2889763 600264 554 1781
2889764 600264 554 1143
2889765 505503 554 1143
2889771 174965 554 29
2889772 174965 554 1781
2889773 600266 554 1157
2889774 600266 554 6025
2889776 600268 554 61561
2889783 260836 554 12
2889784 260836 554 941
2889785 1942077 554 941
2889786 1942077 554 912
2889787 1942077 554 120
2889788 600270 554 27609
2889789 600270 554 334
2889790 600270 554 3750
2889791 600270 554 2803
2889792 163333 554 44415
2889795 600272 554 941
2889796 600272 554 125
2889797 600272 554 343
2889798 600272 554 42008
2889806 600273 554 111084
2889807 600273 554 12
2889808 600273 554 10102
2889809 600274 554 1714
2889810 600274 554 5593
2889811 600274 554 125
2889817 600276 554 4003
2889818 600276 554 5957
2889819 600276 554 1781
2889823 600278 554 5831
2889824 600278 554 12
2889825 600278 554 941
2889826 600278 554 15224
2889827 600278 554 1157
2889832 197763 554 13363
2889833 197763 554 4820
2889834 197763 554 152814
2889836 486584 554 5957
2889837 600281 554 10616
2889838 600281 554 941
2889839 600281 554 3483
2889843 600283 554 5957
2889844 600283 554 12
2889845 600284 554 1796
2889846 600284 554 311
2889847 600284 554 469
2889848 600284 554 1616
2889856 1942079 554 941
2889857 1942079 554 8294
2889858 1942079 554 3750
2889859 1942079 554 50098
2889860 600285 554 53323
2889875 600289 554 1185
2889876 600289 554 53717
2889877 600289 554 941
2889880 600291 554 1781
2889881 600291 554 4003
2889882 600291 554 5957
2889883 600291 554 1616
2889889 389137 554 276
2889890 389137 554 523
2889891 389137 554 2424
2889902 1942082 554 941
2889903 1942082 554 35942
2889904 1942082 554 6046
2889905 1942082 554 12431
2889906 1942082 554 4003
2889907 600296 554 152847
2889908 600296 554 44518
2889909 600296 554 44415
2889910 600296 554 4028
2889911 1942083 554 53238
2889912 1942083 554 61866
2889913 1942083 554 4028
2889914 1942083 554 276
2889915 1942083 554 44415
2889916 1942083 554 941
2889927 600299 554 10102
2889928 600299 554 276
2889929 600299 554 1781
2889930 600300 554 111084
2889931 600300 554 12
2889932 600300 554 556
2889933 600300 554 1267
2889934 600301 554 10102
2889935 600301 554 10928
2889936 600302 554 10102
2889948 1936859 554 941
2889949 1936859 554 12
2889950 1936859 554 3750
2889951 1936859 554 39967
2889952 1936859 554 43975
2889953 1936859 554 8294
2889958 1942086 554 10102
2889959 1942086 554 4003
2889960 1942086 554 276
2889961 1942086 554 6372
2889976 600313 554 61561
2889977 600313 554 44415
2889978 600314 554 941
2889979 600315 554 941
2889980 600315 554 152791
2889985 257249 554 44415
2889986 257249 554 941
2889990 600318 554 4003
2889991 600318 554 1185
2889992 600318 554 44415
2889993 600318 554 941
2890001 1942087 554 24695
2890002 1942087 554 507
2890003 1942087 554 20874
2890004 1942087 554 152848
2890005 163372 554 1781
2890006 163372 554 376
2890007 163372 554 12
2890008 1942088 554 941
2890009 1942088 554 3567
2890010 1942088 554 138
2890011 1942088 554 944
2890012 1942088 554 1183
2890013 1942088 554 6046
2890014 600320 554 44415
2890015 600320 554 6046
2890016 600320 554 3567
2890017 600320 554 152802
2890046 600326 554 5957
2890047 600326 554 507
2890048 600326 554 523
2890055 600328 554 44415
2890056 600328 554 6046
2890064 286151 554 44415
2890065 286151 554 3567
2890066 286151 554 556
2890068 600330 554 507
2890069 600330 554 1406
2890070 600330 554 3478
2890071 600330 554 4958
2890072 600330 554 3824
2890079 600333 554 507
2890080 600333 554 912
2890081 600334 554 451
2890082 600334 554 12
2890083 600334 554 4003
2890084 600335 554 276
2890085 600335 554 10102
2890086 600335 554 12
2890087 600336 554 4028
2890088 600336 554 24097
2890104 286325 554 44415
2890105 286325 554 221
2890106 286325 554 78
2890111 600340 554 1143
2890112 600340 554 44415
2890113 600340 554 917
2890114 600340 554 27627
2890115 600341 554 44415
2890116 600341 554 507
2890117 600341 554 1918
2890119 1942092 554 138
2890120 1942092 554 1215
2890121 1942092 554 944
2890124 600343 554 1125
2890137 600345 554 44415
2890138 600345 554 700
2890139 600345 554 2525
2890140 600346 554 523
2890141 600346 554 152814
2890142 600346 554 1555
2890143 600346 554 3790
2890181 600356 554 29
2890182 600356 554 941
2890183 600356 554 5957
2890191 600358 554 44415
2890196 600360 554 125555
2890197 600360 554 4003
2890198 600360 554 1367
2890199 600360 554 10928
2890200 600360 554 4132
2890217 600364 554 4003
2890218 600364 554 138
2890219 600364 554 44415
2890220 600364 554 90288
2890221 600364 554 941
2890222 600364 554 35942
2890243 1942096 554 941
2890244 1942096 554 44415
2890245 1942096 554 12
2890246 1942096 554 8294
2890247 1942097 554 4582
2890248 1942097 554 301
2890249 1942097 554 451
2890269 318549 554 343
2890270 318549 554 12
2890271 318549 554 5957
2890275 600373 554 4003
2890276 600373 554 2964
2890305 600377 554 44415
2890306 600377 554 941
2890307 600377 554 152804
2890308 600378 554 941
2890309 600378 554 90369
2890310 600378 554 12
2890319 184056 554 1239
2890320 184056 554 15224
2890321 184056 554 941
2890322 184056 554 111084
2890323 184056 554 152816
2890324 1942100 554 507
2890325 1942100 554 4582
2890326 1942100 554 1239
2890327 600380 554 523
2890328 600380 554 1924
2890331 600383 554 12
2890332 600383 554 19548
2890333 600383 554 14112
2890334 600383 554 138
2890335 600384 554 941
2890336 600384 554 6046
2890337 600384 554 3567
2890396 318508 554 1886
2890397 318508 554 2630
2890398 318508 554 42008
2890416 600398 554 3526
2890423 163706 554 12
2890424 163706 554 44415
2890429 600401 554 44415
2890430 600401 554 259
2890431 600401 554 78
2890445 600405 554 29
2890446 600405 554 1358
2890449 442661 554 507
2890450 442661 554 2324
2890451 442661 554 3593
2890452 442661 554 54616
2890453 442661 554 334
2890454 505548 554 3813
2890455 505548 554 4003
2890456 505548 554 26972
2890472 242235 554 294
2890473 242235 554 941
2890474 242235 554 507
2890475 242235 554 4256
2890495 947671 554 4003
2890496 947671 554 12431
2890497 947671 554 44415
2890498 947671 554 125
2890502 1942105 554 6046
2890503 1942105 554 44415
2890504 1942105 554 152857
2890505 1942105 554 3567
2890506 1942105 554 125
2890507 261432 554 6046
2890508 261432 554 44415
2890509 261432 554 152857
2890523 600418 554 44415
2890524 600418 554 6046
2890525 600418 554 3567
2890537 163495 554 941
2890538 163495 554 3750
2890539 163495 554 44415
2890540 163495 554 6046
2890541 163495 554 3567
2890542 163495 554 110377
2890594 600424 554 138
2890595 600424 554 125
2890598 600426 554 6046
2890599 600426 554 941
2890600 600426 554 44415
2890601 600426 554 3567
2890602 600426 554 4003
2890603 600426 554 2837
2890604 600426 554 3483
2890605 600426 554 152838
2890611 1942110 554 507
2890612 1942110 554 556
2890613 1942110 554 941
2890614 1942110 554 3750
2890615 1942110 554 3483
2890620 600428 554 507
2890621 600428 554 152785
2890622 600428 554 2556
2890623 600429 554 152794
2890624 600429 554 2376
2890625 600429 554 110977
2890626 600429 554 72
2890645 1942113 554 507
2890646 1942113 554 6046
2890647 1942113 554 941
2890648 1942113 554 125056
2890649 1942113 554 152859
2890650 1942114 554 284
2890651 1942114 554 138
2890652 1942114 554 941
2890653 1942114 554 44415
2890654 1942114 554 3567
2890669 600433 554 15080
2890670 600433 554 527
2890671 600433 554 11088
2890678 261507 554 301
2890679 261507 554 4791
2890680 261507 554 43975
2890681 261507 554 1704
2890685 600436 554 29
2890686 600436 554 3867
2890687 600436 554 20841
2890688 600436 554 15080
2890703 163513 554 44415
2890704 163513 554 5733
2890705 163513 554 1808
2890710 600438 554 1820
2890711 600438 554 12
2890734 600442 554 111084
2890735 600442 554 125
2890736 600442 554 4965
2890737 600442 554 57112
2890738 1942119 554 57112
2890739 1942119 554 4965
2890740 1942119 554 152860
2890741 1942119 554 1367
2890742 1942119 554 10928
2890743 600443 554 101506
2890744 600443 554 4965
2890745 600443 554 1802
2890746 600443 554 10928
2890747 600443 554 120
2890760 505583 554 4965
2890761 505583 554 120
2890762 505583 554 152816
2890785 600451 554 4003
2890786 600451 554 1367
2890787 600451 554 61908
2890790 1942121 554 4028
2890791 1942121 554 2150
2890792 1942121 554 5836
2890793 600453 554 44415
2890807 600459 554 44415
2890808 600459 554 941
2890809 600459 554 53303
2890817 600460 554 311
2890818 600460 554 1125
2890822 1942122 554 6046
2890823 1942122 554 3567
2890824 1942122 554 44415
2890825 1942122 554 941
2890826 1942122 554 152861
2890827 1942122 554 152862
2890828 1942122 554 35942
2890833 261610 554 44415
2890834 261610 554 3567
2890862 600467 554 44415
2890863 600467 554 6046
2890864 600467 554 3567
2890865 600467 554 20474
2890866 600467 554 941
2890892 184359 554 5957
2890893 184359 554 361
2890894 184359 554 4003
2890895 600471 554 11997
2890896 600471 554 6046
2890897 600471 554 3567
2890908 600474 554 507
2890909 600474 554 50098
2890910 600474 554 941
2890911 600474 554 53303
2890912 600475 554 110977
2890913 600475 554 469
2890914 600475 554 152794
2890915 600475 554 2376
2890916 600475 554 72
2890917 600475 554 700
2890918 600475 554 47019
2890928 600477 554 941
2890929 600477 554 35942
2890930 600477 554 6046
2890938 1942127 554 66881
2890939 1942127 554 941
2890940 1942127 554 507
2890941 1942127 554 6046
2890942 1942127 554 3567
2890949 600478 554 941
2890950 600478 554 294
2890951 600478 554 1975
2890955 600479 554 6046
2890956 600479 554 941
2890957 600479 554 3567
2890958 1942130 554 941
2890959 1942130 554 1886
2890960 1942130 554 3483
2890961 1942131 554 3483
2890962 1942131 554 1886
2890965 600480 554 5957
2890966 600480 554 4003
2890967 600480 554 1781
2890968 600481 554 1808
2890969 600481 554 225
2890975 600483 554 10928
2890976 600483 554 1367
2890977 600483 554 152791
2890978 600483 554 941
2890979 600483 554 44415
2890980 600483 554 3750
2890986 505608 554 44415
2890987 505608 554 941
2890988 505608 554 15080
2890989 505608 554 4028
2890990 505608 554 6808
2890991 505608 554 3567
2890992 505608 554 6046
2891002 1942135 554 61937
2891003 1942135 554 4895
2891004 1942135 554 152791
2891005 1942135 554 941
2891006 1942135 554 3750
2891007 1942135 554 50098
2891008 1942135 554 4349
2891009 600487 554 6046
2891039 1942137 554 10928
2891040 1942137 554 4297
2891041 1942137 554 57112
2891042 1942137 554 4965
2891043 1942137 554 152866
2891051 13702 554 1820
2891052 13702 554 4001
2891064 1942138 554 6046
2891065 1942138 554 35942
2891066 1942138 554 44415
2891067 1942138 554 3567
2891068 1942138 554 941
2891069 1942138 554 5957
2891082 1942141 554 941
2891083 1942141 554 44415
2891084 1942141 554 4579
2891085 1942141 554 780
2891088 427454 554 941
2891089 427454 554 507
2891090 427454 554 29
2891091 427454 554 6046
2891092 427454 554 1675
2891093 427454 554 120
2891099 1942142 554 125
2891100 1942142 554 941
2891101 1942142 554 3087
2891105 1942143 554 941
2891106 1942143 554 6046
2891107 600498 554 27499
2891108 291810 554 2526
2891109 291810 554 507
2891110 291810 554 5957
2891113 600500 554 12
2891114 600500 554 451
2891115 600500 554 5957
2891116 600501 554 523
2891117 286510 554 3567
2891118 286510 554 6046
2891119 286510 554 44415
2891120 286510 554 11902
2891121 163569 554 941
2891122 163569 554 12
2891123 163569 554 11902
2891124 600502 554 507
2891125 600502 554 376
2891126 600502 554 11902
2891157 1942146 554 35942
2891158 1942146 554 941
2891159 1942146 554 42008
2891160 1942146 554 2631
2891167 600511 554 469
2891168 600511 554 1049
2891169 600511 554 12
2891175 600514 554 15376
2891186 505626 554 44415
2891190 580583 554 941
2891191 580583 554 4256
2891192 580583 554 294
2891193 580583 554 125
2891194 580583 554 3483
2891195 580583 554 21037
2891226 1942149 554 941
2891227 1942149 554 8294
2891228 1942149 554 90369
2891229 1942149 554 77981
2891230 1942149 554 3750
2891231 600525 554 29
2891232 600525 554 4385
2891233 600525 554 1358
2891234 1942150 554 29
2891235 1942150 554 361
2891236 1942150 554 1358
2891237 1942150 554 44476
2891247 600528 554 44415
2891248 600528 554 1143
2891249 600528 554 1367
2891250 600528 554 4003
2891251 600528 554 111084
2891270 262058 554 44415
2891271 262058 554 1896
2891272 262058 554 77978
2891273 262058 554 152839
2891327 600534 554 343
2891328 600534 554 125
2891329 600534 554 12
2891330 600534 554 32575
2891331 600534 554 28944
2891332 600534 554 451
2891344 600537 554 941
2891345 600537 554 1267
2891346 600537 554 6372
2891347 600537 554 125
2891364 947673 554 941
2891365 947673 554 15224
2891366 947673 554 1886
2891367 947673 554 1126
2891368 947673 554 43975
2891369 947673 554 21037
2891375 600543 554 941
2891376 600543 554 6046
2891377 600543 554 19337
2891381 505664 554 44415
2891382 505664 554 7262
2891388 260237 554 44415
2891389 260237 554 6046
2891390 260237 554 556
2891391 260237 554 3567
2891392 260237 554 507
2891393 260237 554 941
2891394 164683 554 941
2891395 164683 554 6046
2891396 164683 554 3567
2891397 164683 554 44415
2891401 600546 554 12
2891402 600546 554 1907
2891413 600549 554 3567
2891414 600549 554 6046
2891415 600549 554 1143
2891416 600549 554 138
2891417 600549 554 44415
2891423 1942159 554 44415
2891424 1942159 554 2525
2891425 1942159 554 152872
2891426 1942159 554 941
2891427 1942159 554 3567
2891428 1942159 554 700
2891438 1942161 554 12
2891439 1942161 554 5777
2891440 1942161 554 557
2891450 600554 554 12
2891451 600554 554 111084
2891452 600554 554 20484
2891453 600554 554 4965
2891454 600554 554 57112
2891455 600554 554 125
2891462 163631 554 44415
2891463 163631 554 12
2891476 600557 554 523
2891477 600557 554 1896
2891479 600558 554 15224
2891480 600558 554 1239
2891481 600558 554 152802
2891482 600558 554 152790
2891483 600558 554 3750
2891484 600559 554 138
2891485 600559 554 3567
2891489 1942165 554 3813
2891490 1942165 554 4062
2891491 1942165 554 1763
2891492 1942165 554 5028
2891496 262284 554 1125
2891497 262284 554 1896
2891504 600564 554 29
2891505 600564 554 507
2891510 411951 554 44415
2891511 411951 554 941
2891512 411951 554 311
2891513 411951 554 12
2891514 163638 554 44415
2891515 163638 554 941
2891516 163638 554 311
2891517 163638 554 12
2891518 163638 554 451
2891522 413736 554 2324
2891523 600567 554 451
2891524 600567 554 1886
2891525 600567 554 941
2891526 600567 554 6046
2891527 600568 554 18849
2891531 600569 554 1125
2891532 600569 554 44415
2891533 600569 554 26768
2891534 600569 554 152832
2891536 600571 554 3813
2891537 600571 554 41706
2891538 600572 554 294
2891539 600572 554 1781
2891540 600572 554 4256
2891541 600572 554 24103
2891558 1942167 554 138
2891559 1942167 554 5957
2891568 600578 554 152866
2891569 600578 554 3567
2891570 600578 554 15224
2891571 600578 554 44415
2891572 600578 554 6046
2891573 600578 554 556
2891586 163645 554 152808
2891587 163645 554 44415
2891588 163645 554 221
2891589 163645 554 731
2891591 1942169 554 10102
2891592 1942169 554 4003
2891593 1942169 554 10928
2891594 600581 554 5453
2891595 600581 554 1703
2891596 600581 554 376
2891597 600582 554 1781
2891603 498053 554 1886
2891604 498053 554 1244
2891614 1942172 554 941
2891615 1942172 554 125
2891616 1942172 554 1185
2891617 1942172 554 44415
2891618 1942172 554 4003
2891619 1942172 554 700
2891620 1942173 554 941
2891621 1942173 554 1187
2891622 1942173 554 152877
2891623 1942173 554 4297
2891624 1942173 554 125
2891625 1942173 554 44415
2891637 600583 554 4003
2891659 1942177 554 941
2891660 1942177 554 3567
2891661 1942177 554 4003
2891662 1942177 554 1185
2891663 1942177 554 44415
2891664 1942177 554 6046
2891665 1936882 554 941
2891666 1936882 554 50098
2891667 1936882 554 152880
2891668 1936882 554 301
2891669 1936882 554 152881
2891670 1936882 554 343
2891671 1936882 554 4791
2891672 1936882 554 451
2891673 1936882 554 302
2891674 600585 554 451
2891675 600585 554 941
2891676 600585 554 12
2891678 1942178 554 507
2891679 1942178 554 7333
2891680 1942178 554 941
2891681 1942178 554 3567
2891682 1942178 554 3750
2891690 600588 554 523
2891691 600588 554 42008
2891692 600588 554 1651
2891693 600588 554 3
2891694 185434 554 44415
2891713 600591 554 4003
2891714 600591 554 1367
2891731 600596 554 523
2891732 600596 554 12
2891733 600596 554 44415
2891734 600596 554 1918
2891735 1942180 554 29
2891736 1942180 554 4297
2891743 1942181 554 941
2891744 1942181 554 120
2891745 1942181 554 731
2891746 1942181 554 29
2891771 600603 554 5957
2891772 600603 554 6046
2891773 600603 554 3567
2891774 600603 554 941
2891775 600603 554 507
2891776 600604 554 507
2891777 600604 554 941
2891778 600604 554 44415
2891779 600604 554 6420
2891782 280487 554 1781
2891783 280487 554 3846
2891788 600606 554 1125
2891789 600606 554 1820
2891790 600606 554 1367
2891823 1942186 554 12431
2891824 1942186 554 152822
2891836 600609 554 135632
2891837 600609 554 458
2891842 600612 554 44415
2891843 600612 554 125
2891844 600612 554 941
2891845 1942188 554 125
2891846 1942188 554 62031
2891847 1936885 554 138
2891848 1936885 554 44415
2891849 1936885 554 152884
2891850 1936885 554 301
2891851 1936885 554 14112
2891852 600613 554 556
2891853 600613 554 152866
2891854 600613 554 15224
2891855 600613 554 941
2891856 600613 554 1049
2891857 600613 554 3750
2891862 163688 554 1886
2891863 163688 554 941
2891864 163688 554 53303
2891885 239483 554 941
2891886 239483 554 6046
2891887 239483 554 3567
2891888 239483 554 44415
2891889 239483 554 125
2891890 239483 554 138
2891891 239483 554 29
2891895 1942189 554 29533
2891896 1942189 554 1052
2891897 1942189 554 376
2891898 1942189 554 152885
2891906 600617 554 941
2891907 600617 554 1267
2891908 600617 554 4256
2891909 600617 554 138
2891913 600619 554 1125
2891914 600619 554 26768
2891915 600619 554 1367
2891916 600619 554 152886
2891927 600621 554 2752
2891928 600621 554 4297
2891929 600621 554 152808
2891930 600621 554 700
2891936 600623 554 15802
2891937 600623 554 3813
2891950 1942192 554 941
2891951 1942192 554 44415
2891952 1942192 554 7333
2891957 1942193 554 29
2891958 1942193 554 507
2891959 1942193 554 44704
2891960 1942193 554 3813
2891965 600627 554 941
2891966 600627 554 1052
2891967 600627 554 152887
2891968 600627 554 507
2891969 600628 554 110977
2891970 600628 554 2376
2891971 600628 554 311
2891972 600628 554 12
2891973 1942194 554 4003
2891974 1942194 554 9984
2891975 1942194 554 941
2891976 1942194 554 152888
2891977 1942194 554 1704
2891978 1942194 554 2990
2891979 1942194 554 2376
2891996 286647 554 1896
2891997 286647 554 12
2891998 239689 554 1886
2891999 600634 554 1886
2892000 600634 554 941
2892001 600634 554 44415
2892002 600634 554 556
2892003 600634 554 62087
2892004 600634 554 21859
2892027 1942196 554 10928
2892028 1942196 554 5736
2892029 1942196 554 276
2892030 1942196 554 10102
2892031 1942196 554 941
2892032 1942196 554 15224
2892033 1942196 554 3171
2892036 600638 554 12
2892037 600638 554 1808
2892038 600638 554 941
2892041 600639 554 1896
2892042 600639 554 941
2892043 600639 554 6294
2892044 242937 554 1896
2892048 600640 554 44437
2892049 600640 554 12
2892050 600640 554 941
2892051 1942197 554 29
2892052 1942197 554 941
2892053 1942197 554 331
2892054 1942197 554 44437
2892055 1942197 554 5957
2892056 600641 554 917
2892057 600641 554 120
2892058 600641 554 941
2892059 600641 554 15224
2892060 600642 554 4284
2892061 600642 554 1239
2892062 600643 554 29
2892063 600643 554 917
2892064 600643 554 44415
2892065 600644 554 29
2892066 600644 554 12
2892067 600644 554 5957
2892068 1942198 554 941
2892069 1942198 554 813
2892070 1942198 554 1169
2892071 1942198 554 29
2892072 1942198 554 731
2892073 1942198 554 331
2892074 600645 554 451
2892075 600645 554 12
2892076 600645 554 50098
2892077 600646 554 21412
2892078 600646 554 4003
2892079 600646 554 152823
2892082 600648 554 507
2892083 600648 554 941
2892084 600648 554 6046
2892085 600648 554 86741
2892086 1942199 554 152804
2892087 1942199 554 941
2892088 1942199 554 44415
2892089 1942199 554 12431
2892090 1942199 554 152889
2892091 10112 554 44518
2892092 10112 554 4297
2892093 10112 554 44437
2892094 10112 554 44421
2892095 10112 554 44415
2892096 1942200 554 44415
2892097 1942200 554 44437
2892098 1942200 554 700
2892099 1942200 554 451
2892100 600649 554 10102
2892101 600649 554 294
2892102 600649 554 42527
2892103 600649 554 111084
2892104 600650 554 507
2892105 600650 554 2150
2892106 600650 554 15080
2892107 600651 554 10102
2892108 600651 554 111084
2892109 600651 554 12
2892110 600652 554 44415
2892111 600652 554 917
2892112 600652 554 5836
2892113 600652 554 507
2892114 600653 554 44415
2892115 600653 554 44437
2892116 600653 554 1714
2892117 600654 554 44415
2892118 600654 554 44437
2892119 600655 554 44415
2892120 600655 554 54284
2892121 1942201 554 941
2892122 1942201 554 4003
2892123 1942201 554 1025
2892124 1942201 554 152822
2892125 600656 554 44437
2892126 600656 554 8286
2892127 600656 554 7041
2892128 600657 554 507
2892129 600657 554 941
2892130 600657 554 2150
2892131 1942202 554 941
2892132 1942202 554 15224
2892133 1942202 554 44437
2892134 1942202 554 72
2892135 1942202 554 83501
2892136 1942202 554 152890
2892147 1686864 554 12431
2892148 1686864 554 44415
2892149 1686864 554 1143
2892150 1686864 554 4003
2892151 1686864 554 152891
2892152 1686864 554 941
2892156 600660 554 44415
2892157 600660 554 54535
2892158 600660 554 1143
2892159 600661 554 29
2892160 600661 554 556
2892161 185514 554 125
2892162 185514 554 44415
2892163 185514 554 2631
2892213 1942205 554 29
2892214 1942205 554 152893
2892215 1942206 554 4003
2892216 1942206 554 503
2892217 1942206 554 941
2892218 1942206 554 32832
2892219 1942206 554 758
2892227 286675 554 941
2892228 286675 554 4028
2892229 286675 554 361
2892230 286675 554 97
2892248 600671 554 343
2892249 600671 554 43975
2892250 600671 554 1704
2892251 600672 554 1191
2892252 280532 554 1886
2892253 280532 554 5842
2892254 280532 554 15224
2892255 280532 554 941
2892256 280532 554 152804
2892257 27929 554 155
2892263 600675 554 4965
2892264 600675 554 125
2892265 600675 554 941
2892266 600675 554 120
2892271 239758 554 71443
2892272 239758 554 941
2892273 239758 554 15224
2892274 239758 554 23721
2892275 239758 554 111084
2892276 239758 554 20140
2892301 163752 554 125
2892302 163752 554 1233
2892312 1926576 554 54616
2892313 1926576 554 941
2892314 1926576 554 39
2892315 1926576 554 44437
2892316 1926576 554 42008
2892317 1926576 554 5453
2892326 1936890 554 5831
2892327 1936890 554 1244
2892328 1936890 554 51252
2892329 1936890 554 941
2892330 1936890 554 44415
2892331 1936890 554 50098
2892335 600681 554 120
2892336 600681 554 6046
2892337 600681 554 42008
2892341 600683 554 61788
2892342 600683 554 26359
2892343 600683 554 35942
2892344 600683 554 941
2892345 600684 554 941
2892346 600684 554 61788
2892347 600684 554 35942
2892348 600685 554 44415
2892349 600685 554 6046
2892350 600685 554 3567
2892352 1942213 554 29
2892353 1942213 554 941
2892354 1942213 554 507
2892355 1942213 554 53303
2892356 1942213 554 8787
2892357 1942213 554 1675
2892369 600690 554 44415
2892370 600690 554 6046
2892371 600691 554 12
2892372 600691 554 44415
2892373 600691 554 42008
2892374 600691 554 61895
2892378 1942214 554 523
2892379 1942214 554 1802
2892380 1942214 554 67516
2892381 1942214 554 4054
2892382 1942214 554 41706
2892383 600692 554 5957
2892384 600692 554 1106
2892385 600692 554 138
2892386 600692 554 3200
2892411 497832 554 15224
2892412 497832 554 44415
2892413 497832 554 12431
2892429 42272 554 29
2892430 42272 554 302
2892435 600701 554 941
2892436 600701 554 3567
2892437 600701 554 507
2892438 600701 554 44415
2892439 600701 554 4003
2892447 600704 554 3813
2892448 600704 554 125
2892449 600704 554 4003
2892450 600704 554 1125
2892451 600704 554 1157
2892455 1942217 554 152899
2892456 1942217 554 1675
2892457 1942217 554 12431
2892458 1942217 554 507
2892459 1942217 554 1698
2892460 1942217 554 23420
2892461 24695 554 1781
2892462 24695 554 331
2892468 320006 554 125
2892469 320006 554 4028
2892470 320006 554 11
2892471 320006 554 873
2892481 600710 554 110977
2892482 600710 554 2376
2892483 600710 554 152794
2892484 600710 554 4003
2892485 600710 554 125
2892486 600710 554 111084
2892487 600710 554 77978
2892488 600710 554 122882
2892489 600711 554 110977
2892490 600711 554 2376
2892491 600711 554 152794
2892496 1942218 554 941
2892497 1942218 554 35942
2892498 1942218 554 451
2892499 1942218 554 12
2892500 600713 554 44415
2892501 600713 554 6046
2892502 600713 554 3567
2892503 1942219 554 152900
2892504 1942219 554 15224
2892505 1942219 554 4405
2892506 1942219 554 941
2892509 600715 554 2072
2892510 600715 554 138
2892511 600715 554 523
2892512 449285 554 451
2892513 449285 554 276
2892514 449285 554 941
2892515 449285 554 12
2892516 449285 554 123744
2892517 449285 554 1704
2892530 600717 554 1143
2892531 600717 554 4488
2892532 600717 554 77978
2892533 600717 554 125
2892534 600718 554 29
2892535 600718 554 44415
2892536 600719 554 1141
2892537 600719 554 44415
2892538 600720 554 44415
2892539 600720 554 135961
2892540 600720 554 1616
2892541 600720 554 912
2892547 505766 554 1143
2892548 505766 554 44415
2892549 600722 554 917
2892550 600722 554 3813
2892551 600722 554 44415
2892552 600723 554 44415
2892553 600723 554 135961
2892558 600725 554 110977
2892559 600725 554 152794
2892560 600725 554 125
2892561 600725 554 4003
2892562 600725 554 294
2892563 600725 554 72
2892571 1942221 554 941
2892572 1942221 554 1123
2892573 1942221 554 44415
2892574 1942221 554 6046
2892575 1942221 554 556
2892576 1942221 554 152804
2892577 1942221 554 152901
2892578 1942222 554 941
2892579 1942222 554 44415
2892580 1942222 554 152902
2892581 1942222 554 700
2892582 1942222 554 507
2892583 1942222 554 3750
2892584 1942223 554 276
2892585 1942223 554 10102
2892586 1942223 554 44415
2892587 1942223 554 507
2892588 1942223 554 1052
2892589 1942223 554 10928
2892594 286721 554 44415
2892595 286721 554 700
2892596 286721 554 527
2892597 286721 554 2543
2892624 600734 554 2150
2892625 600734 554 2072
2892626 600734 554 29
2892627 600734 554 507
2892628 600734 554 5836
2892637 600737 554 451
2892638 600737 554 12959
2892639 600737 554 4297
2892641 600738 554 917
2892642 600738 554 2424
2892643 600738 554 12
2892644 7643 554 941
2892645 7643 554 120
2892646 7643 554 10102
2892647 7643 554 44415
2892658 600740 554 1820
2892659 600740 554 3813
2892697 10439 554 152906
2892698 10439 554 44551
2892699 10439 554 12
2892707 600750 554 44415
2892708 600750 554 941
2892709 600750 554 1143
2892710 600750 554 138
2892718 541742 554 12
2892719 541742 554 311
2892720 541742 554 557
2892721 541742 554 1820
2892722 541742 554 469
2892728 600753 554 941
2892729 600753 554 3813
2892730 600753 554 4003
2892743 600758 554 523
2892744 600758 554 1555
2892745 1942228 554 152907
2892746 1942228 554 2236
2892747 1942228 554 12
2892748 1942228 554 700
2892749 1942228 554 43975
2892754 600761 554 941
2892755 600761 554 7333
2892756 600761 554 4003
2892757 600761 554 3750
2892758 600761 554 125
2892759 600762 554 125
2892760 600762 554 507
2892761 600762 554 12431
2892763 1942229 554 20082
2892764 1942229 554 15080
2892765 1942229 554 8986
2892766 505788 554 451
2892767 505788 554 12
2892768 600763 554 44415
2892769 600763 554 15224
2892770 600763 554 5593
2892771 600763 554 941
2892772 473066 554 451
2892773 473066 554 917
2892774 473066 554 12
2892775 473066 554 20948
2892780 163834 554 111084
2892781 163834 554 44415
2892782 163834 554 941
2892788 600767 554 29
2892793 600769 554 125
2892794 600769 554 12
2892795 600769 554 700
2892796 600769 554 343
2892797 600769 554 556
2892801 600770 554 1126
2892802 600770 554 3593
2892803 600770 554 4003
2892804 1942230 554 941
2892805 1942230 554 44415
2892806 1942230 554 1886
2892807 1942230 554 152889
2892808 1942230 554 152908
2892809 1942230 554 5831
2892810 1942230 554 302
2892811 600771 554 135588
2892812 600771 554 12
2892813 600771 554 941
2892814 286756 554 451
2892815 286756 554 12
2892816 286756 554 941
2892817 600772 554 12
2892818 600772 554 111084
2892819 600773 554 1367
2892820 600773 554 1975
2892821 600774 554 2803
2892822 600774 554 1820
2892823 600774 554 2570
2892824 1942231 554 1886
2892825 1942231 554 941
2892826 1942231 554 8294
2892837 239899 554 1781
2892838 239899 554 1245
2892839 239899 554 4003
2892840 600775 554 941
2892841 600775 554 4256
2892842 600775 554 1886
2892843 600775 554 1239
2892847 163848 554 44415
2892848 163848 554 1896
2892849 163848 554 507
2892850 163848 554 4053
2892856 600778 554 507
2892857 600778 554 3813
2892858 600778 554 4349
2892859 600779 554 44415
2892860 600779 554 4003
2892861 600779 554 28197
2892862 600764 554 1896
2892863 600764 554 125
2892864 600780 554 5957
2892875 600786 554 12
2892879 505810 554 3813
2892887 1942232 554 4582
2892888 1942232 554 941
2892889 1942232 554 4965
2892890 1942232 554 1239
2892891 600796 554 44415
2892892 600796 554 376
2892893 600796 554 941
2892894 600796 554 71443
2892895 600797 554 44415
2892902 600799 554 6046
2892903 600799 554 3567
2892904 600799 554 941
2892905 600800 554 941
2892906 600800 554 1886
2892921 600803 554 44415
2892922 600803 554 917
2892923 56303 554 44415
2892924 56303 554 1267
2892925 56303 554 941
2892926 56303 554 138
2892927 56303 554 556
2892928 600804 554 507
2892929 600804 554 941
2892930 600804 554 17306
2892936 600806 554 941
2892937 600806 554 125
2892938 600806 554 92614
2892941 506565 554 376
2892942 506565 554 1143
2892949 600811 554 20948
2892950 600811 554 523
2892955 1942234 554 941
2892956 1942234 554 4003
2892957 1942234 554 53303
2892958 1942234 554 259
2892961 1942235 554 6046
2892962 1942235 554 3483
2892963 1942235 554 3567
2892964 1942235 554 507
2892965 1942235 554 120
2892970 1942236 554 44415
2892971 1942236 554 152808
2892977 1942237 554 6046
2892978 1942237 554 3567
2892979 1942237 554 941
2892983 600815 554 5957
2892984 600815 554 1675
2892986 600817 554 4003
2892987 600817 554 111084
2892988 600817 554 61895
2892989 600817 554 12
2892990 600818 554 12
2892991 600818 554 29
2892992 600818 554 941
2892996 600820 554 12
2892997 600820 554 941
2892998 600820 554 47650
2892999 600821 554 12
2893000 600821 554 451
2893001 600821 554 125
2893002 600821 554 44421
2893003 600821 554 44415
2893014 600825 554 29
2893015 600825 554 1358
2893016 600825 554 71748
2893017 600825 554 125
2893018 600825 554 152910
2893025 600826 554 941
2893026 600826 554 1239
2893027 600826 554 1896
2893041 600830 554 6046
2893042 600830 554 44415
2893043 600830 554 3567
2893044 600830 554 152911
2893045 280621 554 6046
2893046 280621 554 44415
2893047 280621 554 3567
2893048 280621 554 152911
2893056 1925324 554 135471
2893057 1925324 554 12431
2893058 1925324 554 941
2893059 1925324 554 44415
2893065 1942238 554 12
2893066 1942238 554 4582
2893084 600840 554 10928
2893085 600840 554 10102
2893086 600840 554 12
2893087 600840 554 4003
2893088 600840 554 125
2893089 600841 554 941
2893090 600841 554 44415
2893091 600841 554 15080
2893100 600843 554 1239
2893101 600843 554 21
2893102 600843 554 21292
2893103 600843 554 1157
2893104 600843 554 111084
2893105 600844 554 941
2893106 600844 554 125
2893107 1942240 554 941
2893108 1942240 554 152881
2893109 1942240 554 15224
2893114 1942241 554 941
2893115 1942241 554 44415
2893116 1942241 554 556
2893117 1942241 554 152902
2893118 1942241 554 71660
2893119 600846 554 941
2893120 600846 554 507
2893121 600846 554 152912
2893122 600847 554 507
2893123 600847 554 941
2893124 600847 554 42008
2893125 600847 554 120
2893131 1936906 554 125
2893132 1936906 554 46261
2893133 1936906 554 4003
2893138 600851 554 44415
2893139 600851 554 44518
2893140 600851 554 4028
2893157 600855 554 12
2893218 600867 554 20948
2893219 1942248 554 4500
2893220 1942248 554 152809
2893221 1942248 554 1704
2893222 1942248 554 5777
2893227 600869 554 1143
2893243 1472870 554 35942
2893244 1472870 554 6
2893245 1472870 554 125
2893246 1472870 554 6372
2893247 1472870 554 12959
2893248 1472870 554 941
2893249 1472870 554 44415
2893250 163930 554 6046
2893251 163930 554 3567
2893252 163930 554 44428
2893253 163930 554 42008
2893266 165038 554 44415
2893267 165038 554 61937
2893274 600875 554 125
2893275 600875 554 5957
2893276 600875 554 361
2893277 600875 554 9790
2893278 600876 554 1886
2893279 600876 554 125
2893280 600876 554 43428
2893281 163388 554 24097
2893282 163388 554 507
2893283 163388 554 523
2893308 600885 554 1896
2893309 600885 554 152915
2893318 600889 554 110977
2893319 600889 554 152794
2893320 600889 554 12
2893321 600889 554 469
2893322 600889 554 72
2893334 600892 554 15224
2893335 600892 554 44540
2893336 600892 554 941
2893337 600892 554 507
2893338 600892 554 35942
2893343 600894 554 120
2893344 600894 554 61937
2893345 600894 554 44540
2893346 600894 554 941
2893347 600895 554 44415
2893348 600895 554 700
2893349 600895 554 125
2893350 600895 554 941
2893351 600895 554 156
2893356 600897 554 12
2893357 600897 554 1157
2893358 600898 554 1125
2893359 600898 554 4003
2893365 600900 554 5453
2893366 600900 554 507
2893367 600900 554 1157
2893368 461500 554 10495
2893369 461500 554 3614
2893370 461500 554 376
2893371 461500 554 917
2893375 600902 554 125
2893376 600903 554 125
2893377 600903 554 44415
2893378 600904 554 311
2893379 600904 554 523
2893380 600904 554 2220
2893381 600905 554 44415
2893396 600911 554 5957
2893397 600911 554 556
2893398 600911 554 941
2893399 600911 554 120
2893400 600911 554 1267
2893409 505877 554 4003
2893410 505877 554 4053
2893411 505877 554 12431
2893415 600913 554 4003
2893416 600913 554 138
2893420 505876 554 14112
2893421 505876 554 12
2893423 600916 554 3750
2893424 600916 554 44415
2893425 600916 554 941
2893426 1942252 554 44787
2893427 1942252 554 941
2893428 1942252 554 8294
2893429 1942252 554 152789
2893435 280666 554 5842
2893436 280666 554 941
2893437 280666 554 81596
2893442 600918 554 21633
2893443 600918 554 469
2893445 62627 554 1781
2893446 62627 554 700
2893447 62627 554 155
2893448 62627 554 138
2893470 600923 554 44415
2893471 600923 554 1052
2893472 600923 554 376
2893478 600925 554 1820
2893479 600926 554 10102
2893480 600926 554 4003
2893481 600926 554 12
2893482 600926 554 10928
2893483 600926 554 1267
2893496 600932 554 10928
2893497 600932 554 44415
2893498 600932 554 54616
2893499 600932 554 69212
2893500 600932 554 2525
2893501 600932 554 4965
2893502 600932 554 27609
2893503 163978 554 125
2893504 163978 554 12
2893505 163978 554 6046
2893506 600933 554 12431
2893507 600933 554 4003
2893510 1942255 554 4028
2893511 1942255 554 700
2893512 1942255 554 302
2893513 1942255 554 941
2893517 600934 554 29
2893518 600934 554 3394
2893519 600934 554 120
2893520 600934 554 77981
2893533 600939 554 941
2893534 600939 554 507
2893535 600939 554 44415
2893543 600941 554 941
2893544 600941 554 4256
2893545 600941 554 780
2893546 600941 554 44415
2893547 1942257 554 941
2893548 1942257 554 4256
2893549 1942257 554 780
2893550 1942257 554 44415
2893551 600942 554 125
2893552 600942 554 302
2893553 1942258 554 12
2893554 1942258 554 361
2893555 1942258 554 5957
2893556 600943 554 1781
2893557 600943 554 4003
2893559 164000 554 125
2893560 164000 554 77978
2893561 164000 554 111084
2893562 164000 554 44415
2893563 164000 554 135471
2893564 164000 554 135409
2893565 164000 554 61926
2893566 164002 554 507
2893567 164002 554 912
2893568 164002 554 13001
2893569 164002 554 941
2893570 600944 554 44415
2893571 600944 554 949
2893572 600944 554 941
2893573 600944 554 15224
2893574 947677 554 44415
2893575 947677 554 125
2893576 947677 554 6046
2893577 947677 554 152922
2893578 947677 554 1143
2893579 947677 554 5848
2893580 947677 554 8520
2893640 1942273 554 29
2893641 1942273 554 507
2893642 1942273 554 1358
2893744 1942299 554 49170
2893745 1942299 554 941
2893746 1942299 554 125
2893747 1942299 554 507
2893748 1942299 554 917
2893809 600996 554 44415
2893810 600996 554 917
2893811 600996 554 507
2893812 600996 554 152804
2893952 1942337 554 20948
2893953 1942337 554 917
2894148 600978 554 507
2894149 600978 554 917
2894150 600978 554 2072
2894337 601073 554 4349
2894338 601073 554 917
2894359 601060 554 29
2894360 601060 554 917
2894361 601060 554 152936
