2894379 767593 555 941
2894380 767593 555 1670
2894381 767593 555 816
2894395 188976 555 54517
2894396 188976 555 941
2894397 188976 555 138
2894398 188976 555 2150
2894399 188976 555 44
2894400 188976 555 221
2894401 188976 555 1273
2894402 188976 555 78813
2894414 1942349 555 70952
2894415 1942349 555 941
2894416 1942349 555 4297
2894417 1942349 555 152944
2894418 1942349 555 54517
2894419 524035 555 255
2894420 524035 555 39
2894421 524035 555 4
2894422 524035 555 292
2894423 524035 555 7
2894424 114702 555 467
2894425 114702 555 4
2894426 114702 555 25526
2894427 114702 555 1565
2894428 114702 555 2186
2894434 360013 555 80
2894435 360013 555 1123
2894436 360013 555 72
2894437 360013 555 365
2894438 360013 555 1707
2894439 170974 555 917
2894440 170974 555 507
2894441 170974 555 342
2894442 170974 555 926
2894447 40875 555 46
2894448 40875 555 125
2894452 241986 555 138
2894453 241986 555 19330
2894454 241986 555 67167
2894455 241986 555 1909
2894460 1942350 555 20579
2894461 1942350 555 941
2894472 259416 555 941
2894473 259416 555 8294
2894474 259416 555 16294
2894475 259416 555 343
2894476 259416 555 46862
2894477 61292 555 941
2894478 61292 555 507
2894479 61292 555 29
2894480 61292 555 44
2894481 61292 555 2150
2894482 61292 555 46
2894483 61292 555 1896
2894484 182463 555 29
2894485 1942352 555 72
2894486 1942352 555 3623
2894487 1942352 555 152948
2894488 1942352 555 1358
2894489 1942352 555 926
2894490 1942352 555 301
2894491 1942352 555 1123
2894492 405573 555 2902
2894493 405573 555 2404
2894494 405573 555 311
2894495 405573 555 46862
2894496 405573 555 138
2894497 405573 555 72
2894504 1520632 555 10286
2894505 1520632 555 138
2894506 1520632 555 46
2894507 1520632 555 287
2894508 190 555 46
2894509 190 555 90
2894510 190 555 108
2894511 190 555 2902
2894512 535453 555 10296
2894513 535453 555 527
2894514 535453 555 39
2894515 256549 555 138
2894516 256549 555 46
2894517 256549 555 1123
2894518 132148 555 1782
2894519 132148 555 1056
2894520 132148 555 1118
2894521 132148 555 46
2894522 547005 555 1782
2894523 547005 555 46
2894524 547005 555 90
2894525 97393 555 108
2894526 97393 555 21
2894527 97393 555 138
2894528 28945 555 46
2894529 28945 555 4595
2894530 28945 555 4446
2894531 28945 555 90
2894532 1942353 555 46
2894533 1942353 555 2376
2894545 1942356 555 2936
2894546 1942356 555 18278
2894547 1942356 555 152949
2894548 1942356 555 3790
2894549 1942356 555 1233
2894550 1942356 555 225
2894551 1488229 555 1999
2894552 1488229 555 21691
2894553 1488229 555 138
2894554 1488229 555 311
2894555 1488229 555 4502
2894573 1942359 555 18278
2894574 1942359 555 225
2894575 1942359 555 40472
2894576 1942359 555 28894
2894577 1942359 555 1999
2894578 1942360 555 152951
2894579 1942360 555 152952
2894580 1942360 555 19868
2894581 1942360 555 77261
2894582 1942360 555 152953
2894583 1942360 555 49035
2894584 1942360 555 2709
2894585 1942360 555 69076
2894586 1942360 555 60761
2894587 1942360 555 152954
2894588 84331 555 16308
2894589 84331 555 2161
2894590 84331 555 795
2894591 84331 555 374
2894592 84331 555 77
2894593 84331 555 1647
2894594 84331 555 982
2894595 84331 555 6063
2894596 84331 555 4418
2894597 84331 555 894
2894602 1942361 555 49035
2894603 1942361 555 152953
2894604 1942361 555 311
2894605 1942361 555 19868
2894606 1942361 555 51306
2894607 1942361 555 87634
2894608 1942361 555 69076
2894609 1942361 555 474
2894610 1942361 555 58023
2894611 1942361 555 926
2894612 1942362 555 49035
2894613 1942362 555 60761
2894614 1942362 555 152953
2894615 1942362 555 49192
2894616 1942362 555 474
2894617 1942362 555 926
2894618 1942363 555 885
2894619 1942363 555 152953
2894620 1942363 555 49035
2894621 1942363 555 926
2894622 1942364 555 1698
2894623 1942364 555 152955
2894624 1942364 555 941
2894625 1942364 555 1244
2894626 1942364 555 1897
2894627 1942364 555 16294
2894628 1942364 555 15224
2894638 1942366 555 152958
2894639 1942366 555 3849
2894650 413328 555 1323
2894651 413328 555 547
2894652 413328 555 44
2894653 413328 555 285
2894654 413328 555 4
2894655 413328 555 643
2894661 1942370 555 2045
2894662 1942370 555 49396
2894663 1942370 555 1690
2894664 1942370 555 342
2894665 1942370 555 953
2894672 1942371 555 1233
2894673 1942371 555 3848
2894674 1942371 555 7419
2894675 1942371 555 138
2894676 1942371 555 311
2894677 1942371 555 87417
2894678 1942371 555 4682
2894679 1942371 555 21488
2894680 1942371 555 58023
2894681 1942371 555 21
2894682 1942371 555 4
2894683 1942371 555 474
2894684 1942371 555 51277
2894698 1942374 555 152961
2894699 1942374 555 152958
2894700 1942374 555 1185
2894706 1942375 555 941
2894707 1942375 555 4425
2894708 1942375 555 225
2894709 1942375 555 26734
2894710 11778 555 698
2894711 11778 555 643
2894712 11778 555 6322
2894716 1942376 555 152962
2894717 1942376 555 16763
2894718 1942376 555 1962
2894719 1942376 555 1233
2894720 1942376 555 26387
2894721 1942377 555 8997
2894722 1942377 555 15
2894723 1942377 555 4
2894724 1942377 555 3
2894725 1942377 555 2161
2894729 1942378 555 1705
2894730 1942378 555 54911
2894737 259646 555 941
2894738 259646 555 45610
2894739 259646 555 1999
2894740 259646 555 60116
2894741 259646 555 19533
2894742 259646 555 1918
2894743 259646 555 53585
2894744 259646 555 4425
2894745 259646 555 6010
2894746 259646 555 2709
2894747 259646 555 4509
2894748 1942380 555 50686
2894762 1942381 555 941
2894763 1942381 555 318
2894764 1942381 555 1897
2894765 1942381 555 798
2894766 1942381 555 72
2894767 1942382 555 152967
2894768 1942382 555 26768
2894769 1942382 555 941
2894770 465696 555 941
2894771 465696 555 1704
2894772 465696 555 667
2894773 465696 555 29
2894774 465696 555 2236
2894775 465696 555 1052
2894776 465696 555 4
2894781 1942384 555 83937
2894782 1942385 555 152968
2894783 1942385 555 1267
2894784 1942385 555 125
2894789 1942386 555 152969
2894790 1942386 555 152958
2894791 1942386 555 1185
2894792 1942386 555 28961
2894821 1942388 555 29946
2894822 1942388 555 41397
2894823 1942388 555 54205
2894824 1942388 555 138
2894825 1942388 555 941
2894826 1942388 555 21
2894827 1942388 555 342
2894828 316747 555 65166
2894829 316747 555 941
2894830 316747 555 78813
2894858 1942393 555 941
2894859 1942393 555 1183
2894860 1942393 555 152961
2894861 1942393 555 6046
2894862 1942393 555 152958
2894863 23059 555 138
2894864 23059 555 557
2894895 1942397 555 1914
2894896 1942397 555 139729
2894897 1942397 555 28894
2894898 1942397 555 4297
2894899 1942397 555 140101
2894900 272959 555 342
2894901 272959 555 941
2894902 272959 555 44415
2894903 272959 555 54517
2894904 272959 555 343
2894905 272959 555 39
2894906 272959 555 4
2894907 272959 555 2220
2894914 1942398 555 425
2894915 1942398 555 2889
2894916 1942398 555 3130
2894917 1942398 555 2539
2894918 1942398 555 2942
2894923 1942400 555 1705
2894924 1942400 555 152977
2894925 21 555 7
2894926 21 555 255
2894927 21 555 474
2894928 21 555 3
2894929 21 555 518
2894930 21 555 354
2894931 21 555 283
2894932 21 555 256
2894933 66011 555 6
2894934 66011 555 2949
2894935 66011 555 2709
2894936 66011 555 72
2894937 66011 555 1565
2894938 66011 555 292
2894939 1942401 555 1183
2894940 1942401 555 59867
2894941 1942402 555 152962
2894942 1942402 555 69756
2894943 1942402 555 1233
2894944 1942403 555 152978
2894945 1942403 555 2412
2894946 1942403 555 4540
2894947 1942403 555 4666
2894948 1942403 555 152979
2894949 1942403 555 1185
2894950 1942403 555 1049
2894951 1942403 555 941
2894952 1942403 555 1897
2894953 1942404 555 5830
2894954 1942404 555 2392
2894974 37079 555 21
2894975 37079 555 138
2894976 37079 555 941
2894977 37079 555 2236
2894978 37079 555 125
2894979 37079 555 2520
2894980 108900 555 286
2894981 108900 555 17823
2894982 108900 555 643
2894983 108900 555 477
2894989 1942406 555 1049
2894990 1942406 555 152982
2894991 1942406 555 2968
2894996 8450 555 22220
2894997 8450 555 138
2894998 8450 555 21004
2894999 8450 555 1244
2895009 1942408 555 10692
2895010 1942408 555 21
2895015 1942410 555 152983
2895016 1942410 555 1185
2895017 1942410 555 941
2895018 1942410 555 2412
2895019 1942410 555 4540
2895020 1942410 555 152979
2895021 72526 555 60001
2895022 72526 555 3376
2895023 72526 555 1605
2895024 72526 555 583
2895025 72526 555 635
2895026 72526 555 1744
2895027 914722 555 4537
2895028 914722 555 2392
2895029 914722 555 2964
2895030 914722 555 125
2895031 914722 555 33732
2895032 914722 555 152984
2895033 914722 555 110511
2895034 1942411 555 425
2895035 1942411 555 1565
2895036 1942411 555 1828
2895037 1942411 555 3130
2895038 313532 555 1049
2895039 313532 555 138
2895040 313532 555 31878
2895041 313532 555 57317
2895042 313532 555 311
2895043 485877 555 25775
2895044 485877 555 41240
2895045 485877 555 80
2895046 485877 555 4234
2895047 485877 555 152985
2895048 1942412 555 78727
2895049 1942412 555 941
2895050 1942412 555 3750
2895051 1942412 555 27499
2895052 1942412 555 21572
2895057 358304 555 6322
2895058 358304 555 54522
2895059 358304 555 125
2895060 358304 555 4053
2895061 497188 555 13822
2895062 497188 555 46
2895063 497188 555 108
2895064 497188 555 1897
2895065 1942413 555 29
2895066 1942413 555 15403
2895067 1942413 555 941
2895068 1942413 555 1924
2895069 1942413 555 2216
2895070 1942413 555 2723
2895071 1942413 555 503
2895072 1942413 555 46546
2895073 1942413 555 18495
2895074 1942413 555 51220
2895075 1942413 555 152986
2895076 1942413 555 15113
2895087 1942416 555 67266
2895088 1942416 555 941
2895089 1942416 555 89138
2895090 1942416 555 3221
2895091 1942416 555 1962
2895092 1942416 555 1052
2895093 173580 555 2525
2895094 173580 555 23552
2895095 173580 555 4823
2895096 173580 555 2236
2895097 173580 555 51277
2895102 1942417 555 152980
2895103 1942417 555 152961
2895104 1942417 555 152958
2895105 1942417 555 58434
2895106 1942417 555 1185
2895107 1629609 555 2424
2895108 1629609 555 152987
2895109 1629609 555 16596
2895110 1629609 555 7786
2895111 1629609 555 941
2895112 1629609 555 1185
2895113 1942418 555 425
2895114 1942418 555 2319
2895115 1942418 555 4
2895116 1942418 555 643
2895121 173765 555 50070
2895122 173765 555 29
2895123 173765 555 108372
2895124 173765 555 643
2895125 173765 555 1690
2895134 1942420 555 941
2895135 1942420 555 152958
2895136 1942420 555 152969
2895137 1942420 555 50686
2895143 1942421 555 3420
2895144 1942421 555 20500
2895145 1942421 555 1808
2895146 1942421 555 15
2895147 1942421 555 94421
2895148 1942421 555 21004
2895149 1942421 555 311
2895161 1942423 555 108
2895162 1942423 555 46
2895163 1942423 555 90
2895164 1942423 555 4746
2895190 1942428 555 44451
2895191 1942428 555 47650
2895192 1942428 555 4260
2895193 1942428 555 343
2895198 1942430 555 941
2895199 1942430 555 44415
2895200 1942430 555 54517
2895201 1942430 555 6046
2895202 1942430 555 125
2895203 1942430 555 2150
2895204 1942430 555 507
2895205 1942430 555 1779
2895206 1942430 555 152944
2895207 1942431 555 1233
2895208 1942431 555 59913
2895209 1942431 555 125
2895210 1942431 555 1704
2895211 1942431 555 254
2895212 1942431 555 2709
2895213 1942432 555 1305
2895214 1942432 555 59913
2895215 1942432 555 1233
2895216 1942432 555 108219
2895217 1942432 555 111115
2895218 1942432 555 68744
2895219 135123 555 638
2895220 135123 555 2404
2895221 135123 555 2902
2895222 135123 555 90
2895223 135123 555 138
2895224 135123 555 1560
2895225 1942433 555 2526
2895226 1942433 555 254
2895227 1942433 555 225
2895228 1942434 555 1185
2895229 1942434 555 28961
2895230 39199 555 108
2895231 39199 555 1064
2895232 39199 555 4446
2895233 39199 555 46
2895234 27646 555 108
2895235 27646 555 46
2895236 27646 555 90
2895237 27646 555 285
2895254 204910 555 46188
2895255 204910 555 21
2895256 204910 555 1183
2895257 204910 555 138
2895258 204910 555 941
2895259 204910 555 1704
2895260 204910 555 12830
2895261 418884 555 2723
2895262 418884 555 72
2895263 418884 555 3779
2895264 418884 555 1897
2895265 418884 555 3836
2895266 418884 555 425
2895267 1942439 555 1185
2895268 1942439 555 15224
2895269 1942439 555 152996
2895270 1942439 555 8294
2895298 499238 555 16
2895299 499238 555 106892
2895300 1942444 555 1565
2895301 1942444 555 18682
2895302 1942444 555 24
2895303 183272 555 138
2895304 183272 555 125
2895305 183272 555 2526
2895306 183272 555 1233
2895307 183272 555 4746
2895308 183272 555 1197
2895309 183272 555 259
2895310 1942445 555 69817
2895311 1942445 555 941
2895312 1942445 555 138642
2895313 769374 555 311
2895314 769374 555 152997
2895315 769374 555 1244
2895316 769374 555 2220
2895317 1942446 555 10165
2895318 1942446 555 152998
2895319 1942446 555 16447
2895320 1942446 555 474
2895321 1942446 555 318
2895322 1942447 555 1867
2895323 1942447 555 1235
2895324 1942447 555 1769
2895325 1942447 555 1564
2895326 1942447 555 3291
2895327 1942447 555 1191
2895328 103546 555 3
2895329 103546 555 469
2895330 103546 555 587
2895357 161113 555 917
2895358 161113 555 507
2895359 161113 555 126
2895360 161113 555 7097
2895361 161113 555 285
2895362 161113 555 2472
2895363 23465 555 1183
2895364 23465 555 125
2895365 23465 555 138
2895371 13458 555 1999
2895372 13458 555 311
2895373 13458 555 138
2895374 13458 555 2220
2895375 13458 555 18278
2895376 13458 555 4
2895377 13458 555 46188
2895383 1942450 555 259
2895384 1942450 555 311
2895385 1942450 555 503
2895394 254034 555 72
2895395 254034 555 474
2895396 254034 555 7711
2895397 254034 555 926
2895398 254034 555 25248
2895399 254034 555 301
2895400 254034 555 2236
2895401 254034 555 4
2895402 1942453 555 16912
2895403 1942453 555 153001
2895404 1942453 555 20570
2895405 1942453 555 20882
2895406 1942453 555 29067
2895409 1942455 555 2520
2895410 1942455 555 941
2895411 1942455 555 29
2895412 1942455 555 19311
2895413 1942455 555 2220
2895414 949344 555 152976
2895415 949344 555 941
2895416 949344 555 1052
2895417 949344 555 1185
2895418 949344 555 1183
2895419 242146 555 21358
2895420 242146 555 11
2895421 242146 555 4027
2895422 242146 555 77
2895423 242146 555 20579
2895424 242146 555 15224
2895425 242146 555 941
2895426 242146 555 89168
2895427 463619 555 46684
2895428 463619 555 87634
2895429 463619 555 2236
2895452 612058 555 5776
2895453 612058 555 1183
2895454 612058 555 138
2895455 612058 555 941
2895456 1942459 555 2056
2895457 1942459 555 638
2895458 1942459 555 153002
2895459 1942459 555 1627
2895460 1942459 555 1183
2895461 1942460 555 1233
2895462 1942460 555 1704
2895463 1942460 555 467
2895464 1942460 555 3145
2895465 1942461 555 51277
2895466 1942461 555 885
2895467 1942461 555 15352
2895468 1942461 555 21004
2895469 1942461 555 5071
2895470 1942461 555 9635
2895471 1942461 555 20373
2895472 1942461 555 1056
2895473 1942461 555 2056
2895482 1007493 555 3145
2895483 1007493 555 40
2895484 1007493 555 3130
2895485 1007493 555 1565
2895486 1007493 555 4
2895487 1007493 555 3638
2895488 476701 555 996
2895489 476701 555 4132
2895490 452764 555 24230
2895491 1942464 555 6536
2895492 1942464 555 6
2895493 1942464 555 941
2895494 1942464 555 13852
2895495 1942464 555 3750
2895496 78663 555 6536
2895497 78663 555 5132
2895498 78663 555 816
2895499 78663 555 885
2895503 1942465 555 106253
2895504 1942465 555 1305
2895505 1942465 555 20030
2895506 1942465 555 3749
2895507 561624 555 425
2895508 561624 555 1150
2895509 561624 555 557
2895510 561624 555 28894
2895511 1942466 555 39
2895512 1942466 555 1764
2895513 1942466 555 1802
2895514 1942466 555 3475
2895515 1942466 555 503
2895516 1942467 555 188
2895517 1942467 555 5367
2895518 1942467 555 11
2895519 1942467 555 1106
2895520 1942467 555 44
2895521 1942468 555 5385
2895522 1942468 555 85072
2895523 1942468 555 15910
2895524 1942468 555 342
2895525 1942468 555 343
2895528 446701 555 1183
2895529 446701 555 2520
2895530 446701 555 4053
2895531 446701 555 4096
2895532 446701 555 138
2895533 446701 555 1267
2895534 446701 555 153005
2895535 1942470 555 54205
2895536 1942470 555 941
2895537 1942470 555 51745
2895538 1339304 555 3475
2895539 1339304 555 1802
2895540 1339304 555 1704
2895541 1339304 555 1565
2895542 1339304 555 1615
2895543 1339304 555 996
2895596 1942476 555 69817
2895597 1942476 555 941
2895598 1942477 555 55019
2895599 1942477 555 2236
2895600 1942477 555 3835
2895601 1942478 555 941
2895602 1942478 555 83937
2895603 1942478 555 8294
2895604 1942478 555 1185
2895612 344956 555 24230
2895613 344956 555 15
2895620 1942481 555 474
2895621 1942481 555 1025
2895622 1942481 555 1897
2895623 1942481 555 354
2895624 307701 555 44785
2895625 307701 555 354
2895626 307701 555 147119
2895627 307701 555 153010
2895628 307701 555 2237
2895629 307701 555 35094
2895630 307701 555 57998
2895631 307701 555 941
2895632 307701 555 798
2895633 307701 555 479
2895634 307701 555 16447
2895635 307701 555 518
2895636 307701 555 3846
2895637 307701 555 1049
2895638 307701 555 72
2895639 307701 555 4
2895657 474537 555 77590
2895658 474537 555 1185
2895659 474537 555 311
2895660 474537 555 153011
2895661 474537 555 4666
2895686 1942484 555 153013
2895687 1942484 555 7419
2895688 1942484 555 4682
2895689 1942484 555 138
2895690 1942484 555 311
2895691 1942484 555 72
2895692 1942484 555 986
2895693 1942484 555 563
2895694 1942484 555 1123
2895695 1942484 555 55968
2895696 1942484 555 153014
2895706 1942485 555 941
2895707 1942485 555 78813
2895708 1942485 555 4260
2895709 1942485 555 86704
2895715 183784 555 941
2895716 183784 555 2613
2895717 183784 555 8294
2895718 183784 555 523
2895719 183784 555 25723
2895729 1942490 555 1185
2895730 1942490 555 941
2895731 1942490 555 2424
2895732 1942490 555 153017
2895733 1942490 555 97
2895734 1942490 555 153018
2895735 1942490 555 5563
2895736 1942490 555 128089
2895737 1942490 555 153019
2895738 190910 555 276
2895739 190910 555 941
2895740 190910 555 3
2895741 190910 555 18278
2895742 190910 555 153020
2895754 1942493 555 21
2895755 1942493 555 464
2895756 1942493 555 3130
2895757 1942493 555 52609
2895758 1942493 555 153022
2895759 1942493 555 963
2895760 1521573 555 941
2895761 1521573 555 4502
2895762 1521573 555 138
2895763 1521573 555 3790
2895764 1521573 555 6226
2895765 1521573 555 1704
2895766 1521573 555 6
2895767 1521573 555 225
2895768 1521573 555 6046
2895769 1942494 555 153006
2895770 1942494 555 941
2895771 1942494 555 343
2895772 1942494 555 16294
2895773 1942494 555 8473
2895774 1942494 555 1244
2895775 1942494 555 1704
2895776 1942495 555 153006
2895777 1942495 555 78813
2895781 1942497 555 152958
2895782 1942497 555 153024
2895783 1942497 555 15224
2895798 1942498 555 138
2895799 1942498 555 21358
2895800 1942498 555 1213
2895801 1942498 555 125
2895802 1942498 555 9333
2895803 1942498 555 1183
2895804 1942499 555 29
2895805 1942499 555 53114
2895806 1942499 555 1704
2895807 1088951 555 4823
2895808 1088951 555 2236
2895809 1088951 555 2525
2895810 1088951 555 153025
2895811 1942500 555 152951
2895812 1942500 555 152952
2895813 1942500 555 49035
2895814 1942500 555 152953
2895815 1942500 555 3849
2895816 1942500 555 386
2895817 1942500 555 2709
2895818 1942500 555 153026
2895819 1942500 555 69076
2895830 1418802 555 941
2895831 1418802 555 138
2895832 1418802 555 3849
2895833 1418802 555 152958
2895841 1942502 555 311
2895842 1942502 555 4619
2895843 1942502 555 1627
2895844 1942503 555 425
2895845 1942503 555 4619
2895846 1942503 555 126757
2895847 1942503 555 2319
2895848 1942503 555 311
2895849 1942503 555 137014
2895850 1942503 555 153027
2895858 1942506 555 51277
2895859 1942506 555 15352
2895860 1942506 555 885
2895861 1942506 555 638
2895862 1942506 555 1976
2895863 1942506 555 926
2895864 1942506 555 1039
2895865 1942506 555 1868
2895866 1942506 555 754
2895867 1942506 555 58023
2895868 1942506 555 11821
2895869 1942506 555 1897
2895870 1942506 555 259
2895871 260216 555 9434
2895872 260216 555 5850
2895873 260216 555 1647
2895881 1942508 555 1185
2895882 1942508 555 44531
2895883 1942508 555 153030
2895884 1942508 555 6046
2895893 1942511 555 67223
2895894 1942511 555 153032
2895895 1942511 555 2902
2895896 1942511 555 982
2895897 1942511 555 2404
2895903 1942513 555 119138
2895904 1942513 555 56680
2895905 1942513 555 31457
2895906 1942513 555 2690
2895907 1942513 555 1625
2895908 1942513 555 2133
2895918 16214 555 125
2895919 16214 555 21
2895920 16214 555 292
2895921 16214 555 474
2895922 16214 555 15300
2895923 16214 555 39
2895924 16214 555 1704
2895925 1493525 555 153034
2895926 1493525 555 72
2895927 1493525 555 474
2895928 1493525 555 153035
2895929 1493525 555 3
2895930 1942515 555 57092
2895931 1942515 555 343
2895932 1942515 555 64903
2895933 1942515 555 55321
2895934 1942515 555 153036
2895935 1942515 555 4737
2895941 1783681 555 1367
2895942 1783681 555 1909
2895943 1783681 555 1183
2895944 1783681 555 138
2895989 6776 555 292
2895990 6776 555 39
2895991 6776 555 138
2895992 6776 555 503
2896001 6794 555 2220
2896002 6794 555 301
2896003 6794 555 72
2896004 6794 555 311
2896005 6794 555 474
2896006 1942523 555 301
2896007 1942523 555 996
2896008 1942523 555 503
2896009 1942523 555 536
2896010 1942523 555 44
2896011 1942523 555 2647
2896012 1778884 555 1056
2896013 1778884 555 354
2896014 1778884 555 518
2896015 1778884 555 51277
2896016 1778884 555 33732
2896017 1778884 555 44785
2896018 1778884 555 474
2896019 82883 555 20878
2896020 82883 555 503
2896021 82883 555 3148
2896022 82883 555 1128
2896023 82883 555 557
2896024 82883 555 138
2896029 1942525 555 7419
2896030 1942525 555 2201
2896031 1942525 555 425
2896032 1942525 555 1233
2896033 1942525 555 3804
2896034 1942525 555 311
2896053 1942527 555 65781
2896054 1942527 555 16294
2896055 1942527 555 343
2896056 1942527 555 4737
2896071 261430 555 2543
2896072 261430 555 29
2896073 261430 555 1358
2896074 261430 555 301
2896075 261430 555 20568
2896076 261430 555 31896
2896077 261430 555 1896
2896078 261430 555 2220
2896079 1942531 555 2525
2896080 1942533 555 16912
2896081 1942533 555 20882
2896082 1942533 555 3303
2896083 1942533 555 311
2896084 1942534 555 941
2896085 1942534 555 153041
2896086 1942534 555 153042
2896093 1942535 555 20896
2896094 1942535 555 25087
2896095 1942535 555 3463
2896096 1942535 555 153043
2896097 1942535 555 100648
2896098 1942535 555 40
2896104 1942537 555 138
2896105 1942537 555 1183
2896106 1942537 555 92
2896107 1942537 555 4027
2896108 1942537 555 299
2896114 1942539 555 152958
2896115 1942539 555 153024
2896116 1942539 555 941
2896117 1942539 555 4297
2896118 1942540 555 6046
2896119 1942540 555 1183
2896120 1942540 555 3567
2896121 1942540 555 3849
2896125 1942542 555 152962
2896126 1942542 555 16763
2896127 1942542 555 1962
2896128 1942542 555 1233
2896142 1942544 555 77590
2896143 1942544 555 26696
2896144 1942544 555 6010
2896145 1942544 555 1185
2896146 1942544 555 941
2896147 1942544 555 4540
2896148 1942544 555 153044
2896162 1942546 555 15481
2896163 1942546 555 152972
2896164 1942546 555 152971
2896165 1942546 555 941
2896166 1942546 555 21362
2896167 1942547 555 7419
2896168 1942547 555 1233
2896169 1942547 555 311
2896170 1942547 555 1224
2896171 1942547 555 2837
2896172 1942547 555 941
2896173 1942547 555 138
2896174 1942547 555 1185
2896175 1942547 555 152999
2896176 1942547 555 4
2896177 1942547 555 1897
2896195 10288 555 2709
2896196 10288 555 35
2896197 10288 555 3640
2896198 203201 555 359
2896199 203201 555 3835
2896200 203201 555 78
2896201 203201 555 2236
2896202 203201 555 1647
2896203 203201 555 39
2896204 203201 555 342
2896205 203201 555 46267
2896206 452981 555 24230
2896207 452981 555 885
2896208 452982 555 24230
2896209 133486 555 108
2896210 133486 555 46
2896211 133486 555 5217
2896219 1942550 555 29
2896220 1942550 555 125
2896221 1942550 555 13048
2896222 1942550 555 4742
2896238 184361 555 44415
2896239 184361 555 2543
2896240 184361 555 527
2896241 184361 555 42008
2896242 184361 555 54284
2896243 184361 555 999
2896254 98227 555 941
2896255 98227 555 618
2896256 98227 555 583
2896257 98227 555 1704
2896258 98227 555 8473
2896259 98227 555 343
2896260 98227 555 72
2896261 98227 555 29
2896262 98227 555 2236
2896263 1942552 555 6
2896264 1942552 555 82418
2896265 1942552 555 44482
2896266 1942552 555 18278
2896289 1942557 555 69817
2896290 1942557 555 153047
2896291 1942557 555 1244
2896292 1942557 555 941
2896302 1942560 555 941
2896303 1942560 555 28961
2896304 1942560 555 8473
2896305 89183 555 2520
2896306 89183 555 125
2896307 89183 555 74448
2896308 827039 555 65166
2896309 827039 555 10286
2896310 827039 555 1184
2896311 827039 555 1886
2896312 827039 555 1244
2896313 827039 555 6046
2896314 827039 555 941
2896315 827039 555 1185
2896316 827039 555 4595
2896317 827039 555 1245
2896321 164713 555 29
2896322 164713 555 331
2896323 164713 555 1358
2896324 164713 555 813
2896325 164713 555 1004
2896326 164713 555 3484
2896327 164713 555 2543
2896328 164713 555 138
2896329 164713 555 44
2896330 164713 555 1703
2896331 1942561 555 342
2896332 1942561 555 39
2896333 1942561 555 343
2896334 1942561 555 29946
2896347 1715469 555 1191
2896348 1715469 555 2023
2896349 1715469 555 24
2896350 1715469 555 503
2896351 1715469 555 4871
2896352 1715469 555 15069
2896353 1715469 555 4
2896354 1715469 555 225
2896355 1942563 555 29946
2896356 1942563 555 342
2896357 1942563 555 343
2896374 1111124 555 138
2896375 1111124 555 583
2896376 1111124 555 343
2896377 1111124 555 39
2896383 261883 555 5385
2896384 261883 555 3196
2896385 261883 555 343
2896386 261883 555 8473
2896387 265810 555 4057
2896388 265810 555 138
2896389 265810 555 1367
2896390 265810 555 19039
2896391 265810 555 47650
2896392 1942565 555 2968
2896393 1942565 555 3510
2896394 1942565 555 643
2896395 1942565 555 503
2896396 1942565 555 89168
2896397 1942566 555 1049
2896398 1942566 555 63898
2896410 472241 555 152958
2896411 472241 555 152961
2896412 472241 555 138
2896413 472241 555 221
2896414 472241 555 2150
2896426 505626 555 6046
2896427 505626 555 15224
2896428 505626 555 44
2896429 505626 555 54517
2896430 505626 555 301
2896431 505626 555 46267
2896432 505626 555 19582
2896433 505626 555 343
2896434 505626 555 342
2896435 1942569 555 24
2896436 1942569 555 1591
2896437 1942569 555 17378
2896438 1942569 555 1808
2896439 1942569 555 2936
2896458 558083 555 225
2896459 558083 555 18278
2896460 558083 555 125
2896461 558083 555 138
2896462 558083 555 254
2896463 1942572 555 3906
2896464 1942572 555 153048
2896465 1942572 555 1244
2896466 1942572 555 1233
2896467 1942574 555 15352
2896468 1942574 555 2403
2896469 1942574 555 941
2896470 1942574 555 1244
2896500 1942578 555 1244
2896501 1942578 555 2723
2896502 1942578 555 3836
2896510 1942579 555 153049
2896511 1942579 555 1185
2896512 1942579 555 941
2896513 1942579 555 153050
2896519 58319 555 125
2896520 58319 555 557
2896521 58319 555 1128
2896522 58319 555 1704
2896523 58319 555 1615
2896524 1942580 555 21358
2896525 1942580 555 61714
2896526 1942580 555 941
2896527 1942580 555 46506
2896528 1568384 555 276
2896529 1568384 555 1999
2896530 1568384 555 225
2896531 1568384 555 254
2896532 1568384 555 342
2896533 1568384 555 3
2896534 1568384 555 4297
2896535 1568384 555 97436
2896536 1568384 555 84
2896537 1942581 555 1367
2896538 1942581 555 49370
2896539 1942581 555 150733
2896540 1942581 555 6
2896541 1942581 555 97
2896558 262190 555 3311
2896559 262190 555 1239
2896560 262190 555 5537
2896561 262190 555 941
2896562 262190 555 507
2896563 262190 555 39
2896564 262190 555 2161
2896565 262190 555 374
2896566 262190 555 2056
2896567 262190 555 1947
2896573 73316 555 474
2896574 73316 555 72
2896575 73316 555 982
2896576 73316 555 5
2896577 73316 555 2236
2896578 73316 555 21
2896579 73316 555 523
2896580 73316 555 285
2896581 73316 555 926
2896582 73316 555 2220
2896583 1942585 555 152967
2896584 1942585 555 21
2896585 1942585 555 26768
2896586 1942585 555 15224
2896587 1942585 555 28654
2896588 1942585 555 153052
2896596 1942587 555 1565
2896597 1942587 555 311
2896598 1942587 555 4737
2896599 1942588 555 153054
2896600 1942588 555 28654
2896601 1942588 555 54205
2896602 1942588 555 986
2896603 1942588 555 563
2896608 324498 555 365
2896609 324498 555 2358
2896610 324498 555 1707
2896611 324498 555 72
2896612 324498 555 1450
2896613 324498 555 1123
2896614 324498 555 4746
2896615 324498 555 80
2896616 324498 555 4264
2896617 1942590 555 25599
2896618 1942590 555 6946
2896619 1942590 555 1924
2896620 1942590 555 80
2896621 1942590 555 311
2896622 1942590 555 941
2896626 1942592 555 65125
2896627 1942592 555 20461
2896628 1942592 555 813
2896629 1942592 555 331
2896630 1942592 555 557
2896631 1942593 555 1627
2896632 1942593 555 6
2896633 1942593 555 20110
2896634 1942593 555 20461
2896635 1942593 555 331
2896636 518587 555 138
2896637 518587 555 56745
2896638 518587 555 1896
2896639 518587 555 2729
2896640 518587 555 1233
2896641 1942594 555 77590
2896642 1942594 555 221
2896643 1942594 555 10206
2896644 1942594 555 5576
2896645 1942594 555 1185
2896646 1942594 555 20206
2896652 1942595 555 153012
2896653 1942595 555 1183
2896658 1942596 555 153026
2896659 1942596 555 49035
2896660 1942596 555 152953
2896661 1942596 555 152952
2896662 1942597 555 152951
2896663 1942597 555 386
2896664 1942597 555 152952
2896665 1942597 555 49035
2896666 1942597 555 152953
2896667 1942597 555 2709
2896668 1942597 555 69076
2896669 1942598 555 152951
2896670 1942598 555 49035
2896671 1942598 555 152953
2896672 1942598 555 152952
2896673 1942598 555 2709
2896674 1942598 555 386
2896675 1942598 555 69076
2896676 1942599 555 152951
2896677 1942599 555 49035
2896678 1942599 555 152953
2896679 1942599 555 152952
2896680 1942599 555 69076
2896681 1942599 555 2709
2896682 1942599 555 1897
2896683 1942600 555 153056
2896684 1942600 555 15093
2896685 1942600 555 152952
2896686 1942600 555 152953
2896687 1942600 555 49035
2896688 1942601 555 106253
2896689 1942601 555 138
2896690 1942601 555 1909
2896691 1942601 555 1999
2896692 1942601 555 1305
2896704 1395222 555 44
2896705 1395222 555 285
2896706 1395222 555 72
2896707 1395222 555 2086
2896708 1395222 555 41632
2896709 1395222 555 2704
2896710 1395222 555 1442
2896711 1942603 555 80
2896712 1942603 555 518
2896713 1942603 555 1056
2896714 1942603 555 2949
2896715 1942603 555 2709
2896716 1942603 555 1918
2896717 1942603 555 153058
2896718 1942603 555 1436
2896719 1942603 555 1917
2896720 57298 555 77
2896721 57298 555 1528
2896722 57298 555 285
2896723 57298 555 44
2896724 57298 555 46
2896725 57298 555 795
2896726 74633 555 474
2896727 74633 555 21
2896728 74633 555 2236
2896729 74633 555 479
2896730 74633 555 72
2896731 74633 555 285
2896732 74633 555 897
2896733 74633 555 4
2896743 1942604 555 2936
2896744 1942604 555 1808
2896745 1942604 555 24777
2896746 1942604 555 2056
2896747 1942604 555 41256
2896776 1942610 555 4027
2896777 1942610 555 15195
2896778 1942611 555 138795
2896779 1942611 555 25220
2896780 1942611 555 54522
2896781 1942611 555 11864
2896785 1942612 555 503
2896786 1942612 555 25681
2896787 1942612 555 25526
2896788 1942612 555 4171
2896789 1942612 555 3805
2896805 148265 555 307
2896806 148265 555 3083
2896807 148265 555 1554
2896808 148265 555 4132
2896809 148265 555 1261
2896810 148265 555 285
2896811 148265 555 926
2896812 148265 555 72
2896813 148265 555 982
2896814 148265 555 798
2896815 148265 555 311
2896816 148265 555 4
2896817 148265 555 474
2896823 1942614 555 3475
2896824 1942614 555 56562
2896825 1942614 555 4
2896826 1942614 555 523
2896839 1942615 555 153064
2896840 1942615 555 6010
2896841 1942615 555 37996
2896842 1942615 555 45610
2896849 1942617 555 1052
2896850 1942617 555 5776
2896851 1942617 555 1123
2896852 1942617 555 3749
2896853 1942617 555 941
2896854 1942617 555 1185
2896855 1942617 555 3087
2896856 1942618 555 19947
2896857 1942618 555 15928
2896858 1942618 555 3291
2896859 1942618 555 15734
2896860 1942618 555 2105
2896861 1942618 555 2319
2896862 1942618 555 425
2896863 933015 555 138
2896864 933015 555 125
2896865 933015 555 941
2896866 933015 555 1731
2896867 1942619 555 125
2896868 1942619 555 1565
2896869 1942620 555 1185
2896870 1942620 555 153065
2896871 1942620 555 4823
2896872 1942620 555 153066
2896873 1942620 555 153067
2896874 1942620 555 1244
2896875 1942620 555 15224
2896876 1942621 555 2236
2896877 1942621 555 53694
2896878 1942621 555 311
2896879 1942621 555 754
2896880 1942621 555 13916
2896881 1942621 555 22206
2896882 1942621 555 1150
2896883 74826 555 1565
2896884 74826 555 311
2896885 74826 555 503
2896886 74826 555 16797
2896887 1942622 555 24
2896888 1942622 555 153059
2896889 1942622 555 1453
2896890 1942622 555 18278
2896891 1942622 555 225
2896898 1850854 555 941
2896899 1850854 555 6
2896900 1850854 555 1185
2896901 1850854 555 1141
2896902 1850854 555 3750
2896903 1850854 555 67447
2896904 1850854 555 5357
2896905 1850854 555 85722
2896915 112389 555 643
2896916 112389 555 698
2896917 112389 555 1323
2896918 112389 555 44
2896919 112389 555 285
2896920 112389 555 301
2896921 112389 555 342
2896927 1942625 555 153070
2896928 1942625 555 29401
2896929 1942625 555 523
2896930 1942625 555 19712
2896931 1942625 555 15215
2896932 1942626 555 2150
2896933 1942626 555 153071
2896934 1942626 555 47263
2896935 1942626 555 2520
2896936 1942626 555 2392
2896937 1942626 555 4297
2896939 70750 555 24938
2896940 70750 555 21
2896941 70750 555 27827
2896942 70750 555 2520
2896943 70750 555 1560
2896944 575235 555 941
2896945 575235 555 2526
2896946 575235 555 153072
2896947 575235 555 112227
2896948 1850879 555 474
2896949 1850879 555 2220
2896950 1850879 555 21
2896951 1850879 555 1245
2896952 1850879 555 1897
2896953 1850879 555 43428
2896954 1850879 555 3087
2896955 1942629 555 153073
2896956 1942629 555 1723
2896957 1942629 555 1235
2896958 1942629 555 500
2896959 1942629 555 19766
2896960 1942629 555 1191
2896961 1942629 555 1722
2896977 1942632 555 5387
2896978 1942632 555 374
2896979 1942632 555 1779
2896980 1942632 555 39
2896992 1942634 555 153074
2896993 1942634 555 16797
2896994 1942634 555 2709
2896995 1942634 555 2949
2897001 1942635 555 125
2897002 1942635 555 474
2897003 1942635 555 4
2897004 1942635 555 72
2897005 1942635 555 21
2897006 1942635 555 40991
2897007 1942636 555 1564
2897008 1942636 555 2023
2897009 1942636 555 4961
2897010 1942636 555 926
2897011 1942636 555 1235
2897017 1942637 555 44
2897018 1942637 555 1025
2897019 1942637 555 15352
2897020 1942637 555 2220
2897021 1942637 555 31783
2897022 1942637 555 128276
2897023 1942638 555 153075
2897024 1942638 555 153076
2897025 1942638 555 3750
2897026 1942638 555 15224
2897027 1942638 555 882
2897033 1942640 555 28961
2897034 1942640 555 941
2897035 1942640 555 1886
2897058 242388 555 941
2897059 242388 555 138
2897060 242388 555 311
2897061 242388 555 926
2897062 242388 555 15270
2897063 242388 555 7419
2897064 242388 555 50835
2897065 242388 555 2463
2897066 242388 555 1245
2897067 242388 555 816
2897068 242388 555 1897
2897069 242388 555 44451
2897070 242388 555 4
2897071 242388 555 6
2897072 242388 555 1704
2897073 242388 555 1244
2897074 1942645 555 25599
2897075 1942645 555 57174
2897076 1942645 555 941
2897077 1942645 555 2216
2897078 1942645 555 6108
2897079 1942645 555 1187
2897080 1942645 555 503
2897092 1942647 555 16758
2897093 1942647 555 731
2897094 1942647 555 3221
2897095 1942647 555 4871
2897096 1942647 555 1802
2897097 1942647 555 38798
2897098 1942647 555 334
2897099 1942647 555 1058
2897100 1942647 555 503
2897101 1942647 555 4
2897102 1942648 555 153064
2897103 1942648 555 6010
2897104 1942648 555 45610
2897105 1942648 555 2936
2897106 1942648 555 941
2897107 1942648 555 138
2897108 1942648 555 29232
2897109 1475712 555 29
2897110 1475712 555 4855
2897111 1475712 555 15449
2897112 1475712 555 6550
2897113 1475712 555 8527
2897114 1475712 555 3867
2897115 1475712 555 20030
2897116 1475712 555 19452
2897117 1475712 555 882
2897118 1475712 555 1305
2897119 1475712 555 1267
2897120 1942649 555 941
2897121 1942649 555 152976
2897122 1942649 555 6046
2897123 1942649 555 1183
2897141 1942652 555 1565
2897142 1942652 555 425
2897143 1942652 555 2364
2897144 1942652 555 3790
2897145 1610045 555 65171
2897146 1610045 555 1185
2897147 1610045 555 153053
2897148 1610045 555 47650
2897149 1610045 555 2392
2897150 1610045 555 2520
2897151 1942653 555 152968
2897152 1942653 555 153079
2897153 1942653 555 20166
2897154 1942653 555 2613
2897155 1942653 555 342
2897156 1942654 555 5603
2897157 1942654 555 1808
2897158 1942654 555 24684
2897159 1942654 555 38886
2897160 1942654 555 153080
2897161 1942654 555 4425
2897162 1942655 555 35
2897163 1942655 555 4961
2897164 1942655 555 15275
2897165 1942655 555 15928
2897166 1942655 555 2403
2897167 1942655 555 39
2897168 1942656 555 996
2897169 1942656 555 20553
2897170 1942656 555 16037
2897171 1942656 555 22562
2897172 1942656 555 4272
2897173 1942656 555 1565
2897174 1942656 555 311
2897175 1942656 555 2936
2897176 1942657 555 1704
2897177 1942657 555 108828
2897178 1942657 555 3476
2897179 1942657 555 254
2897180 1942657 555 3130
2897181 1942657 555 16804
2897182 1942657 555 1808
2897183 1942658 555 941
2897184 1942658 555 1049
2897185 1942658 555 67781
2897186 1942658 555 1185
2897187 1942659 555 2520
2897188 1942659 555 2313
2897189 1942660 555 503
2897190 1942660 555 2023
2897191 1942660 555 1235
2897192 1942660 555 15928
2897193 1942660 555 2403
2897194 1942660 555 1561
2897195 319958 555 941
2897196 319958 555 343
2897197 319958 555 8294
2897198 319958 555 331
2897199 319958 555 657
2897200 1942661 555 996
2897201 1942661 555 76906
2897202 1942661 555 1867
2897203 1942661 555 21513
2897204 1942662 555 941
2897205 1942662 555 311
2897206 1942662 555 4661
2897207 1942662 555 3804
2897208 1942662 555 4
2897209 1942662 555 926
2897224 12587 555 2424
2897225 12587 555 3294
2897226 12587 555 31
2897227 12587 555 153082
2897228 12587 555 342
2897229 12587 555 311
2897230 12587 555 138
2897252 135642 555 2520
2897253 135642 555 10269
2897254 1942667 555 125
2897255 1942667 555 1233
2897256 1942667 555 4746
2897257 1942667 555 6
2897265 10439 555 153081
2897266 10439 555 44415
2897267 10439 555 941
2897268 10439 555 54517
2897269 10439 555 3
2897270 10439 555 8473
2897271 10439 555 89168
2897272 10439 555 4260
2897273 10439 555 44421
2897274 1942669 555 21362
2897288 612783 555 1185
2897289 612783 555 153083
2897290 612783 555 153084
2897291 612783 555 60240
2897292 1942670 555 941
2897293 1942670 555 6046
2897294 1942670 555 153085
2897295 1942670 555 153054
2897296 1942670 555 28961
2897297 1942670 555 3849
2897298 1942670 555 1244
2897299 1942671 555 44449
2897300 1942671 555 26365
2897301 1942671 555 941
2897302 1942671 555 4737
2897303 1942672 555 111151
2897304 1942672 555 67781
2897305 1942672 555 44451
2897306 1942672 555 4737
2897307 306505 555 78727
2897308 306505 555 941
2897309 306505 555 4737
2897310 1942673 555 69817
2897336 861202 555 49192
2897337 861202 555 152953
2897338 861202 555 311
2897339 861202 555 507
2897340 861202 555 342
2897341 861202 555 912
2897342 861202 555 40
2897343 861202 555 1690
2897344 861202 555 1947
2897345 861202 555 6226
2897346 861202 555 474
2897359 440936 555 996
2897360 440936 555 1191
2897361 440936 555 2338
2897362 440936 555 1723
2897363 440936 555 1867
2897386 1942681 555 32892
2897387 1942681 555 425
2897388 1942681 555 21
2897389 1942681 555 19968
2897390 1942681 555 3303
2897391 1942681 555 941
2897404 1461379 555 391
2897405 1461379 555 3
2897406 1461379 555 58811
2897407 1461379 555 643
2897408 1461379 555 4
2897420 1942685 555 2520
2897421 1942685 555 2313
2897422 1942685 555 342
2897423 1942685 555 21
2897424 1942685 555 46889
2897425 1942685 555 26766
2897432 1942687 555 361
2897433 1942687 555 4285
2897434 1942687 555 7419
2897435 1942687 555 311
2897436 1942687 555 1233
2897437 1942687 555 1244
2897438 1942687 555 926
2897439 1942687 555 3303
2897440 1942687 555 3804
2897441 1673783 555 8473
2897442 1673783 555 57092
2897443 1673783 555 343
2897444 1673783 555 4053
2897445 1673783 555 46267
2897446 1673783 555 19582
2897447 1673783 555 15816
2897448 1673783 555 2236
2897449 1673783 555 72
2897456 1942689 555 2163
2897457 1942689 555 76744
2897458 1942689 555 503
2897459 1942689 555 311
2897460 280585 555 1183
2897461 280585 555 941
2897462 280585 555 21
2897463 280585 555 3849
2897464 280585 555 474
2897465 280585 555 2236
2897466 280585 555 503
2897467 280585 555 15921
2897468 280585 555 3779
2897469 280585 555 138
2897470 280585 555 292
2897482 1942690 555 1185
2897483 1942690 555 77590
2897484 1942690 555 78
2897485 1942690 555 46
2897486 1942690 555 44451
2897487 1942691 555 15712
2897488 1942691 555 1233
2897489 1942691 555 1909
2897490 1942691 555 138
2897491 1942691 555 4746
2897492 1942691 555 311
2897493 1942692 555 2543
2897494 1942692 555 29
2897495 1942692 555 1896
2897496 1942692 555 2220
2897497 1942692 555 301
2897498 1942693 555 1197
2897499 1942693 555 5052
2897500 1942693 555 47650
2897501 1942693 555 138
2897502 1942694 555 941
2897503 1942694 555 1453
2897504 1942694 555 153090
2897505 1942694 555 259
2897506 1252374 555 941
2897507 1252374 555 32892
2897508 1252374 555 3303
2897509 1252374 555 19968
2897510 1252374 555 21
2897511 1252374 555 425
2897512 1252374 555 2837
2897513 1942695 555 2100
2897514 1942695 555 882
2897515 1942695 555 51521
2897516 1942695 555 3
2897517 1942696 555 152958
2897518 1942697 555 152967
2897519 1942697 555 941
2897520 1942697 555 26768
2897521 1942697 555 21
2897522 1942697 555 125
2897523 1942698 555 125
2897524 1942699 555 4444
2897525 1942699 555 22342
2897526 1942699 555 4746
2897527 1942699 555 1233
2897528 1942699 555 6
2897535 1942700 555 4537
2897536 1942700 555 3463
2897537 1942700 555 2525
2897538 1942700 555 2709
2897539 1942700 555 1896
2897540 1942700 555 2725
2897541 1942701 555 18278
2897542 1942701 555 523
2897543 1942701 555 2437
2897544 1942701 555 1564
2897545 1942701 555 225
2897546 1942701 555 1716
2897547 1942702 555 1052
2897548 1942702 555 44541
2897549 1942702 555 50668
2897550 1942702 555 54205
2897551 1942703 555 254
2897552 1942703 555 3358
2897553 1942703 555 40
2897554 1942704 555 425
2897555 1942704 555 17061
2897556 1942704 555 3358
2897568 1942706 555 150830
2897569 1942706 555 153091
2897570 1942706 555 941
2897571 1942707 555 28369
2897572 1942707 555 941
2897573 1942707 555 700
2897574 1942707 555 4791
2897575 1942707 555 80
2897576 1942707 555 1450
2897577 1942707 555 1185
2897589 1472739 555 29
2897590 1472739 555 643
2897591 1472739 555 1731
2897592 1472739 555 286
2897593 1472739 555 698
2897594 1472739 555 42253
2897595 1942709 555 1233
2897596 1942709 555 7419
2897597 1942709 555 2412
2897598 1942709 555 3303
2897599 1942709 555 6372
2897600 1942709 555 91068
2897601 1942709 555 153093
2897602 1942709 555 59101
2897603 1942709 555 8273
2897604 1942709 555 15712
2897605 1942709 555 138
2897615 1942711 555 105354
2897616 1942711 555 153095
2897617 1942711 555 1136
2897618 1942711 555 926
2897619 1942712 555 152958
2897620 1942712 555 361
2897621 1942712 555 1185
2897622 1942712 555 22207
2897623 521088 555 6
2897624 521088 555 8527
2897625 521088 555 41350
2897626 521088 555 1779
2897627 521088 555 39
2897628 521088 555 638
2897629 521088 555 2863
2897633 1942714 555 941
2897634 1942714 555 21
2897635 1942714 555 18131
2897636 1942714 555 3303
2897637 1942714 555 88765
2897638 1942714 555 51277
2897639 56405 555 2220
2897640 56405 555 4633
2897641 56405 555 38036
2897642 56405 555 298
2897643 56405 555 4027
2897644 56405 555 982
2897645 56405 555 798
2897646 56405 555 342
2897647 56405 555 2613
2897656 1942717 555 941
2897657 1942717 555 301
2897658 1942717 555 44
2897659 1942717 555 125
2897660 505830 555 44415
2897661 505830 555 54517
2897662 505832 555 941
2897663 505832 555 54517
2897664 505832 555 44415
2897665 505832 555 301
2897666 505832 555 343
2897667 505832 555 3
2897668 505832 555 1123
2897669 505832 555 6294
2897670 505832 555 78727
2897671 505832 555 85072
2897672 505832 555 125
2897699 16181 555 2902
2897700 16181 555 2404
2897701 16181 555 138
2897702 16181 555 46
2897729 358790 555 331
2897730 358790 555 1625
2897731 358790 555 2690
2897732 358790 555 31457
2897733 358790 555 1123
2897734 358790 555 28653
2897735 358790 555 56680
2897736 358790 555 60446
2897737 1942722 555 941
2897738 1942722 555 8473
2897739 1942722 555 343
2897740 1942722 555 136116
2897741 1942722 555 78813
2897742 1942722 555 583
2897743 1942723 555 78813
2897744 1942723 555 941
2897745 1942723 555 13811
2897746 1942723 555 6046
2897747 1942723 555 65166
2897748 1942724 555 941
2897749 1942724 555 16294
2897750 1942724 555 111151
2897751 1942724 555 78813
2897768 1942727 555 292
2897769 1942727 555 28920
2897770 1942727 555 276
2897771 1942727 555 474
2897775 1942729 555 152953
2897776 1942729 555 6
2897777 1942729 555 311
2897778 1942729 555 1897
2897779 1942729 555 474
2897780 1942729 555 926
2897781 1942730 555 57174
2897782 1942730 555 38887
2897783 1942730 555 79500
2897784 1942730 555 941
2897785 1942730 555 37424
2897786 1942730 555 3750
2897787 1942730 555 21549
2897788 1942730 555 1244
2897789 1942731 555 941
2897790 1942731 555 28654
2897791 1942731 555 1185
2897792 1942731 555 87634
2897793 1942731 555 47650
2897794 1942731 555 1962
2897795 1942731 555 529
2897796 1942731 555 1322
2897800 1942733 555 16912
2897801 1942733 555 2236
2897802 1942733 555 21
2897803 1942733 555 58023
2897804 1942733 555 1183
2897826 3156 555 292
2897827 3156 555 72
2897828 3156 555 1450
2897829 3156 555 80
2897830 3156 555 1356
2897840 1942737 555 2526
2897841 1942737 555 44449
2897842 1942738 555 153100
2897843 1942738 555 3750
2897844 1942738 555 1751
2897849 1140802 555 1939
2897850 1140802 555 138
2897851 1140802 555 44577
2897852 1140802 555 1197
2897853 1942740 555 55321
2897854 1942740 555 343
2897855 1942740 555 583
2897856 1942740 555 1704
2897857 1942740 555 311
2897858 1942740 555 1565
2897859 1942740 555 941
2897860 1942740 555 8294
2897861 1942740 555 47650
2897862 1942740 555 19548
2897870 123080 555 125
2897871 123080 555 941
2897872 123080 555 292
2897873 123080 555 39
2897880 29861 555 108
2897881 29861 555 8973
2897882 29861 555 290
2897883 29861 555 46
2897884 29861 555 285
2897885 1942742 555 1126
2897886 1942742 555 29317
2897887 1942742 555 34442
2897888 1942742 555 1584
2897889 1942742 555 3517
2897890 1942742 555 32673
2897891 1942742 555 2187
2897892 1942742 555 503
2897893 1942742 555 153103
2897894 1942743 555 153104
2897895 1942743 555 18131
2897896 1942743 555 21842
2897897 1942743 555 44531
2897898 1942743 555 474
2897899 1942743 555 2220
2897900 1942743 555 51277
2897909 1942745 555 4053
2897910 1942745 555 21
2897911 1942745 555 1267
2897912 1942745 555 24938
2897913 1942745 555 153106
2897914 1942746 555 4961
2897915 1942746 555 1191
2897916 1942746 555 926
2897917 1942746 555 2463
2897918 1942747 555 46906
2897919 1942747 555 361
2897920 1942747 555 1304
2897921 1942747 555 152958
2897922 1034000 555 125
2897923 1034000 555 425
2897924 1034000 555 2942
2897925 1034000 555 1218
2897926 1034000 555 1704
2897927 1034000 555 2186
2897949 1942751 555 20963
2897950 1942751 555 2864
2897951 1942751 555 2215
2897952 1942751 555 29
2897953 1942751 555 1185
2897954 1942752 555 153107
2897955 1942752 555 67167
2897956 1942752 555 20546
2897957 1942752 555 311
2897958 1942753 555 4618
2897959 1942753 555 80
2897960 1942754 555 941
2897961 1942754 555 523
2897962 1942754 555 1705
2897963 1942754 555 16308
2897964 1942754 555 2725
2897965 1942754 555 1244
2897966 1942755 555 503
2897967 1942755 555 343
2897968 1942755 555 1943
2897969 1942755 555 836
2897970 1942755 555 153108
2897971 1942755 555 153109
2897972 1942755 555 89168
2897973 1942755 555 87479
2897974 1942755 555 4364
2897975 1942755 555 839
2897976 1942756 555 152951
2897977 1942756 555 152953
2897978 1942756 555 49035
2897979 1942756 555 152952
2897980 1942756 555 2709
2897981 1942756 555 386
2897982 1942756 555 69076
2897983 1942757 555 152951
2897984 1942757 555 152953
2897985 1942757 555 49035
2897986 1942757 555 152952
2897987 1942757 555 2709
2897988 1942757 555 69076
2897989 1942757 555 3849
2897990 1942757 555 386
2897991 1942758 555 153110
2897992 1942758 555 41328
2897993 1942758 555 54205
2897994 1942758 555 941
2897995 1942758 555 3750
2897996 1942758 555 91144
2897997 1942758 555 153111
2898006 194013 555 7419
2898007 194013 555 1233
2898008 194013 555 311
2898009 194013 555 13852
2898010 194013 555 2412
2898011 194013 555 122326
2898012 194013 555 87441
2898013 194013 555 153112
2898020 106281 555 6
2898021 106281 555 2863
2898061 1942765 555 4297
2898062 1942765 555 6046
2898063 1942765 555 941
2898064 1942765 555 5776
2898065 1942765 555 3749
2898066 1942765 555 138
2898067 1942765 555 153115
