2898101 100527 556 359
2898102 100527 556 795
2898103 100527 556 126
2898104 1942774 556 15135
2898105 1942774 556 153119
2898106 1942774 556 153120
2898107 62638 556 187
2898108 62638 556 46
2898109 62638 556 138
2898110 889950 556 71428
2898111 889950 556 1939
2898112 889950 556 2232
2898113 1942775 556 202
2898114 441298 556 1133
2898115 441298 556 369
2898116 1942776 556 5008
2898117 1942776 556 31
2898127 58836 556 46
2898128 58836 556 138
2898129 58836 556 941
2898130 58836 556 961
2898140 56671 556 46
2898141 56671 556 39638
2898142 56671 556 138
2898143 56671 556 154
2898147 422193 556 46
2898155 1560493 556 8333
2898156 1560493 556 1133
2898157 1560493 556 4127
2898167 37824 556 2008
2898168 37824 556 4436
2898169 1551848 556 153122
2898170 1551848 556 13772
2898171 1551848 556 1726
2898172 1551848 556 1138
2898182 22562 556 668
2898183 22562 556 961
2898184 22562 556 46
2898185 22562 556 10003
2898186 1942785 556 72
2898187 1942785 556 153125
2898191 996364 556 12233
2898202 1619315 556 13880
2898203 1619315 556 1106
2898204 1619315 556 7923
2898215 435420 556 991
2898216 435420 556 5827
2898217 1942793 556 629
2898218 1942793 556 27465
2898219 1942794 556 153131
2898220 1942794 556 48094
2898221 1942794 556 5979
2898241 1942802 556 72
2898242 1942802 556 91661
2898243 1942802 556 10321
2898244 1942802 556 42659
2898245 1192163 556 28
2898246 1192163 556 1058
2898247 1192163 556 1739
2898248 1192163 556 285
2898249 1499788 556 2514
2898250 1499788 556 331
2898254 1942804 556 9262
2898255 1942804 556 153137
2898256 383725 556 202
2898257 383725 556 3389
2898262 41103 556 13963
2898263 41103 556 825
2898264 41103 556 46
2898265 41103 556 285
2898266 41103 556 138
2898276 1942809 556 99596
2898277 1942809 556 153142
2898278 1942809 556 153143
2898283 701090 556 29
2898284 701090 556 128
2898285 701090 556 982
2898286 1942810 556 4177
2898287 1942810 556 9635
2898291 1942812 556 11779
2898292 253675 556 1058
2898293 253675 556 11
2898294 253675 556 64
2898307 423554 556 120629
2898308 423554 556 2332
2898309 423554 556 153146
2898310 423554 556 1730
2898311 1942818 556 123366
2898312 1942818 556 39725
2898313 104585 556 536
2898314 104585 556 331
2898315 104585 556 16392
2898316 104585 556 6441
2898335 350656 556 106061
2898336 350656 556 43088
2898337 350656 556 11098
2898338 350656 556 1963
2898342 1942823 556 2494
2898343 1942823 556 153149
2898344 1942823 556 12884
2898345 756674 556 1133
2898346 756674 556 1138
2898347 756674 556 8043
2898348 756674 556 16698
2898353 1942825 556 318
2898354 1942825 556 278
2898366 1062564 556 13787
2898367 527892 556 276
2898368 527892 556 2603
2898369 527892 556 4107
2898370 527892 556 12182
2898371 27237 556 557
2898372 27237 556 38909
2898373 27237 556 54579
2898374 27237 556 76867
2898382 1942830 556 1605
2898383 1942830 556 82312
2898385 1942832 556 9653
2898386 784870 556 108
2898387 784870 556 188
2898388 784870 556 5591
2898389 784870 556 46
2898390 1942833 556 331
2898391 1942833 556 894
2898392 1942833 556 2781
2898395 27623 556 46
2898396 27623 556 259
2898397 27623 556 6854
2898417 52797 556 46
2898418 52797 556 285
2898419 52797 556 1739
2898437 304498 556 42045
2898438 304498 556 121962
2898439 304498 556 4727
2898440 304498 556 6351
2898441 99924 556 70
2898442 99924 556 19842
2898452 43475 556 73162
2898453 43475 556 79
2898454 43475 556 869
2898461 21911 556 643
2898462 21911 556 698
2898463 21911 556 285
2898464 21911 556 287
2898465 21911 556 39376
2898466 21911 556 7280
2898467 403473 556 46
2898468 32307 556 11
2898469 32307 556 39725
2898470 32307 556 2816
2898471 322150 556 1947
2898472 322150 556 1565
2898473 322150 556 25703
2898474 322150 556 21
2898475 1942845 556 12233
2898476 1942845 556 3666
2898477 1942846 556 108
2898486 1942849 556 12353
2898487 1942849 556 108
2898488 27646 556 108
2898489 27646 556 46
2898490 27646 556 138
2898491 27646 556 90
2898492 1213614 556 12233
2898493 1213614 556 3285
2898512 1188071 556 20209
2898513 1188071 556 8907
2898514 1188071 556 13772
2898515 1188071 556 1739
2898527 1942859 556 3490
2898528 1942859 556 638
2898529 1942859 556 8493
2898532 1942861 556 202
2898533 1942861 556 51140
2898534 1942862 556 5469
2898535 1942862 556 50725
2898536 1942862 556 1133
2898537 1942862 556 20131
2898558 553509 556 202
2898570 1942870 556 202
2898571 5272 556 202
2898572 1803055 556 6
2898573 1803055 556 90
2898574 1803055 556 150
2898575 1803055 556 72
2898576 66802 556 816
2898577 66802 556 6
2898578 66802 556 202
2898613 1942876 556 202
2898614 1080330 556 3285
2898615 1080330 556 6780
2898616 1080330 556 1138
2898618 1942877 556 108
2898619 1942877 556 144
2898620 1942877 556 46
2898621 1942877 556 527
2898628 1287 556 781
2898629 1287 556 982
2898630 1942878 556 72
2898631 1942878 556 153173
2898644 450986 556 146545
2898645 450986 556 38153
2898646 450986 556 10509
2898652 50047 556 12233
2898657 1942886 556 156
2898658 1942886 556 188
2898659 1942886 556 46
2898660 1942886 556 8913
2898665 2633 556 123351
2898666 2633 556 6231
2898667 2633 556 2350
2898668 2633 556 1326
2898669 2633 556 153179
2898670 1254183 556 142
2898671 1254183 556 28
2898672 1254183 556 75
2898673 1254183 556 7220
2898674 1942888 556 6515
2898675 1942888 556 11
2898676 1942888 556 8804
2898677 1942888 556 557
2898678 1304 556 4173
2898679 1304 556 105470
2898680 1304 556 39695
2898690 32004 556 188
2898691 32004 556 75
2898692 32004 556 668
2898693 32004 556 138
2898694 32004 556 3153
2898695 32004 556 46
2898696 32004 556 825
2898697 67074 556 11
2898698 67074 556 2442
2898699 67074 556 17106
2898710 585528 556 961
2898711 585528 556 982
2898712 585528 556 1937
2898713 585528 556 926
2898714 585528 556 46
2898715 1942895 556 474
2898716 1942895 556 4051
2898717 1942895 556 3153
2898718 23564 556 2817
2898719 23564 556 46
2898720 23564 556 961
2898721 13695 556 1528
2898722 13695 556 6185
2898723 13695 556 527
2898724 13695 556 44
2898725 13695 556 301
2898745 1942899 556 26618
2898746 1942899 556 2749
2898747 1942900 556 1331
2898748 1942900 556 11047
2898749 1942900 556 20
2898784 52 556 5
2898785 52 556 982
2898803 1942915 556 6846
2898804 1942915 556 1136
2898805 1942915 556 20220
2898807 1128865 556 8341
2898808 1455196 556 7639
2898809 1455196 556 104
2898810 1455196 556 90
2898811 1942916 556 101326
2898812 1942916 556 12337
2898813 911424 556 170
2898814 911424 556 101326
2898815 1235667 556 1138
2898816 1235667 556 5913
2898817 1235667 556 305
2898818 1235667 556 153190
2898840 647831 556 12247
2898841 647831 556 10161
2898842 647831 556 75
2898843 1942918 556 240
2898844 1942918 556 1528
2898845 1942918 556 104
2898846 1942919 556 495
2898847 1942919 556 1480
2898851 1942920 556 276
2898852 1942920 556 318
2898853 1942920 556 7920
2898854 1379 556 276
2898855 1379 556 9706
2898856 1379 556 1420
2898862 2664 556 6758
2898863 2664 556 882
2898877 1942927 556 1321
2898878 1942927 556 1406
2898879 1942927 556 1743
2898880 1942927 556 2816
2898882 240921 556 29
2898883 240921 556 882
2898884 240921 556 331
2898885 240921 556 19992
2898886 1566910 556 1138
2898887 1566910 556 153192
2898888 1566910 556 25243
2898889 47005 556 4292
2898890 47005 556 1058
2898891 47005 556 12643
2898892 47005 556 10
2898893 1942929 556 1138
2898894 1942929 556 7326
2898895 1942929 556 28
2898902 396796 556 10
2898903 396796 556 46209
2898904 396796 556 75
2898905 396796 556 1138
2898906 396796 556 1133
2898909 395057 556 1133
2898910 395057 556 75
2898911 395057 556 44
2898912 395057 556 128464
2898913 1399 556 1040
2898914 1399 556 780
2898915 1399 556 5
2898916 1399 556 2908
2898917 1399 556 26271
2898918 89136 556 72
2898919 89136 556 21
2898920 89136 556 1123
2898921 1942934 556 3394
2898922 1942934 556 153193
2898923 1942934 556 1058
2898924 356413 556 1133
2898925 356413 556 188
2898926 356413 556 54217
2898927 356413 556 221
2898928 356413 556 12958
2898930 1942935 556 1133
2898931 1942935 556 1138
2898932 1942935 556 7302
2898933 1942936 556 1133
2898934 1942936 556 9988
2898935 1942936 556 153195
2898937 1942938 556 4177
2898938 1942938 556 132361
2898939 1942938 556 11
2898951 1942942 556 10296
2898952 1942942 556 1411
2898953 1942942 556 101897
2898954 21737 556 108
2898955 21737 556 6274
2898956 21737 556 38997
2898966 1942945 556 4140
2898967 1942945 556 1822
2898968 1942945 556 150363
2898969 1942945 556 28
2898970 1942945 556 798
2898982 91636 556 2156
2898983 91636 556 2922
2898984 91636 556 27310
2898985 710611 556 6729
2898986 710611 556 3394
2898987 710611 556 629
2898997 339429 556 1133
2898998 339429 556 1057
2898999 339429 556 3394
2899001 61791 556 2149
2899002 61791 556 240
2899003 61791 556 155
2899004 61791 556 4430
2899005 1016503 556 142
2899006 1016503 556 28
2899007 1016503 556 75
2899008 1016503 556 7220
2899009 1016503 556 77
2899015 1698857 556 4177
2899016 1698857 556 618
2899017 883374 556 59198
2899018 883374 556 1122
2899022 1942953 556 3394
2899023 1942953 556 13963
2899031 1942955 556 153205
2899032 1942955 556 1020
2899033 1942955 556 153127
2899038 390766 556 10
2899039 390766 556 153206
2899040 390766 556 3122
2899041 390766 556 1138
2899042 774151 556 108
2899043 774151 556 2404
2899048 1942957 556 188
2899049 1942957 556 108
2899050 1942957 556 1730
2899051 1942958 556 1133
2899052 1942958 556 2816
2899053 1942958 556 75
2899057 1166013 556 118494
2899058 1166013 556 153207
2899059 1166013 556 4727
2899066 191376 556 1138
2899067 191376 556 1133
2899068 191376 556 2324
2899069 191376 556 4432
2899072 1942961 556 2156
2899073 1942962 556 2156
2899074 1942963 556 2156
2899080 1942966 556 15135
2899081 1942966 556 153119
2899082 1942966 556 153120
2899083 1033360 556 1404
2899084 1033360 556 27674
2899085 1033360 556 27482
2899104 1942973 556 10032
2899105 1942973 556 2994
2899109 1532798 556 104
2899110 1532798 556 331
2899128 318232 556 3711
2899129 318232 556 11
2899130 318232 556 90
2899131 318232 556 80
2899138 419705 556 12233
2899141 159631 556 6780
2899142 159631 556 618
2899143 159631 556 545
2899144 159631 556 9612
2899145 159631 556 90
2899147 394579 556 4727
2899148 394579 556 139
2899149 394579 556 1058
2899150 394579 556 13811
2899166 1942988 556 86419
2899167 1942988 556 153214
2899168 1942989 556 1303
2899169 1942989 556 2514
2899170 1942989 556 331
2899171 1942989 556 29
2899172 1942989 556 369
2899173 1942990 556 1133
2899174 1942990 556 11
2899175 1942990 556 1106
2899176 1942991 556 1133
2899177 1942991 556 20222
2899178 1942992 556 4329
2899179 1942992 556 6945
2899180 1942992 556 259
2899200 79914 556 127
2899201 79914 556 20443
2899202 79914 556 4855
2899203 79914 556 1480
2899207 1942999 556 153218
2899208 1942999 556 147444
2899209 1942999 556 106100
2899210 1942999 556 11567
2899217 1943003 556 1133
2899218 1943003 556 12752
2899223 1595929 556 536
2899224 1595929 556 6478
2899225 431337 556 8769
2899226 431337 556 2497
2899227 431337 556 1133
2899228 1943005 556 153219
2899229 1943005 556 2846
2899230 1943005 556 7282
2899231 1943006 556 4354
2899232 1943006 556 77125
2899233 1943006 556 4362
2899249 539712 556 10161
2899250 539712 556 11
2899251 539712 556 80
2899255 1943012 556 1133
2899256 1943012 556 6953
2899257 1943012 556 4819
2899264 619485 556 3182
2899265 619485 556 1019
2899268 45436 556 8559
2899269 45436 556 40825
2899270 45436 556 1409
2899271 716773 556 1491
2899272 716773 556 153222
2899273 716773 556 9435
2899274 1943014 556 1491
2899275 1943014 556 1499
2899276 1943014 556 9435
2899277 1943015 556 153189
2899283 54187 556 6684
2899284 54187 556 17548
2899285 54187 556 153223
2899286 54187 556 35
2899287 54187 556 41224
2899288 144651 556 153224
2899289 144651 556 12958
2899290 144651 556 1133
2899294 133851 556 46
2899297 1236457 556 12643
2899298 1236457 556 3122
2899299 1236457 556 3057
2899300 1236457 556 8474
2899311 1943020 556 144219
2899312 1943020 556 153116
2899325 1943024 556 5631
2899326 1943024 556 5936
2899327 1943024 556 108
2899328 1943024 556 4056
2899329 1943024 556 1313
2899330 1943024 556 5645
2899331 1943025 556 153228
2899332 1943025 556 153229
2899333 1943025 556 7055
2899334 879585 556 153230
2899349 1943028 556 1374
2899350 1943028 556 6209
2899351 1943028 556 52302
2899352 1943028 556 123333
2899353 1943028 556 153232
2899354 443299 556 1133
2899355 443299 556 216
2899356 825879 556 12643
2899357 825879 556 9612
2899358 825879 556 153127
2899374 1943035 556 11
2899375 1943035 556 1058
2899376 1943035 556 90524
2899377 1943036 556 11
2899378 1943036 556 90524
2899379 1943036 556 64
2899388 1943039 556 668
2899389 1943039 556 5906
2899390 1943039 556 72
2899391 1943040 556 221
2899392 1943040 556 305
2899393 1943040 556 1138
2899394 1943040 556 935
2899395 1943040 556 1134
2899396 1943041 556 31
2899397 9411 556 1605
2899398 9411 556 557
2899399 9411 556 1162
2899400 35771 556 4037
2899401 35771 556 1106
2899402 35771 556 290
2899408 1943044 556 1133
2899409 1943044 556 23792
2899410 1943044 556 153240
2899411 16942 556 108
2899412 16942 556 46
2899413 16942 556 188
2899431 1943047 556 1138
2899432 1943047 556 1134
2899433 1943047 556 221
2899459 1652637 556 557
2899460 1652637 556 385
2899461 1652637 556 1896
2899462 1943051 556 1133
2899463 1943051 556 2990
2899464 1943051 556 1138
2899465 76197 556 11179
2899467 1441348 556 8267
2899468 1441348 556 11
2899469 1441348 556 757
2899470 1703210 556 8341
2899471 1703210 556 1446
2899472 1703210 556 7310
2899473 1703210 556 13770
2899474 1703210 556 1679
2899481 1063163 556 1138
2899482 1063163 556 926
2899500 86031 556 331
2899501 86031 556 29
2899502 86031 556 90
2899503 86031 556 46599
2899504 86031 556 2916
2899505 86031 556 81
2899515 331885 556 1133
2899516 331885 556 1446
2899517 331885 556 285
2899518 331885 556 6228
2899525 1943065 556 1449
2899526 1943065 556 1133
2899529 1943066 556 123351
2899534 407990 556 1138
2899535 407990 556 153249
2899536 407990 556 5831
2899551 32472 556 821
2899552 32472 556 153251
2899553 32472 556 153243
2899554 32472 556 153127
2899555 826019 556 1133
2899556 826019 556 6228
2899557 826019 556 7310
2899558 826019 556 13770
2899562 619592 556 3666
2899563 619592 556 1058
2899564 619592 556 11
2899565 619592 556 72
2899566 619592 556 1133
2899567 619592 556 369
2899568 619592 556 90
2899582 397701 556 6259
2899583 397701 556 285
2899584 397701 556 507
2899585 397701 556 4308
2899593 1943073 556 495
2899594 1943073 556 1480
2899600 391142 556 1133
2899601 391142 556 75
2899602 391142 556 44
2899603 391142 556 9638
2899612 413805 556 153253
2899613 413805 556 153254
2899614 413805 556 11721
2899617 1943080 556 5476
2899618 1943080 556 9262
2899619 1943080 556 123247
2899620 1943080 556 4618
2899621 1943080 556 139
2899625 1943082 556 142
2899626 1943082 556 75
2899627 1943082 556 1058
2899628 1943082 556 28
2899629 1943083 556 188
2899630 1943083 556 474
2899631 1943083 556 668
2899632 1943083 556 75
2899642 1644645 556 4051
2899643 1644645 556 11
2899644 1644645 556 21
2899645 1545392 556 1133
2899646 1545392 556 1138
2899647 1545392 556 23844
2899648 1545392 556 153257
2899649 1545392 556 153258
2899650 79394 556 240
2899651 79394 556 1528
2899652 79394 556 894
2899653 79394 556 730
2899661 685519 556 1838
2899662 685519 556 1138
2899663 685519 556 77
2899674 1943087 556 1007
2899675 1943087 556 75
2899676 1943087 556 7492
2899677 1943087 556 6128
2899722 1943106 556 36275
2899723 1943106 556 153173
2899724 1943107 556 36275
2899725 1943107 556 153173
2899726 1943108 556 36275
2899727 1943108 556 153173
2899730 51002 556 7000
2899731 51002 556 1138
2899732 51002 556 1133
2899733 51002 556 4663
2899734 357951 556 6841
2899735 357951 556 153167
2899736 1943110 556 1133
2899737 1943110 556 7091
2899738 1943110 556 30169
2899739 1943110 556 5909
2899742 1943111 556 46
2899743 134450 556 108
2899744 134450 556 46
2899745 1943112 556 3092
2899746 1943112 556 153271
2899749 17401 556 6453
2899750 17401 556 643
2899751 17401 556 285
2899757 1943113 556 2922
2899758 1943113 556 5988
2899764 457215 556 1133
2899765 457215 556 1138
2899766 457215 556 1127
2899767 457215 556 27966
2899768 1943115 556 8835
2899769 1943115 556 1386
2899770 1943115 556 70
2899777 1943117 556 46
2899778 1943117 556 153263
2899779 1943117 556 153274
2899787 498451 556 374
2899788 498451 556 285
2899789 498451 556 6710
2899800 126711 556 29
2899801 126711 556 2514
2899802 126711 556 331
2899805 1943123 556 11
2899806 1943123 556 80
2899807 1943123 556 3476
2899808 1943123 556 13770
2899809 24962 556 825
2899810 24962 556 138
2899811 24962 556 46
2899812 24962 556 328
2899813 1181674 556 202
2899814 1943124 556 6192
2899815 1943124 556 3159
2899816 1943125 556 6170
2899817 1943125 556 153277
2899818 1943125 556 1056
2899828 398116 556 1041
2899829 398116 556 980
2899830 398116 556 6181
2899831 25123 556 13010
2899839 1943128 556 11577
2899840 1943128 556 1138
2899841 1943128 556 1133
2899844 39161 556 3505
2899845 39161 556 1937
2899846 39161 556 285
2899847 39161 556 2081
2899856 1943132 556 6573
2899857 1943132 556 153218
2899858 1943132 556 147444
2899859 1943133 556 503
2899860 1943133 556 536
2899866 398165 556 8394
2899867 398165 556 978
2899868 398165 556 108
2899869 398165 556 169
2899870 398165 556 1436
2899871 1943134 556 4514
2899872 1943134 556 1436
2899873 1943135 556 3506
2899874 1943135 556 153282
2899878 158 556 46
2899879 158 556 108
2899880 158 556 72
2899881 158 556 44
2899882 158 556 1058
2899886 51176 556 46
2899887 51176 556 11
2899888 38856 556 3355
2899889 38856 556 1359
2899890 38856 556 44
2899891 38856 556 1058
2899892 38856 556 1672
2899893 38856 556 12366
2899894 38856 556 123402
2899895 38856 556 153284
2899896 38856 556 123297
2899897 32698 556 44
2899898 32698 556 1056
2899899 32698 556 29908
2899900 32698 556 525
2899904 1013753 556 46
2899905 1013753 556 138
2899906 1013753 556 328
2899907 1013753 556 825
2899908 1013753 556 39638
2899915 561775 556 1007
2899916 561775 556 75
2899917 561775 556 6128
2899918 561775 556 153289
2899919 36920 556 4177
2899920 36920 556 6259
2899921 75921 556 29
2899922 75921 556 798
2899923 1943140 556 44
2899924 1943140 556 139
2899925 1943140 556 1229
2899926 1943140 556 1034
2899927 1943140 556 2810
2899928 1943140 556 1838
2899929 1943140 556 1138
2899930 322003 556 2816
2899931 322003 556 71878
2899935 1943141 556 2892
2899936 1943141 556 828
2899941 1943144 556 2156
2899942 882198 556 138
2899943 882198 556 46
2899944 882198 556 188
2899945 882198 556 39638
2899946 1539164 556 216
2899947 1539164 556 797
2899953 1160082 556 10161
2899954 1160082 556 828
2899955 1160082 556 7320
2899957 25622 556 110950
2899958 25622 556 46
2899959 25622 556 19236
2899960 25622 556 144
2899961 1943146 556 6425
2899962 1943146 556 2016
2899966 1943149 556 153292
2899967 1943149 556 153173
2899968 1943149 556 16377
2899981 1160087 556 216
2899982 1160087 556 7207
2899983 1160087 556 30
2899986 605676 556 101326
2899987 605676 556 170
2899988 605676 556 72
2899989 605676 556 304
2899990 605676 556 11
2899991 42957 556 458
2899992 42957 556 1058
2899993 42957 556 46
2899996 1943153 556 153224
2899997 1943153 556 12958
2899998 1943153 556 1133
2900002 57695 556 108
2900003 57695 556 46
2900004 57695 556 4446
2900005 57695 556 1528
2900006 57695 556 38997
2900007 57695 556 5675
