2911634 602784 560 731
2911635 602784 560 81640
2911636 602784 560 3160
2911637 602784 560 798
2911641 602786 560 28563
2911642 602786 560 150
2911643 602787 560 16819
2911644 602787 560 4975
2911645 602787 560 799
2911646 602788 560 9966
2911661 602792 560 154013
2911662 602792 560 4627
2911663 602792 560 2186
2911664 602792 560 154014
2911665 602792 560 154015
2911666 602793 560 4995
2911667 602793 560 579
2911668 602793 560 707
2911669 1943712 560 2949
2911670 1943712 560 56806
2911671 1943712 560 1698
2911672 1943712 560 7755
2911675 602795 560 1183
2911676 602795 560 1184
2911677 602795 560 941
2911678 602796 560 125
2911679 602796 560 4713
2911680 602796 560 154016
2911687 602799 560 2971
2911688 602799 560 5080
2911689 602799 560 9615
2911690 602799 560 3257
2911691 602799 560 3693
2911692 602799 560 17025
2911700 301345 560 1304
2911701 301345 560 47239
2911702 301345 560 29515
2911703 301345 560 20498
2911704 602801 560 154018
2911705 602801 560 15818
2911706 602801 560 769
2911710 1943713 560 2725
2911711 1943713 560 2424
2911712 1943713 560 2056
2911713 1943713 560 2313
2911718 360496 560 82475
2911719 360496 560 2086
2911720 303422 560 15284
2911721 303422 560 4791
2911722 303422 560 4532
2911723 303422 560 343
2911724 303422 560 17025
2911729 602804 560 3145
2911730 602804 560 120
2911731 602804 560 1172
2911732 602804 560 4027
2911733 602804 560 39151
2911734 602805 560 1430
2911735 602805 560 1016
2911736 602805 560 1715
2911751 602808 560 4791
2911752 602808 560 4532
2911753 602808 560 3673
2911754 602808 560 17025
2911759 602810 560 343
2911760 602810 560 84128
2911761 602811 560 1267
2911764 602813 560 1947
2911765 602813 560 21551
2911766 602813 560 154021
2911769 1943715 560 15981
2911770 1943715 560 1180
2911771 1943715 560 15859
2911772 1943715 560 25235
2911773 1943715 560 941
2911777 602815 560 47864
2911778 602815 560 2186
2911779 602815 560 2236
2911790 602817 560 46267
2911791 602817 560 343
2911801 1943717 560 58589
2911802 1943717 560 46641
2911803 1943717 560 4532
2911804 1943718 560 5171
2911805 1943718 560 1563
2911806 1943718 560 49271
2911807 1943718 560 242
2911808 602821 560 14075
2911809 602821 560 29990
2911825 65784 560 125
2911826 65784 560 1704
2911827 65784 560 319
2911828 65784 560 295
2911829 65784 560 1119
2911830 602826 560 1215
2911831 602826 560 154026
2911832 602826 560 60902
2911833 602826 560 4532
2911834 602827 560 731
2911835 602827 560 2971
2911836 602827 560 16279
2911837 602827 560 154027
2911838 602827 560 3593
2911839 602828 560 2971
2911840 602828 560 16279
2911841 602828 560 154027
2911842 602828 560 4
2911843 602829 560 19768
2911844 602830 560 2525
2911845 602830 560 2236
2911846 602830 560 42008
2911847 602830 560 1123
2911848 602831 560 941
2911849 602831 560 97424
2911850 602831 560 42008
2911851 602831 560 13845
2911865 602834 560 4297
2911866 602834 560 29
2911867 602834 560 6289
2911868 602834 560 15449
2911871 602836 560 3290
2911872 602836 560 76384
2911873 602836 560 882
2911877 1943720 560 536
2911878 1943720 560 301
2911879 1943720 560 503
2911880 1943720 560 3
2911881 1943720 560 2450
2911882 602838 560 3789
2911883 602838 560 21338
2911884 602838 560 15231
2911887 602840 560 29
2911888 602840 560 882
2911889 1943721 560 1565
2911890 1943721 560 15249
2911891 1943721 560 23946
2911892 1943721 560 154029
2911893 1943721 560 2186
2911894 602841 560 507
2911895 602841 560 16796
2911896 602841 560 20083
2911902 602844 560 869
2911903 602844 560 3789
2911904 602844 560 15986
2911905 602844 560 4428
2911906 602844 560 302
2911907 602845 560 41805
2911908 602845 560 38886
2911909 602845 560 4
2911910 602845 560 92
2911911 602845 560 14112
2911912 602846 560 1169
2911913 602846 560 334
2911914 602846 560 4729
2911915 602847 560 2707
2911916 602847 560 7333
2911917 602847 560 557
2911918 602848 560 15381
2911919 602848 560 2403
2911920 602848 560 1564
2911932 602852 560 1702
2911933 602852 560 1049
2911934 602852 560 941
2911935 602852 560 4532
2911939 602854 560 79
2911940 602854 560 1126
2911941 602854 560 4511
2911942 602854 560 8820
2911943 602854 560 1565
2911944 602854 560 4532
2911945 602855 560 343
2911946 602855 560 60777
2911947 602855 560 1126
2911948 602855 560 5120
2911949 602855 560 242
2911950 602856 560 11104
2911951 602856 560 94864
2911958 602859 560 2971
2911959 602859 560 1561
2911960 602859 560 4618
2911961 602860 560 388
2911962 602860 560 318
2911963 602860 560 1119
2911964 602861 560 46257
2911965 602861 560 1052
2911966 98755 560 3743
2911967 98755 560 24997
2911968 98755 560 286
2911969 1943722 560 154031
2911970 1943722 560 1744
2911971 1943722 560 343
2911972 602862 560 242
2911973 602862 560 48
2911974 602863 560 1923
2911975 602863 560 16201
2911976 602863 560 1744
2911977 602864 560 125
2911978 602864 560 1564
2911979 602864 560 1923
2911990 602868 560 1297
2911991 602868 560 361
2911992 602868 560 14075
2911993 602868 560 80596
2911994 602868 560 17025
2911995 19303 560 125
2911996 19303 560 154032
2912007 602870 560 2186
2912008 602870 560 15482
2912009 1943724 560 307
2912010 1943724 560 1215
2912011 1943724 560 3693
2912012 147989 560 2908
2912013 147989 560 125
2912014 147989 560 869
2912015 147989 560 302
2912029 602874 560 4297
2912030 602874 560 334
2912031 602874 560 3811
2912032 602874 560 731
2912057 602879 560 49078
2912058 602879 560 37775
2912059 602879 560 38234
2912060 602880 560 3
2912061 602880 560 292
2912062 602880 560 3722
2912063 602880 560 1744
2912064 602880 560 1119
2912068 602882 560 15157
2912069 602882 560 2709
2912070 602882 560 18673
2912081 602886 560 12322
2912082 602886 560 1052
2912083 602887 560 46510
2912084 602887 560 29
2912087 1943726 560 1049
2912088 1943726 560 138
2912089 1943726 560 1126
2912090 1943726 560 44504
2912091 602889 560 635
2912092 602889 560 3130
2912093 602890 560 9966
2912097 1943727 560 3451
2912098 602892 560 639
2912099 1943728 560 3567
2912100 1943728 560 97
2912101 1943728 560 4532
2912102 1943728 560 941
2912108 1943730 560 5120
2912109 1943730 560 154036
2912110 1943730 560 62917
2912111 1943730 560 2056
2912112 1943730 560 154031
2912113 602894 560 2236
2912114 602894 560 52411
2912115 602894 560 76887
2912126 602897 560 9966
2912127 602897 560 529
2912135 602899 560 3050
2912136 602899 560 2186
2912137 602899 560 154038
2912138 602899 560 334
2912144 602902 560 557
2912145 602902 560 882
2912146 602902 560 88152
2912147 602902 560 992
2912148 602903 560 2456
2912149 602903 560 912
2912150 602903 560 1124
2912155 602906 560 2424
2912156 602906 560 31592
2912157 602906 560 1157
2912158 602906 560 3606
2912159 602907 560 3497
2912160 602907 560 2424
2912161 602908 560 16749
2912162 602908 560 2424
2912178 602913 560 38234
2912179 602913 560 49078
2912180 602913 560 154040
2912181 602913 560 242
2912182 1943733 560 17025
2912183 1943733 560 2456
2912184 602914 560 125
2912185 602914 560 15788
2912186 602915 560 17025
2912187 602915 560 154041
2912188 602915 560 15818
2912189 602915 560 4511
2912190 1943734 560 28864
2912191 1943734 560 4369
2912192 1943734 560 154031
2912193 1943734 560 4540
2912194 1943734 560 3693
2912199 602917 560 10512
2912200 602917 560 2971
2912201 602917 560 58166
2912202 602917 560 2709
2912206 602919 560 3463
2912207 602919 560 4951
2912231 183090 560 292
2912232 183090 560 15449
2912233 183090 560 731
2912234 183090 560 6000
2912246 75540 560 2556
2912247 75540 560 2236
2912252 602929 560 4
2912253 602929 560 21551
2912254 602929 560 9966
2912257 602931 560 15215
2912258 602931 560 17025
2912259 602931 560 8820
2912265 592262 560 2971
2912266 592262 560 15408
2912267 592262 560 15157
2912277 1943737 560 3362
2912278 1943737 560 1744
2912279 1943737 560 1923
2912280 1943737 560 503
2912281 1943737 560 2155
2912282 1943737 560 28944
2912283 602936 560 125
2912284 602936 560 1119
2912285 602936 560 342
2912286 602936 560 138
2912292 602939 560 1191
2912293 602939 560 21338
2912294 602939 560 26402
2912295 602940 560 1126
2912296 602940 560 4532
2912297 602940 560 48749
2912298 602940 560 334
2912299 602941 560 138942
2912300 602941 560 1716
2912301 602941 560 15157
2912302 602941 560 17025
2912303 602942 560 21338
2912304 602943 560 2456
2912305 602943 560 1704
2912306 602943 560 376
2912307 602943 560 3
2912308 602944 560 154049
2912309 602944 560 4276
2912310 602945 560 154050
2912311 602945 560 1191
2912312 602945 560 48
2912313 602945 560 2186
2912314 602945 560 1716
2912315 602945 560 5153
2912316 602945 560 15215
2912323 497236 560 15172
2912324 497236 560 3567
2912325 420426 560 1716
2912326 420426 560 1561
2912327 420426 560 2971
2912328 420426 560 3160
2912337 602948 560 29
2912338 602948 560 342
2912339 602948 560 4444
2912347 602950 560 4172
2912348 602950 560 343
2912349 602950 560 2186
2912353 602952 560 507
2912354 602952 560 152856
2912355 602952 560 26430
2912356 602952 560 42709
2912360 602954 560 4676
2912361 602954 560 9966
2912362 602955 560 4532
2912363 602955 560 3130
2912364 602955 560 1058
2912365 602955 560 3606
2912366 602955 560 29842
2912367 602956 560 19945
2912368 125453 560 2793
2912369 125453 560 450
2912370 125453 560 9966
2912371 125453 560 3789
2912372 125453 560 41462
2912377 602957 560 29470
2912378 602957 560 150
2912385 602959 560 1918
2912386 602959 560 301
2912387 602959 560 16248
2912388 602960 560 5449
2912389 602960 560 4965
2912390 602960 560 3
2912409 602966 560 25235
2912410 602966 560 536
2912411 602966 560 503
2912412 602966 560 3240
2912413 602966 560 4984
2912414 602967 560 1897
2912415 602967 560 4470
2912416 602967 560 9966
2912424 1924082 560 1918
2912425 1924082 560 1157
2912426 1924082 560 2313
2912427 1924082 560 301
2912428 1924082 560 4027
2912429 2620 560 138
2912430 2620 560 941
2912431 2620 560 221
2912432 2620 560 1183
2912433 2620 560 42008
2912447 602972 560 26588
2912448 602972 560 154028
2912449 602972 560 154056
2912450 602973 560 26588
2912451 602973 560 154028
2912452 602973 560 125
2912460 602976 560 4961
2912461 602976 560 154045
2912462 602976 560 4
2912463 602976 560 1716
2912468 602978 560 18441
2912469 602978 560 47197
2912470 602978 560 41240
2912471 602979 560 2613
2912472 602979 560 29714
2912473 602979 560 1564
2912474 602979 560 503
2912496 602985 560 967
2912497 602985 560 1716
2912498 602985 560 154057
2912499 602985 560 17025
2912500 602986 560 154016
2912501 602986 560 14075
2912502 602986 560 42566
2912503 602986 560 3593
2912507 602988 560 3789
2912508 602988 560 1359
2912509 602988 560 15249
2912510 602989 560 154035
2912511 602989 560 53579
2912516 1943745 560 3050
2912517 1943745 560 1157
2912518 1943745 560 867
2912519 1943745 560 154059
2912520 1943745 560 62917
2912525 602992 560 2477
2912526 602992 560 583
2912527 602992 560 295
2912531 602994 560 48
2912532 602994 560 140356
2912533 602994 560 42566
2912534 602994 560 302
2912535 602995 560 140356
2912536 602995 560 1716
2912537 602995 560 21551
2912541 602997 560 14075
2912542 602997 560 1715
2912543 602997 560 1716
2912544 602997 560 16489
2912548 602999 560 154061
2912560 373952 560 425
2912561 373952 560 503
2912562 373952 560 311
2912566 603005 560 39524
2912567 603005 560 4729
2912568 603005 560 4713
2912569 603006 560 343
2912570 603006 560 707
2912571 603006 560 4585
2912572 603007 560 4901
2912573 603007 560 386
2912574 603007 560 1119
2912575 603007 560 4585
2912576 603008 560 2373
2912577 603008 560 2215
2912578 603008 560 1704
2912579 603008 560 3441
2912580 603009 560 2456
2912581 603009 560 97
2912587 603013 560 1564
2912588 603013 560 44804
2912589 603013 560 15249
2912590 603013 560 1716
2912591 603014 560 154064
2912592 603014 560 72
2912593 603014 560 53039
2912604 79716 560 1564
2912605 79716 560 5948
2912606 79716 560 92
2912611 603019 560 1564
2912612 603019 560 2155
2912613 603019 560 3160
2912614 603019 560 386
2912615 603020 560 3789
2912616 603020 560 14075
2912617 603020 560 302
2912618 603020 560 4961
2912619 603020 560 8820
2912626 603023 560 57409
2912627 603023 560 1564
2912628 603023 560 154066
2912629 603024 560 154067
2912630 603024 560 65175
2912658 603030 560 4
2912659 603030 560 72
2912660 603030 560 15249
2912665 1943747 560 2707
2912666 1943747 560 4901
2912667 1943747 560 62917
2912668 1943747 560 1565
2912669 1943747 560 2186
2912672 603033 560 4
2912673 603033 560 556
2912674 603033 560 14075
2912675 603033 560 1561
2912686 603038 560 3160
2912687 603038 560 11856
2912688 603038 560 301
2912689 603038 560 29
2912690 603038 560 1937
2912691 603038 560 342
2912695 603040 560 4335
2912696 603040 560 15099
2912697 603040 560 1237
2912698 603040 560 9999
2912699 1943748 560 4933
2912700 1943748 560 4276
2912701 1943748 560 2707
2912707 509770 560 4135
2912708 509770 560 5153
2912709 509770 560 15215
2912710 509770 560 4154
2912711 509770 560 4418
2912712 167056 560 302
2912713 167056 560 38234
2912714 167056 560 4135
2912715 603043 560 1052
2912716 603043 560 4005
2912717 603043 560 154017
2912718 603044 560 3311
2912732 280226 560 941
2912733 280226 560 82873
2912734 280226 560 39401
2912735 280226 560 334
2912740 603052 560 941
2912741 603052 560 2150
2912742 603052 560 342
2912743 603052 560 1126
2912744 603052 560 76845
2912748 603054 560 731
2912749 603054 560 81640
2912750 603054 560 4791
2912751 456771 560 583
2912752 456771 560 2186
2912760 603057 560 29
2912761 603057 560 5736
2912762 603057 560 1358
2912763 603058 560 154074
2912764 603058 560 15157
2912772 603060 560 92
2912773 603060 560 4
2912774 603061 560 2486
2912775 603061 560 139
2912776 603061 560 3593
2912782 603063 560 141054
2912783 603063 560 2403
2912784 603063 560 9966
2912811 404265 560 334
2912812 404265 560 24
2912813 404265 560 2332
2912814 404265 560 15986
2912818 603076 560 16749
2912819 603076 560 1716
2912828 186692 560 4666
2912829 186692 560 2056
2912830 186692 560 1704
2912831 186692 560 41805
2912832 603079 560 16749
2912833 603079 560 10512
2912834 603080 560 869
2912835 603080 560 420
2912836 603080 560 865
2912854 603084 560 14075
2912855 603084 560 579
2912856 603085 560 1564
2912857 603085 560 4027
2912858 603085 560 820
2912859 603086 560 1561
2912860 603086 560 90786
2912861 603086 560 1564
2912862 603087 560 1038
2912867 603089 560 1561
2912868 603089 560 4511
2912869 603089 560 276
2912870 603090 560 154076
2912871 603090 560 15818
2912872 603090 560 14075
2912873 603090 560 49078
2912885 603094 560 50603
2912886 603094 560 20322
2912887 603094 560 4958
2912891 603096 560 38234
2912892 603096 560 3258
2912893 603096 560 17025
2912894 603096 560 154012
2912895 603097 560 33590
2912896 603098 560 5071
2912897 603098 560 19772
2912898 603098 560 2275
2912899 603098 560 21702
2912915 603103 560 21551
2912916 603103 560 15589
2912917 603103 560 556
2912918 603104 560 16022
2912919 603104 560 1565
2912920 603104 560 3130
2912922 1943753 560 3693
2912923 1943753 560 3606
2912924 1943753 560 2949
2912925 1943753 560 1058
2912926 1943753 560 15284
2912927 603106 560 618
2912928 603106 560 361
2912939 603110 560 154079
2912940 603110 560 21551
2912945 603112 560 342
2912946 603112 560 869
2912947 603112 560 55028
2912950 7520 560 503
2912951 7520 560 4532
2912952 7520 560 15986
2912953 7520 560 2332
2912954 7520 560 17025
2912955 603114 560 4661
2912956 603114 560 380
2912957 603114 560 869
2912958 6462 560 2647
2912959 6462 560 287
2912960 6462 560 301
2912961 6462 560 1704
2912962 6462 560 319
2912963 603115 560 4
2912964 603115 560 15318
2912965 603115 560 9966
2912966 603115 560 141054
2912967 603116 560 295
2912968 603116 560 319
2912969 603116 560 4234
2912970 603116 560 5219
2912971 603116 560 2324
2912981 603120 560 9966
2912982 603120 560 154080
2913021 603135 560 154050
2913022 603135 560 1157
2913023 603135 560 2403
2913024 603135 560 141054
2913028 603137 560 154080
2913029 603137 560 154081
2913030 603137 560 302
2913035 603140 560 154083
2913043 603142 560 1561
2913044 603142 560 42566
2913045 603142 560 1564
2913052 603144 560 29
2913053 603144 560 6289
2913054 603144 560 1237
2913064 603147 560 66057
2913065 603147 560 154085
2913066 603147 560 3
2913078 603150 560 8527
2913079 603150 560 12322
2913080 603150 560 638
2913094 603154 560 302
2913095 603154 560 4532
2913096 603154 560 4428
2913097 603154 560 2971
2913098 603154 560 19695
2913120 603161 560 1052
2913121 603161 560 46602
2913122 1943757 560 4933
2913123 1943757 560 1157
2913124 1943757 560 2186
2913125 1943757 560 3130
2913126 1943757 560 4533
2913127 603162 560 4566
2913128 603162 560 154088
2913129 603162 560 4961
2913130 603163 560 1052
2913131 603163 560 12322
2913132 603164 560 2729
2913133 603164 560 2971
2913134 603164 560 4027
2913135 603164 560 17014
2913136 603165 560 154089
2913137 603165 560 6372
2913138 603165 560 97
2913139 603165 560 21876
2913142 603167 560 4661
2913143 603167 560 3693
2913144 603167 560 1191
2913145 603167 560 2056
2913146 603167 560 15215
2913151 603169 560 41288
2913152 603169 560 154022
2913153 603169 560 30154
2913154 603169 560 2949
2913155 603169 560 3606
2913159 1943758 560 154091
2913160 1943758 560 2486
2913161 1943758 560 15157
2913166 603171 560 3789
2913167 603171 560 15231
2913168 603171 560 1215
2913169 603171 560 17025
2913170 191199 560 154028
2913171 191199 560 154016
2913172 603172 560 15330
2913176 1943760 560 154093
2913177 1943760 560 48
2913178 1943760 560 2971
2913179 1943760 560 30937
2913180 1943760 560 4
2913204 603181 560 1561
2913205 603181 560 92
2913206 603181 560 4511
2913207 603181 560 5948
2913212 603183 560 523
2913213 603183 560 13845
2913214 1943761 560 4846
2913215 1943761 560 4621
2913219 603185 560 3606
2913220 603185 560 60777
2913221 603185 560 17025
2913222 603185 560 154012
2913223 603186 560 15157
2913224 603186 560 2709
2913225 603186 560 4297
2913226 603186 560 18673
2913227 1943762 560 3050
2913228 1943762 560 18547
2913229 1943762 560 1052
2913236 603188 560 941
2913237 603188 560 969
2913238 603188 560 11852
2913239 603188 560 15729
2913240 603188 560 15320
2913241 1943764 560 5757
2913242 1943764 560 4933
2913243 1943764 560 4027
2913244 1943764 560 4511
2913245 1943764 560 302
2913246 603189 560 1561
2913247 603189 560 15157
2913248 603189 560 2971
2913249 603189 560 503
2913250 442661 560 125555
2913251 442661 560 3
2913252 442661 560 79
2913253 442661 560 342
2913254 603190 560 2437
2913255 603190 560 9966
2913256 603190 560 450
2913257 603190 560 43772
2913272 603195 560 5948
2913273 603195 560 1943
2913274 603196 560 2274
2913275 603196 560 1561
2913276 603196 560 1564
2913277 603196 560 154027
2913278 603197 560 5051
2913279 603197 560 154096
2913280 603197 560 2403
2913285 603199 560 3258
2913286 603199 560 3798
2913294 603200 560 46369
2913295 603200 560 334
2913298 603202 560 30154
2913299 603202 560 44498
2913300 603202 560 68053
2913301 603203 560 941
2913302 603203 560 7333
2913303 603203 560 43975
2913304 603203 560 3441
2913310 603204 560 12322
2913311 603204 560 1052
2913312 603205 560 556
2913313 603205 560 139
2913314 603205 560 40825
2913315 305938 560 3567
2913316 305938 560 334
2913317 305938 560 4489
2913318 305938 560 97
2913319 603206 560 79
2913320 603206 560 342
2913321 603206 560 15986
2913322 603206 560 24
2913323 603206 560 295
2913332 603209 560 16022
2913333 603209 560 81374
2913334 603210 560 154050
2913335 603210 560 1191
2913336 603210 560 5153
2913337 603210 560 154099
2913338 603210 560 8857
2913339 603210 560 46539
2913340 603211 560 20105
2913341 603211 560 4951
2913350 603215 560 334
2913351 603215 560 343
2913352 603215 560 342
2913353 603215 560 79
2913354 603215 560 4276
2913355 1943766 560 28631
2913356 1943766 560 2613
2913363 603218 560 1698
2913364 603218 560 302
2913365 603218 560 2613
2913375 603220 560 1565
2913376 603220 560 1698
2913377 603220 560 8915
2913378 88484 560 295
2913379 88484 560 3240
2913380 88484 560 154100
2913381 88484 560 125
2913382 15374 560 301
2913383 15374 560 1119
2913384 15374 560 292
2913385 15374 560 125
2913386 15374 560 319
2913390 603223 560 5736
2913391 603223 560 731
2913392 603223 560 291
2913393 1943768 560 18547
2913394 1943768 560 3050
2913395 1943768 560 27122
2913396 1943768 560 376
2913397 1943768 560 154101
2913398 603224 560 4532
2913399 603224 560 334
2913400 603224 560 361
2913401 603224 560 17025
2913423 603231 560 292
2913424 603231 560 1025
2913425 603231 560 1704
2913426 603231 560 3
2913451 603237 560 1564
2913452 603237 560 106654
2913453 603238 560 97
2913454 603238 560 1185
2913455 603238 560 941
2913456 603239 560 2520
2913457 603239 560 110813
2913465 487192 560 139
2913466 487192 560 3160
2913467 487192 560 1123
2913468 603242 560 3567
2913469 603243 560 1704
2913470 603243 560 8718
2913485 603248 560 154104
2913486 603248 560 17025
2913500 85523 560 941
2913501 85523 560 343
2913502 85523 560 342
2913503 85523 560 42008
2913516 306224 560 1215
2913517 306224 560 4335
2913518 306224 560 311
2913519 603257 560 27064
2913520 603257 560 3789
2913521 603257 560 1250
2913524 603259 560 1564
2913525 603259 560 2274
2913526 603259 560 154027
2913527 603259 560 2971
2913532 603260 560 1565
2913533 603260 560 1566
2913534 603260 560 6372
2913535 603260 560 311
2913536 603261 560 4961
2913537 603261 560 15986
2913538 603261 560 1191
2913539 603261 560 1237
2913540 603262 560 334
2913541 603262 560 14075
2913545 603264 560 11821
2913546 603264 560 154106
2913547 492986 560 301
2913548 492986 560 3
2913549 492986 560 342
2913550 492986 560 2908
2913551 603265 560 1238
2913552 603265 560 307
2913553 603265 560 65878
2913554 603266 560 154107
2913555 603267 560 2725
2913556 603267 560 4532
2913557 603267 560 3743
2913558 603267 560 17025
2913559 603267 560 62226
2913564 603269 560 3050
2913565 603269 560 2236
2913566 603269 560 1157
2913567 603269 560 334
2913591 603275 560 4297
2913592 603275 560 15284
2913593 603275 560 1565
2913594 603275 560 3311
2913595 603275 560 4046
2913596 603275 560 2186
2913600 603277 560 4532
2913601 603277 560 4335
2913602 603277 560 97
2913603 603277 560 334
2913607 603279 560 29
2913608 603279 560 31341
2913609 603279 560 140851
2913614 603281 560 242
2913615 603281 560 57452
2913625 1943772 560 276
2913626 1943772 560 10616
2913627 1943772 560 3311
2913628 1943772 560 941
2913629 603286 560 1561
2913630 603286 560 68419
2913631 603286 560 3141
2913632 603286 560 5048
2913633 603287 560 503
2913634 603287 560 2373
2913635 603287 560 3722
2913636 603287 560 1744
2913640 603289 560 154012
2913641 603289 560 95519
2913642 603289 560 3606
2913654 603290 560 4428
2913655 603290 560 4276
2913656 603290 560 12934
2913657 603290 560 11631
2913664 147495 560 1564
2913665 147495 560 125
2913666 147495 560 1947
2913667 147495 560 1704
2913668 147495 560 1716
2913672 603292 560 311
2913673 603292 560 66830
2913674 603292 560 2155
2913675 603292 560 869
2913688 603296 560 334
2913689 603296 560 4
2913690 603296 560 4995
2913691 603297 560 343
2913692 603297 560 4532
2913693 603297 560 1267
2913694 603297 560 17025
2913697 603299 560 79
2913698 603299 560 5216
2913699 603299 560 29264
2913700 603299 560 3
2913701 603299 560 154019
2913702 179048 560 3743
2913703 179048 560 869
2913704 179048 560 286
2913705 603300 560 34057
2913706 603300 560 2345
2913707 603300 560 9270
2913714 603303 560 1565
2913715 603303 560 2364
2913716 603304 560 1716
2913717 603304 560 1119
2913718 603304 560 2437
2913736 603310 560 62917
2913737 603310 560 343
2913738 603310 560 8820
2913739 603310 560 58159
2913740 603310 560 1565
2913741 603311 560 154112
2913742 603311 560 154012
2913743 603311 560 35
2913744 603311 560 19695
2913746 603313 560 154034
2913747 603313 560 1715
2913748 603313 560 4532
2913749 603314 560 1918
2913750 603315 560 1943
2913751 603315 560 334
2913752 603315 560 2133
2913771 603321 560 3240
2913772 603321 560 941
2913773 603321 560 154115
2913774 603321 560 334
2913775 603322 560 1692
2913776 603322 560 1322
2913777 603322 560 38148
2913778 603323 560 376
2913779 603323 560 2556
2913780 603323 560 10286
2913781 603323 560 302
2913782 603323 560 334
2913793 1943777 560 4540
2913794 1943777 560 52399
2913795 1943777 560 16022
2913796 1943777 560 1704
2913797 603327 560 2274
2913798 603327 560 1561
2913799 603327 560 55929
2913800 603328 560 2274
2913801 603328 560 1561
2913802 603328 560 4027
2913803 603329 560 2274
2913804 603329 560 154027
2913805 603330 560 39151
2913806 603330 560 912
2913807 321277 560 29
2913808 321277 560 334
2913809 321277 560 4297
2913810 603331 560 1847
2913811 603331 560 3475
2913812 603331 560 2186
2913813 603331 560 3050
2913814 603331 560 2657
2913815 1943778 560 48538
2913816 1943778 560 3
2913817 1943778 560 469
2913818 1943778 560 1704
2913819 1943778 560 1627
2913820 603332 560 321
2913821 603332 560 17025
2913822 603332 560 1049
2913823 603332 560 3835
2913824 603333 560 2456
2913825 603333 560 731
2913826 603333 560 16142
2913827 603333 560 2339
2913828 603334 560 301
2913829 603334 560 474
2913830 603334 560 21
2913831 603334 560 3160
2913832 603334 560 36226
2913833 603334 560 276
2913834 1943779 560 43772
2913835 1943779 560 52540
2913836 603335 560 16749
2913837 603336 560 1716
2913838 603336 560 3160
2913839 603336 560 15262
2913840 603336 560 295
2913841 603337 560 3789
2913842 603337 560 15157
2913843 603337 560 4
2913844 603337 560 72
2913848 603339 560 1554
2913849 603339 560 141054
2913850 603340 560 154116
2913851 603340 560 941
2913852 603340 560 16180
2913853 603340 560 20105
2913854 603341 560 3160
2913855 603341 560 138
2913856 603341 560 4713
2913857 603341 560 4135
2913858 603341 560 1918
2913859 603342 560 110505
2913860 603342 560 21702
2913861 603342 560 311
2913862 603342 560 1058
2913863 603343 560 9966
2913864 603343 560 16749
2913865 603343 560 48
2913866 603343 560 10184
2913867 7879 560 9966
2913868 7879 560 4791
2913869 7879 560 343
2913870 603344 560 154117
2913871 603344 560 1058
2913872 603344 560 1157
2913873 603345 560 1058
2913874 603345 560 19695
2913875 603345 560 2186
2913876 603346 560 63
2913877 603346 560 707
2913878 603346 560 343
2913879 603346 560 579
2913880 603346 560 51357
2913888 603348 560 4
2913889 603348 560 707
2913890 603348 560 60137
2913891 603348 560 63
2913892 603348 560 579
2913893 603348 560 51357
2913906 84150 560 76845
2913907 84150 560 941
2913908 84150 560 154021
2913909 84150 560 7333
2913910 1924552 560 343
2913911 1924552 560 2339
2913912 1924552 560 941
2913916 603354 560 154090
2913917 603354 560 367
2913918 603354 560 4027
2913919 603355 560 285
2913920 603355 560 125
2913921 603355 560 76
2913922 603355 560 4994
2913923 603356 560 1716
2913924 603356 560 154034
2913925 603356 560 17025
2913933 603359 560 4662
2913934 603359 560 1704
2913935 603359 560 311
2913936 603359 560 523
2913937 603360 560 28564
2913938 603360 560 28563
2913939 603360 560 1025
2913940 603360 560 150
2913941 39102 560 1141
2913942 39102 560 369
2913951 603363 560 1564
2913952 603363 560 16749
2913953 603363 560 4154
2913957 1943782 560 154121
2913958 1943782 560 57578
2913959 1943782 560 1126
2913964 603366 560 1119
2913965 603366 560 941
2913966 603366 560 4405
2913967 603367 560 17641
2913968 1943783 560 53694
2913969 1943783 560 29
2913970 603368 560 15754
2913971 603368 560 154123
2913972 603368 560 24488
2913976 603370 560 12322
2913977 603370 560 1052
2913982 603372 560 29
2913983 603372 560 28983
2913984 603373 560 38234
2913985 603373 560 32444
2913986 603373 560 1126
2913987 603373 560 4477
2913988 603373 560 4428
2913994 1943784 560 1563
2913995 1943784 560 639
2913996 1943784 560 5171
2913997 603376 560 10491
2913998 603376 560 27284
2913999 603376 560 29442
2914000 603376 560 15517
2914001 603376 560 1267
2914002 603377 560 3789
2914003 603377 560 1116
2914004 603377 560 4335
2914005 603377 560 17025
2914006 603378 560 4846
2914007 603378 560 1716
2914008 603379 560 154124
2914009 603379 560 1058
2914010 603379 560 16296
2914013 603381 560 1565
2914014 603381 560 3130
2914015 603381 560 16022
2914016 603381 560 1559
2914018 603383 560 3789
2914019 603383 560 20496
2914020 603383 560 24
2914021 603383 560 467
2914022 603383 560 15986
2914023 603383 560 334
2914024 603384 560 941
2914025 603384 560 7333
2914026 1943786 560 5495
2914027 1943786 560 4540
2914028 1943786 560 2725
2914029 1943786 560 72
2914030 1943786 560 242
2914035 1943787 560 3693
2914036 1943787 560 62917
2914037 1943787 560 4511
2914038 1943787 560 41805
2914048 603388 560 302
2914049 603388 560 583
2914050 603388 560 1565
2914051 603388 560 5495
2914052 603388 560 154012
2914053 1943788 560 154126
2914054 1943788 560 343
2914058 603389 560 307
2914059 603389 560 4532
2914060 603389 560 769
2914061 603389 560 1554
2914062 603389 560 276
2914063 603389 560 618
2914064 92761 560 503
2914065 92761 560 154127
2914066 293623 560 154128
2914067 293623 560 20364
2914068 293623 560 4439
2914069 293623 560 75
2914070 603390 560 21
2914071 603390 560 6261
2914072 603390 560 1184
2914073 603390 560 941
2914074 321652 560 29
2914075 321652 560 882
2914076 603391 560 46267
2914077 603391 560 4276
2914078 603391 560 4965
2914088 603395 560 1564
2914089 603395 560 302
2914090 603395 560 17661
2914091 603395 560 1716
2914096 1943790 560 4540
2914097 1943790 560 2725
2914098 1943790 560 154130
2914099 1943790 560 72
2914103 603399 560 60137
2914104 603399 560 579
2914105 603399 560 2186
2914106 603399 560 343
2914107 603399 560 154012
2914108 603399 560 95519
2914109 603400 560 141054
2914110 603400 560 926
2914111 603400 560 3606
2914112 603400 560 2403
2914120 603401 560 154026
2914121 603401 560 47650
2914122 603401 560 17025
2914128 603402 560 29515
2914129 603402 560 47239
2914130 603403 560 295
2914131 603403 560 79
2914132 603403 560 1943
2914133 603404 560 376
2914134 603404 560 882
2914135 603404 560 154132
2914136 603404 560 4276
2914137 603404 560 58159
2914138 603405 560 1704
2914139 603405 560 154133
2914140 603405 560 2456
2914141 603405 560 20105
2914142 603405 560 26542
2914143 443441 560 90704
2914144 443441 560 1788
2914145 443441 560 16142
2914159 1943794 560 5347
2914160 1943794 560 3050
2914161 603409 560 3463
2914162 603409 560 129099
2914163 603409 560 30154
2914164 603410 560 65516
2914165 603410 560 97073
2914175 603413 560 154135
2914176 603413 560 707
2914177 1943795 560 154136
2914178 1943795 560 48073
2914179 1943795 560 24
2914180 1943795 560 2707
2914181 1943795 560 343
2914182 1943795 560 467
2914188 364016 560 1764
2914189 364016 560 1119
2914190 364016 560 2155
2914191 364016 560 503
2914192 603416 560 1233
2914193 603416 560 556
2914194 603416 560 129099
2914202 603419 560 1716
2914203 603419 560 4585
2914204 603419 560 343
2914205 603419 560 707
2914206 1943796 560 60916
2914207 1943796 560 154138
2914208 1943796 560 58159
2914209 1943796 560 15215
2914216 603421 560 2236
2914217 603421 560 3050
2914218 603421 560 334
2914219 603422 560 138
2914220 603422 560 1197
2914221 603422 560 4627
2914227 603425 560 8820
2914228 603425 560 4335
2914229 603425 560 20024
2914230 603425 560 154012
2914231 603425 560 35580
2914233 603427 560 4053
2914234 603427 560 3593
2914257 603432 560 4
2914258 603432 560 72
2914259 603433 560 9966
2914260 603433 560 75
2914261 603433 560 21551
2914276 603437 560 9966
2914277 603437 560 2752
2914278 603437 560 1267
2914279 603437 560 93141
2914280 603438 560 557
2914281 603438 560 21035
2914282 603438 560 93141
2914283 603438 560 1267
2914298 603441 560 4850
2914299 603441 560 1716
2914300 603441 560 1058
2914322 603449 560 1561
2914323 603449 560 1119
2914324 603449 560 15362
2914325 603449 560 21551
2914332 603451 560 1561
2914333 603451 560 154143
2914336 603453 560 154145
2914337 603453 560 583
2914338 603454 560 4791
2914339 603454 560 583
2914340 603454 560 15284
2914341 603454 560 154145
2914345 603456 560 8695
2914346 603456 560 154016
2914347 603456 560 24000
2914348 603456 560 1561
2914363 603461 560 15329
2914364 603461 560 1119
2914365 603461 560 4532
2914366 603462 560 15329
2914367 603462 560 4323
2914368 603462 560 1119
2914369 603462 560 154137
2914370 603462 560 154019
2914392 603469 560 1565
2914393 603469 560 583
2914394 603469 560 2709
2914395 603470 560 29
2914396 603470 560 882
2914397 603471 560 30154
2914398 603471 560 68053
2914399 603471 560 311
2914400 603472 560 154033
2914401 603472 560 4713
2914402 603472 560 2056
2914403 603472 560 81374
2914404 603472 560 8820
2914405 603473 560 9966
2914406 603473 560 4532
2914407 603473 560 4335
2914408 603473 560 46641
2914409 603474 560 11583
2914410 603474 560 9966
2914411 603474 560 24287
2914412 603474 560 17025
2914413 603475 560 4901
2914414 603475 560 77580
2914415 603475 560 154033
2914416 603476 560 3789
2914417 603476 560 29714
2914418 603476 560 16073
2914419 603476 560 17025
2914429 603481 560 154148
2914430 603482 560 1119
2914431 603482 560 125
2914432 603482 560 1123
2914436 603484 560 3835
2914446 603487 560 2339
2914447 603487 560 5736
2914448 603487 560 941
2914449 603487 560 5256
2914450 603487 560 17326
2914451 603488 560 2150
2914452 603488 560 1183
2914453 603489 560 154105
2914454 603489 560 18422
2914455 1943803 560 154100
2914456 1943803 560 4585
2914457 1943803 560 3224
2914458 1943803 560 941
2914459 1943803 560 4297
2914460 603490 560 57267
2914461 603490 560 1124
2914462 603490 560 15097
2914466 603492 560 2274
2914467 603492 560 1561
2914468 603493 560 1716
2914469 603493 560 154055
2914470 603493 560 386
2914471 603493 560 24287
2914472 603494 560 3789
2914473 603494 560 15157
2914474 603494 560 17025
2914477 603496 560 42566
2914478 603496 560 16749
2914484 603499 560 9966
2914485 603499 560 4
2914486 603500 560 105224
2914487 603500 560 21551
2914488 603500 560 9966
2914497 603504 560 4046
2914498 603504 560 4283
2914499 603504 560 1704
2914500 603504 560 79
2914501 603504 560 40
2914502 603504 560 18278
2914503 603504 560 62917
2914504 603504 560 342
2914510 603506 560 15224
2914511 603506 560 1237
2914514 603508 560 154151
2914515 603508 560 154062
2914516 603508 560 15381
2914517 603509 560 15902
2914518 603509 560 154062
2914523 1943804 560 62749
2914524 1943804 560 30154
2914525 603510 560 3789
2914526 603510 560 2793
2914527 603510 560 15157
2914528 603510 560 1716
2914529 603510 560 1119
2914530 603511 560 334
2914531 603511 560 1119
2914532 603511 560 4323
2914533 603511 560 3593
2914537 603513 560 3789
2914538 603513 560 15986
2914539 603513 560 302
2914540 1943805 560 1716
2914541 1943805 560 1564
2914542 603514 560 15157
2914543 603514 560 286
2914544 603515 560 1564
2914545 603515 560 2971
2914546 603515 560 311
2914550 603517 560 391
2914551 603517 560 6737
2914552 603517 560 319
2914553 1943806 560 18673
2914554 1943806 560 5988
2914555 1943806 560 15189
2914560 603520 560 3789
2914561 603520 560 4428
2914562 603520 560 4335
2914563 603520 560 1716
2914564 603521 560 4532
2914565 603521 560 20106
2914566 603521 560 12731
2914567 603521 560 17025
2914572 603523 560 3527
2914573 603523 560 4563
2914574 603523 560 154153
2914583 1943808 560 1038
2914584 1943808 560 15249
2914585 1943808 560 57409
2914586 1943808 560 93058
2914597 603528 560 2186
2914598 603528 560 38135
2914599 603528 560 3
2914600 603528 560 583
2914601 603529 560 2456
2914602 603529 560 15189
2914603 603529 560 1052
2914610 589453 560 1157
2914611 589453 560 2186
2914612 589453 560 7834
2914613 603531 560 1627
2914614 603531 560 583
2914615 603531 560 4050
2914616 122971 560 150
2914617 122971 560 1025
2914618 122971 560 9975
2914625 603534 560 40
2914626 603534 560 541
2914627 603534 560 14112
2914628 603534 560 3258
2914629 1943809 560 4933
2914630 1943809 560 2709
2914631 1943809 560 3130
2914632 1943809 560 154130
2914636 603536 560 58122
2914637 603536 560 2155
2914638 603536 560 5906
2914639 603536 560 39310
2914640 603537 560 125
2914641 603537 560 2236
2914642 17149 560 302
2914643 17149 560 2486
2914644 17149 560 3743
2914645 17149 560 4832
2914646 17149 560 504
2914647 175994 560 295
2914648 175994 560 3
2914649 175994 560 125
2914658 193972 560 503
2914659 193972 560 2581
2914660 193972 560 6102
2914661 193972 560 2486
2914662 193972 560 508
2914663 603539 560 26730
2914664 603539 560 2339
2914665 603539 560 93141
2914683 1943811 560 3130
2914684 1943811 560 1565
2914685 1943811 560 1627
2914686 1943811 560 30154
2914687 603545 560 5948
2914688 603545 560 154155
2914689 603545 560 1191
2914690 603545 560 4
2914691 603545 560 3362
2914692 603546 560 154033
2914693 603546 560 4933
2914694 603546 560 4540
2914695 603546 560 242
2914696 603546 560 154012
2914697 603547 560 20498
2914698 603547 560 29515
2914699 603547 560 1304
2914702 603549 560 1023
2914703 603549 560 6289
2914704 1943812 560 941
2914705 1943812 560 6372
2914706 1943812 560 154156
2914707 1943812 560 306
2914708 603550 560 4961
2914709 603550 560 15275
2914710 603550 560 1237
2914717 468418 560 8527
2914718 468418 560 18266
2914723 1943813 560 17025
2914724 1943813 560 8820
2914725 1943813 560 2186
2914726 1943813 560 57159
2914748 603560 560 4
2914749 603560 560 9966
2914750 603560 560 4511
2914751 603560 560 72
2914753 603562 560 8820
2914754 603562 560 343
2914755 603562 560 58159
2914761 603565 560 3789
2914762 603565 560 4511
2914763 603565 560 15249
2914767 603567 560 1304
2914768 603567 560 120
2914800 546591 560 319
2914801 546591 560 125
2914805 1943815 560 941
2914806 1943815 560 376
2914807 1943815 560 139
2914808 1943815 560 42008
2914821 603577 560 33590
2914822 603577 560 1564
2914823 603577 560 13781
2914824 603577 560 154045
2914834 603581 560 40
2914835 1943817 560 376
2914836 1943817 560 154160
2914837 1943817 560 4297
2914838 1943817 560 22841
2914839 603582 560 4
2914840 603582 560 25563
2914841 603582 560 3257
2914842 603583 560 3789
2914843 603583 560 4532
2914844 603583 560 4428
2914848 603585 560 8820
2914849 603585 560 285
2914850 603585 560 17025
2914851 603586 560 79
2914852 603586 560 46261
2914853 603586 560 941
2914854 603586 560 38234
2914855 603586 560 250
2914856 603586 560 4540
2914857 603586 560 20322
2914858 603586 560 2908
2914861 603588 560 53895
2914862 603588 560 6550
2914863 603588 560 18337
2914864 603588 560 4335
2914865 603588 560 2971
2914866 603588 560 1297
2914867 603589 560 19678
2914868 603589 560 1769
2914869 603589 560 1191
2914875 603592 560 1052
2914881 603594 560 1565
2914884 603596 560 4901
2914885 603596 560 1157
2914886 603596 560 1565
2914906 603603 560 10240
2914935 603612 560 1716
2914936 603612 560 1561
2914937 603612 560 4961
2914938 603612 560 154163
2914947 603615 560 2150
2914948 603615 560 334
2914949 603615 560 1698
2914965 603620 560 639
2914966 603620 560 1692
2914967 603620 560 869
2914968 603620 560 1160
2914973 603622 560 97
2914974 603622 560 17025
2914988 339911 560 1444
2914989 339911 560 27209
2914990 603628 560 154165
2914991 603628 560 3693
2914992 603628 560 154166
2914993 603628 560 867
2915007 603632 560 154062
2915008 603632 560 52575
2915009 603632 560 26576
2915025 603637 560 302
2915026 603637 560 15986
2915027 603637 560 92
2915035 603640 560 319
2915036 603640 560 301
2915037 468657 560 1169
2915038 468657 560 503
2915039 393202 560 125
2915040 393202 560 29
2915043 603651 560 4369
2915044 603651 560 19578
2915045 1943820 560 5776
2915046 1943820 560 6372
2915047 1943820 560 4961
2915048 1943820 560 20161
2915049 1943820 560 941
2915057 603654 560 29
2915058 603654 560 20443
2915059 603654 560 10240
2915066 603642 560 1038
2915067 603642 560 1716
2915068 603643 560 154169
2915069 603643 560 15381
2915070 603644 560 72
2915071 603644 560 53039
2915083 603647 560 29
2915084 603647 560 27332
2915099 603656 560 18988
2915100 603656 560 154171
2915101 603656 560 18753
2915102 603656 560 503
2915106 603658 560 23851
2915107 603658 560 250
2915108 603658 560 508
2915109 603658 560 319
2915110 603659 560 1565
2915111 603659 560 16022
2915112 603659 560 557
