2915133 420971 561 44
2915134 420971 561 698
2915135 420971 561 6137
2915136 420971 561 155
2915137 420971 561 285
2915146 603664 561 6737
2915147 603664 561 14121
2915148 603664 561 2892
2915149 603664 561 154174
2915150 421215 561 5146
2915151 421215 561 1886
2915152 603665 561 1808
2915153 603665 561 29326
2915154 603665 561 13554
2915155 603665 561 1261
2915156 603665 561 154175
2915157 421239 561 992
2915158 421239 561 1747
2915159 421239 561 90
2915160 421239 561 1781
2915161 316447 561 220
2915162 316447 561 46
2915163 316447 561 102874
2915164 316447 561 318
2915165 316447 561 276
2915166 316447 561 44
2915167 316447 561 332
2915168 316447 561 458
2915169 316447 561 568
2915170 316447 561 5197
2915171 421303 561 1141
2915172 421303 561 138
2915173 421303 561 26646
2915174 603666 561 5146
2915175 603666 561 1886
2915176 603667 561 220
2915177 603667 561 369
2915178 603667 561 225
2915179 603667 561 318
2915180 603667 561 6148
2915181 603667 561 6579
2915182 603667 561 332
2915183 603667 561 118
2915184 603667 561 276
2915185 603667 561 5197
2915186 603667 561 458
2915189 62642 561 6579
2915190 62642 561 6864
2915191 62642 561 7136
2915192 62642 561 108
2915193 603668 561 5146
2915209 52390 561 3
2915210 52390 561 108
2915211 52390 561 138
2915212 52390 561 46
2915213 52390 561 44
2915214 52390 561 6579
2915215 52390 561 530
2915216 696542 561 5371
2915217 696542 561 4653
2915218 696542 561 187
2915235 56664 561 138
2915236 56664 561 125
2915237 56664 561 1775
2915238 56664 561 1064
2915239 56664 561 797
2915240 56664 561 187
2915241 56664 561 216
2915242 56664 561 144
2915243 1921709 561 11
2915244 1921709 561 926
2915245 1921709 561 1747
2915246 1921709 561 1106
2915247 1921709 561 4442
2915260 421999 561 19928
2915261 421999 561 1720
2915262 421999 561 138
2915263 421999 561 2994
2915264 421999 561 287
2915275 422051 561 992
2915276 422051 561 154179
2915277 422051 561 44
2915278 422051 561 138
2915279 422051 561 187
2915280 40931 561 44
2915281 40931 561 138
2915282 40931 561 46
2915283 40931 561 926
2915284 40931 561 1141
2915285 422073 561 6079
2915286 422073 561 46
2915287 422073 561 5906
2915288 422073 561 285
2915289 422073 561 3285
2915290 603673 561 1141
2915291 603673 561 144
2915292 1943822 561 3567
2915293 1943822 561 138
2915294 22925 561 108
2915295 22925 561 138
2915296 22925 561 4446
2915297 22925 561 2902
2915298 22925 561 6273
2915299 22925 561 1714
2915300 22925 561 4
2915301 603674 561 10
2915302 603674 561 1133
2915303 603674 561 1138
2915304 603674 561 156
2915328 1943823 561 7794
2915329 1943823 561 2742
2915330 382460 561 21
2915331 382460 561 2236
2915332 382460 561 2647
2915333 382460 561 2371
2915334 382460 561 72
2915335 382460 561 24836
2915336 382460 561 43993
2915337 382460 561 2556
2915338 382460 561 2057
2915339 603677 561 276
2915340 603677 561 5237
2915341 603677 561 4292
2915342 603677 561 2104
2915343 603678 561 139
2915344 603678 561 816
2915345 603678 561 6
2915346 603678 561 992
2915347 603678 561 18655
2915351 34493 561 941
2915352 34493 561 3
2915353 34493 561 44
2915354 34493 561 1720
2915355 34493 561 4462
2915356 34493 561 154184
2915357 34493 561 85875
2915358 34493 561 23
2915359 34493 561 154185
2915360 34493 561 154186
2915361 34493 561 154187
2915362 34493 561 154188
2915363 34493 561 106787
2915364 34493 561 22992
2915365 34493 561 4328
2915369 603680 561 2464
2915370 603680 561 1890
2915371 603680 561 1406
2915375 42912 561 118
2915376 42912 561 1890
2915377 42912 561 458
2915378 42912 561 926
2915379 42912 561 120
2915380 90256 561 16627
2915381 90256 561 1141
2915382 90256 561 6
2915383 90256 561 187
2915384 90256 561 816
2915385 90256 561 1703
2915386 90256 561 1795
2915387 603682 561 894
2915388 603682 561 730
2915389 603682 561 104
2915390 603682 561 342
2915391 603682 561 1127
2915392 603682 561 3290
2915397 277005 561 1136
2915398 277005 561 978
2915399 277005 561 5933
2915408 603684 561 108
2915409 603684 561 44
2915410 81454 561 6
2915411 81454 561 3567
2915412 81454 561 9920
2915413 81454 561 138
2915414 81454 561 1141
2915415 81454 561 1999
2915416 81454 561 941
2915417 81454 561 202
2915418 603685 561 108
2915419 603685 561 8862
2915420 603686 561 799
2915421 603686 561 1751
2915422 603686 561 154190
2915423 603686 561 352
2915424 603686 561 138
2915425 603686 561 2082
2915426 603686 561 39
2915430 99924 561 70
2915431 99924 561 262
2915432 99924 561 305
2915433 99924 561 285
2915434 99924 561 3
2915435 99924 561 978
2915436 99924 561 39952
2915437 99924 561 39953
2915438 99924 561 11993
2915439 99924 561 11770
2915450 603687 561 1007
2915451 603687 561 188
2915452 603687 561 291
2915453 603687 561 7977
2915454 603687 561 11
2915455 603687 561 189
2915456 603687 561 108
2915457 603688 561 108
2915458 603688 561 978
2915459 603688 561 70
2915460 603688 561 3333
2915461 603688 561 5645
2915462 603688 561 138
2915463 603688 561 3
2915464 603688 561 5631
2915465 603688 561 5464
2915466 603688 561 5936
2915471 143554 561 6864
2915472 143554 561 7136
2915473 143554 561 108
2915474 143554 561 188
2915475 143554 561 138
2915489 524353 561 1031
2915490 524353 561 2890
2915491 603692 561 1367
2915492 603692 561 816
2915493 603692 561 6
2915494 603692 561 85628
2915495 603692 561 8036
2915496 603692 561 1795
2915497 603692 561 16259
2915511 393899 561 10764
2915512 393899 561 105464
2915513 27550 561 138
2915514 27550 561 44
2915515 27550 561 108
2915516 27550 561 6579
2915517 27550 561 926
2915527 363937 561 4895
2915528 363937 561 2817
2915529 363937 561 44445
2915530 363937 561 1141
2915531 363937 561 305
2915532 363937 561 90
2915539 603696 561 3307
2915540 603696 561 17472
2915541 603696 561 4812
2915542 603696 561 154195
2915543 603696 561 2989
2915544 603696 561 24515
2915545 603696 561 3704
2915546 603696 561 556
2915547 603696 561 3222
2915548 603696 561 39409
2915552 603698 561 5798
2915553 603698 561 221
2915554 603698 561 4653
2915555 603698 561 154196
2915556 603698 561 5277
2915557 603698 561 8651
2915558 603698 561 138
2915570 603700 561 1937
2915571 603700 561 1367
2915572 603700 561 816
2915573 603700 561 138
2915574 603700 561 941
2915575 603700 561 6
2915576 603701 561 2443
2915577 603701 561 138
2915578 603701 561 1367
2915579 603701 561 1125
2915580 603701 561 6
2915581 603701 561 8293
2915583 603702 561 596
2915584 603702 561 40
2915585 603702 561 138
2915586 603703 561 46
2915587 603703 561 7360
2915588 603703 561 1938
2915589 603703 561 39638
2915590 603703 561 111600
2915591 603703 561 1937
2915592 603703 561 941
2915593 603703 561 795
2915594 603703 561 894
2915595 603703 561 4362
2915596 603703 561 77
2915597 603703 561 285
2915598 603703 561 139
2915599 603704 561 365
2915600 603704 561 80
2915601 603704 561 1128
2915602 603704 561 2647
2915603 603704 561 72
2915604 603704 561 1123
2915605 603704 561 81
2915606 603704 561 1728
2915607 603704 561 1707
2915608 603704 561 1450
2915609 603704 561 40
2915615 603706 561 4967
2915616 603706 561 4966
2915617 603706 561 307
2915618 603706 561 4132
2915619 603706 561 54298
2915620 603706 561 1653
2915632 36588 561 154203
2915633 36588 561 961
2915634 36588 561 154204
2915635 603709 561 1367
2915636 603709 561 1125
2915637 603709 561 1886
2915638 603709 561 6
2915639 603709 561 2131
2915640 603709 561 2294
2915641 603709 561 20943
2915642 406869 561 1138
2915643 406869 561 10
2915644 406869 561 6011
2915645 406869 561 1133
2915646 406869 561 3
2915647 406869 561 138
2915648 406869 561 4292
2915649 406869 561 125
2915650 406869 561 108
2915651 406869 561 11318
2915652 67650 561 16145
2915653 67650 561 81
2915654 67650 561 2903
2915655 67650 561 154205
2915656 67650 561 154206
2915669 603711 561 1732
2915670 603711 561 996
2915671 603711 561 503
2915672 603711 561 24
2915673 603711 561 637
2915674 603711 561 1744
2915675 603711 561 3811
2915676 603711 561 21894
2915680 1943826 561 2637
2915681 603712 561 138
2915682 603712 561 44
2915683 603712 561 108
2915684 603712 561 3
2915685 603712 561 1141
2915686 603712 561 90
2915687 603712 561 46
2915688 48816 561 12002
2915689 48816 561 1141
2915690 48816 561 154214
2915691 48816 561 1897
2915692 48816 561 90
2915693 48816 561 20
2915694 48816 561 369
2915695 603713 561 108
2915696 603713 561 3333
2915697 603713 561 5645
2915698 603713 561 138
2915699 603713 561 3
2915702 60593 561 5670
2915703 60593 561 108
2915704 60593 561 144365
2915705 60593 561 9682
2915706 60593 561 138
2915707 60593 561 1438
2915708 60593 561 700
2915716 603714 561 46
2915717 603714 561 11
2915718 603714 561 1611
2915719 603714 561 6754
2915720 603714 561 1720
2915721 603714 561 221
2915722 603714 561 1325
2915723 603714 561 9977
2915724 603714 561 1838
2915725 603714 561 220
2915726 603714 561 332
2915727 603714 561 44
2915728 603714 561 138
2915729 396335 561 188
2915730 396335 561 108
2915731 396335 561 138
2915732 396335 561 44
2915733 396335 561 46
2915734 396335 561 528
2915747 603717 561 5934
2915748 603717 561 108
2915749 603717 561 188
2915761 331122 561 5939
2915762 331122 561 5146
2915778 125635 561 1491
2915779 125635 561 466
2915780 125635 561 307
2915817 603727 561 816
2915818 603727 561 154217
2915819 603727 561 5342
2915820 1943827 561 10031
2915821 1943827 561 188
2915822 1943827 561 1007
2915823 1943827 561 11201
2915824 41932 561 668
2915825 41932 561 188
2915826 50145 561 974
2915827 50145 561 5126
2915842 603730 561 568
2915843 603730 561 388
2915844 603730 561 264
2915845 603730 561 44
2915846 603730 561 154220
2915847 603730 561 996
2915848 603730 561 1062
2915849 603730 561 21894
2915850 603730 561 1732
2915851 603730 561 53405
2915852 603730 561 6928
2915853 603730 561 31714
2915854 603730 561 38155
2915855 603730 561 1191
2915856 603730 561 1867
2915857 603730 561 458
2915858 528827 561 108
2915859 528827 561 2746
2915860 528827 561 11229
2915861 528827 561 290
2915862 528827 561 4368
2915863 528827 561 3
2915881 603734 561 138
2915882 603734 561 108
2915883 603734 561 46
2915884 603734 561 1886
2915887 2220 561 1775
2915894 603735 561 7430
2915895 603735 561 1832
2915896 603735 561 2609
2915897 603735 561 138
2915898 16784 561 10635
2915899 16784 561 138
2915900 1943828 561 3705
2915901 1943828 561 154225
2915909 603737 561 188
2915910 603737 561 5146
2915911 603737 561 90
2915912 603737 561 2150
2915913 603738 561 154227
2915914 603738 561 154183
2915915 603738 561 267
2915916 603738 561 941
2915917 603738 561 85875
2915918 603738 561 154184
2915919 603738 561 9620
2915920 603738 561 154188
2915921 603738 561 154187
2915922 603738 561 4328
2915923 603738 561 466
2915924 603738 561 96313
2915925 603738 561 161
2915926 603738 561 4462
2915927 603738 561 2674
2915928 603738 561 154185
2915929 603738 561 154186
2915930 603738 561 4621
2915934 113174 561 1141
2915935 113174 561 285
2915936 113174 561 6063
2915937 113174 561 10633
2915938 113174 561 305
2915951 603740 561 635
2915952 603740 561 138
2915953 603740 561 10635
2915954 603741 561 1138
2915955 603741 561 44
2915956 603741 561 1720
2915957 603741 561 1133
2915958 250032 561 1141
2915959 250032 561 154229
2915960 250032 561 44543
2915969 1943829 561 1133
2915970 1943829 561 10
2915971 1943829 561 1138
2915972 603744 561 1133
2915973 603744 561 1138
2915974 603744 561 20221
2915975 603744 561 6841
2915976 603744 561 10860
2915977 603744 561 10
2915984 603745 561 318
2915985 603745 561 154231
2915986 603745 561 220
2915987 603745 561 6148
2915988 603745 561 276
2915989 603745 561 458
2915990 603745 561 5197
2915991 603745 561 118
2915992 603746 561 992
2915993 603746 561 27891
2915994 603746 561 2990
2915995 603746 561 95257
2915996 603746 561 8835
2915997 603746 561 8067
2915998 603747 561 9977
2915999 603747 561 9976
2916000 603747 561 1034
2916001 603747 561 154232
2916002 603747 561 668
2916003 603747 561 188
2916004 1943830 561 6725
2916005 1943830 561 4265
2916006 1943830 561 138
2916007 59663 561 47787
2916008 59663 561 108
2916009 59663 561 154233
2916010 603748 561 188
2916011 603748 561 44
2916012 603748 561 5146
2916013 603748 561 46
2916014 603748 561 138
2916015 603748 561 90
2916016 603748 561 108
2916017 603748 561 4446
2916030 603751 561 54653
2916031 24726 561 3
2916032 24726 561 10936
2916033 24726 561 154235
2916034 24726 561 154236
2916035 24726 561 259
2916036 24726 561 108
2916037 24726 561 154237
2916038 603752 561 125
2916039 603752 561 15
2916040 603752 561 108
2916041 603752 561 138
2916042 603752 561 1720
2916043 603752 561 1025
2916044 603752 561 941
2916045 603752 561 3779
2916046 603752 561 3849
2916047 603752 561 1141
2916048 603753 561 138
2916049 603753 561 6864
2916050 603753 561 6174
2916051 603753 561 7136
2916052 603753 561 188
2916053 603753 561 290
2916059 552985 561 1744
2916060 552985 561 15729
2916061 552985 561 4392
2916062 603755 561 29
2916063 603755 561 9456
2916064 603755 561 14142
2916065 603755 561 2815
2916066 603755 561 6046
2916067 603755 561 2526
2916068 603755 561 1958
2916069 603755 561 44917
2916070 603755 561 22374
2916071 603755 561 29469
2916072 603755 561 9557
2916073 603755 561 60431
2916074 603755 561 42218
2916075 603755 561 20913
2916076 603755 561 29553
2916077 42340 561 1141
2916078 42340 561 10951
2916079 42340 561 9413
2916080 42340 561 3505
2916081 42340 561 1937
2916082 603756 561 259
2916083 603756 561 285
2916084 603756 561 44
2916085 603756 561 4442
2916086 603756 561 12878
2916087 603756 561 1230
2916088 505106 561 125
2916089 505106 561 1775
2916090 505106 561 1882
2916091 505106 561 2943
2916092 505106 561 2057
2916093 505106 561 5469
2916094 505106 561 1900
2916095 505106 561 216
2916096 505106 561 1123
2916097 505106 561 44
2916098 603757 561 3574
2916099 603757 561 2057
2916100 603757 561 41947
2916101 603757 561 38370
2916102 603757 561 30444
2916103 603757 561 12111
2916104 603757 561 5559
2916105 603757 561 49844
2916106 603757 561 52623
2916107 603757 561 4261
2916108 603757 561 292
2916109 603757 561 39
2916110 603757 561 5940
2916111 603757 561 992
2916112 603757 561 276
2916118 603759 561 2057
2916119 603759 561 39320
2916120 603759 561 5940
2916121 603759 561 3257
2916122 603759 561 11967
2916123 603759 561 117124
2916124 603759 561 1703
2916125 1943831 561 90
2916126 1943831 561 926
2916127 1943831 561 1007
2916128 1943831 561 108
2916129 1943831 561 188
2916130 603760 561 24233
2916131 603760 561 154238
2916132 603760 561 154239
2916133 603760 561 154240
2916134 603760 561 1051
2916135 603761 561 1148
2916136 603762 561 3
2916137 603762 561 81
2916145 603763 561 4877
2916146 603763 561 1120
2916147 603763 561 154241
2916148 603763 561 188
2916149 603763 561 90
2916150 603763 561 44
2916159 603765 561 3
2916160 603765 561 10941
2916161 603765 561 154242
2916162 603765 561 2178
2916163 603765 561 154185
2916164 603765 561 3712
2916165 603765 561 18646
2916166 603765 561 2629
2916167 603765 561 1808
2916168 603765 561 38294
2916169 603765 561 5642
2916170 603765 561 276
2916171 603765 561 391
2916172 603765 561 4730
2916173 603765 561 1886
2916178 603767 561 154244
2916179 603767 561 734
2916180 603767 561 331
2916181 603767 561 154245
2916182 603767 561 39214
2916183 603767 561 36497
2916184 603767 561 154246
2916185 603767 561 2442
2916186 603768 561 1034
2916187 603768 561 9977
2916188 603768 561 9976
2916189 603768 561 11
2916190 603768 561 2810
2916191 603768 561 1229
2916192 603769 561 1767
2916193 603769 561 1728
2916194 603769 561 154247
2916195 603769 561 6515
2916196 603769 561 557
2916197 603769 561 385
2916198 603769 561 3466
2916199 603769 561 1896
2916200 603769 561 154248
