2986029 615384 571 2816
2986030 615384 571 221
2986042 615386 571 138
2986043 615386 571 5891
2986044 615386 571 284
2986045 615386 571 3256
2986046 615387 571 138
2986047 615387 571 125
2986048 615387 571 941
2986049 615387 571 187
2986050 615387 571 4653
2986051 615387 571 3153
2986053 615388 571 44
2986054 615388 571 138
2986055 615388 571 221
2986056 615388 571 1058
2986057 615388 571 113207
2986058 615388 571 187
2986059 615388 571 328
2986060 615388 571 6289
2986061 615388 571 3567
2986062 615388 571 5891
2986066 615389 571 780
2986067 615389 571 11
2986068 615389 571 1007
2986069 615389 571 28
2986070 615389 571 72
2986071 615389 571 77
2986072 615389 571 44
2986073 615389 571 1058
2986089 57719 571 138
2986090 57719 571 44
2986091 57719 571 2902
2986092 57719 571 12
2986093 57719 571 287
2986094 57719 571 20134
2986095 420970 571 11
2986096 420970 571 80
2986097 420970 571 926
2986098 420970 571 1058
2986099 22810 571 138
2986100 22810 571 44
2986101 22810 571 1058
2986102 22810 571 369
2986103 360025 571 90
2986104 360025 571 369
2986105 360025 571 139
2986106 360025 571 829
2986107 360025 571 104
2986112 40869 571 44
2986113 40869 571 1058
2986114 40869 571 11
2986115 40869 571 287
2986116 40869 571 825
2986121 615393 571 3153
2986122 615393 571 138
2986123 615393 571 328
2986124 615393 571 287
2986125 615393 571 507
2986126 421033 571 138
2986127 421033 571 44
2986128 421033 571 284
2986129 421033 571 6117
2986141 382911 571 138
2986142 382911 571 941
2986143 382911 571 311
2986144 382911 571 72
2986145 382911 571 1704
2986146 382911 571 158010
2986152 37771 571 138
2986153 37771 571 44
2986154 37771 571 328
2986155 37771 571 1058
2986156 37771 571 287
2986157 37771 571 825
2986158 37771 571 4446
2986173 615397 571 44
2986174 615397 571 138
2986175 615397 571 72
2986176 615397 571 292
2986177 615397 571 1049
2986178 615398 571 138
2986179 615398 571 284
2986180 615398 571 289
2986186 402007 571 44
2986187 402007 571 1058
2986188 402007 571 11
2986189 402007 571 5146
2986190 402007 571 188
2986191 402007 571 90
2986201 1945121 571 138
2986202 1945121 571 2902
2986203 1945121 571 982
2986204 11300 571 138
2986205 11300 571 44
2986206 11300 571 285
2986207 11300 571 11
2986208 11300 571 188
2986209 11300 571 286
2986225 435300 571 216
2986226 435300 571 44
2986227 435300 571 1058
2986228 435300 571 72
2986229 421489 571 44
2986230 421489 571 138
2986231 421489 571 2902
2986232 421489 571 12
2986233 615405 571 44
2986234 615405 571 138
2986235 615405 571 187
2986236 615405 571 6011
2986237 615405 571 12
2986238 615406 571 138
2986239 615406 571 44
2986240 615406 571 158013
2986241 615406 571 6011
2986242 615406 571 158014
2986243 615406 571 50840
2986286 62642 571 138
2986287 62642 571 44
2986288 62642 571 1058
2986289 62642 571 108
2986290 62642 571 638
2986291 615407 571 138
2986292 615407 571 287
2986293 615407 571 328
2986294 615407 571 47464
2986295 402112 571 138
2986296 402112 571 926
2986297 402112 571 1141
2986298 402112 571 44
2986299 402112 571 825
2986305 58928 571 138
2986306 58928 571 44
2986307 58928 571 1058
2986308 58928 571 328
2986327 360293 571 4252
2986328 360293 571 44
2986329 360293 571 1058
2986330 360293 571 138
2986331 360293 571 825
2986332 360293 571 3153
2986333 1012 571 125
2986334 1012 571 12
2986335 1012 571 2990
2986339 615417 571 138
2986340 615417 571 941
2986341 615417 571 11
2986342 615417 571 4028
2986343 615417 571 39
2986344 615417 571 50510
2986345 615417 571 187
2986346 615417 571 158010
2986347 47663 571 44
2986348 47663 571 125
2986349 47663 571 108
2986350 47663 571 527
2986351 47663 571 138
2986352 47663 571 1056
2986353 47663 571 1116
2986354 47663 571 287
2986359 615419 571 2902
2986360 615419 571 982
2986361 615419 571 5670
2986362 615419 571 138
2986363 615419 571 284
2986364 374310 571 44
2986365 374310 571 138
2986366 374310 571 4595
2986367 374310 571 825
2986368 374310 571 926
2986385 22868 571 138
2986386 22868 571 44
2986387 22868 571 187
2986388 22868 571 6011
2986389 22887 571 139
2986390 22887 571 155
2986391 360360 571 138
2986392 360360 571 44
2986393 360360 571 1058
2986394 360360 571 285
2986395 488058 571 11
2986396 488058 571 221
2986397 488058 571 6257
2986398 488058 571 286
2986399 488058 571 156
2986400 38946 571 138
2986401 38946 571 2902
2986402 615420 571 156
2986403 615420 571 216
2986404 615420 571 44
2986405 615420 571 1058
2986406 615420 571 305
2986407 38951 571 2902
2986408 38951 571 44
2986409 38951 571 138
2986410 38951 571 108
2986411 38951 571 287
2986412 38951 571 369
2986413 38951 571 12
2986425 402344 571 1058
2986426 402344 571 11
2986427 402344 571 221
2986428 402344 571 6257
2986429 402344 571 6278
2986430 402344 571 2008
2986431 402344 571 4436
2986435 22902 571 138
2986436 22902 571 44
2986437 22902 571 1058
2986438 22902 571 108
2986439 22902 571 4446
2986440 22902 571 158016
2986441 615423 571 44
2986442 615423 571 1058
2986443 615423 571 108
2986444 615423 571 4446
2986445 615423 571 158016
2986446 615424 571 138
2986447 615424 571 44
2986448 615424 571 3567
2986449 615424 571 187
2986450 615424 571 6045
2986451 615424 571 2940
2986460 615425 571 138
2986461 615425 571 284
2986462 615425 571 941
2986463 615425 571 187
2986464 615425 571 361
2986465 615425 571 1183
2986466 615425 571 1267
2986467 615425 571 158017
2986468 190 571 138
2986469 190 571 2902
2986470 190 571 203
2986471 190 571 287
2986472 190 571 44
2986473 190 571 1058
2986474 38954 571 44
2986475 38954 571 1058
2986476 38954 571 527
2986477 38954 571 1117
2986478 38954 571 1056
2986479 38954 571 1436
2986480 38954 571 12
2986481 587407 571 44
2986482 587407 571 1058
2986483 587407 571 138
2986484 587407 571 40
2986485 587407 571 12
2986486 892519 571 44
2986487 892519 571 1058
2986488 892519 571 138
2986489 892519 571 40
2986490 892519 571 12
2986491 615426 571 44
2986492 615426 571 138
2986493 615426 571 1058
2986494 615426 571 40
2986495 342223 571 287
2986496 342223 571 4368
2986497 342223 571 138
2986498 342223 571 292
2986499 342223 571 1049
2986500 342223 571 44
2986501 342223 571 1058
2986502 348519 571 44
2986503 348519 571 1058
2986504 348519 571 527
2986505 348519 571 10296
2986506 348519 571 275
2986507 348519 571 1436
2986508 348519 571 203
2986509 615427 571 138
2986510 615427 571 44
2986511 615427 571 1058
2986512 615427 571 108
2986513 615427 571 527
2986514 615427 571 12
2986515 615427 571 72
2986516 132182 571 1058
2986517 132182 571 203
2986518 132182 571 138
2986519 132182 571 44
2986520 132182 571 527
2986521 132182 571 1117
2986522 132182 571 108
2986523 615428 571 44
2986524 615428 571 1058
2986525 615428 571 138
2986526 615428 571 2902
2986527 615428 571 4446
2986528 615428 571 12
2986529 151298 571 138
2986530 151298 571 44
2986531 151298 571 4653
2986532 151298 571 3567
2986533 151298 571 187
2986534 199313 571 138
2986535 199313 571 12
2986536 199313 571 4323
2986537 615429 571 44
2986538 615429 571 138
2986539 615429 571 284
2986540 615429 571 3798
2986541 615429 571 187
2986542 615429 571 4276
2986564 28950 571 138
2986565 28950 571 187
2986566 28950 571 575
2986567 28950 571 6011
2986568 28950 571 125
2986569 338622 571 44
2986570 338622 571 1058
2986571 338622 571 5670
2986574 852 571 44
2986575 852 571 285
2986576 852 571 457
2986594 128625 571 221
2986595 128625 571 6257
2986596 128625 571 6278
2986597 128625 571 30
2986598 128625 571 1367
2986599 128625 571 17967
2986600 128625 571 457
2986601 615436 571 11
2986602 615436 571 221
2986603 615436 571 6257
2986604 615436 571 6278
2986605 615436 571 294
2986611 615438 571 221
2986612 615438 571 6257
2986613 615438 571 6278
2986614 615438 571 5670
2986615 615438 571 11
2986616 615438 571 138
2986621 22949 571 139
2986622 22949 571 285
2986623 22949 571 1534
2986627 615441 571 158012
2986628 615441 571 10296
2986629 615441 571 44
2986630 615441 571 1058
2986631 615441 571 527
2986635 15188 571 44
2986636 15188 571 1058
2986637 15188 571 285
2986638 15188 571 136
2986648 405939 571 1058
2986649 405939 571 11
2986650 405939 571 221
2986651 405939 571 6257
2986652 405939 571 2008
2986653 405939 571 6622
2986654 615444 571 1058
2986655 615444 571 108
2986656 615444 571 72
2986657 615444 571 369
2986658 615444 571 2008
2986659 615444 571 44
2986660 615444 571 138
2986661 615444 571 978
2986662 615444 571 5105
2986663 615445 571 11
2986664 615445 571 221
2986665 615445 571 6257
2986666 615445 571 6278
2986667 615445 571 6622
2986668 615445 571 1058
2986669 615446 571 1058
2986670 615446 571 11
2986671 615446 571 221
2986672 615446 571 6257
2986673 615446 571 6278
2986677 615448 571 2902
2986678 615448 571 138
2986679 615448 571 5670
2986680 615448 571 2008
2986681 615449 571 221
2986682 615449 571 6257
2986683 615449 571 2008
2986684 615449 571 2816
2986685 615449 571 11
2986686 615449 571 1058
2986687 615449 571 6278
2986688 615449 571 926
2986689 615449 571 90
2986690 63093 571 2008
2986691 63093 571 39
2986692 63093 571 139
2986693 11583 571 457
2986694 11583 571 2008
2986695 11583 571 146223
2986696 11583 571 139
2986697 11583 571 926
2986698 11583 571 72
2986699 1915554 571 44
2986700 1915554 571 1058
2986701 1915554 571 138
2986702 1915554 571 2902
2986703 1915554 571 5670
2986715 615450 571 5008
2986716 615450 571 5761
2986717 615450 571 138
2986718 615450 571 284
2986719 615450 571 1821
2986720 615450 571 2294
2986721 34475 571 138
2986722 34475 571 187
2986723 34475 571 284
2986724 34475 571 926
2986725 34475 571 941
2986726 34475 571 72
2986727 34475 571 2902
2986728 34475 571 125
2986729 615451 571 941
2986730 615451 571 158019
2986731 615452 571 44
2986732 615452 571 72
2986733 615452 571 138
2986734 615452 571 254
2986747 615455 571 27255
2986748 615455 571 39
2986749 615455 571 158021
2986750 237205 571 284
2986751 237205 571 138
2986752 237205 571 3567
2986773 595059 571 138
2986774 595059 571 284
2986775 595059 571 187
2986776 595059 571 2902
2986777 615458 571 11
2986778 615458 571 221
2986779 615458 571 6257
2986780 615458 571 6278
2986781 41034 571 39638
2986782 41034 571 138
2986783 41034 571 1183
2986784 41034 571 3567
2986785 41034 571 2902
2986786 41034 571 187
2986787 41034 571 284
2986788 41034 571 941
2986810 8206 571 138
2986811 8206 571 187
2986812 8206 571 1124
2986829 615462 571 294
2986830 615462 571 44
2986831 615462 571 1058
2986832 615462 571 292
2986833 615462 571 1049
2986834 615463 571 294
2986835 615464 571 11
2986836 615464 571 286
2986837 615464 571 294
2986845 615466 571 138
2986846 615466 571 11
2986847 615466 571 221
2986848 615466 571 29
2986849 615466 571 11821
2986850 615467 571 203
2986851 615467 571 2486
2986852 615467 571 287
2986853 615467 571 2331
2986854 615467 571 92002
2986855 615467 571 44
2986856 615467 571 1056
2986857 615467 571 275
2986858 615467 571 138
2986859 615467 571 108
2986860 615467 571 1117
2986861 615467 571 1058
2986862 615467 571 11
2986863 322579 571 138
2986864 322579 571 187
2986865 322579 571 29
2986866 322579 571 4057
2986867 1945125 571 44
2986868 1945125 571 1058
2986869 1945125 571 216
2986870 1945125 571 10296
2986871 615468 571 221
2986872 615468 571 11
2986873 615468 571 6278
2986874 615468 571 6257
2986875 615468 571 1058
2986880 615470 571 138
2986881 615470 571 284
2986882 615470 571 187
2986888 1945127 571 2909
2986889 1945127 571 1058
2986890 1945127 571 11
2986891 615471 571 138
2986892 615471 571 44
2986893 615471 571 1058
2986894 615471 571 221
2986895 615471 571 3567
2986901 615474 571 158013
2986902 615474 571 158023
2986907 1945128 571 6045
2986908 1945128 571 138
2986909 1945128 571 187
2986910 1945128 571 5891
2986911 1945128 571 2150
2986912 615476 571 221
2986913 615476 571 6257
2986914 615476 571 125
2986915 615476 571 187
2986916 615476 571 138
2986917 615476 571 3567
2986918 615476 571 6278
2986919 615476 571 11
2986920 615476 571 44
2986921 615476 571 1058
2986922 289814 571 1058
2986923 289814 571 11
2986924 289814 571 221
2986925 289814 571 6257
2986926 289814 571 6278
2986927 289814 571 1943
2986934 301420 571 894
2986935 301420 571 6192
2986936 301420 571 139
2986937 301420 571 1058
2986938 301420 571 11
2986939 502215 571 158013
2986940 502215 571 158014
2986944 615479 571 992
2986945 615479 571 894
2986946 615479 571 6912
2986947 615480 571 158010
2986948 615480 571 1267
2986949 615481 571 11
2986950 615481 571 221
2986951 615481 571 6257
2986952 615481 571 2008
2986953 615482 571 44
2986954 615482 571 138
2986955 615482 571 1058
2986956 615482 571 873
2986957 615482 571 12
2986958 615482 571 4595
2986959 615482 571 4446
2986962 21837 571 44
2986963 21837 571 1058
2986964 21837 571 1393
2986965 21837 571 779
2986966 1945129 571 11
2986967 1945129 571 1058
2986968 1945129 571 285
2986969 1945129 571 4252
2986989 57829 571 3567
2986990 57829 571 1183
2986991 57829 571 4421
2986992 57829 571 6046
2987003 615489 571 138
2987004 615489 571 6
2987005 615489 571 941
2987006 615489 571 2008
2987007 615489 571 1141
2987008 51822 571 221
2987009 51822 571 1943
2987010 51822 571 6257
2987011 51822 571 6278
2987012 51822 571 6609
2987032 615493 571 221
2987033 615493 571 6257
2987034 615493 571 6278
2987035 615493 571 44
2987036 615493 571 1058
2987037 615493 571 11
2987055 615496 571 5891
2987056 615496 571 3567
2987057 615496 571 50510
2987058 615496 571 138
2987059 615496 571 11
2987060 615497 571 138
2987061 615497 571 44
2987062 615497 571 286
2987063 615497 571 287
2987120 23079 571 138
2987121 23079 571 221
2987122 23079 571 44
2987123 23079 571 1058
2987124 615504 571 156
2987125 23081 571 138
2987126 23081 571 44
2987127 23081 571 3567
2987128 23081 571 125
2987129 23081 571 1183
2987130 23081 571 4421
2987140 35578 571 138
2987141 35578 571 2940
2987142 35578 571 187
2987143 35578 571 2902
2987144 35578 571 284
2987203 615509 571 158012
2987204 615509 571 39
2987205 126119 571 29
2987206 126119 571 138
2987207 126119 571 1909
2987208 126119 571 4057
2987209 126119 571 941
2987210 126119 571 286
2987211 362203 571 138
2987212 362203 571 284
2987213 362203 571 311
2987214 362203 571 4334
2987215 362203 571 286
2987216 362203 571 503
2987217 362203 571 1183
2987218 1945130 571 1058
2987219 1945130 571 11
2987220 1945130 571 3394
2987221 1945130 571 125
2987226 461339 571 156
2987227 461339 571 3394
2987228 461339 571 139
2987229 615511 571 125
2987230 615511 571 44
2987231 615511 571 1058
2987232 615511 571 79
2987233 615511 571 72
2987239 615514 571 216
2987240 615514 571 2331
2987241 615514 571 44
2987242 615514 571 1058
2987261 406159 571 4489
2987262 406159 571 138
2987263 466503 571 108
2987264 466503 571 75
2987265 466503 571 44
2987266 466503 571 1058
2987273 699387 571 158010
2987274 699387 571 44
2987275 699387 571 138
2987276 699387 571 1058
2987277 699387 571 125
2987278 615520 571 78
2987279 615520 571 286
2987280 615520 571 120
2987281 615520 571 11821
2987309 615526 571 11
2987310 615526 571 221
2987311 615526 571 6257
2987312 615526 571 6278
2987313 615526 571 1943
2987314 406176 571 139
2987315 406176 571 912
2987316 406176 571 507
2987317 406176 571 894
2987331 597547 571 138
2987332 597547 571 125
2987333 597547 571 12
2987334 597547 571 187
2987335 597547 571 1704
2987336 597547 571 1183
2987337 597547 571 941
2987338 597547 571 29
2987339 597547 571 39
2987340 615527 571 221
2987341 615527 571 4297
2987342 615527 571 50510
2987343 615527 571 138
2987344 615527 571 11
2987345 615528 571 992
2987346 615528 571 50747
2987347 615528 571 138
2987348 615528 571 4489
2987349 615529 571 138
2987350 615529 571 4489
2987351 615529 571 1703
2987352 615529 571 187
2987353 615530 571 1943
2987354 615530 571 503
2987362 615531 571 44
2987363 615531 571 1058
2987364 615531 571 108
2987365 615531 571 527
2987366 615531 571 10296
2987367 615531 571 6015
2987368 615531 571 203
2987369 615532 571 941
2987370 615532 571 138
2987371 615532 571 284
2987372 615532 571 2940
2987373 615532 571 1124
2987377 26012 571 138
2987378 26012 571 6045
2987379 26012 571 5891
2987380 26012 571 3567
2987381 26012 571 187
2987388 36442 571 44
2987389 36442 571 1058
2987390 36442 571 221
2987391 36442 571 6257
2987392 36442 571 11
2987393 36442 571 2816
2987394 36442 571 20
2987395 36442 571 638
2987396 1945132 571 44
2987397 1945132 571 1058
2987398 1945132 571 10296
2987399 1945132 571 158020
2987400 562074 571 44
2987401 562074 571 1058
2987402 562074 571 11
2987403 562074 571 221
2987404 562074 571 6257
2987405 562074 571 6278
2987406 615533 571 138
2987407 615533 571 2902
2987408 615533 571 3779
2987409 615533 571 2351
2987410 615533 571 7004
2987411 243687 571 138
2987412 243687 571 284
2987413 243687 571 2989
2987414 243687 571 72
2987415 243687 571 816
2987416 243687 571 187
2987417 243687 571 4276
2987418 177111 571 138
2987419 177111 571 284
2987420 177111 571 187
2987421 177111 571 6
2987422 177111 571 286
2987423 177111 571 2902
2987424 615534 571 941
2987425 615534 571 138
2987426 615534 571 50510
2987427 615534 571 187
2987428 615534 571 125
2987429 615534 571 2150
2987436 59821 571 1007
2987437 59821 571 75
2987438 59821 571 44
2987439 59821 571 1058
2987440 59821 571 11
2987441 59821 571 77
2987442 615536 571 138
2987443 615536 571 284
2987444 615536 571 26939
2987445 615537 571 221
2987446 615537 571 6257
2987447 615537 571 6622
2987448 615537 571 11
2987449 125395 571 50510
2987450 125395 571 286
2987451 125395 571 507
2987452 615538 571 2631
2987453 615538 571 507
2987471 615541 571 1058
2987472 615541 571 11
2987473 615541 571 221
2987474 615541 571 6257
2987475 615541 571 6278
2987476 615541 571 6622
2987477 615542 571 158012
2987478 615542 571 6278
2987486 986580 571 125
2987487 986580 571 2236
2987488 986580 571 503
2987489 986580 571 11
2987500 365512 571 44
2987501 365512 571 1058
2987502 365512 571 108
2987503 365512 571 1007
2987504 365512 571 75
2987510 615547 571 29
2987511 615547 571 54038
2987512 615548 571 158012
2987513 615548 571 29
2987514 555039 571 276
2987515 555039 571 978
2987516 555039 571 1058
2987517 555039 571 11
2987518 555039 571 44
2987519 555039 571 77
2987520 555039 571 125
2987521 555039 571 139
2987532 615550 571 4489
2987533 615550 571 138
2987534 615550 571 1909
2987535 615550 571 4057
2987536 615550 571 799
2987542 271290 571 138
2987543 271290 571 44
2987544 271290 571 1058
2987545 271290 571 369
2987546 23234 571 44
2987547 23234 571 138
2987548 23234 571 5891
2987549 23234 571 3567
2987554 520243 571 1058
2987555 520243 571 11
2987556 520243 571 301
2987557 520243 571 72
2987558 520243 571 125677
2987563 49146 571 139
2987564 49146 571 894
2987565 49146 571 138
2987566 49146 571 44
2987567 49146 571 1058
2987602 23256 571 1534
2987603 23256 571 77
2987604 23256 571 4252
2987617 1945135 571 221
2987618 1945135 571 6278
2987619 1945135 571 6257
2987620 1945135 571 1058
2987621 1945135 571 11
2987622 615559 571 2902
2987623 615559 571 2404
2987624 615559 571 138
2987625 615559 571 284
2987626 615559 571 328
2987627 615559 571 44
2987628 615559 571 1058
2987629 615559 571 158010
2987643 150818 571 108
2987644 150818 571 44
2987645 150818 571 1058
2987646 7842 571 138
2987647 7842 571 221
2987648 7842 571 873
2987649 7842 571 503
2987650 7842 571 6327
2987651 615561 571 44
2987652 615561 571 285
2987653 615561 571 457
2987662 615563 571 50510
2987663 615563 571 221
2987664 615563 571 90
2987665 615563 571 6278
2987666 615563 571 6257
2987691 99924 571 44
2987692 99924 571 285
2987693 99924 571 139
2987694 99924 571 305
2987695 3607 571 44
2987696 3607 571 1058
2987697 3607 571 10296
2987698 3607 571 6015
2987699 3607 571 528
2987700 3607 571 328
2987701 3607 571 113207
2987702 25236 571 2902
2987703 25236 571 3822
2987704 25236 571 8302
2987710 1945137 571 6
2987711 1945137 571 941
2987712 1945137 571 1909
2987713 1945137 571 2230
2987717 174223 571 125
2987718 174223 571 44
2987719 174223 571 187
2987720 174223 571 1704
2987721 174223 571 1703
2987722 174223 571 138
2987734 403488 571 138
2987735 403488 571 2940
2987736 403488 571 2902
2987737 403488 571 284
2987738 403488 571 187
2987739 403488 571 4446
2987740 615571 571 3085
2987741 615571 571 4633
2987742 615571 571 1898
2987743 239 571 138
2987744 239 571 44
2987745 239 571 6011
2987746 239 571 108
2987747 406392 571 108
2987748 406392 571 1058
2987749 406392 571 72
2987750 406392 571 369
2987751 406392 571 44
2987767 615572 571 138
2987768 615572 571 44
2987769 615572 571 1058
2987770 615572 571 187
2987771 615572 571 6011
2987772 615572 571 108
2987773 54988 571 11
2987774 54988 571 1106
2987775 54988 571 4746
2987776 54988 571 108
2987777 54988 571 44
2987778 54988 571 1058
2987784 1920395 571 108
2987785 1920395 571 6015
2987786 1920395 571 44
2987787 1920395 571 1058
2987788 1920395 571 4056
2987789 1920395 571 1313
2987790 1920396 571 44
2987791 1920396 571 1058
2987792 1920396 571 108
2987793 1920396 571 6015
2987794 1920396 571 4056
2987795 1920396 571 978
2987796 1920396 571 1313
2987797 606618 571 44
2987798 606618 571 1058
2987799 606618 571 108
2987800 606618 571 6015
2987801 1945139 571 44
2987802 1945139 571 1058
2987803 1945139 571 528
2987804 1945139 571 108
2987805 1945139 571 6015
2987820 441929 571 2902
2987821 441929 571 188
2987822 441929 571 5670
2987823 441929 571 138
2987824 441929 571 44
2987825 441929 571 1058
2987826 441929 571 108
2987831 615576 571 139
2987832 615576 571 29
2987833 615576 571 11
2987834 615576 571 331
2987835 615576 571 941
2987836 615576 571 731
2987837 615576 571 286
2987838 615576 571 1058
2987839 615577 571 138
2987840 615577 571 2902
2987841 615577 571 5891
2987842 615577 571 187
2987843 615577 571 3567
2987844 615577 571 2920
2987845 615578 571 138
2987846 615578 571 284
2987847 615578 571 187
2987848 615578 571 6
2987855 615580 571 221
2987856 615580 571 11
2987857 615580 571 286
2987858 615580 571 44
2987859 615580 571 1058
2987860 615580 571 6257
2987863 66675 571 39
2987864 66675 571 125
2987865 66675 571 992
2987866 615582 571 44
2987867 615582 571 1058
2987868 615582 571 221
2987869 615582 571 3394
2987870 615582 571 992
2987871 615582 571 2008
2987872 615582 571 1056
2987873 1705707 571 88152
2987874 1705707 571 992
2987875 1705707 571 2556
2987876 1705707 571 39
2987877 615583 571 72
2987878 615583 571 816
2987879 615583 571 4057
2987880 615583 571 1909
2987881 615583 571 869
2987882 13039 571 138
2987883 13039 571 286
2987884 13039 571 72
2987885 1945142 571 44
2987886 1945142 571 1058
2987887 1945142 571 4442
2987888 1945142 571 138
2987889 1945142 571 113207
2987890 1945142 571 125
2987900 1945143 571 158012
2987901 13076 571 286
2987902 13076 571 503
2987903 13076 571 873
2987904 13076 571 187
2987905 13076 571 138
2987906 13076 571 941
2987907 615585 571 221
2987908 615585 571 6257
2987909 615585 571 894
2987910 615585 571 11
2987918 441982 571 457
2987919 441982 571 894
2987920 441982 571 139
2987921 441982 571 5678
2987922 1933633 571 457
2987923 1933633 571 125
2987933 1921409 571 457
2987934 1921409 571 380
2987949 55052 571 44
2987950 55052 571 286
2987951 55052 571 328
2987952 55052 571 221
2987953 55052 571 138
2987954 55052 571 113207
2987955 37446 571 1267
2987956 37446 571 575
2987957 37446 571 44
2987958 37446 571 138
2987959 37446 571 187
2987971 615594 571 138
2987972 615594 571 44
2987973 615594 571 575
2987974 615594 571 125
2987975 615594 571 187
2987985 57980 571 138
2987986 57980 571 284
2987987 57980 571 575
2987988 57980 571 6011
2987989 57980 571 72
2987990 57980 571 187
2988007 615597 571 44
2988008 615597 571 139
2988009 615597 571 285
2988010 615597 571 1230
2988011 615597 571 1534
2988026 504047 571 221
2988027 504047 571 3394
2988028 504047 571 2008
2988029 504047 571 992
2988030 504047 571 1058
2988031 504047 571 5678
2988032 504047 571 11
2988035 615601 571 138
2988036 615601 571 4489
2988037 615601 571 1049
2988040 615603 571 50747
2988041 615603 571 4489
2988042 615603 571 4653
2988043 615603 571 138
2988044 615603 571 187
2988045 615603 571 311
2988046 1040031 571 4489
2988047 1040031 571 138
2988048 1040031 571 5245
2988106 615610 571 158013
2988107 615610 571 158023
2988128 615615 571 1058
2988129 615615 571 11
2988130 615615 571 276
2988131 615615 571 2909
2988136 412293 571 44
2988137 412293 571 155
2988138 412293 571 139
2988139 412293 571 4252
2988151 615616 571 125
2988152 615616 571 4442
2988153 615616 571 139
2988154 615616 571 11
2988162 615618 571 11
2988163 615618 571 221
2988164 615618 571 104400
2988168 615620 571 503
2988169 615620 571 39
2988170 615620 571 3790
2988171 615621 571 44
2988172 615621 571 138
2988173 615621 571 108
2988174 615621 571 1058
2988175 615621 571 2902
2988176 1945149 571 158026
2988177 1945149 571 158036
2988184 23481 571 138
2988185 23481 571 5891
2988186 23481 571 2150
2988187 23481 571 6045
2988188 23481 571 13803
2988193 615623 571 138
2988194 615623 571 292
2988195 615623 571 1049
2988196 615624 571 138
2988197 615624 571 286
2988198 615624 571 503
2988225 59177 571 44
2988226 59177 571 1058
2988227 59177 571 79
2988228 59177 571 818
2988229 59177 571 136
2988230 59177 571 77
2988231 615630 571 221
2988232 615630 571 3567
2988233 615630 571 4368
2988234 615630 571 328
2988235 615630 571 78
2988236 615630 571 187
2988237 615630 571 44
2988238 615630 571 138
2988239 615630 571 158013
2988240 615630 571 158038
2988241 615630 571 113207
2988242 615631 571 1895
2988243 615631 571 941
2988244 615631 571 6046
2988245 615631 571 6
2988246 615631 571 158039
2988247 615631 571 2294
2988261 1945150 571 44
2988262 1945150 571 1058
2988263 1945150 571 4442
2988264 1945150 571 4653
2988265 1945150 571 18722
2988272 615633 571 2990
2988273 615633 571 44
2988274 615633 571 1058
2988275 615633 571 1160
2988276 615633 571 72
2988287 615635 571 138
2988288 615635 571 6045
2988289 615635 571 507
2988290 615635 571 2150
2988291 615635 571 29
2988292 615635 571 187
2988293 615635 571 1703
2988294 615636 571 44
2988295 615636 571 1058
2988296 615636 571 221
2988297 615636 571 6257
2988298 615636 571 11
2988310 615640 571 168
2988311 615640 571 1056
2988312 615640 571 4256
2988313 615640 571 294
2988314 615640 571 7309
2988315 615640 571 781
2988316 615640 571 90679
2988317 615640 571 1370
2988318 615640 571 5470
2988319 615641 571 138
2988320 615641 571 286
2988321 615642 571 29
2988322 615642 571 507
2988323 615642 571 17107
2988324 615642 571 3309
2988325 615642 571 8810
2988326 29162 571 108
2988327 29162 571 11
2988328 29162 571 1106
2988329 29162 571 4746
2988330 29162 571 44
2988331 29162 571 1058
2988332 615643 571 158012
2988333 615643 571 138
2988334 615643 571 2902
2988355 615647 571 158012
2988356 598252 571 507
2988357 598252 571 818
2988358 598252 571 156
2988359 1945151 571 221
2988360 1945151 571 2816
2988361 1945151 571 11
2988362 1945151 571 1058
2988363 1945152 571 301
2988364 1945152 571 44
2988365 1945152 571 39
2988366 1945152 571 158012
2988381 615650 571 138
2988382 615650 571 284
2988383 615650 571 44
2988384 615650 571 28221
2988385 615650 571 3085
2988386 406637 571 1007
2988387 406637 571 11
2988388 406637 571 44
2988389 406637 571 1058
2988390 406637 571 90
2988395 615652 571 44
2988396 615652 571 79
2988397 615652 571 12
2988398 615652 571 156
2988399 615652 571 391
2988400 267873 571 818
2988401 267873 571 391
2988402 267873 571 2161
2988403 267873 571 3640
2988404 486431 571 941
2988405 486431 571 39
2988406 486431 571 4027
2988407 486431 571 342
2988416 257017 571 138
2988417 257017 571 284
2988418 257017 571 8932
2988419 257017 571 187
2988420 257017 571 2940
2988451 20812 571 138
2988452 20812 571 284
2988453 20812 571 575
2988454 20812 571 187
2988455 20812 571 72
2988478 615661 571 44
2988479 615661 571 1058
2988480 615661 571 188
2988481 615661 571 11
2988482 615661 571 72
2988483 615661 571 12
2988484 615662 571 6
2988485 615662 571 2294
2988486 615662 571 941
2988487 615662 571 1895
2988503 615663 571 44
2988504 615663 571 1058
2988505 615663 571 11
2988506 615663 571 1007
2988507 615663 571 638
2988508 25378 571 1058
2988509 25378 571 11
2988510 25378 571 221
2988511 25378 571 6257
2988512 25378 571 6622
2988513 25378 571 1943
2988522 3004 571 11
2988523 3004 571 221
2988524 3004 571 6257
2988525 3004 571 292
2988526 3004 571 286
2988532 1945155 571 221
2988533 1945155 571 992
2988534 1945155 571 3394
2988535 1945155 571 2909
2988536 1945155 571 39
2988537 615666 571 138
2988538 615666 571 926
2988539 615666 571 72
2988540 615666 571 575
2988541 615666 571 6011
2988542 615666 571 187
2988543 615666 571 44
2988544 615667 571 221
2988545 615667 571 44
2988546 615667 571 1058
2988547 615667 571 6257
2988548 615667 571 6622
2988549 615667 571 6278
2988550 615667 571 72
2988558 51398 571 6257
2988559 51398 571 6278
2988560 51398 571 2816
2988561 51398 571 90
2988562 51398 571 1058
2988563 51398 571 11
2988564 51398 571 221
2988565 1945156 571 221
2988566 1945156 571 158040
2988567 1945156 571 44
2988568 1945156 571 1058
2988569 1945156 571 992
2988570 1945156 571 894
2988580 615669 571 50510
2988581 615669 571 138
2988582 615669 571 11
2988583 615669 571 294
2988584 615669 571 221
2988585 615669 571 6257
2988597 615672 571 6257
2988598 615672 571 30
2988599 615672 571 1367
2988600 615672 571 11
2988601 615672 571 1106
2988602 615672 571 1058
2988616 20874 571 221
2988617 20874 571 11
2988618 20874 571 1615
2988619 20874 571 44419
2988620 20874 571 50510
2988627 615675 571 138
2988628 615675 571 44
2988629 615675 571 1183
2988630 615675 571 284
2988631 615675 571 6
2988632 615675 571 158011
2988633 615676 571 138
2988634 615676 571 3567
2988635 615676 571 284
2988636 615676 571 2902
2988637 615677 571 138
2988638 615677 571 1183
2988639 615677 571 941
2988640 615678 571 941
2988641 615678 571 1185
2988642 615678 571 1184
2988643 615678 571 36419
2988644 615678 571 3281
2988645 615678 571 20963
2988646 615678 571 3567
2988647 615678 571 6046
2988648 615679 571 1183
2988649 615679 571 6047
2988650 1945157 571 158041
2988651 1945157 571 25023
2988652 1945157 571 4662
2988653 1945157 571 39
2988654 1945157 571 284
2988655 1945157 571 138
2988656 615680 571 11997
2988657 615680 571 6
2988658 615681 571 187
2988659 615681 571 50510
2988660 615681 571 138
2988661 615681 571 11
2988662 615682 571 138
2988663 615682 571 3567
2988664 615682 571 2902
2988665 615682 571 2940
2988666 615682 571 284
2988667 615682 571 187
2988668 615683 571 286
2988669 615683 571 78
2988670 615683 571 187
2988671 615683 571 1897
2988672 615683 571 50510
2988673 615684 571 138
2988674 615684 571 284
2988675 615684 571 1897
2988677 615685 571 1183
2988678 615685 571 4421
2988679 615685 571 138
2988680 615685 571 284
2988681 615686 571 6
2988682 520409 571 11
2988683 520409 571 873
2988684 520409 571 187
2988685 520409 571 1897
2988686 520409 571 11821
2988687 615687 571 6
2988688 615687 571 1886
2988689 615687 571 20963
2988690 615688 571 2297
2988691 615688 571 926
2988692 615688 571 816
2988693 615688 571 6
2988694 615688 571 64
2988695 615688 571 3703
2988696 287554 571 4489
2988697 287554 571 138
2988698 287554 571 50747
2988699 287554 571 187
2988700 615689 571 138
2988701 615689 571 28221
2988702 615689 571 3085
2988703 615689 571 284
2988704 615689 571 2902
2988705 615689 571 158011
2988706 615689 571 153130
2988707 615690 571 2902
2988708 615690 571 138
2988709 615690 571 44
2988710 615690 571 1058
2988726 3008 571 12
2988727 3008 571 146
2988728 3008 571 7
2988743 615693 571 221
2988744 615693 571 44
2988745 615693 571 1058
2988746 615693 571 138
2988747 615693 571 113207
2988748 615693 571 187
2988749 615693 571 78
2988750 615693 571 2940
2988751 615693 571 284
2988752 615693 571 5891
2988753 615693 571 3567
2988754 615693 571 6045
2988777 23705 571 12782
2988778 23705 571 158042
2988779 23705 571 2657
2988780 23705 571 3
2988781 23705 571 79
2988794 615697 571 113207
2988795 615697 571 221
2988796 615697 571 5120
2988797 615697 571 3567
2988798 615697 571 44
2988799 615697 571 138
2988800 615697 571 125663
2988801 615697 571 187
2988802 1945159 571 138
2988803 1945159 571 44
2988804 1945159 571 125
2988809 380968 571 158013
2988810 380968 571 158043
2988824 11431 571 138
2988825 11431 571 11
2988826 11431 571 221
2988827 11431 571 6257
2988828 11431 571 873
2988829 11431 571 286
2988830 11431 571 50510
2988831 11431 571 503
2988832 11431 571 11821
2988833 615700 571 216
2988834 615700 571 1897
2988835 615700 571 1886
2988836 615700 571 44
2988837 615700 571 1058
2988838 615700 571 11
2988847 615703 571 50510
2988848 615703 571 1897
2988849 615703 571 6278
2988850 615703 571 6257
2988851 615703 571 11
2988858 615704 571 50510
2988859 615704 571 187
2988860 615704 571 286
2988861 615704 571 11
2988862 615704 571 575
2988869 615706 571 4693
2988870 615706 571 80
2988871 615707 571 4693
2988872 615707 571 80
2988873 615708 571 4693
2988874 615708 571 80
2988875 615709 571 4693
2988876 615709 571 80
2988877 615710 571 4693
2988878 615710 571 80
2988884 6130 571 70
2988885 6130 571 262
2988886 6130 571 305
2988896 1945160 571 2909
2988897 1945160 571 1058
2988898 1945160 571 139
2988899 1945160 571 11
2988900 1945160 571 1057
2988901 1945160 571 2816
2988908 615714 571 284
2988909 615714 571 138
2988910 615714 571 5008
2988911 615714 571 105386
2988912 615714 571 29
2988913 615715 571 781
2988914 615715 571 39
2988915 615715 571 12
2988916 615715 571 294
2988927 615718 571 221
2988928 615718 571 113207
2988929 167263 571 138
2988930 167263 571 44
2988931 167263 571 1058
2988932 167263 571 276
2988933 167263 571 4653
2988934 167263 571 12
2988935 615719 571 286
2988936 615719 571 156
2988937 615719 571 11821
2988938 615719 571 507
2988949 615721 571 44
2988950 615721 571 139
2988951 615721 571 2520
2988952 615721 571 11
2988953 349095 571 139
2988954 349095 571 44
2988955 349095 571 978
2988956 349095 571 276
2988957 349096 571 276
2988958 349096 571 301
2988959 349096 571 44
2988960 349096 571 978
2988961 349096 571 4056
2988962 349096 571 305
2988963 349096 571 10296
2988964 349096 571 1058
2988969 257196 571 276
2988970 257196 571 4132
2988971 257196 571 79
2988972 615722 571 276
2988973 615722 571 388
2988974 615722 571 12
2988975 615722 571 39
2988983 23751 571 11
2988984 23751 571 221
2988985 23751 571 6257
2988986 23751 571 20
2988987 23751 571 6278
2989008 615728 571 158013
2989009 615728 571 158014
2989010 615728 571 2631
2989011 615728 571 2056
2989033 34843 571 138
2989034 34843 571 39638
2989035 34843 571 3567
2989036 34843 571 187
2989037 34843 571 1183
2989038 34843 571 284
2989039 34843 571 125
2989040 34843 571 941
2989041 34843 571 575
2989042 55401 571 138
2989043 55401 571 284
2989044 55401 571 2902
2989045 55401 571 4057
2989046 55401 571 1909
2989047 55401 571 187
2989048 55401 571 5008
2989049 55401 571 2940
2989050 167339 571 79
2989051 167339 571 125
2989052 167339 571 285
2989053 167339 571 818
2989054 55404 571 72
2989055 55404 571 1183
2989056 55404 571 789
2989057 55404 571 503
2989069 1945161 571 284
2989070 1945161 571 138
2989071 1945161 571 5891
2989072 1945161 571 3567
2989073 1945161 571 187
2989074 1945161 571 4653
2989075 1945161 571 1215
2989076 317771 571 44
2989077 317771 571 1058
2989078 317771 571 4446
2989079 317771 571 158016
2989084 356346 571 138
2989085 356346 571 11
2989086 356346 571 221
2989087 356346 571 328
2989088 356346 571 292
2989089 356346 571 286
2989108 615734 571 113207
2989109 615734 571 221
2989110 615734 571 138
2989111 615734 571 3567
2989112 615734 571 44
2989113 615734 571 5120
2989114 615734 571 2902
2989115 615735 571 138
2989116 615735 571 44
2989117 615735 571 1058
2989118 615735 571 221
2989119 615735 571 113207
2989120 615735 571 328
2989121 457550 571 44
2989122 457550 571 1058
2989123 457550 571 5891
2989124 457550 571 138
2989137 167408 571 158026
2989138 167408 571 158030
2989139 167408 571 44
2989140 167408 571 1058
2989146 615739 571 138
2989147 615739 571 284
2989148 615739 571 1183
2989149 615739 571 2902
2989150 615739 571 1886
2989151 615739 571 6011
2989152 615739 571 187
2989153 615740 571 286
2989154 615740 571 79
2989155 615740 571 11821
2989156 615740 571 138
2989161 615741 571 1049
2989162 615741 571 138
2989163 615742 571 3567
2989164 615742 571 187
2989165 615742 571 6
2989166 615742 571 6046
2989167 615742 571 941
2989168 615742 571 11997
2989174 55442 571 138
2989175 55442 571 284
2989176 55442 571 1052
2989177 55442 571 187
2989178 55442 571 2902
2989179 55442 571 5025
2989180 615744 571 138
2989181 615744 571 2902
2989182 615744 571 284
2989183 615744 571 158012
2989217 55456 571 284
2989218 55456 571 138
2989219 55456 571 72
2989220 55456 571 311
2989221 57089 571 1534
2989222 57089 571 4252
2989241 63254 571 188
2989242 63254 571 44
2989243 63254 571 1058
2989244 63254 571 11
2989245 63254 571 668
2989246 63254 571 75
2989247 63254 571 77
2989248 95975 571 342
2989249 95975 571 8452
2989250 95975 571 557
2989251 175075 571 20963
2989252 175075 571 3567
2989253 175075 571 6
2989254 175075 571 11997
2989255 175075 571 2294
2989290 451786 571 216
2989291 451786 571 90
2989292 451786 571 158010
2989293 451786 571 44
2989294 451786 571 1058
2989301 404735 571 1058
2989302 404735 571 139
2989303 404735 571 3394
2989304 404735 571 11
2989305 404735 571 894
2989317 50239 571 894
2989318 50239 571 6192
2989319 50239 571 139
2989320 50239 571 1058
2989321 50239 571 11
2989322 615756 571 80
2989323 615756 571 81
2989324 615757 571 216
2989325 615757 571 6229
2989326 615757 571 44
2989327 615757 571 1058
2989328 615757 571 158010
2989329 615757 571 90
2989338 1945164 571 44
2989339 1945164 571 1058
2989340 1945164 571 108
2989341 1945164 571 6015
2989342 844297 571 391
2989343 844297 571 1058
2989347 615759 571 44
2989348 615759 571 72
2989349 615759 571 11
2989350 615759 571 221
2989351 615759 571 1058
2989352 615760 571 527
2989353 615760 571 1436
2989354 615760 571 11
2989355 615760 571 1058
2989356 615760 571 44
2989360 404881 571 10296
2989361 404881 571 6167
2989362 404881 571 331
2989363 404881 571 44
2989364 404881 571 1058
2989365 404881 571 6289
2989367 1920471 571 44
2989368 1920471 571 1058
2989369 1920471 571 221
2989370 1920471 571 10296
2989382 615762 571 941
2989383 615762 571 138
2989384 615762 571 4489
2989385 615762 571 3750
2989386 615762 571 3567
2989387 615762 571 6046
2989388 615762 571 187
2989389 615763 571 138
2989390 615763 571 125
2989391 615763 571 187
2989392 615763 571 284
2989393 615763 571 2902
2989405 615765 571 2186
2989406 615765 571 16710
2989414 615767 571 138
2989415 615767 571 286
2989416 615767 571 2486
2989417 615767 571 125
2989418 615767 571 292
2989419 615767 571 72
2989420 615767 571 4334
2989426 615769 571 221
2989427 615769 571 328
2989428 615769 571 113207
2989435 318197 571 221
2989436 318197 571 6278
2989437 318197 571 6257
2989438 318197 571 11
2989439 318197 571 138
2989440 318197 571 187
2989441 318197 571 941
2989442 318197 571 75
2989443 318197 571 50510
2989444 183977 571 44
2989445 183977 571 311
2989446 183977 571 1058
2989447 183977 571 39
2989448 615770 571 2902
2989449 615770 571 138
2989450 615770 571 5670
2989451 615770 571 3822
2989452 615770 571 72
2989453 615770 571 90
2989454 85299 571 158026
2989455 85299 571 158010
2989456 85299 571 216
2989457 85299 571 305
2989458 85299 571 44
2989459 85299 571 1058
2989464 23878 571 138
2989465 23878 571 284
2989466 23878 571 4489
2989467 23878 571 4895
2989468 23878 571 187
2989469 23878 571 3567
2989470 23878 571 1703
2989485 615775 571 138
2989486 615775 571 44
2989487 615775 571 1058
2989488 615775 571 11
2989489 615775 571 1106
2989490 615775 571 328
2989496 615777 571 138
2989497 615777 571 1183
2989498 615777 571 1909
2989499 615778 571 187
2989500 615778 571 1183
2989501 615778 571 138
2989502 615778 571 125
2989503 615778 571 941
2989534 67896 571 138
2989535 67896 571 284
2989536 67896 571 286
2989537 6754 571 286
2989538 6754 571 138
2989539 6754 571 292
2989540 6754 571 941
2989541 6754 571 503
2989542 6754 571 2486
2989543 6754 571 125
2989603 23929 571 72
2989604 23929 571 95982
2989605 23929 571 294
2989606 23929 571 126
2989607 23929 571 342
2989618 349265 571 44
2989619 349265 571 1058
2989620 349265 571 138
2989621 349265 571 2902
2989622 349265 571 5670
2989623 349265 571 203
2989624 349265 571 108
2989628 331050 571 158012
2989629 548840 571 11821
2989630 548840 571 3394
2989631 548840 571 1058
2989632 548840 571 11
2989633 548840 571 286
2989634 178483 571 221
2989635 178483 571 30
2989636 178483 571 1367
2989637 178483 571 1615
2989638 178483 571 11
2989639 178483 571 44419
2989640 178483 571 50510
2989641 178483 571 941
2989648 206177 571 138
2989649 206177 571 1049
2989650 206177 571 6
2989651 206177 571 187
2989677 615796 571 361
2989678 615796 571 21494
2989679 615796 571 5723
2989680 127315 571 1117
2989681 127315 571 203
2989682 127315 571 138
2989683 127315 571 44
2989684 127315 571 72
2989685 127315 571 125
2989686 23977 571 2902
2989687 23977 571 44
2989688 23977 571 138
2989689 23977 571 1058
2989690 23977 571 108
2989691 23977 571 90
2989692 615797 571 50510
2989693 615797 571 138
2989694 615797 571 11
2989695 615797 571 6257
2989696 615798 571 138
2989697 615798 571 284
2989698 615798 571 2902
2989699 615798 571 187
2989700 615798 571 3567
2989701 615798 571 4653
2989702 615798 571 1183
2989703 699685 571 158012
2989712 615799 571 138
2989713 615799 571 284
2989714 615799 571 3567
2989715 615799 571 4653
2989716 615799 571 2902
2989717 615799 571 187
2989718 615799 571 361
2989719 615799 571 29
2989720 615800 571 2008
2989721 615800 571 221
2989722 615800 571 1056
2989723 615800 571 10296
2989724 429409 571 4107
2989725 429409 571 139
2989726 429409 571 77
2989727 429409 571 3
2989728 429409 571 138
2989729 429409 571 328
2989730 429409 571 1703
2989737 615801 571 50510
2989738 615801 571 138
2989739 615801 571 11
2989740 26486 571 44
2989741 26486 571 5891
2989742 26486 571 3567
2989743 26486 571 187
2989744 26486 571 50510
2989745 26486 571 138
2989746 26486 571 11
2989755 615804 571 50510
2989756 615804 571 286
2989757 615804 571 187
2989758 615804 571 221
2989759 615804 571 138
2989760 615804 571 941
2989773 1945167 571 138
2989774 1945167 571 2486
2989775 1945167 571 286
2989776 1945167 571 1052
2989801 615808 571 284
2989802 615808 571 138
2989803 615808 571 125
2989804 615808 571 5336
2989805 615808 571 529
2989806 615808 571 187
2989807 615808 571 6
2989808 615808 571 1183
2989840 615812 571 40
2989841 615812 571 507
2989842 615812 571 187
2989843 615812 571 81
2989844 615812 571 39
2989845 615813 571 221
2989846 615813 571 113207
2989847 615813 571 44
2989848 615813 571 1058
2989849 615813 571 138
2989850 615813 571 4028
2989851 615813 571 6257
2989852 615813 571 11
2989862 615814 571 29
2989863 615814 571 1358
2989866 175313 571 44
2989867 175313 571 507
2989868 175313 571 301
2989875 186455 571 138
2989876 186455 571 284
2989877 186455 571 286
2989878 186455 571 4132
2989883 24033 571 20
2989884 24033 571 221
2989885 24033 571 44
2989886 24033 571 1058
2989887 24033 571 11
2989888 24033 571 6257
2989889 24033 571 158049
2989890 615818 571 1058
2989891 615818 571 221
2989892 615818 571 90
2989893 615818 571 6257
2989894 615818 571 1438
2989895 615818 571 44
2989896 615818 571 138
2989897 615818 571 4446
2989898 615819 571 29
2989904 61845 571 44
2989905 61845 571 818
2989915 615822 571 44
2989916 615822 571 138
2989917 615822 571 187
2989918 615822 571 113207
2989919 615822 571 158010
2989942 615827 571 138
2989943 615827 571 284
2989944 615827 571 2902
2989945 615827 571 11
2989946 615827 571 1058
2989947 615827 571 286
2989948 615827 571 5670
2989949 615827 571 11821
2989950 615827 571 3822
2989951 615827 571 6289
2989957 50448 571 44
2989958 50448 571 1058
2989959 50448 571 188
2989960 50448 571 90
2989961 50448 571 11
2989962 50448 571 5146
2989963 50448 571 158020
2989964 615829 571 6
2989965 615829 571 328
2989966 615829 571 138
2989967 615830 571 156
2989970 615832 571 138
2989971 615832 571 284
2989972 615832 571 2902
2989973 615832 571 187
2989986 615834 571 6
2989987 615834 571 941
2989988 615834 571 138
2989989 615834 571 1895
2989990 615834 571 2294
2989991 615835 571 873
2989992 615835 571 286
2989993 615836 571 44
2989994 615836 571 1058
2989995 615836 571 5146
2989996 615836 571 188
2990003 7378 571 80
2990004 7378 571 81
2990005 7378 571 1230
2990006 7378 571 40
2990007 146856 571 894
2990008 146856 571 77
2990009 146856 571 139
2990010 146856 571 8768
2990011 146856 571 44
2990012 146856 571 1127
2990013 146856 571 11
2990028 615839 571 12
2990029 615839 571 1704
2990030 615839 571 4256
2990031 22654 571 138
2990032 22654 571 4276
2990033 22654 571 284
2990034 22654 571 187
2990035 22654 571 72
2990036 22654 571 6011
2990037 22654 571 289
2990041 27799 571 2902
2990042 27799 571 285
2990043 27799 571 709
2990047 576835 571 1053
2990048 576835 571 963
2990049 576835 571 912
2990050 576835 571 72
2990051 26541 571 4653
2990052 26541 571 138
2990053 26541 571 284
2990054 26541 571 2902
2990055 26541 571 3567
2990056 26541 571 187
2990057 26541 571 2940
2990058 26541 571 3822
2990101 53505 571 138
2990102 53505 571 44
2990103 53505 571 285
2990104 53505 571 139
2990105 53505 571 11
2990106 53505 571 894
2990107 53505 571 1058
2990119 318976 571 158010
2990120 318976 571 1267
2990121 318976 571 39
2990122 318976 571 138
2990123 615850 571 138
2990124 615850 571 1058
2990125 615850 571 11
2990126 615850 571 44
2990127 615850 571 90
2990128 615850 571 638
2990129 615850 571 12798
2990130 615851 571 138
2990131 615851 571 1058
2990132 615851 571 11
2990133 615851 571 44
2990134 615851 571 90
2990135 615851 571 638
2990136 615851 571 12798
2990137 36702 571 285
2990138 36702 571 11
2990139 36702 571 77
2990140 36702 571 12798
2990141 36702 571 44
2990142 615852 571 138
2990143 615852 571 1058
2990144 615852 571 11
2990145 615852 571 44
2990146 615852 571 90
2990147 615852 571 638
2990148 615852 571 12798
2990149 615853 571 12798
2990150 615853 571 11
2990151 615853 571 1058
2990152 615853 571 44
2990153 615853 571 138
2990154 615853 571 507
2990155 615854 571 12798
2990156 615854 571 44
2990157 615854 571 138
2990158 615854 571 11
2990159 615854 571 1058
2990160 615855 571 44
2990161 615855 571 138
2990162 615855 571 1058
2990163 615855 571 11
2990164 615855 571 12798
2990165 615855 571 507
2990166 615856 571 138
2990167 615856 571 1058
2990168 615856 571 11
2990169 615856 571 44
2990170 615856 571 90
2990171 615856 571 638
2990172 615856 571 12798
2990173 615857 571 138
2990174 615857 571 1058
2990175 615857 571 11
2990176 615857 571 44
2990177 615857 571 90
2990178 615857 571 638
2990179 615857 571 12798
2990188 397195 571 44
2990189 397195 571 1058
2990190 397195 571 978
2990191 397195 571 108
2990192 397195 571 10296
2990193 397195 571 1132
2990194 397195 571 8280
2990208 163553 571 284
2990209 163553 571 138
2990210 163553 571 1183
2990211 163553 571 575
2990212 163553 571 72
2990216 615859 571 50510
2990217 615859 571 138
2990218 615859 571 11
2990219 615859 571 6
2990226 615861 571 138
2990227 615861 571 284
2990228 615861 571 294
2990229 615861 571 3256
2990230 615861 571 2902
2990231 615862 571 11997
2990232 615862 571 6
2990233 615862 571 6046
2990234 615862 571 941
2990245 319070 571 138
2990246 319070 571 1058
2990247 319070 571 11
2990248 319070 571 78
2990249 319070 571 292
2990250 319070 571 286
2990251 319070 571 10906
2990255 63325 571 4896
2990256 63325 571 75
2990257 63325 571 6257
2990258 63325 571 6278
2990259 63325 571 221
2990260 63325 571 77
2990261 63325 571 1058
2990262 63325 571 11
2990265 615865 571 138
2990266 615865 571 503
2990267 615865 571 4489
2990268 615865 571 187
2990269 615865 571 507
2990270 615865 571 39
2990271 615866 571 44
2990272 615866 571 138
2990273 615866 571 1058
2990274 615866 571 221
2990275 615866 571 4028
2990276 615866 571 113207
2990277 615866 571 187
2990278 615866 571 328
2990279 615867 571 1058
2990280 615867 571 11
2990281 615867 571 29
2990282 615867 571 331
2990283 615867 571 50510
2990284 615867 571 507
2990285 615867 571 139
2990286 615867 571 285
2990287 615867 571 54325
2990288 24176 571 138
2990289 24176 571 44
2990290 24176 571 1058
2990291 24176 571 125
2990292 24176 571 187
2990293 24176 571 4653
2990294 24176 571 4442
2990299 407380 571 1117
2990300 407380 571 203
2990301 407380 571 287
2990302 407380 571 1058
2990303 407380 571 44
2990310 1945173 571 125
2990311 1945173 571 5336
2990312 1945173 571 44
2990313 1945173 571 1058
2990314 1945173 571 79
2990315 1945173 571 72
2990316 1945173 571 4573
2990317 429680 571 44
2990318 429680 571 1058
2990319 429680 571 11
2990320 429680 571 818
2990321 429680 571 156
2990322 429680 571 4573
2990330 615870 571 138
2990331 615870 571 5891
2990332 615870 571 158012
2990333 615871 571 138
2990334 615871 571 44
2990335 615871 571 1058
2990336 615871 571 108
2990337 615871 571 284
2990338 615872 571 1058
2990339 615872 571 11
2990340 615872 571 221
2990341 615872 571 125
2990342 615872 571 6257
2990343 615872 571 6278
2990344 68548 571 138
2990345 68548 571 44
2990346 68548 571 11
2990347 68548 571 125
2990348 68548 571 72
2990349 68548 571 203
2990350 135401 571 44
2990351 135401 571 1058
2990352 135401 571 527
2990353 135401 571 1056
2990354 135401 571 1436
2990355 615873 571 138
2990356 615873 571 1058
2990357 615873 571 3567
2990358 615873 571 221
2990359 615873 571 11
2990360 265818 571 894
2990361 265818 571 5678
2990377 429708 571 138
2990378 429708 571 44
2990379 429708 571 328
2990380 429708 571 287
2990381 429708 571 825
2990382 429708 571 3153
2990410 257903 571 44
2990411 257903 571 1058
2990412 257903 571 528
2990413 257903 571 10296
2990414 257903 571 188
2990415 24233 571 1058
2990416 24233 571 11
2990417 24233 571 221
2990418 24233 571 6257
2990419 24233 571 286
2990420 24233 571 4132
2990421 39048 571 1007
2990422 39048 571 75
2990423 39048 571 1325
2990424 39048 571 77
2990425 39048 571 11
2990426 39048 571 44
2990427 39048 571 1058
2990435 520741 571 138
2990436 520741 571 2902
2990441 1726909 571 10296
2990442 1726909 571 138
2990443 1726909 571 44
2990444 1726909 571 1058
2990447 615880 571 138
2990448 615880 571 284
2990449 615880 571 2940
2990450 615880 571 1267
2990451 615880 571 3256
2990452 615880 571 6
2990460 31202 571 44
2990461 31202 571 1058
2990462 31202 571 11
2990463 31202 571 188
2990464 83653 571 941
2990465 83653 571 138
2990466 83653 571 1703
2990467 83653 571 187
2990468 83653 571 284
2990469 83653 571 259
2990475 51485 571 138
2990476 51485 571 6045
2990477 51485 571 284
2990478 51485 571 286
2990503 59037 571 138
2990504 59037 571 284
2990505 59037 571 4057
2990506 59037 571 29
2990507 59037 571 20443
2990508 59037 571 72
2990509 615886 571 1802
2990510 615886 571 1244
2990511 615886 571 941
2990512 615886 571 1704
2990513 615886 571 1895
2990514 615886 571 6
2990515 615886 571 2186
2990516 615886 571 1239
2990562 615895 571 138
2990563 615895 571 11
2990564 615895 571 286
2990565 615895 571 292
2990566 615895 571 2486
2990571 1945174 571 44
2990572 1945174 571 138
2990573 1945174 571 1058
2990574 1945174 571 113207
2990575 1945174 571 10296
2990576 1945174 571 527
2990577 615896 571 6257
2990578 615896 571 6278
2990579 615896 571 221
2990580 615896 571 11
2990593 615898 571 2902
2990594 615898 571 5670
2990595 615898 571 138
2990596 615898 571 284
2990597 615898 571 4027
2990598 319326 571 139
2990599 319326 571 894
2990600 319326 571 44
2990601 319326 571 155
2990602 319326 571 76
2990605 124488 571 286
2990606 124488 571 523
2990616 1945175 571 44
2990617 1945175 571 1058
2990618 1945175 571 138
2990619 1945175 571 4442
2990620 1945175 571 4653
2990632 10300 571 138
2990633 10300 571 44
2990634 10300 571 11
2990635 10300 571 286
2990639 615901 571 6
2990640 615901 571 11997
2990641 615901 571 816
2990645 615903 571 44
2990646 615903 571 1058
2990647 615903 571 11
2990648 615903 571 221
2990649 615903 571 6257
2990650 615903 571 125
2990651 615903 571 6278
2990652 615903 571 1007
2990653 615903 571 4896
2990654 615904 571 1058
2990655 615904 571 11
2990656 615904 571 221
2990657 615904 571 6257
2990658 615904 571 4028
2990659 615904 571 6278
2990660 615904 571 33351
2990661 615905 571 1058
2990662 615905 571 11
2990663 615905 571 221
2990664 615905 571 6257
2990665 615905 571 941
2990666 615905 571 6278
2990667 615905 571 2702
2990668 175634 571 138
2990669 175634 571 1052
2990670 175634 571 187
2990671 175634 571 4489
2990678 615906 571 6045
2990679 615906 571 138
2990680 615906 571 2150
2990681 615906 571 507
2990682 615906 571 6011
2990683 615906 571 1703
2990684 44245 571 276
2990685 44245 571 3
2990686 44245 571 125
2990687 44245 571 332
2990688 80010 571 44
2990689 80010 571 285
2990690 80010 571 139
2990691 80010 571 978
2990692 80010 571 276
2990693 80010 571 125
2990699 615908 571 138
2990700 615908 571 5008
2990701 615908 571 284
2990702 615908 571 1183
2990703 615908 571 1909
2990704 615908 571 1886
2990710 1945177 571 992
2990711 1945177 571 2008
2990712 1945177 571 221
2990718 615910 571 158053
2990719 615911 571 846
2990720 615911 571 139
2990721 615911 571 1058
2990722 615911 571 39
2990736 615914 571 138
2990737 615914 571 284
2990738 615914 571 294
2990739 615914 571 78
2990740 615914 571 286
2990741 148251 571 11
2990742 148251 571 1106
2990743 148251 571 1115
2990744 148251 571 285
2990745 148251 571 44
2990746 148251 571 709
2990758 324571 571 301
2990759 324571 571 44
2990760 324571 571 125677
2990761 324571 571 11
2990762 324571 571 1058
2990763 324571 571 77
2990764 120801 571 294
2990765 120801 571 72
2990766 120801 571 77
2990767 120801 571 3365
2990792 615917 571 44
2990793 615917 571 1058
2990794 615917 571 11
2990795 615917 571 276
2990796 615917 571 30
2990797 615917 571 79
2990814 615918 571 301
2990815 615918 571 44
2990816 615918 571 12
2990817 615918 571 286
2990818 615918 571 1058
2990819 615918 571 138
2990820 615919 571 221
2990821 615919 571 6257
2990822 615919 571 6278
2990823 615919 571 11
2990854 9269 571 138
2990855 9269 571 284
2990856 9269 571 286
2990857 9269 571 35
2990888 1916252 571 44
2990889 1916252 571 1058
2990890 1916252 571 10296
2990891 1916252 571 527
2990892 615930 571 44
2990893 615930 571 4252
2990894 615930 571 3811
2990895 615930 571 503
2990896 615930 571 1703
2990897 615930 571 285
2990898 615930 571 3
2990899 615930 571 158010
2990900 615930 571 8797
2990901 615931 571 2008
2990902 615931 571 1141
2990903 615931 571 100791
2990904 615931 571 138
2990905 615931 571 284
2990906 615931 571 39
2990922 179437 571 286
2990923 179437 571 187
2990924 179437 571 138
2990925 576901 571 29
2990926 615934 571 286
2990927 615934 571 79
2990928 615934 571 11821
2990929 615934 571 138
2990930 615935 571 221
2990931 615935 571 6257
2990932 615935 571 894
2990933 615935 571 11
2990934 615935 571 188
2990935 57346 571 894
2990936 57346 571 139
2990937 57346 571 6
2990938 57346 571 291
2990957 615940 571 781
2990958 615940 571 39
2990959 615940 571 12
2990960 615940 571 294
2990966 615942 571 216
2990967 615942 571 305
2990972 394943 571 818
2990973 394943 571 4573
2990974 615944 571 2525
2990975 615944 571 2236
2990976 615944 571 113207
2990993 615948 571 1049
2990994 615948 571 187
2990995 615948 571 138
2990996 615949 571 3567
2990997 615949 571 285
2990998 615949 571 1230
2990999 615949 571 818
2991000 615950 571 138
2991001 615950 571 284
2991002 615950 571 3567
2991003 615950 571 2902
2991004 615950 571 3256
2991014 42109 571 44
2991015 42109 571 79
2991016 42109 571 285
2991017 42109 571 4252
2991018 42109 571 2990
2991019 615952 571 583
2991020 615952 571 158026
2991021 615952 571 158010
2991023 443302 571 158026
2991024 443302 571 158010
2991025 443302 571 44
2991026 443302 571 1058
2991027 443302 571 216
2991030 615953 571 158012
2991031 615953 571 328
2991032 615953 571 138
2991033 615953 571 187
2991039 615955 571 11
2991040 615955 571 221
2991041 615955 571 3567
2991042 615955 571 187
2991043 615955 571 78
2991044 615955 571 4653
2991045 615955 571 10906
2991051 615957 571 221
2991052 615957 571 187
2991053 615957 571 138
2991054 615957 571 44
2991055 615957 571 1886
2991056 615957 571 6011
2991057 615957 571 1058
2991058 615957 571 2150
2991059 127587 571 221
2991060 127587 571 4308
2991061 127587 571 155
2991062 127587 571 4252
2991063 615958 571 158013
2991064 615958 571 158043
2991065 615959 571 1183
2991066 615959 571 941
2991067 615959 571 187
2991068 32385 571 11
2991069 32385 571 11821
2991070 615960 571 1058
2991071 615960 571 11
2991072 615960 571 11821
2991073 423910 571 44
2991074 423910 571 1058
2991075 423910 571 11821
2991076 423910 571 188
2991077 423910 571 286
2991078 423910 571 11
2991079 423910 571 2150
2991080 423910 571 10296
2991081 603740 571 285
2991082 603740 571 1230
2991083 603740 571 1534
2991098 615961 571 138
2991099 615961 571 5891
2991100 615961 571 6045
2991101 615961 571 3567
2991102 615961 571 187
2991103 615961 571 1052
2991104 615961 571 2902
2991105 615961 571 507
2991122 615965 571 138
2991123 615965 571 44
2991124 615965 571 1058
2991125 615965 571 11
2991126 615965 571 4621
2991143 184847 571 139
2991144 184847 571 11
2991145 184847 571 286
2991146 184847 571 11821
2991147 432037 571 29
2991148 432037 571 731
2991149 432037 571 44
2991150 432037 571 79
2991156 1111224 571 216
2991157 1111224 571 44
2991158 1111224 571 1058
2991159 1111224 571 305
2991160 615968 571 221
2991161 615968 571 11
2991162 615968 571 1615
2991163 615968 571 44419
2991164 615968 571 50510
2991165 615968 571 941
2991166 615968 571 138
2991174 615971 571 158043
2991175 615971 571 158013
2991176 476315 571 44
2991177 476315 571 138
2991178 476315 571 1058
2991179 476315 571 113207
2991199 615974 571 894
2991200 615974 571 992
2991205 615975 571 1058
2991206 615975 571 11
2991207 615975 571 503
2991208 615976 571 503
2991209 615976 571 583
2991210 615976 571 1943
2991211 615977 571 1898
2991212 615977 571 6231
2991213 615977 571 158047
2991214 615977 571 158054
2991234 423931 571 158055
2991235 615981 571 292
2991236 615981 571 1049
2991237 615981 571 503
2991238 615981 571 328
2991239 615981 571 4368
2991240 615981 571 44
2991241 615981 571 1058
2991244 615983 571 138
2991245 615983 571 1183
2991246 615983 571 3567
2991247 615983 571 187
2991248 615983 571 941
2991249 615983 571 284
2991250 615983 571 5891
2991251 615983 571 286
2991252 251124 571 29
2991253 251124 571 77
2991254 251124 571 507
2991255 251124 571 1704
2991256 251124 571 941
2991257 615984 571 138
2991258 615984 571 328
2991259 615984 571 78
2991260 615984 571 507
2991261 615984 571 321
2991275 615986 571 138
2991276 615986 571 284
2991277 615986 571 44
2991278 615986 571 1058
2991279 615986 571 4653
2991280 615986 571 3567
2991281 615986 571 188
2991282 615986 571 187
2991283 615986 571 1183
2991288 26861 571 138
2991289 26861 571 44
2991290 26861 571 11
2991291 26861 571 3567
2991292 26861 571 187
2991293 26861 571 4028
2991304 615989 571 4421
2991305 615989 571 138
2991306 615989 571 187
2991307 615989 571 284
2991308 615989 571 3567
2991321 323056 571 503
2991322 323056 571 1943
2991340 562526 571 11
2991341 562526 571 221
2991342 562526 571 6257
2991343 562526 571 4028
2991345 357661 571 139
2991346 357661 571 11
2991347 357661 571 4
2991348 357661 571 503
2991349 357661 571 39
2991350 357661 571 291
2991370 436555 571 503
2991371 436555 571 1267
2991372 436555 571 72
2991373 436555 571 39
2991374 436555 571 21
2991375 436555 571 1909
2991381 179826 571 221
2991382 179826 571 113207
2991383 179826 571 328
2991384 179826 571 138
2991385 179826 571 44
2991386 179826 571 146
2991387 179826 571 158038
2991388 179826 571 158013
2991389 179826 571 286
2991390 179826 571 187
2991391 179826 571 1704
2991392 179826 571 1267
2991393 179826 571 39
2991394 179826 571 731
2991395 108032 571 138
2991396 108032 571 125
2991397 108032 571 1267
2991398 108032 571 523
2991399 108032 571 503
2991400 108032 571 39
2991401 108032 571 1704
2991411 616002 571 138
2991412 616002 571 44
2991413 616002 571 1058
2991414 616002 571 125
2991415 616003 571 638
2991416 616003 571 2990
2991417 616003 571 156
2991418 616004 571 2376
2991419 616004 571 2990
2991420 616004 571 301
2991426 613551 571 138
2991427 613551 571 284
2991428 613551 571 2902
2991429 613551 571 5670
2991430 613551 571 3822
2991433 616006 571 6278
2991434 616006 571 221
2991435 616006 571 6257
2991436 616006 571 1058
2991437 616006 571 11
2991438 616006 571 779
2991454 520960 571 138
2991455 520960 571 11
2991456 520960 571 108
2991457 520960 571 1117
2991458 520960 571 44
2991459 520960 571 1058
2991468 616009 571 138
2991469 616009 571 44
2991470 616009 571 328
2991471 616009 571 187
2991472 616009 571 4368
2991473 616009 571 108
2991486 26905 571 138
2991487 26905 571 284
2991488 26905 571 1183
2991489 26905 571 187
2991490 26905 571 328
2991491 26905 571 221
2991492 26905 571 3567
2991497 53842 571 44
2991498 53842 571 138
2991499 53842 571 287
2991500 53842 571 285
2991501 53842 571 139
2991502 616011 571 284
2991503 616011 571 138
2991504 616011 571 5891
2991505 616011 571 125
2991506 616011 571 187
2991507 616011 571 108
2991508 616011 571 203
2991509 616011 571 4653
2991510 616011 571 2902
2991511 616011 571 44
2991516 24660 571 285
2991517 24660 571 3567
2991518 24660 571 221
2991519 24660 571 168
2991520 1945186 571 44
2991521 1945186 571 1058
2991522 1945186 571 4442
2991529 556594 571 44
2991530 556594 571 818
2991534 26914 571 138
2991535 26914 571 44
2991536 26914 571 1058
2991537 26914 571 125
2991542 616014 571 457
2991543 616014 571 79
2991544 616014 571 136
2991545 616014 571 818
2991550 616015 571 139
2991551 616015 571 50510
2991552 616015 571 138
2991553 616015 571 941
2991554 616015 571 4
2991555 616015 571 343
2991556 616015 571 158056
2991557 616015 571 11
2991558 616015 571 292
2991565 1945189 571 734
2991566 1945189 571 5678
2991567 1945189 571 139
2991568 1945189 571 158020
2991569 575474 571 138
2991570 575474 571 941
2991571 575474 571 1183
2991572 575474 571 4421
2991573 575474 571 187
2991574 575474 571 125
2991584 24695 571 731
2991585 24695 571 331
2991586 24695 571 926
2991587 24695 571 221
2991588 24695 571 126
2991589 56239 571 138
2991590 56239 571 78
2991591 56239 571 4653
2991592 56239 571 158057
2991593 53878 571 158010
2991594 53878 571 138
2991595 53878 571 187
2991596 53878 571 503
2991597 53878 571 39
2991598 53878 571 125
2991599 53878 571 941
2991600 53878 571 286
2991601 53878 571 44
2991602 53878 571 1058
2991614 616019 571 301
2991615 616019 571 1565
2991616 616019 571 2949
2991617 616019 571 2709
2991618 616019 571 2186
2991619 616020 571 39
2991620 616020 571 13800
2991621 616020 571 187
2991622 616020 571 941
2991623 616020 571 158019
2991658 616024 571 285
2991659 616024 571 1230
2991660 616024 571 1534
2991661 520999 571 138
2991662 520999 571 5891
2991663 520999 571 284
2991664 520999 571 78
2991665 520999 571 286
2991670 616026 571 4693
2991671 616026 571 81
2991672 616026 571 80
2991676 616027 571 138
2991677 616027 571 284
2991678 616027 571 2989
2991679 616028 571 187
2991680 616028 571 284
2991681 616028 571 138
2991682 616028 571 507
2991713 616031 571 138
2991714 616031 571 5891
2991715 616031 571 6045
2991716 616031 571 2150
2991717 616031 571 4028
2991718 616031 571 187
2991719 616032 571 138
2991720 616032 571 4334
2991721 616032 571 286
2991722 616032 571 187
2991723 616032 571 2486
2991724 616032 571 6011
2991725 286727 571 138
2991726 286727 571 2920
2991727 286727 571 1233
2991728 286727 571 187
2991729 286727 571 158010
2991745 1740069 571 301
2991746 1740069 571 39
2991747 1740069 571 72
2991748 1740069 571 4234
2991749 1740069 571 158012
2991750 616034 571 138
2991751 616034 571 1049
2991752 127752 571 44
2991753 127752 571 139
2991754 127752 571 894
2991755 127752 571 304
2991756 127752 571 276
2991757 127752 571 978
2991758 127752 571 11
2991759 127752 571 77
2991764 616036 571 6045
2991765 616036 571 138
2991766 616036 571 158044
2991778 616037 571 11
2991779 616037 571 1058
2991780 616037 571 156
2991781 616037 571 1007
2991782 616037 571 30
2991783 616037 571 90
2991784 616037 571 638
2991786 616039 571 138
2991787 616039 571 44
2991788 616039 571 2940
2991789 616039 571 507
2991790 24758 571 1117
2991791 24758 571 138
2991792 24758 571 6392
2991793 24758 571 11
2991794 24758 571 6487
2991795 24758 571 221
2991796 24758 571 44
2991797 24758 571 1058
2991798 616040 571 158013
2991799 616040 571 158014
2991800 616040 571 158058
2991813 616043 571 44
2991814 616043 571 1058
2991815 616043 571 11
2991816 616043 571 188
2991817 616043 571 5146
2991818 616043 571 158014
2991819 616043 571 158013
2991820 616043 571 108
2991821 145139 571 1007
2991822 145139 571 75
2991823 145139 571 44
2991824 145139 571 1058
2991825 145139 571 11
2991826 145139 571 77
2991827 616044 571 894
2991828 616044 571 6192
2991829 616044 571 139
2991830 616044 571 1058
2991831 616044 571 11
2991838 616046 571 894
2991839 616046 571 139
2991840 616046 571 286
2991841 616046 571 2657
2991842 616046 571 12782
2991845 616048 571 44
2991846 616048 571 138
2991847 616048 571 287
2991848 616048 571 328
2991849 616048 571 4368
2991850 616048 571 12
2991851 616048 571 1058
2991852 24769 571 286
2991853 24769 571 328
2991854 24769 571 221
2991855 24769 571 44
2991856 24769 571 113207
2991857 24769 571 1367
2991858 24769 571 11
2991859 616049 571 1058
2991860 616049 571 108
2991861 616049 571 4056
2991862 616049 571 44
2991863 616049 571 138
2991864 616049 571 1313
2991865 616049 571 978
2991886 616053 571 187
2991887 616053 571 39
2991888 616053 571 1704
2991889 62233 571 507
2991890 62233 571 39
2991891 62233 571 503
2991892 62233 571 72
2991893 62233 571 187
2991894 62233 571 4097
2991895 1293014 571 138
2991896 1293014 571 44
2991897 1293014 571 1058
2991898 1293014 571 113207
2991899 266438 571 44
2991900 266438 571 2525
2991901 266438 571 941
2991902 266438 571 78
2991903 1945195 571 294
2991904 1945195 571 6011
2991905 1945195 571 11
2991906 1945195 571 1058
2991907 616054 571 138
2991908 616054 571 1049
2991909 616054 571 1438
2991910 616054 571 503
2991911 616054 571 39
2991923 2878 571 6
2991924 2878 571 11997
2991925 2878 571 941
2991926 2878 571 3567
2991927 616057 571 1058
2991928 616057 571 1106
2991929 616057 571 527
2991930 17311 571 11
2991931 17311 571 1058
2991932 17311 571 894
2991933 17311 571 139
2991934 193442 571 1007
2991935 193442 571 11
2991936 193442 571 44
2991937 193442 571 1058
2991938 193442 571 1325
2991945 616058 571 138
2991946 616059 571 44
2991947 616059 571 1058
2991948 616059 571 11
2991949 616059 571 301
2991950 616059 571 125677
2991954 1935913 571 2902
2991955 1935913 571 158061
2991956 1935913 571 138
2991957 1935913 571 284
2991958 1935913 571 700
2991959 1945196 571 44
2991960 1945196 571 1058
2991961 1945196 571 1169
2991962 329402 571 138
2991963 329402 571 284
2991964 329402 571 294
2991965 329402 571 187
2991966 329402 571 2902
2991967 329402 571 158035
2991974 616062 571 20
2991975 616062 571 507
2991976 616062 571 638
2991977 616063 571 44
2991978 616063 571 1058
2991979 616063 571 138
2991980 616063 571 978
2991981 616063 571 1116
2991982 616064 571 138
2991983 616064 571 5891
2991984 616064 571 187
2991985 616064 571 6011
2991986 616064 571 529
2991987 53950 571 44
2991988 53950 571 221
2991989 53950 571 138
2991990 53950 571 4028
2991991 53950 571 11
2991992 53950 571 113207
2991998 616066 571 158012
2991999 616066 571 2902
2992000 616066 571 44
2992001 616066 571 1058
2992002 37642 571 138
2992003 37642 571 44
2992004 37642 571 6011
2992005 37642 571 72
2992006 37642 571 221
2992007 37642 571 575
2992008 1945197 571 44
2992009 1945197 571 1058
2992010 1945197 571 221
2992011 1945197 571 10296
2992012 1945197 571 188
2992013 1945197 571 1116
2992014 1945197 571 108
2992015 24813 571 138
2992016 24813 571 284
2992017 24813 571 2902
2992018 24813 571 44
2992019 24813 571 4446
2992020 24813 571 4595
2992021 24813 571 72
2992022 616067 571 11
2992023 616067 571 1058
2992024 616067 571 28
2992025 616067 571 12
2992026 616067 571 343
2992027 616068 571 503
2992028 616068 571 1126
2992034 616069 571 138
2992035 616069 571 44
2992036 616069 571 1058
2992037 616069 571 2902
2992038 616069 571 77
2992039 616069 571 5670
2992044 616070 571 138
2992045 616070 571 44
2992046 616070 571 1058
2992047 616070 571 108
2992048 616070 571 284
2992049 616070 571 289
2992050 616071 571 158012
2992051 616071 571 2902
2992052 521064 571 138
2992053 521064 571 2902
2992054 521064 571 284
2992055 521064 571 187
2992056 521064 571 3822
2992057 521064 571 5670
2992058 521064 571 125
2992059 616072 571 361
2992060 616072 571 27166
2992061 616072 571 158060
2992063 1945199 571 11
2992064 1945199 571 941
2992065 1945199 571 1106
2992066 1945199 571 2525
2992067 1945199 571 1058
2992068 1945199 571 187
2992072 616073 571 44
2992073 616073 571 138
2992074 616073 571 3567
2992075 616073 571 187
2992076 616073 571 108
2992083 616075 571 125
2992084 616075 571 4256
2992085 616075 571 2940
2992086 616075 571 4633
2992087 616075 571 1267
2992088 616075 571 523
2992092 616077 571 138
2992093 616077 571 2902
2992094 616077 571 3822
2992095 616077 571 284
2992096 1945200 571 992
2992097 1945200 571 2230
2992098 1945200 571 39
2992099 1945200 571 2008
2992100 1687901 571 992
2992101 1687901 571 557
2992102 1687901 571 1128
2992117 616078 571 158012
2992118 616078 571 294
2992119 616078 571 44
2992120 616078 571 138
2992121 616078 571 1058
2992122 134368 571 76
2992123 134368 571 44
2992124 134368 571 4252
2992135 616079 571 158043
2992136 616079 571 158013
2992137 62273 571 156
2992138 1558950 571 156
2992139 1558950 571 125
2992140 512956 571 44
2992141 512956 571 1058
2992142 512956 571 138
2992143 512956 571 2902
2992144 512956 571 3822
2992145 512956 571 5670
2992146 616080 571 138
2992147 616080 571 284
2992148 616080 571 2902
2992149 616080 571 187
2992154 616082 571 781
2992155 616082 571 39
2992156 616082 571 12
2992157 616082 571 294
2992158 616083 571 138
2992159 616083 571 44
2992160 616083 571 1058
2992161 616083 571 287
2992167 616084 571 158012
2992170 616086 571 138
2992171 616086 571 44
2992172 616086 571 1058
2992173 28914 571 1117
2992174 28914 571 203
2992175 28914 571 44
2992176 28914 571 1058
2992177 28914 571 287
2992178 28914 571 1116
2992179 1945201 571 44
2992180 1945201 571 978
2992181 1945201 571 301
2992182 1945201 571 4323
2992183 1945201 571 12
2992184 616087 571 156
2992185 616087 571 1128
2992186 616088 571 158012
2992187 616088 571 158010
2992188 37651 571 138
2992189 37651 571 328
2992190 37651 571 292
2992191 37651 571 4
2992192 37651 571 286
2992193 37651 571 1049
2992194 37651 571 825
2992202 616090 571 158026
2992203 616090 571 158030
2992204 616090 571 216
2992205 616090 571 6229
2992220 616092 571 158026
2992221 616092 571 158010
2992222 616092 571 111438
2992223 616092 571 44
2992224 616092 571 1058
2992225 458241 571 216
2992226 458241 571 6229
2992227 458241 571 138
2992228 458241 571 44
2992229 458241 571 1058
2992230 458241 571 125
2992231 458241 571 111438
2992232 458241 571 75
2992238 38761 571 216
2992239 38761 571 6229
2992240 38761 571 138
2992241 38761 571 44
2992242 38761 571 1058
2992243 38761 571 125
2992244 38761 571 111438
2992247 31578 571 113207
2992248 31578 571 221
2992249 31578 571 3567
2992250 31578 571 187
2992251 31578 571 44
2992252 31578 571 138
2992253 31578 571 328
2992254 31578 571 1703
2992255 182032 571 285
2992256 182032 571 139
2992257 182032 571 894
2992270 531502 571 138
2992271 531502 571 284
2992272 531502 571 294
2992273 531502 571 2556
2992274 531502 571 2647
2992275 531502 571 2236
2992276 531502 571 125
2992277 531502 571 1704
2992278 53974 571 221
2992279 53974 571 2816
2992280 53974 571 78
2992281 53974 571 1703
2992282 53974 571 138
2992283 53974 571 11
2992284 53974 571 6257
2992285 1915220 571 992
2992286 1915220 571 2008
2992287 1915220 571 44
2992288 1915220 571 1058
2992289 1915220 571 1056
2992290 1915220 571 10296
2992291 1915220 571 3394
2992292 1915220 571 221
2992293 1915220 571 88152
2992294 616097 571 301
2992295 537216 571 44
2992296 537216 571 1058
2992297 537216 571 507
2992298 537216 571 301
2992299 537216 571 2486
2992305 616099 571 187
2992306 616099 571 138
2992307 616099 571 4446
2992308 616099 571 2902
2992309 616099 571 3365
2992310 616099 571 125
2992324 24909 571 44
2992325 24909 571 1115
2992326 24909 571 155
2992327 616102 571 11
2992328 616102 571 1058
2992329 616102 571 1133
2992330 616102 571 28
2992331 616102 571 72
2992332 616102 571 90
2992337 616104 571 158012
2992338 616104 571 158010
2992346 616107 571 507
2992347 616107 571 138
2992348 616107 571 72
2992349 616108 571 731
2992350 616108 571 29
2992351 616108 571 1358
2992352 1945202 571 44
2992353 1945202 571 1058
2992354 1945202 571 10296
2992355 1945202 571 216
2992356 1945202 571 6229
2992360 586506 571 894
2992361 586506 571 1313
2992362 586506 571 90
2992363 586506 571 638
2992370 616111 571 361
2992371 616112 571 156
2992372 616112 571 286
2992373 616112 571 44
2992374 616112 571 1058
2992375 616112 571 285
2992376 616112 571 5146
2992377 616112 571 188
2992378 1922113 571 44
2992379 1922113 571 1058
2992380 1922113 571 10296
2992381 1922113 571 6015
2992390 616114 571 2902
2992391 616114 571 158052
2992392 616114 571 138
2992393 616114 571 284
2992394 616115 571 457
2992395 616115 571 1731
2992396 616115 571 2605
2992397 1248130 571 44
2992398 1248130 571 1058
2992399 1248130 571 125
2992400 1248130 571 138
2992401 1248130 571 4442
2992419 418229 571 125
2992420 418229 571 27647
2992421 418229 571 44
2992422 418229 571 1058
2992423 418229 571 79
2992424 418229 571 72
2992425 17521 571 44
2992426 17521 571 79
2992427 17521 571 818
2992430 256216 571 125
2992431 256216 571 12431
2992433 616121 571 44
2992434 616121 571 1058
2992435 616121 571 11
2992436 616121 571 77
2992437 616121 571 638
2992438 616121 571 4797
2992439 616121 571 4573
2992440 616122 571 6278
2992441 616122 571 221
2992442 616122 571 6257
2992443 616122 571 11
2992444 616122 571 731
2992445 616122 571 1058
2992454 27033 571 221
2992455 27033 571 6257
2992456 27033 571 6622
2992466 616125 571 4430
2992467 616125 571 156
2992468 24948 571 156
2992469 24948 571 286
2992470 24948 571 188
2992471 62358 571 156
2992472 62358 571 155
2992473 616126 571 818
2992474 616126 571 156
2992475 616127 571 156
2992476 616127 571 2920
2992505 62368 571 285
2992506 62368 571 156
2992511 24951 571 156
2992512 616134 571 156
2992513 616134 571 6257
2992514 616134 571 6278
2992515 616134 571 30
2992516 616134 571 1058
2992517 616134 571 11
2992518 616134 571 221
2992519 616134 571 4896
2992520 616134 571 1106
2992521 616134 571 276
2992537 616136 571 156
2992538 616136 571 155
2992539 616136 571 44
2992540 616136 571 818
2992541 616137 571 138
2992542 616137 571 2902
2992543 616137 571 259
2992544 616137 571 284
2992550 616138 571 2902
2992551 616138 571 72
2992552 616138 571 138
2992553 616138 571 284
2992554 616138 571 5670
2992555 619737 571 138
2992556 619737 571 2902
2992557 619737 571 284
2992558 240026 571 138
2992559 240026 571 2902
2992560 240026 571 4693
2992561 431511 571 44
2992562 431511 571 1058
2992563 431511 571 2902
2992564 431511 571 138
2992565 431511 571 108
2992566 1945205 571 44
2992567 1945205 571 1058
2992568 1945205 571 276
2992569 1945205 571 109544
2992570 1945205 571 158063
2992571 1945205 571 138
2992609 16181 571 138
2992610 16181 571 44
2992611 16181 571 125
2992612 16181 571 187
2992613 16181 571 2902
2992614 16181 571 3822
2992615 16181 571 5670
2992623 616142 571 138
2992624 616142 571 6045
2992625 616142 571 2902
2992626 616142 571 2150
2992631 616144 571 44
2992632 616144 571 1058
2992633 616144 571 138
2992634 616144 571 2902
2992635 616144 571 5670
2992636 616144 571 203
2992637 616144 571 108
2992638 29808 571 829
2992639 29808 571 139
2992640 29808 571 77
2992641 29808 571 104
2992646 318060 571 138
2992647 318060 571 44
2992648 318060 571 1058
2992649 318060 571 108
2992650 318060 571 20
2992651 318060 571 926
2992652 58558 571 138
2992653 58558 571 125
2992654 58558 571 2902
2992655 58558 571 187
2992656 58558 571 284
2992657 58558 571 523
2992658 58558 571 44
2992659 616145 571 138
2992660 616145 571 1049
2992661 616145 571 187
2992662 616145 571 1703
2992663 1915787 571 44
2992664 1915787 571 1058
2992665 1915787 571 992
2992666 1915787 571 2008
2992667 1915787 571 203
2992668 1915787 571 1056
2992669 1915787 571 10296
2992670 1915787 571 221
2992671 1915787 571 12
2992678 616146 571 156
2992679 616146 571 3394
2992680 616146 571 291
2992711 616150 571 29
2992712 616150 571 125
2992713 616150 571 8886
2992714 616150 571 1717
2992715 616150 571 1358
2992721 1945207 571 221
2992722 1945207 571 2816
2992723 1945207 571 6278
2992724 1945207 571 6257
2992725 1945207 571 1058
2992726 1945207 571 11
2992736 134635 571 188
2992737 134635 571 2902
2992738 134635 571 5670
2992739 134635 571 108
2992740 134635 571 138
2992741 134635 571 44
2992742 134635 571 1058
2992743 134635 571 1106
2992744 398122 571 44
2992745 398122 571 301
2992746 398122 571 978
2992747 398122 571 1160
2992748 490605 571 276
2992749 490605 571 978
2992750 490605 571 11
2992751 490605 571 1058
2992752 490605 571 825
2992753 490605 571 328
2992754 490605 571 77
2992755 490605 571 287
2992756 490605 571 139
2992757 616152 571 138
2992758 616152 571 3153
2992759 616152 571 328
2992760 138907 571 138
2992761 138907 571 284
2992762 138907 571 5008
2992763 138907 571 20046
2992764 138907 571 1821
2992765 138907 571 72
2992766 138907 571 2902
2992773 616154 571 138
2992774 616154 571 44
2992775 616154 571 11
2992776 616154 571 221
2992777 616154 571 187
2992778 616154 571 286
2992781 25010 571 894
2992782 25010 571 6192
2992783 25010 571 139
2992784 25010 571 1058
2992785 25010 571 11
2992786 861432 571 44
2992787 861432 571 1058
2992788 861432 571 10296
2992789 861432 571 507
2992795 616157 571 507
2992796 616157 571 818
2992797 616157 571 20
2992798 616157 571 156
2992799 616158 571 29
2992800 616158 571 8810
2992801 616158 571 2781
2992802 616158 571 158065
2992803 616159 571 583
2992804 616159 571 27255
2992805 616160 571 1909
2992806 616160 571 8305
2992807 616160 571 5008
2992808 616160 571 1053
2992809 616160 571 912
2992810 616160 571 557
2992811 616160 571 138
2992812 616160 571 284
2992813 616160 571 4057
2992814 62422 571 44
2992815 62422 571 4252
2992816 62422 571 818
2992817 32682 571 139
2992818 32682 571 77
2992819 32682 571 285
2992820 32682 571 12958
2992821 32682 571 2138
2992822 537302 571 156
2992823 537302 571 221
2992824 537302 571 286
2992825 537302 571 44
2992826 537302 571 1058
2992827 537302 571 30
2992828 616161 571 138
2992829 616161 571 284
2992830 616161 571 286
2992831 616161 571 292
2992832 616161 571 4132
2992833 616161 571 2486
2992834 616161 571 125
2992835 616162 571 138
2992836 616162 571 301
2992837 616162 571 286
2992838 616162 571 707
2992839 11528 571 138
2992840 11528 571 4
2992841 11528 571 187
2992842 11528 571 292
2992843 11528 571 328
2992844 11528 571 286
2992845 22736 571 156
2992846 22736 571 138
2992847 22736 571 328
2992848 22736 571 44
2992849 616163 571 125
2992850 616163 571 29
2992851 616163 571 8810
2992852 616163 571 2781
2992853 616163 571 158065
2992854 616164 571 29
2992855 616164 571 15403
2992872 616168 571 138
2992873 616168 571 284
2992874 616168 571 187
2992875 616168 571 6
2992876 616168 571 6117
2992877 1945209 571 2964
2992878 1945210 571 221
2992879 1945210 571 1058
2992880 1945210 571 50510
2992881 1945210 571 138
2992882 1945210 571 11
2992883 616169 571 138
2992884 616169 571 1058
2992885 616169 571 11
2992886 616169 571 221
2992887 616169 571 10906
2992888 58584 571 138
2992889 58584 571 187
2992890 58584 571 284
2992891 58584 571 6
2992892 58584 571 6011
2992893 58584 571 575
2992901 616170 571 301
2992902 616170 571 79
2992903 616170 571 311
2992904 616170 571 1704
2992905 616170 571 158012
2992911 1945211 571 507
2992912 1945211 571 301
2992913 1945211 571 44
2992914 1945211 571 275
2992919 541951 571 44
2992920 541951 571 138
2992921 541951 571 1058
2992922 541951 571 2902
2992923 541951 571 109525
2992924 541951 571 108
2992925 616173 571 44
2992926 616173 571 138
2992927 616173 571 284
2992928 616173 571 286
2992929 616173 571 1703
2992930 616174 571 138
2992931 616174 571 44
2992932 616174 571 1058
2992933 616174 571 507
2992934 616174 571 284
2992945 1945212 571 44
2992946 1945212 571 138
2992947 1945212 571 47464
2992948 1945212 571 4103
2992951 496955 571 44
2992952 496955 571 1058
2992953 496955 571 203
2992954 496955 571 2331
2992955 496955 571 1007
2992956 496955 571 960
2992957 496955 571 1325
2992958 616176 571 1267
2992959 616176 571 44
2992960 616176 571 138
2992961 616176 571 158010
2992975 266749 571 139
2992976 266749 571 894
2992977 266749 571 2990
2992985 22481 571 2902
2992986 22481 571 3822
2992987 22481 571 72
2992988 22481 571 5670
2992989 22481 571 2605
2992990 22481 571 155
2992991 339924 571 301
2992992 339924 571 503
2992993 339924 571 4234
2992994 339924 571 39
2992995 339924 571 158012
2992999 616180 571 6257
2993000 616180 571 221
2993001 616180 571 11
2993002 616180 571 120
2993003 616180 571 118
2993004 616180 571 7769
2993005 616180 571 90
2993006 616181 571 216
2993007 616181 571 305
2993015 616182 571 90
2993016 616182 571 72
2993017 616182 571 11
2993018 616182 571 638
2993019 616182 571 734
2993027 35474 571 523
2993028 35474 571 1704
2993029 35474 571 138
2993030 35474 571 1565
2993031 35474 571 1267
2993032 35474 571 39
2993050 616187 571 216
2993051 616187 571 2331
2993052 616187 571 44
2993053 616187 571 1058
2993058 616189 571 216
2993059 616189 571 2331
2993060 616189 571 44
2993061 616189 571 1058
2993062 616190 571 216
2993063 616190 571 44
2993064 616190 571 1058
2993065 616190 571 158010
2993073 1945213 571 2486
2993074 1945213 571 286
2993075 1945213 571 11
2993076 1945213 571 1058
2993077 1945213 571 221
2993078 1945213 571 2964
2993087 616193 571 221
2993088 616193 571 168
2993089 616193 571 11
2993097 615347 571 44
2993098 615347 571 1058
2993099 615347 571 188
2993100 615347 571 1169
2993101 188873 571 158012
2993213 171023 571 44
2993214 171023 571 276
2993215 171023 571 301
2993216 171023 571 2161
2993395 521239 571 221
2993396 521239 571 328
2993397 521239 571 11
2993398 521239 571 113207
2993399 521239 571 44
2993400 521239 571 138
2993401 616266 571 187
2993402 616266 571 138
2993409 616267 571 138
2993410 616267 571 6
2993411 616267 571 1703
2993412 616267 571 125
2993413 616267 571 5336
2993414 616268 571 138
2993415 616268 571 44
2993416 616268 571 3567
2993417 616268 571 1058
2993418 616268 571 187
2993419 616268 571 287
2993425 616232 571 221
2993426 616232 571 6257
2993427 616232 571 11
2993428 616232 571 72
2993429 616232 571 6278
2993430 616232 571 108
2993431 616235 571 138
2993432 616235 571 1183
2993433 616235 571 2902
