3027808 405854 578 1133
3027809 405854 578 125
3027810 481240 578 139
3027811 481240 578 4028
3027812 618991 578 6684
3027818 1881390 578 5277
3027819 1881390 578 16627
3027820 1881390 578 1643
3027823 618995 578 915
3027826 618998 578 6684
3027827 301314 578 1133
3027828 301314 578 11
3027829 301314 578 72
3027830 618999 578 1191
3027833 52325 578 5918
3027834 619000 578 104
3027835 619000 578 748
3027838 619003 578 46
3027839 65445 578 362
3027840 65445 578 5947
3027841 619004 578 46
3027842 619005 578 2609
3027843 619005 578 46
3027844 47663 578 46
3027845 47663 578 108
3027846 619006 578 503
3027847 619006 578 125
3027853 65491 578 53325
3027854 405868 578 1133
3027855 405868 578 1138
3027856 405868 578 125
3027857 190 578 138
3027858 190 578 527
3027859 28822 578 46
3027860 619008 578 108
3027861 619008 578 138
3027862 619008 578 12
3027863 56238 578 15
3027864 56238 578 941
3027865 56238 578 138
3027868 1947230 578 3164
3027869 1947230 578 5541
3027870 60271 578 3164
3027871 60271 578 359
3027875 619010 578 69055
3027879 619013 578 100
3027880 619014 578 20663
3027881 619014 578 6046
3027882 4049 578 104
3027883 4049 578 2013
3027884 4049 578 72
3027885 36385 578 104
3027886 75474 578 380
3027887 435015 578 469
3027891 619015 578 6101
3027892 619015 578 24
3027893 4101 578 1723
3027894 4101 578 1722
3027895 619016 578 15518
3027896 619016 578 469
3027901 1947231 578 139
3027904 619020 578 1643
3027905 619021 578 21
3027906 619021 578 53325
3027907 619021 578 1643
3027908 619022 578 21
3027909 619023 578 190
3027910 619025 578 6402
3027914 171707 578 24760
3027915 379571 578 941
3027916 379571 578 2150
3027918 4213 578 72
3027919 619028 578 158977
3027920 597270 578 469
3027921 776995 578 139
3027922 776995 578 374
3027926 63117 578 77
3027927 63117 578 104
3027928 63117 578 139
3027929 63117 578 331
3027930 84406 578 104
3027931 84406 578 139
3027932 84406 578 77
3027933 619032 578 2520
3027934 619033 578 46
3027935 619034 578 6101
3027936 619034 578 1937
3027939 4303 578 302
3027942 69341 578 1126
3027943 69341 578 1795
3027944 1947232 578 1133
3027945 1947232 578 5678
3027946 1947232 578 29
3027949 819946 578 104
3027950 819946 578 77
3027951 1947233 578 380
3027952 1947233 578 331
3027953 1947233 578 507
3027956 8457 578 125
3027957 8457 578 21
3027958 12051 578 77
3027959 619039 578 6101
3027962 36420 578 77
3027963 36420 578 359
3027966 619040 578 4
3027967 619041 578 331
3027968 619041 578 742
3027969 619043 578 154987
3027970 619043 578 846
3027973 619045 578 20663
3027974 84478 578 1034
3027975 84478 578 150
3027976 619047 578 69055
3027977 619047 578 20262
3027980 259890 578 469
3027981 259890 578 536
3027984 606267 578 996
3027985 619051 578 11363
3027986 619053 578 1771
3027988 619055 578 469
3027989 40082 578 77
3027990 40082 578 139
3027991 40082 578 4028
3027992 406135 578 125
3027993 406135 578 1133
3027999 619058 578 6156
3028000 619059 578 2816
3028001 619059 578 221
3028005 619061 578 6330
3028009 619067 578 15518
3028013 619069 578 21488
3028014 619069 578 90
3028015 619071 578 125
3028016 619071 578 734
3028017 619071 578 139
3028018 619071 578 912
3028019 619073 578 21
3028020 619073 578 6101
3028022 619075 578 3716
3028023 619075 578 1823
3028024 619077 578 90
3028025 619077 578 941
3028026 168966 578 53325
3028027 619078 578 3182
3028028 619078 578 332
3028031 619080 578 1577
3028033 61430 578 77
3028034 61430 578 846
3028038 619081 578 5984
3028039 619081 578 1034
3028042 1947235 578 1133
3028043 1947235 578 2576
3028044 1947235 578 13237
3028045 393694 578 1034
3028049 619085 578 104
3028050 619085 578 748
3028051 619085 578 286
3028052 619085 578 643
3028053 619085 578 77
3028054 619085 578 4196
3028055 619086 578 4174
3028056 88963 578 158978
3028057 619087 578 469
3028067 619093 578 6684
3028068 1327852 578 3451
3028069 54852 578 108
3028070 619097 578 1643
3028071 619097 578 42607
3028072 619099 578 6101
3028073 23196 578 29
3028074 23196 578 16004
3028075 23196 578 4349
3028076 4767 578 302
3028077 4767 578 846
3028079 619101 578 846
3028085 1947236 578 1643
3028086 1947236 578 4721
3028087 79620 578 6
3028088 79620 578 1313
3028089 79620 578 2762
3028091 619105 578 469
3028092 619105 578 583
3028093 619105 578 633
3028094 619105 578 2332
3028095 411780 578 40075
3028096 619107 578 158978
3028097 84645 578 1021
3028098 84645 578 77
3028099 84645 578 104
3028100 84645 578 139
3028103 584581 578 1275
3028104 584581 578 4
3028105 584581 578 331
3028106 1947238 578 5541
3028107 1947238 578 19271
3028109 12731 578 100
3028110 12731 578 11
3028114 31902 578 125
3028115 31902 578 11
3028116 31902 578 5947
3028117 31902 578 158980
3028118 318314 578 104
3028119 318314 578 4329
3028120 318314 578 32120
3028121 318314 578 139
3028122 318314 578 748
3028123 619110 578 69055
3028134 619113 578 1577
3028135 619117 578 11
3028136 619117 578 1133
3028137 991730 578 1539
3028138 991730 578 72
3028140 619119 578 154987
3028141 34605 578 138
3028145 403398 578 125
3028146 66543 578 104
3028147 66543 578 139
3028148 66543 578 4196
3028149 619123 578 104
3028150 619123 578 748
3028151 619123 578 139
3028152 619123 578 3153
3028154 1947240 578 29
3028155 1947240 578 523
3028156 1947240 578 882
3028159 1947241 578 4174
3028160 1947241 578 1722
3028161 5013 578 1722
3028162 5013 578 1723
3028163 126183 578 1062
3028164 126183 578 1174
3028165 619127 578 7380
3028167 619129 578 158981
3028169 1947242 578 104
3028170 43480 578 1560
3028171 43480 578 941
3028175 189969 578 331
3028176 189969 578 19265
3028177 189969 578 125
3028178 1822798 578 46
3028181 79666 578 29
3028182 1947243 578 104
3028183 1947243 578 829
3028184 527996 578 374
3028185 619134 578 6101
3028189 596236 578 6291
3028190 619135 578 77
3028191 619135 578 29
3028196 619138 578 108
3028197 56846 578 46
3028198 56846 578 108
3028199 38019 578 108
3028200 38019 578 46
3028201 38019 578 290
3028204 100135 578 108
3028206 27646 578 108
3028207 27646 578 46
3028210 619140 578 20702
3028211 619140 578 2404
3028212 1947244 578 6291
3028213 1947244 578 380
3028214 619142 578 6684
3028216 619143 578 1191
3028217 619143 578 469
3028218 619144 578 8527
3028219 619144 578 3151
3028220 619144 578 638
3028225 619146 578 311
3028226 619146 578 469
3028227 619146 578 583
3028228 619146 578 158978
3028230 1947246 578 1133
3028231 1947246 578 11
3028232 1947247 578 20663
3028233 1947247 578 829
3028234 619148 578 29
3028235 619148 578 1358
3028236 1947248 578 1133
3028237 1947248 578 11
3028238 1947248 578 2576
3028239 1947248 578 13237
3028245 67896 578 286
3028246 67896 578 125
3028248 344044 578 77
3028249 344044 578 6063
3028252 619153 578 742
3028253 158893 578 11
3028254 158893 578 734
3028255 158893 578 748
3028256 619154 578 374
3028259 69666 578 125
3028260 69666 578 15839
3028261 15654 578 16
3028262 20183 578 16
3028263 619156 578 7350
3028264 619158 578 6101
3028265 619158 578 158983
3028266 1947249 578 158984
3028267 1947249 578 331
3028269 619160 578 20663
3028270 619161 578 1577
3028272 619164 578 4192
3028273 619164 578 139
3028274 5265 578 523
3028275 5265 578 5947
3028276 72946 578 2232
3028277 72948 578 6
3028278 25358 578 125
3028279 25358 578 6
3028293 5299 578 104
3028295 619173 578 77
3028296 619173 578 139
3028297 265060 578 46
3028298 619175 578 1560
3028299 20317 578 8527
3028300 471253 578 1939
3028304 1947252 578 19180
3028305 38075 578 1127
3028306 38075 578 139
3028307 38075 578 618
3028308 619178 578 5541
3028309 619178 578 53325
3028313 192659 578 2990
3028314 192659 578 77
3028315 192659 578 1127
3028316 192659 578 139
3028317 192659 578 748
3028318 192659 578 104
3028323 619180 578 158976
3028326 619181 578 22876
3028330 1947253 578 1133
3028331 1947253 578 1771
3028332 1947254 578 1133
3028333 1947254 578 4292
3028335 619184 578 380
3028336 619185 578 6101
3028337 619185 578 331
3028338 619185 578 343
3028339 619186 578 1643
3028340 619187 578 158978
3028341 157857 578 3151
3028342 619188 578 1331
3028343 1947256 578 380
3028344 1947256 578 29
3028345 1947256 578 20178
3028346 1947257 578 6101
3028347 1947257 578 5541
3028348 317472 578 6101
3028349 317472 578 5541
3028350 66964 578 188
3028351 66964 578 11
3028354 619191 578 53325
3028355 619193 578 7350
3028356 5519 578 5947
3028357 5519 578 125
3028358 5519 578 1119
3028359 5519 578 1147
3028360 619196 578 1643
3028361 619197 578 1643
3028369 619202 578 40075
3028370 619203 578 40075
3028372 466854 578 40075
3028373 619204 578 40075
3028374 619205 578 1230
3028375 619205 578 359
3028376 82119 578 1702
3028377 13590 578 359
3028381 90976 578 1565
3028382 619210 578 1643
3028383 619211 578 107727
3028384 619212 578 11
3028385 619212 578 1133
3028387 619214 578 2161
3028394 1435052 578 77
3028395 1435052 578 2636
3028399 5705 578 104
3028400 5705 578 748
3028401 13725 578 318
3028402 13725 578 331
3028403 77756 578 70
3028405 619220 578 6536
3028406 32029 578 290
3028413 1343450 578 469
3028414 1343450 578 1943
3028415 1343450 578 3151
3028416 5827 578 139
3028417 5827 578 158985
3028418 619225 578 3122
3028419 619225 578 3121
3028420 23629 578 72
3028421 23629 578 1722
3028422 23629 578 1191
3028423 619227 578 107727
3028425 32034 578 1133
3028426 32034 578 11
3028427 32034 578 380
3028428 619229 578 6101
3028432 50583 578 11
3028433 50583 578 3151
3028434 50583 578 81
3028438 619234 578 4107
3028439 619234 578 77
3028448 23351 578 46
3028449 23351 578 108
3028450 23351 578 618
3028451 32398 578 498
3028453 240857 578 139
3028454 240857 578 104
3028455 240857 578 1021
3028456 619239 578 125
3028457 619239 578 104
3028460 619242 578 154987
3028461 585864 578 380
3028462 585864 578 29
3028463 585864 578 20178
3028464 619243 578 6684
3028465 619243 578 642
3028466 619245 578 40472
3028467 26322 578 359
3028468 26322 578 1058
3028469 26322 578 523
3028470 486614 578 469
3028471 619248 578 15518
3028472 619249 578 4767
3028473 619249 578 1722
3028474 619250 578 21
3028475 619251 578 2816
3028480 1947262 578 104
3028481 1947262 578 139
3028482 1947262 578 11
3028485 619254 578 104
3028486 619254 578 829
3028487 619254 578 139
3028491 619255 578 6291
3028492 127183 578 681
3028493 127183 578 821
3028494 67420 578 125
3028495 67420 578 734
3028496 67420 578 523
3028497 67420 578 39
3028498 619256 578 29
3028499 619256 578 10240
3028500 619257 578 1133
3028501 619257 578 29
3028502 619257 578 125
3028503 6164 578 125
3028504 6164 578 39
3028505 6164 578 19265
3028506 6164 578 5947
3028507 619258 578 6684
3028509 152524 578 77
3028510 152524 578 139
3028511 152524 578 2476
3028512 152524 578 536
3028513 1947264 578 104
3028514 1947264 578 2911
3028516 619260 578 6101
3028517 619260 578 158983
3028518 6785 578 20
3028519 6785 578 1141
3028527 619261 578 1118
3028528 377598 578 276
3028536 58141 578 285
3028537 58141 578 1897
3028538 58141 578 318
3028540 32077 578 276
3028541 32077 578 76
3028542 32077 578 5947
3028546 1379 578 11
3028547 1379 578 668
3028548 1379 578 28
3028549 23750 578 276
3028550 23750 578 915
3028551 248405 578 29
3028552 248405 578 127
3028553 248405 578 125
3028554 1947265 578 11
3028555 1947265 578 1133
3028556 1947265 578 3200
3028557 1947265 578 474
3028566 454803 578 1034
3028567 454803 578 1242
3028569 619265 578 7350
3028570 619266 578 374
3028571 619266 578 3152
3028577 411876 578 40075
3028578 619267 578 21241
3028579 619268 578 15518
3028580 619268 578 380
3028584 454819 578 15518
3028587 619272 578 15518
3028588 619273 578 100
3028590 619276 578 20856
3028591 619276 578 6101
3028593 14323 578 3451
3028594 416417 578 2324
3028595 21459 578 125
3028596 21459 578 1321
3028597 21459 578 1560
3028598 21459 578 5947
3028601 425163 578 1321
3028604 115809 578 3151
3028605 115809 578 72
3028606 115809 578 1321
3028610 467083 578 816
3028611 619280 578 5523
3028612 406874 578 1133
3028613 406874 578 1138
3028614 619281 578 1133
3028615 619281 578 28144
3028616 619281 578 1138
3028617 619282 578 469
3028618 619285 578 1723
3028619 1414200 578 469
3028620 1414200 578 996
3028621 619286 578 1577
3028622 619287 578 15518
3028623 619289 578 158987
3028624 619289 578 1034
3028625 619291 578 1491
3028626 619291 578 158988
3028627 619291 578 6101
3028628 619292 578 6824
3028629 619292 578 19265
3028630 47005 578 1133
3028631 47005 578 1138
3028632 47005 578 1058
3028633 47005 578 11
3028634 619293 578 1491
3028635 619293 578 158989
3028636 619293 578 6101
3028637 21558 578 6101
3028638 21558 578 24
3028639 21558 578 361
3028642 619294 578 158978
3028643 614873 578 1176
3028644 614873 578 846
3028646 619296 578 1133
3028647 619296 578 11
3028648 619296 578 1937
3028649 619297 578 7089
3028650 619297 578 503
3028653 550227 578 384
3028654 550227 578 77
3028655 550227 578 139
3028656 1399 578 21
3028657 1399 578 780
3028658 1399 578 1040
3028659 1399 578 332
3028660 619298 578 104
3028661 619300 578 4174
3028662 619300 578 1191
3028663 14521 578 8527
3028664 14521 578 15518
3028665 619301 578 1491
3028666 619301 578 158988
3028667 619301 578 6101
3028670 1947268 578 1133
3028671 1947268 578 11
3028672 1947268 578 380
3028673 118242 578 42283
3028674 619306 578 21241
3028675 619307 578 21241
3028676 619308 578 6684
3028680 28867 578 108
3028681 28867 578 46
3028682 28867 578 527
3028683 619310 578 46
3028684 619312 578 69055
3028685 1947269 578 1133
3028686 1947269 578 40639
3028687 1947270 578 104
3028688 1947270 578 139
3028691 619317 578 630
3028699 121203 578 7412
3028700 121203 578 5541
3028701 1419 578 2816
3028702 1653360 578 469
3028703 1653360 578 1561
3028704 1947271 578 331
3028708 619325 578 380
3028709 619325 578 331
3028714 1046856 578 1233
3028715 1046856 578 1704
3028716 1046856 578 1267
3028717 70316 578 8722
3028721 73731 578 290
3028722 73731 578 8722
3028723 23874 578 961
3028724 23874 578 1781
3028727 451812 578 3703
3028728 451812 578 816
3028732 6762 578 347
3028733 6762 578 6049
3028734 6762 578 77
3028735 6762 578 8533
3028736 619332 578 1321
3028737 619332 578 730
3028738 619332 578 380
3028739 619333 578 1133
3028741 112912 578 1133
3028742 112912 578 11
3028743 112912 578 139
3028744 6776 578 1560
3028745 619334 578 469
3028746 619334 578 996
3028752 619337 578 6101
3028753 619337 578 1126
3028755 431279 578 1133
3028759 394340 578 104
3028760 394340 578 139
3028761 394340 578 2576
3028763 568492 578 2028
3028764 568492 578 734
3028767 619343 578 6046
3028768 619343 578 469
3028769 619343 578 187
3028770 619349 578 158976
3028771 619349 578 15518
3028775 619353 578 69055
3028778 619354 578 138
3028780 527018 578 139
3028781 527018 578 77
3028782 527018 578 1127
3028783 46395 578 77
3028784 580622 578 503
3028790 619359 578 23929
3028791 619359 578 158991
3028792 619359 578 780
3028793 194786 578 813
3028794 194786 578 4102
3028795 194786 578 29
3028796 24025 578 77
3028797 24025 578 6737
3028803 6990 578 125
3028804 6990 578 285
3028805 24029 578 4192
3028806 24029 578 374
3028807 24029 578 139
3028808 24029 578 77
3028809 619363 578 125
3028810 619363 578 29940
3028811 619363 578 1321
3028812 619364 578 77
3028813 619364 578 1178
3028814 619364 578 374
3028818 370706 578 125
3028819 370706 578 3200
3028820 370706 578 5947
3028821 499982 578 633
3028822 499982 578 24760
3028823 499982 578 16014
3028824 499982 578 39
3028825 549016 578 77
3028826 549016 578 331
3028827 1947275 578 29
3028828 89202 578 469
3028829 1947276 578 2816
3028830 1947276 578 46755
3028832 417051 578 70
3028833 619374 578 158978
3028836 68210 578 1133
3028837 68210 578 11
3028838 1947277 578 1133
3028839 425457 578 108
3028840 63398 578 11
3028841 63398 578 821
3028842 1922225 578 1133
3028843 1922225 578 11
3028844 78740 578 100
3028845 279234 578 46
3028846 279234 578 108
3028847 279234 578 1133
3028851 619377 578 8981
3028854 1528 578 21
3028855 1528 578 7068
3028856 7106 578 125
3028857 16425 578 125
3028860 85535 578 77
3028861 85535 578 1127
3028862 85535 578 1132
3028863 1947278 578 104
3028864 1947278 578 139
3028865 201526 578 1034
3028866 201526 578 359
3028867 201526 578 846
3028868 619382 578 469
3028869 161732 578 884
3028870 161732 578 21
3028873 619384 578 846
3028874 619384 578 6101
3028875 619384 578 1178
3028876 619385 578 380
3028877 619385 578 1176
3028878 619385 578 2762
3028879 1536 578 104
3028883 619389 578 158978
3028884 94370 578 139
3028885 94370 578 894
3028886 371657 578 139
3028887 371657 578 894
3028889 619390 578 6101
3028891 83255 578 557
3028892 83255 578 20702
3028893 619393 578 1034
3028894 191610 578 125
3028895 191610 578 286
3028896 94822 578 77
3028897 94822 578 104
3028898 94822 578 374
3028907 83300 578 20673
3028908 83300 578 618
3028911 85018 578 77
3028912 85018 578 359
3028913 6283 578 21
3028914 1236173 578 2138
3028915 1236173 578 104
3028916 609566 578 2627
3028917 609566 578 77
3028918 157744 578 3151
3028919 157744 578 618
3028922 619398 578 1126
3028923 85866 578 77
3028924 523466 578 42073
3028925 523466 578 913
3028926 523466 578 72
3028928 32724 578 6101
3028929 32724 578 667
3028930 32724 578 4
3028931 32724 578 318
3028933 619400 578 742
3028934 619401 578 118
3028935 619401 578 6579
3028936 619401 578 1882
3028937 619401 578 70
3028943 619404 578 469
3028944 619404 578 158983
3028950 619407 578 307
3028955 186526 578 816
3028956 186526 578 2188
3028959 619408 578 6101
3028960 619408 578 359
3028962 22157 578 3703
3028963 22157 578 1141
3028964 22157 578 941
3028965 22157 578 1937
3028966 394603 578 276
3028967 394603 578 643
3028968 394603 578 125
3028974 619413 578 2543
3028975 619413 578 8527
3028976 83433 578 13822
3028977 83433 578 1897
3028978 619414 578 21
3028979 619414 578 6101
3028980 619414 578 13771
3028981 55773 578 6036
3028982 55773 578 523
3028985 619418 578 6
3028992 279551 578 77
3028993 279551 578 1058
3028994 279551 578 1392
3028995 279551 578 734
3028997 619422 578 22876
3028998 619423 578 53325
3029000 2209 578 6801
3029001 2209 578 792
3029013 44143 578 1702
3029014 44143 578 302
3029015 188238 578 1732
3029016 188238 578 3463
3029017 188238 578 536
3029018 188238 578 996
3029019 619427 578 1034
3029020 619427 578 138
3029023 1947282 578 5541
3029024 1947282 578 618
3029025 1947282 578 6402
3029038 199021 578 1643
3029039 619432 578 6101
3029041 400586 578 290
3029046 74341 578 70
3029047 74341 578 2605
3029050 45948 578 77
3029051 45948 578 7098
3029052 606796 578 29
3029053 606796 578 523
3029056 619437 578 154987
3029057 619437 578 104612
3029061 1947283 578 100
3029062 1947283 578 11
3029063 1947283 578 518
3029068 610642 578 49919
3029069 619440 578 6674
3029070 619441 578 158976
3029071 619441 578 29
3029072 619442 578 29
3029073 619444 578 6101
3029074 75715 578 77
3029075 75715 578 748
3029076 75715 578 4196
3029077 75715 578 104
3029078 619446 578 1222
3029079 619446 578 5813
3029080 619446 578 10448
3029082 619447 578 25543
3029083 619447 578 507
3029084 619447 578 90
3029085 619447 578 3151
3029088 619450 578 4016
3029089 619450 578 9795
3029090 619450 578 6332
3029094 619452 578 68719
3029095 619453 578 290
3029096 619453 578 1213
3029097 619453 578 1897
3029098 279808 578 139
3029100 868228 578 1267
3029101 868228 578 23977
3029106 619455 578 125
3029107 619455 578 503
3029110 619457 578 1643
3029111 68800 578 286
3029112 68800 578 523
3029113 158419 578 3269
3029114 619459 578 21
3029115 619459 578 6101
3029116 619459 578 13771
3029118 78098 578 139
3029119 78098 578 748
3029120 78098 578 709
3029121 85757 578 441
3029124 619463 578 6291
3029125 1947286 578 1133
3029126 1947286 578 168
3029128 619466 578 4721
3029129 619466 578 1034
3029130 2220 578 46
3029131 619467 578 53325
3029134 146274 578 813
3029135 146274 578 647
3029136 146274 578 5947
3029137 619470 578 846
3029142 619474 578 1643
3029143 619475 578 799
3029147 596526 578 54608
3029148 596526 578 29
3029149 619479 578 77
3029150 619479 578 507
3029154 619484 578 359
3029155 1947289 578 104
3029156 1947289 578 5947
3029157 1947289 578 139
3029158 1947289 578 125
3029159 1947290 578 529
3029160 619485 578 3182
3029161 619485 578 1565
3029162 619485 578 2456
3029163 1947291 578 1021
3029164 436344 578 9795
3029165 436344 578 912
3029166 1947292 578 139
3029167 1947292 578 77
3029168 1947292 578 846
3029169 47555 578 1274
3029170 556323 578 139
3029171 556323 578 77
3029172 556323 578 1127
3029173 619488 578 11
3029174 619488 578 29
3029175 619488 578 331
3029179 105615 578 104
3029180 105615 578 2762
3029186 619490 578 11
3029187 619490 578 734
3029188 619492 578 1034
3029189 619492 578 1722
3029192 619494 578 158978
3029201 418384 578 139
3029205 26700 578 1288
3029206 26700 578 29
3029207 619501 578 123175
3029208 619501 578 125
3029209 55954 578 6684
3029212 619502 578 6684
3029213 619503 578 6684
3029217 27412 578 6684
3029218 27412 578 125
3029220 518934 578 6684
3029221 619505 578 6684
3029222 619505 578 20673
3029223 619506 578 190
3029224 619507 578 190
3029225 1947293 578 154401
3029226 1947293 578 829
3029227 1947293 578 2636
3029234 394865 578 10682
3029235 394865 578 8591
3029236 394865 578 77
3029237 619512 578 1191
3029238 100361 578 6684
3029239 536696 578 11
3029240 536696 578 1335
3029241 536696 578 302
3029243 619514 578 7412
3029245 619517 578 20663
3029246 619517 578 6046
3029252 24432 578 139
3029253 24432 578 77
3029258 35527 578 77
3029259 576901 578 29
3029260 576901 578 523
3029261 576901 578 882
3029266 619525 578 4192
3029267 619525 578 139
3029268 619525 578 2187
3029269 619526 578 749
3029271 619531 578 6101
3029272 619531 578 20673
3029285 619538 578 158978
3029291 65214 578 125
3029292 65214 578 138
3029293 619540 578 4721
3029294 619540 578 125
3029295 619541 578 1491
3029296 619541 578 158988
3029297 619541 578 6101
3029298 107858 578 1258
3029299 107858 578 2161
3029300 107858 578 139
3029301 32385 578 286
3029302 32385 578 11
3029305 44368 578 138
3029308 63373 578 1133
3029309 63373 578 72
3029310 619546 578 1560
3029311 619546 578 20842
3029312 619546 578 20702
3029315 619549 578 21
3029316 619550 578 2045
3029317 619550 578 642
3029318 619551 578 77
3029319 619551 578 104
3029320 619551 578 1127
3029323 619553 578 21
3029324 666253 578 865
3029325 666253 578 11121
3029328 195260 578 1133
3029329 195260 578 11
3029330 195260 578 474
3029331 619555 578 1133
3029332 619555 578 11
3029333 32421 578 1738
3029334 32421 578 1133
3029335 619556 578 1491
3029336 619556 578 158988
3029337 619556 578 6101
3029341 407790 578 1133
3029345 619559 578 1133
3029348 619563 578 3151
3029349 619563 578 846
3029350 619563 578 1034
3029351 619564 578 6101
3029352 619564 578 20702
3029355 889033 578 2636
3029356 619566 578 2636
3029357 619567 578 6
3029358 619567 578 23953
3029363 85991 578 1021
3029364 85991 578 139
3029365 85991 578 104
3029366 195274 578 503
3029367 195274 578 125
3029368 195274 578 1564
3029370 619570 578 638
3029371 619570 578 20
3029373 619573 578 507
3029374 619573 578 20178
3029375 619573 578 846
3029376 1796395 578 1133
3029377 1796395 578 11
3029378 1796395 578 4288
3029379 1796395 578 700
3029380 1796395 578 8441
3029381 32447 578 6036
3029385 589017 578 11
3029386 398678 578 1446
3029387 398678 578 11
3029388 398678 578 72
3029389 619575 578 6291
3029390 619575 578 3200
3029391 170188 578 53325
3029394 92788 578 139
3029395 92788 578 29
3029396 92788 578 12740
3029398 96464 578 507
3029399 96464 578 912
3029400 86031 578 46599
3029401 619579 578 709
3029402 619579 578 16809
3029403 619579 578 734
3029404 619581 578 11474
3029409 86044 578 77
3029410 86044 578 2762
3029413 619585 578 6101
3029414 619585 578 846
3029415 619585 578 29
3029416 619585 578 331
3029419 319780 578 7380
3029420 319780 578 7412
3029421 319780 578 359
3029429 1947296 578 76
3029430 32464 578 1133
3029431 32464 578 11
3029432 32464 578 77
3029433 331885 578 1446
3029434 331885 578 11
3029437 619589 578 469
3029438 619589 578 681
3029439 619589 578 1133
3029440 1508897 578 1133
3029441 1508897 578 11
3029442 619590 578 1133
3029443 619590 578 90
3029444 47216 578 1133
3029445 47216 578 11
3029448 950211 578 1133
3029449 950211 578 11
3029450 950211 578 72
3029451 950211 578 28052
3029452 32471 578 1133
3029453 32471 578 11
3029454 32472 578 1133
3029455 32472 578 11
3029456 32472 578 72
3029459 619592 578 1133
3029460 619592 578 11
3029467 1947299 578 1133
3029468 826021 578 1133
3029469 407986 578 1133
3029470 407986 578 11
3029487 1947301 578 125
3029488 1947301 578 1133
3029489 1947301 578 11
3029490 619601 578 799
3029491 619601 578 846
3029492 619601 578 1779
3029493 619601 578 1034
3029494 619603 578 4016
3029495 619603 578 380
3029496 619604 578 4016
3029497 619604 578 380
3029498 27919 578 5947
3029499 27919 578 39
3029507 619606 578 503
3029508 619606 578 523
3029509 86103 578 77
3029510 86103 578 359
3029511 619608 578 681
3029512 619608 578 125
3029527 619613 578 6101
3029528 619614 578 21241
3029530 510721 578 3182
3029531 510721 578 332
3029534 137161 578 290
3029535 137161 578 4572
3029536 137161 578 6291
3029537 619618 578 125
3029538 619618 578 5541
3029539 619618 578 1704
3029547 619620 578 20673
3029548 47245 578 1133
3029549 47245 578 11
3029553 108042 578 1034
3029554 108042 578 2922
3029555 619621 578 1577
3029556 619622 578 1491
3029557 619622 578 158988
3029558 619622 578 6101
3029559 619623 578 1491
3029560 619623 578 158988
3029561 619623 578 6101
3029564 619624 578 5541
3029565 619624 578 369
3029568 349949 578 1133
3029569 349949 578 1738
3029570 349949 578 75
3029571 529207 578 46
3029572 3515 578 1148
3029573 3515 578 15311
3029574 3515 578 347
3029575 3515 578 1274
3029576 619626 578 2324
3029577 80155 578 125
3029578 80155 578 1191
3029579 619627 578 158978
3029584 26914 578 46
3029585 619630 578 20673
3029588 619633 578 4945
3029589 619634 578 158978
3029591 619636 578 6101
3029592 619636 578 158983
3029593 619637 578 16422
3029594 358702 578 813
3029599 24689 578 1491
3029600 24689 578 158993
3029601 24689 578 29
3029602 24689 578 139
3029603 24689 578 6571
3029604 24689 578 77
3029605 108092 578 1546
3029606 619640 578 846
3029607 619640 578 31657
3029608 619640 578 2599
3029609 619641 578 154987
3029610 619642 578 77
3029611 33195 578 77
3029612 241580 578 331
3029613 241580 578 77
3029622 401298 578 523
3029623 401298 578 1126
3029624 105877 578 3151
3029625 105877 578 1034
3029626 105877 578 1807
3029627 105877 578 846
3029629 58803 578 46
3029632 79389 578 748
3029633 79389 578 139
3029634 108113 578 318
3029635 108113 578 334
3029636 560465 578 9654
3029637 619647 578 798
3029638 619647 578 11
3029639 619647 578 77
3029640 619648 578 9654
3029641 1849 578 11
3029644 619649 578 642
3029645 619650 578 1034
3029648 37609 578 77
3029649 37609 578 2187
3029652 619652 578 583
3029653 619652 578 469
3029654 619652 578 158978
3029655 279361 578 359
3029656 619654 578 630
3029658 124901 578 6846
3029659 124901 578 374
3029661 619655 578 21241
3029662 619656 578 799
3029663 619657 578 104
3029664 619659 578 158982
3029668 86412 578 77
3029669 86412 578 359
3029670 619662 578 1034
3029671 619662 578 4721
3029672 619662 578 1643
3029673 619663 578 11
3029674 619663 578 1133
3029677 537047 578 380
3029678 537047 578 2514
3029679 537047 578 29
3029680 537047 578 331
3029681 619664 578 29
3029682 619664 578 1236
3029683 619664 578 2514
3029689 49486 578 1148
3029693 17274 578 125
3029694 17274 578 523
3029695 17274 578 39
3029696 148365 578 523
3029697 148365 578 39
3029699 411413 578 523
3029700 411413 578 5947
3029701 411413 578 23977
3029702 46532 578 5947
3029703 619666 578 77
3029704 619666 578 523
3029706 619668 578 6684
3029707 619668 578 125
3029708 619669 578 1491
3029709 619669 578 158988
3029710 619669 578 6101
3029711 619670 578 1715
3029712 619670 578 1561
3029713 412024 578 125
3029714 412024 578 6290
3029722 619673 578 3182
3029725 1947310 578 3200
3029726 1947310 578 307
3029727 1947310 578 90
3029728 619674 578 7350
3029729 619675 578 996
3029730 619677 578 311
3029731 619677 578 1565
3029732 619677 578 72
3029734 1947311 578 469
3029735 1947311 578 24
3029736 619678 578 72
3029737 619678 578 29
3029738 619679 578 21
3029739 619679 578 6101
3029740 78338 578 125
3029742 707535 578 24066
3029743 619680 578 158994
3029744 619681 578 1643
3029745 1947312 578 19500
3029747 619683 578 6291
3029748 53949 578 331
3029749 75842 578 7424
3029750 75842 578 5541
3029751 619685 578 23843
3029752 619685 578 343
3029753 3534 578 10682
3029754 3534 578 77
3029755 3534 578 4107
3029756 1104677 578 11
3029762 619686 578 90
3029763 619686 578 4421
3029764 83962 578 20704
3029765 83962 578 20702
3029766 1947313 578 21
3029767 1947313 578 6101
3029768 619689 578 158983
3029769 619690 578 21
3029770 619690 578 6101
3029771 619690 578 13771
3029772 1947314 578 469
3029773 1947314 578 4
3029774 1562811 578 104
3029778 619694 578 912
3029779 619694 578 469
3029780 619694 578 1896
3029781 619695 578 1126
3029784 619697 578 21
3029785 619698 578 1034
3029786 619698 578 4682
3029787 619698 578 19265
3029788 619698 578 4499
3029792 619701 578 29
3029793 619701 578 139
3029794 28909 578 5922
3029795 28909 578 1896
3029797 24861 578 139
3029798 24861 578 3239
3029799 1947315 578 380
3029800 619702 578 380
3029801 619702 578 3239
3029802 32617 578 1133
3029803 490443 578 1133
3029804 58536 578 5008
3029805 619703 578 21
3029806 619703 578 6101
3029807 619703 578 13771
3029817 877343 578 941
3029818 877343 578 187
3029819 877343 578 125
3029820 619710 578 104612
3029821 88659 578 29
3029822 88659 578 79
3029823 88226 578 915
3029827 24877 578 1643
3029828 619712 578 3151
3029829 619712 578 1176
3029830 10884 578 1034
3029831 10884 578 4682
3029837 619713 578 469
3029838 619713 578 6
3029841 364189 578 1174
3029842 364189 578 53325
3029843 619717 578 138
3029844 619717 578 5471
3029845 619718 578 6101
3029846 619720 578 125
3029847 619720 578 285
3029848 437482 578 158995
3029849 142969 578 1133
3029850 142969 578 11
3029851 498451 578 2161
3029852 121623 578 523
3029853 121623 578 125
3029854 121623 578 1771
3029855 44639 578 3182
3029856 619726 578 23807
3029857 619726 578 2816
3029859 374096 578 16014
3029860 145233 578 104
3029861 145233 578 77
3029862 145233 578 1771
3029863 145233 578 139
3029864 1947319 578 380
3029865 1947319 578 1771
3029866 1947321 578 1133
3029867 901840 578 1133
3029868 901840 578 11
3029871 56433 578 6684
3029872 56433 578 125
3029873 56433 578 941
3029874 619732 578 9795
3029884 398082 578 30
3029885 398082 578 545
3029886 398082 578 11
3029887 24953 578 1731
3029888 24953 578 2427
3029889 24953 578 156
3029891 350290 578 2404
3029892 619737 578 138
3029896 619738 578 1133
3029897 1973 578 829
3029898 1973 578 104
3029899 1973 578 77
3029900 1947323 578 829
3029901 1947323 578 104
3029902 619739 578 104
3029903 619739 578 380
3029906 160353 578 104
3029907 160353 578 829
3029908 160353 578 769
3029909 1947324 578 104
3029910 1947324 578 748
3029911 1947325 578 829
3029912 1947325 578 104
3029913 1947325 578 72
3029914 839014 578 104
3029915 839014 578 829
3029916 839014 578 618
3029917 619742 578 104
3029920 108503 578 11231
3029921 108503 578 77
3029922 619743 578 6737
3029923 619743 578 6327
3029924 619743 578 1937
3029925 47893 578 374
3029926 47893 578 290
3029927 47893 578 1130
3029931 351526 578 104
3029932 351526 578 1430
3029933 45712 578 77
3029934 45712 578 709
3029935 567498 578 643
3029936 162603 578 6291
3029940 1947326 578 29
3029941 106139 578 190
3029945 494961 578 1560
3029948 264367 578 523
3029949 264367 578 125
3029950 264367 578 5947
3029951 264367 578 39
3029954 619750 578 1722
3029955 55790 578 46
3029956 44693 578 77
3029957 44693 578 359
3029960 1372145 578 441
3029961 1372145 578 523
3029965 56477 578 6737
3029966 56477 578 158985
3029968 71388 578 523
3029969 71388 578 5947
3029972 619758 578 69055
3029973 619758 578 1577
3029974 619758 578 2476
3029975 619763 578 1133
3029976 619763 578 618
3029977 619764 578 441
3029978 619768 578 2627
3029979 619768 578 374
3029980 619768 578 77
3029981 96894 578 125
3029982 96894 578 5947
3029984 17367 578 46
3029986 42945 578 46
3029987 1947328 578 104
3029988 1947328 578 829
3029989 1947328 578 523
3029990 1947328 578 125
3029993 619774 578 1133
3029994 619774 578 11
3029995 619774 578 15
3029996 48399 578 46
3029997 1947329 578 12
3029998 1947329 578 2061
3029999 1947329 578 104
3030000 1947329 578 638
3030001 29808 578 104
3030002 29808 578 4107
3030006 1346 578 104
3030007 619776 578 69055
3030008 47378 578 104
3030009 47378 578 2911
3030011 619780 578 1191
3030014 619782 578 1034
3030015 619782 578 1331
3030017 619784 578 1257
3030018 594903 578 307
3030019 619785 578 158996
3030020 619785 578 60311
3030022 1947330 578 813
3030023 619786 578 813
3030024 619786 578 29
3030025 619788 578 1062
3030028 22481 578 2902
3030029 136488 578 2338
3030030 136488 578 996
3030031 136488 578 1191
3030032 136488 578 1722
3030037 476495 578 307
3030038 540293 578 1133
3030039 540293 578 469
3030042 619791 578 1133
3030043 619791 578 11
3030046 619792 578 6375
3030048 38883 578 1560
3030049 38883 578 10275
3030054 1947332 578 331
3030055 1947332 578 469
3030056 619799 578 104
3030059 160477 578 709
3030060 619802 578 734
3030061 619803 578 104
3030062 38887 578 77
3030063 12433 578 1034
3030064 35474 578 5947
3030065 35474 578 523
3030066 35474 578 39
3030067 619806 578 813
3030068 619807 578 1169
3030069 36114 578 125
3030070 619808 578 90
3030071 3584 578 46
3030072 75999 578 307
3030073 75999 578 643
3030074 75999 578 286
3030080 569339 578 1176
3030081 569339 578 846
3030082 32741 578 104
3030083 28038 578 100
3030086 47389 578 77
3030087 47389 578 139
3030088 1947333 578 9795
3030089 1947333 578 4016
3030090 1947333 578 3769
3030091 1947333 578 139
3030092 1947333 578 380
3030103 318383 578 941
3030104 318383 578 2525
3030105 318383 578 221
3030107 621540 578 1133
3030108 621540 578 72
3030109 621540 578 11
3030110 621540 578 6953
3030111 621540 578 3666
3030112 619821 578 4945
3030126 27173 578 1896
3030127 27173 578 5947
3030128 619829 578 6684
3030129 374907 578 1577
3030130 32768 578 1133
3030131 32768 578 11
3030132 32768 578 1739
3030136 619832 578 69055
