148182 39979 58 5920
148183 39980 58 9212
148184 39980 58 10499
148185 39981 58 10500
148195 39991 58 138
148196 39991 58 6156
148224 15085 58 6106
148229 40013 58 6159
148230 40014 58 1213
148233 40016 58 6613
148234 40016 58 4599
148236 25852 58 129
148237 40018 58 182
148238 40018 58 624
148256 189 58 184
148257 40036 58 10506
148260 28950 58 182
148261 28950 58 6810
148262 28950 58 4599
148263 28950 58 6496
148266 40041 58 10511
148268 25273 58 6810
148270 40044 58 6106
148271 40045 58 182
148272 40046 58 10512
148275 40048 58 184
148276 22562 58 184
148281 40052 58 4599
148295 40062 58 4599
148315 40076 58 10509
148316 40076 58 10512
148325 40080 58 6156
148326 40081 58 9087
148327 40081 58 319
148328 40082 58 6159
148334 40086 58 6810
148335 40087 58 9212
148336 4571 58 4599
148343 40091 58 10521
148347 40094 58 624
148350 40097 58 9212
148351 40098 58 182
148352 40099 58 10523
148365 28145 58 10522
148368 40109 58 6159
148376 40116 58 10512
148383 35602 58 6889
148386 34605 58 182
148387 34605 58 624
148401 40133 58 10509
148402 40133 58 10515
148408 25341 58 129
148435 34685 58 182
148440 39066 58 129
148447 5265 58 6156
148448 5265 58 319
148449 40165 58 182
148454 40168 58 4599
148459 676 58 6613
148460 676 58 1213
148465 40173 58 6052
148466 38092 58 182
148467 38092 58 4599
148477 40181 58 6159
148481 38115 58 138
148482 38115 58 2902
148483 40185 58 10512
148484 20781 58 182
148492 40191 58 6052
148494 40193 58 4599
148495 40194 58 10523
148497 40196 58 1213
148498 40196 58 4599
148499 40196 58 182
148507 40204 58 6809
148513 40208 58 802
148516 24726 58 6427
148517 40210 58 1237
148527 40219 58 624
148535 40225 58 10519
148536 40226 58 1237
148538 33016 58 6052
148539 40228 58 624
148545 10933 58 10508
148551 40235 58 1237
148555 40238 58 4599
148557 26426 58 6613
148560 6657 58 5920
148562 40242 58 10509
148563 40242 58 10515
148565 40244 58 6159
148586 37760 58 6597
148587 40261 58 10516
148595 40269 58 1213
148596 40269 58 182
148599 24033 58 6052
148602 40273 58 182
148606 40277 58 782
148607 3068 58 6571
148609 40279 58 10512
148642 40301 58 782
148643 2209 58 782
148645 40303 58 10524
148649 36726 58 184
148650 36726 58 319
148657 40308 58 6571
148659 40310 58 6571
148661 40312 58 9212
148681 40328 58 10509
148682 40328 58 10515
148697 40338 58 10500
148714 40353 58 1275
148723 40359 58 6809
148724 22732 58 182
148725 22732 58 6800
148726 40360 58 1529
148727 40361 58 1529
148728 26731 58 5920
148730 40363 58 6800
148739 40370 58 802
148747 40376 58 182
148748 40376 58 1213
148756 40381 58 6106
148777 40397 58 6613
148780 40398 58 10519
148809 40417 58 184
148810 31543 58 129
148813 40420 58 10509
148814 40420 58 10515
148815 27952 58 182
148819 40424 58 782
148822 40427 58 130
148824 40429 58 184
148829 40434 58 10513
148834 40439 58 10509
148835 40439 58 10512
148840 24816 58 1213
148841 40441 58 6613
148845 40444 58 10509
148846 40444 58 10515
148854 40446 58 10514
148855 38768 58 5970
148856 38768 58 4599
148857 10884 58 10506
148861 40450 58 10511
148871 40459 58 6106
148872 40459 58 182
148873 27990 58 184
148881 27994 58 10504
148883 40466 58 10524
148884 40467 58 182
148885 40468 58 319
148886 40468 58 10514
148906 40480 58 129
148911 40483 58 1213
148912 40484 58 1213
148913 40484 58 182
148914 40484 58 6613
148915 40484 58 4599
148919 40487 58 5920
148924 40489 58 624
148925 40490 58 6800
148932 40495 58 4599
148933 40495 58 6156
148935 17367 58 6156
148936 17367 58 182
148937 17367 58 4599
148942 40496 58 6156
148945 40498 58 10509
148946 40498 58 10515
148947 40499 58 6156
148948 40499 58 10521
148949 40499 58 7121
148963 40506 58 10511
148964 40507 58 184
