3047175 625425 584 342
3047176 625425 584 1565
3047177 625425 584 106174
3047178 625425 584 159208
3047179 625426 584 159209
3047180 625426 584 159210
3047185 625428 584 1564
3047186 625428 584 2936
3047187 625428 584 50565
3047188 625428 584 159212
3047189 625429 584 157295
3047190 625429 584 4304
3047191 625429 584 82480
3047192 625429 584 1123
3047193 625429 584 62233
3047194 625430 584 159213
3047195 625430 584 159214
3047196 625430 584 1808
3047197 625430 584 46185
3047198 625430 584 557
3047202 625432 584 712
3047203 625432 584 14112
3047204 625432 584 159217
3047217 625435 584 54656
3047218 625435 584 6010
3047219 625435 584 14112
3047220 625435 584 159219
3047221 625436 584 159220
3047222 625436 584 78191
3047223 625436 584 29952
3047224 625436 584 6331
3047225 625436 584 557
3047252 625441 584 20070
3047253 625441 584 342
3047254 625441 584 503
3047255 625441 584 159226
3047256 625441 584 47088
3047257 625441 584 51432
3047258 625441 584 1565
3047259 184558 584 29868
3047260 184558 584 27397
3047261 184558 584 2902
3047262 184558 584 54372
3047263 625442 584 159227
3047264 625442 584 51023
3047265 625442 584 159228
3047266 625442 584 583
3047267 625442 584 15451
3047268 174221 584 128525
3047269 174221 584 109391
3047270 174221 584 62233
3047271 174221 584 503
3047285 625444 584 128508
3047286 625444 584 33244
3047287 625444 584 583
3047288 625444 584 503
3047289 625444 584 643
3047295 625446 584 51007
3047296 625446 584 78715
3047297 625446 584 1119
3047307 612937 584 159234
3047308 612937 584 20070
3047309 612937 584 3087
3047310 612937 584 941
3047311 612937 584 4390
3047312 625449 584 159234
3047313 625449 584 941
3047314 625449 584 557
3047315 625449 584 20496
3047316 625449 584 4356
3047317 625449 584 4390
3047326 360817 584 159237
3047327 360817 584 4586
3047328 360817 584 618
3047329 360817 584 14112
3047330 360817 584 503
3047331 625451 584 91635
3047332 625451 584 1565
3047333 625451 584 43473
3047334 625451 584 62233
3047335 1947720 584 135321
3047336 1947720 584 719
3047337 1947720 584 1690
3047338 1947720 584 557
3047354 625453 584 49436
3047355 625453 584 48946
3047356 625453 584 3835
3047357 625453 584 4390
3047358 625454 584 88569
3047359 625454 584 159243
3047360 625454 584 159244
3047361 625454 584 583
3047362 625454 584 159245
3047363 625455 584 4390
3047364 625455 584 4934
3047365 625455 584 1567
3047372 625460 584 159247
3047377 180461 584 1962
3047378 180461 584 1565
3047379 180461 584 1802
3047380 180461 584 159249
3047381 180461 584 159250
3047388 625462 584 159252
3047389 625462 584 21
3047390 625462 584 4390
3047391 625462 584 16025
3047396 625464 584 4390
3047401 513299 584 159255
3047402 513299 584 557
3047403 513299 584 1123
3047404 396437 584 5302
3047405 396437 584 1321
3047406 396437 584 301
3047407 396437 584 4519
3047416 625467 584 85027
3047417 625467 584 50160
3047418 625467 584 159257
3047419 625467 584 159258
3047420 625467 584 3366
3047421 625467 584 152
3047422 625467 584 62233
3047423 625468 584 1802
3047424 625468 584 14112
3047425 625468 584 467
3047426 625468 584 1866
3047427 625468 584 159259
3047428 625468 584 159260
3047452 625472 584 50722
3047453 625472 584 5302
3047454 625472 584 80237
3047455 625472 584 46452
3047456 625472 584 24674
3047457 625472 584 1565
3047458 625472 584 2161
3047459 625473 584 4611
3047460 625473 584 49482
3047461 625473 584 1565
3047462 625473 584 5757
3047463 625473 584 311
3047464 625473 584 21
3047465 625474 584 27397
3047466 625474 584 26261
3047467 625474 584 331
3047468 625474 584 1565
3047469 625474 584 557
3047470 433024 584 159264
3047471 433024 584 159265
3047472 433024 584 1808
3047473 433024 584 4390
3047479 625476 584 159266
3047480 625476 584 27397
3047481 625476 584 2964
3047482 625476 584 557
3047486 607702 584 159267
3047487 607702 584 159268
3047488 607702 584 1565
3047489 607702 584 2936
3047490 625478 584 159269
3047491 625478 584 159270
3047492 625478 584 85516
3047493 625478 584 29
3047494 625478 584 18398
3047502 537111 584 109728
3047503 537111 584 48946
3047504 537111 584 128695
3047505 537111 584 24
3047506 537111 584 159273
3047507 625481 584 159274
3047508 625481 584 1565
3047509 625481 584 49437
3047510 625481 584 342
3047511 625482 584 159275
3047512 625482 584 28617
3047513 625482 584 557
3047514 625482 584 1565
3047521 625484 584 557
3047522 625484 584 1962
3047523 625484 584 159249
3047524 625484 584 1565
3047525 625485 584 85837
3047526 625485 584 159278
3047527 625485 584 159279
3047528 625485 584 2861
3047529 625485 584 6372
3047530 625485 584 1565
3047531 625485 584 131757
3047532 625485 584 4901
3047533 1947722 584 159280
3047534 1947722 584 557
3047535 1947722 584 2100
3047536 1947722 584 72419
3047542 625488 584 85236
3047543 625488 584 159282
3047544 625488 584 128398
3047545 625488 584 159283
3047546 625488 584 2936
3047547 625488 584 15451
3047548 625488 584 152
3047549 625489 584 159284
3047550 625489 584 51007
3047551 625489 584 4752
3047552 625489 584 1119
3047553 299627 584 4768
3047554 299627 584 159285
3047555 299627 584 159286
3047556 299627 584 80526
3047557 299627 584 17439
3047558 299627 584 20070
3047559 299627 584 342
3047560 299627 584 1119
3047561 625490 584 159287
3047562 625490 584 29
3047563 625490 584 19452
3047564 625491 584 62233
3047565 625491 584 3366
3047566 625491 584 1267
3047567 625491 584 1119
3047568 625491 584 128525
3047569 625492 584 159288
3047570 625492 584 17080
3047571 625492 584 503
3047572 348710 584 159289
3047573 348710 584 1643
3047574 348710 584 1119
3047597 625495 584 128456
3047598 625495 584 1565
3047604 625496 584 128456
3047605 625496 584 159295
3047606 625496 584 1565
3047607 625496 584 1172
3047614 152026 584 159297
3047615 152026 584 16069
3047616 152026 584 557
3047617 625498 584 2520
3047618 625498 584 8473
3047619 625498 584 14112
3047620 625498 584 159298
3047621 625499 584 159299
3047622 625499 584 159300
3047623 625499 584 159301
3047624 625499 584 1565
3047625 625499 584 159302
3047626 625500 584 107021
3047627 625500 584 1802
3047628 625500 584 1701
3047676 625511 584 4462
3047677 625511 584 16022
3047678 625511 584 1565
3047679 625511 584 159302
3047680 625511 584 1808
3047692 625513 584 159311
3047693 625513 584 159312
3047694 625513 584 128579
3047695 625513 584 1565
3047696 625513 584 2936
3047697 625513 584 4323
3047698 625513 584 503
3047699 625514 584 49932
3047700 625514 584 68552
3047701 625514 584 2936
3047702 625514 584 159313
3047703 625514 584 15451
3047704 625515 584 159314
3047705 625515 584 49537
3047706 625515 584 719
3047707 625515 584 41637
3047708 625516 584 159315
3047709 625516 584 4593
3047710 625516 584 467
3047714 625518 584 159316
3047715 625518 584 1565
3047716 625518 584 19962
3047717 625518 584 1627
3047718 625518 584 2936
3047719 625518 584 3291
3047720 625519 584 159317
3047721 625519 584 48924
3047722 625519 584 1565
3047723 625519 584 342
3047724 625519 584 159245
3047731 64933 584 91694
3047732 64933 584 159321
3047733 64933 584 51007
3047734 64933 584 111399
3047735 64933 584 1565
3047736 64933 584 1808
3047737 425154 584 90545
3047738 425154 584 159322
3047747 625522 584 159324
3047748 625522 584 125555
3047749 625522 584 507
3047750 625522 584 467
3047751 625522 584 24
3047752 625522 584 1119
3047753 625523 584 342
3047754 625523 584 1565
3047755 625523 584 159248
3047756 625523 584 159325
3047757 625524 584 131757
3047758 625524 584 5421
3047759 625524 584 6331
3047760 625524 584 159326
3047761 625524 584 159327
3047777 625531 584 62137
3047778 625531 584 1565
3047784 625533 584 159331
3047785 625533 584 138210
3047786 625533 584 131411
3047787 625533 584 2613
3047796 277157 584 159335
3047797 277157 584 159336
3047798 277157 584 159337
3047799 277157 584 3784
3047800 277157 584 29
3047801 277157 584 507
3047802 277157 584 4390
3047803 625536 584 159338
3047804 625536 584 159339
3047805 625536 584 4828
3047806 625536 584 1565
3047807 625536 584 2056
3047808 625536 584 26633
3047825 1947723 584 91635
3047826 1947723 584 1565
3047827 1947723 584 27397
3047828 1947723 584 2205
3047829 1947723 584 2709
3047830 1947723 584 159344
3047838 1947724 584 159345
3047839 1947724 584 159346
3047840 1947724 584 21
3047841 1947724 584 2236
3047850 625541 584 42089
3047851 625541 584 5645
3047852 625541 584 1565
3047853 618945 584 128525
3047854 618945 584 159239
3047855 625542 584 128525
3047856 625542 584 159349
3047857 625542 584 62233
3047858 625542 584 583
3047859 625543 584 128525
3047860 625543 584 85025
3047861 625543 584 62233
3047862 625544 584 128525
3047863 625544 584 643
3047864 625544 584 14112
3047865 625545 584 128525
3047866 625545 584 503
3047867 625545 584 707
3047868 625545 584 4734
3047869 625545 584 159226
3047890 625549 584 159354
3047891 625549 584 156
3047892 625549 584 48946
3047893 625549 584 1123
3047894 625550 584 159355
3047895 625550 584 159356
3047896 625550 584 62233
3047897 625550 584 15451
3047898 625550 584 1565
3047899 625550 584 131757
3047900 625550 584 1889
3047901 625551 584 159355
3047902 625551 584 2936
3047903 625551 584 1565
3047904 625551 584 14112
3047905 625552 584 131757
3047906 625552 584 62233
3047907 625552 584 159355
3047913 625553 584 159355
3047914 625553 584 4933
3047915 625553 584 2707
3047916 625553 584 4027
3047917 625553 584 1565
3047918 625553 584 62233
3047919 625554 584 159355
3047920 625554 584 557
3047921 625554 584 24970
3047922 625554 584 1565
3047923 625555 584 159355
3047924 625555 584 62233
3047925 625555 584 557
3047926 625555 584 1565
3047935 336282 584 159357
3047936 336282 584 82827
3047937 336282 584 29337
3047938 336282 584 159358
3047939 336282 584 49151
3047940 336282 584 159359
3047941 336282 584 5145
3047948 625560 584 159360
3047949 625560 584 159292
3047950 625560 584 48942
3047951 625560 584 1662
3047952 625560 584 342
3047953 625560 584 19949
3047954 625560 584 3358
3047955 625560 584 1565
3047956 625560 584 52507
3047957 625561 584 51007
3047958 625561 584 29337
3047959 625561 584 2371
3047960 625561 584 159361
3047961 625561 584 1123
3047962 625561 584 159226
3047963 625561 584 4390
3047966 625563 584 159363
3047967 625563 584 159364
3047968 625563 584 1662
3047969 625563 584 159365
3047970 625563 584 1565
3047971 625563 584 62233
3047972 625564 584 159366
3047973 625564 584 27397
3047974 625564 584 1565
3047975 625564 584 21994
3047981 1947725 584 159368
3047982 1947725 584 19949
3047983 1947725 584 76603
3047984 1947725 584 1565
3047985 180497 584 77172
3047986 180497 584 59831
3047987 180497 584 10105
3047988 180497 584 1690
3047989 180497 584 467
3047990 180497 584 342
3047991 625565 584 128398
3047992 625565 584 2936
3047993 625565 584 1565
3047994 625565 584 2733
3047999 625566 584 128398
3048000 625566 584 2936
3048001 625566 584 1565
3048012 1947726 584 128456
3048013 1947726 584 159371
3048014 1947726 584 2936
3048015 1947726 584 43518
3048016 625568 584 159372
3048017 625568 584 159373
3048018 625568 584 159374
3048019 625568 584 51007
3048020 625568 584 1565
3048021 625568 584 4484
3048022 625569 584 159375
3048023 625569 584 2160
3048024 625569 584 1565
3048025 625569 584 1808
3048026 625570 584 159376
3048027 625570 584 14112
3048028 625570 584 1802
3048029 625571 584 29337
3048030 625571 584 136563
3048031 625571 584 1123
3048032 625571 584 62233
3048033 625571 584 1802
3048034 90793 584 29337
3048035 90793 584 1744
3048036 90793 584 1171
3048037 90793 584 4649
3048038 90793 584 4390
3048045 504794 584 29337
3048046 504794 584 159377
3048047 504794 584 4857
3048048 504794 584 2964
3048049 504794 584 1123
3048050 504794 584 4390
3048051 1947727 584 1442
3048052 1947727 584 58272
3048053 1947727 584 2080
3048054 1947727 584 1351
3048055 1947727 584 503
3048067 625575 584 159381
3048068 625575 584 43469
3048069 625575 584 1565
3048070 625576 584 159382
3048071 625576 584 557
3048072 625576 584 159383
3048073 625576 584 583
3048074 491735 584 51007
3048075 491735 584 69107
3048076 491735 584 1565
3048077 491735 584 1119
3048078 188371 584 56503
3048079 188371 584 1918
3048090 1947728 584 157295
3048091 1947728 584 2613
3048092 1947728 584 342
3048093 1947728 584 1565
3048098 625578 584 19834
3048099 625578 584 57106
3048100 625578 584 1565
3048101 625578 584 2092
3048102 625579 584 159387
3048103 625579 584 1565
3048104 625579 584 2936
3048105 625579 584 4528
3048106 625579 584 17439
3048108 625581 584 159387
3048109 625581 584 27397
3048110 625581 584 1565
3048134 625586 584 5302
3048135 625586 584 1565
3048136 1947729 584 159392
3048137 1947729 584 2936
3048138 1947729 584 159393
3048139 31819 584 159394
3048140 31819 584 2902
3048141 31819 584 1119
3048142 31819 584 4390
3048143 625587 584 159395
3048144 625587 584 159396
3048145 625587 584 159397
3048146 625587 584 159398
3048147 625587 584 17326
3048163 625591 584 159403
3048164 625591 584 159404
3048165 625591 584 26958
3048166 625591 584 19949
3048167 625591 584 467
3048168 625592 584 159405
3048169 625592 584 3291
3048170 625592 584 1565
3048171 625592 584 2936
3048177 625594 584 159408
3048178 625594 584 62233
3048179 625594 584 31462
3048180 625594 584 1889
3048181 625594 584 1565
3048194 625597 584 128525
3048195 625597 584 159409
3048196 625597 584 503
3048197 625597 584 15451
3048198 625597 584 2216
3048203 625598 584 157295
3048204 625598 584 467
3048205 625598 584 1565
3048206 625598 584 342
3048211 625600 584 157295
3048212 625600 584 159411
3048213 625600 584 1565
3048214 625600 584 1123
3048215 625600 584 996
3048216 625601 584 157295
3048217 625601 584 996
3048218 625601 584 1565
3048219 181025 584 159412
3048220 181025 584 159413
3048221 181025 584 112275
3048222 181025 584 80
3048223 181025 584 536
3048224 181025 584 69484
3048225 625602 584 42527
3048226 625602 584 50215
3048227 625602 584 342
3048228 625602 584 1565
3048229 625602 584 23806
3048234 625604 584 159325
3048235 625604 584 42527
3048236 625604 584 342
3048237 625604 584 1565
3048238 625604 584 159415
3048239 602344 584 159416
3048240 602344 584 16062
3048241 602344 584 62233
3048242 602344 584 503
3048243 602344 584 25904
3048244 602344 584 159417
3048245 625605 584 159418
3048246 625605 584 156
3048247 625605 584 557
3048248 625605 584 301
3048249 625605 584 1119
3048278 625611 584 159421
3048279 625611 584 159422
3048280 625611 584 507
3048281 625611 584 3704
3048282 625611 584 4984
3048283 625611 584 5831
3048291 625613 584 19834
3048292 186689 584 159423
3048293 186689 584 1224
3048294 186689 584 138
3048295 186689 584 1049
3048296 625614 584 159211
3048297 625614 584 159424
3048298 625614 584 159425
3048299 625614 584 1565
3048300 625614 584 342
3048301 625615 584 4390
3048302 625615 584 159297
3048303 67261 584 159426
3048304 67261 584 4027
3048305 67261 584 4686
3048306 67261 584 2486
3048307 67261 584 1565
3048318 625618 584 159428
3048319 625618 584 49999
3048320 625618 584 22275
3048321 625618 584 5757
3048322 625618 584 1690
3048323 625618 584 93606
3048324 625619 584 159429
3048325 625619 584 13178
3048326 625619 584 5025
3048327 625619 584 2902
3048328 625619 584 43446
3048329 625619 584 4390
3048330 625619 584 825
3048340 625622 584 49120
3048341 625622 584 5757
3048342 625622 584 467
3048343 625623 584 159433
3048344 625623 584 49427
3048345 625623 584 92666
3048346 625623 584 1565
3048347 625623 584 557
3048358 323500 584 1962
3048359 323500 584 342
3048360 323500 584 159226
3048361 323500 584 503
3048362 323500 584 712
3048363 323500 584 159436
3048364 625626 584 159437
3048365 625626 584 86212
3048366 625626 584 159438
3048367 625626 584 80
3048368 625626 584 16790
3048369 625626 584 24
3048370 625626 584 712
3048371 625627 584 1565
3048372 625627 584 159439
3048373 625627 584 49435
3048374 625628 584 49436
3048375 625628 584 557
3048376 625628 584 26286
3048377 625628 584 342
3048378 625628 584 112161
3048379 625629 584 1565
3048380 625629 584 557
3048381 625629 584 159440
3048382 625629 584 159211
3048401 625633 584 53987
3048402 625633 584 5043
3048403 625633 584 1119
3048408 625635 584 276
3048409 625635 584 2313
3048410 625635 584 1565
3048411 625635 584 131757
3048412 625635 584 159442
3048413 1947730 584 276
3048414 1947730 584 1890
3048415 1947730 584 507
3048424 625638 584 159445
3048425 625638 584 25101
3048426 625638 584 1565
3048427 625639 584 159314
3048428 625639 584 159446
3048429 625639 584 63320
3048430 625639 584 40
3048431 625639 584 21
3048432 625639 584 159447
3048433 8023 584 503
3048434 8023 584 2236
3048435 8023 584 159448
3048436 8023 584 159239
3048437 625640 584 469
3048438 625640 584 342
3048439 625640 584 159449
3048444 625641 584 77327
3048445 625641 584 159452
3048446 625641 584 73458
3048447 625641 584 159453
3048448 625641 584 1050
3048449 625641 584 26972
3048450 625641 584 29
3048451 625641 584 4390
3048452 625641 584 507
3048453 1947731 584 159454
3048454 1947731 584 1764
3048455 1947731 584 557
3048458 625643 584 159456
3048459 625643 584 254
3048460 625643 584 29
3048467 625647 584 159390
3048468 625647 584 4586
3048469 625647 584 14112
3048470 625647 584 2709
3048471 625647 584 5252
3048472 625647 584 159458
3048482 625650 584 159460
3048483 625650 584 31048
3048484 625650 584 467
3048485 625650 584 1802
3048486 625650 584 2725
3048497 625652 584 50758
3048498 625652 584 128722
3048499 625653 584 159463
3048500 625653 584 54653
3048501 625653 584 1690
3048502 625653 584 557
3048503 625653 584 20896
3048504 625654 584 159464
3048505 625654 584 26098
3048506 625654 584 40
3048507 625654 584 719
3048508 625654 584 507
3048509 625655 584 159465
3048510 625655 584 49247
3048511 625655 584 20070
3048512 625655 584 49111
3048513 625655 584 1565
3048514 625655 584 342
3048515 625655 584 62233
3048520 625656 584 159466
3048521 625656 584 49216
3048522 625656 584 1565
3048523 625656 584 2205
3048524 625656 584 43546
3048530 625658 584 159328
3048531 625658 584 2936
3048532 625658 584 14112
3048533 625658 584 1565
3048536 625659 584 19337
3048537 625660 584 557
3048538 625660 584 1119
3048539 625660 584 15451
3048540 625661 584 469
3048541 625661 584 38101
3048542 625661 584 4484
3048543 625661 584 1565
3048544 625661 584 1625
3048550 494172 584 159469
3048551 494172 584 5753
3048552 494172 584 159470
3048553 494172 584 311
3048554 494172 584 6372
3048555 494172 584 1704
3048556 494172 584 719
3048569 625665 584 159474
3048570 625665 584 27397
3048571 625665 584 1565
3048572 625665 584 159302
3048573 625666 584 159375
3048574 625666 584 27397
3048575 625666 584 1565
3048576 625666 584 25812
3048589 625668 584 159476
3048590 625668 584 1565
3048591 625668 584 342
3048592 625668 584 159247
3048593 625668 584 1889
3048597 625670 584 159477
3048598 625670 584 2337
3048599 625670 584 1565
3048600 625670 584 467
3048601 625670 584 159247
3048602 625671 584 1565
3048603 625671 584 5421
3048604 625671 584 159478
3048605 1947735 584 159305
3048606 1947735 584 1893
3048607 1947735 584 557
3048608 1947735 584 5733
3048609 579377 584 159479
3048610 579377 584 159480
3048611 579377 584 159226
3048612 579377 584 24
3048613 579377 584 3722
3048614 625672 584 159211
3048615 625672 584 49550
3048616 625672 584 1565
3048617 625672 584 17061
3048618 625673 584 159481
3048619 625673 584 159482
3048620 625673 584 159483
3048621 625673 584 1565
3048622 625673 584 4484
3048628 625675 584 159486
3048629 625675 584 46763
3048630 625675 584 1565
3048631 625675 584 523
3048632 625675 584 46330
3048633 625675 584 4998
3048651 625677 584 1918
3048652 625677 584 1565
3048653 625677 584 996
3048654 625677 584 20604
3048655 322188 584 159488
3048656 322188 584 1119
3048657 322188 584 159489
3048658 322188 584 1565
3048659 322188 584 24
3048666 625679 584 159491
3048667 625679 584 138196
3048668 625679 584 1565
3048669 625679 584 557
3048670 625680 584 27397
3048671 625680 584 1565
3048672 625680 584 342
3048673 625680 584 159328
3048674 625681 584 159492
3048675 625681 584 5023
3048676 625681 584 19640
3048677 625681 584 2373
3048678 625681 584 4621
3048679 625681 584 29151
3048705 625688 584 159494
3048706 625688 584 159495
3048707 625688 584 1772
3048708 625688 584 1962
3048709 625688 584 503
3048710 625688 584 159226
3048711 625688 584 467
3048712 261400 584 109873
3048713 261400 584 2373
3048714 261400 584 583
3048715 261400 584 503
3048716 261400 584 536
3048728 625692 584 134888
3048729 625692 584 91905
3048730 625692 584 28653
3048731 625692 584 16804
3048732 625692 584 1808
3048733 625692 584 719
3048734 625693 584 5234
3048735 625693 584 49624
3048736 625693 584 342
3048737 625693 584 159226
3048738 625693 584 1123
3048759 625696 584 159502
3048760 625696 584 1565
3048767 625698 584 159259
3048768 625698 584 14112
3048769 625698 584 557
3048770 625698 584 1128
3048771 625698 584 49919
3048778 96025 584 24450
3048779 96025 584 68498
3048780 96025 584 1565
3048781 96025 584 557
3048786 625700 584 157295
3048787 625700 584 49359
3048788 625700 584 557
3048789 625700 584 1565
3048790 186435 584 120751
3048791 186435 584 20016
3048792 186435 584 1565
3048793 186435 584 111724
3048794 186435 584 28695
3048795 1947738 584 120751
3048796 1947738 584 31462
3048797 1947738 584 1565
3048798 1947738 584 4027
3048799 1947739 584 49358
3048800 1947739 584 159505
3048801 1947739 584 159506
3048802 1947739 584 16022
3048803 1947739 584 557
3048804 1947739 584 507
3048805 625701 584 24766
3048806 625701 584 46835
3048807 625701 584 87831
3048808 625701 584 557
3048809 625701 584 1565
3048810 625701 584 37775
3048811 625701 584 507
3048812 625702 584 1565
3048813 625702 584 159507
3048814 625702 584 159508
3048815 625702 584 62233
3048816 625703 584 49436
3048817 625703 584 67769
3048818 625703 584 1999
3048819 625703 584 159509
3048820 625703 584 3835
3048821 625703 584 1123
3048822 625703 584 4390
3048823 625704 584 159211
3048824 625704 584 159295
3048825 625704 584 1565
3048826 625704 584 557
3048843 625707 584 342
3048844 625707 584 159513
3048845 625707 584 159514
3048846 625707 584 1565
3048847 625707 584 131757
3048848 625708 584 27661
3048849 625708 584 159515
3048850 625708 584 1565
3048851 625708 584 2709
3048856 625709 584 131209
3048857 625709 584 557
3048858 625709 584 3087
3048859 625709 584 49690
3048860 625710 584 131209
3048861 625710 584 159517
3048862 625710 584 1821
3048863 625710 584 1565
3048868 625712 584 157295
3048869 625712 584 996
3048870 625712 584 1565
3048871 625713 584 159519
3048872 625713 584 49932
3048873 625713 584 159520
3048874 625713 584 2936
3048875 68126 584 159521
3048876 68126 584 40
3048877 68126 584 507
3048878 625714 584 159519
3048879 625714 584 159522
3048880 625714 584 467
3048881 625714 584 503
3048882 625714 584 159523
3048883 625714 584 28239
3048884 625714 584 159226
3048888 625716 584 49932
3048889 625716 584 4304
3048890 625716 584 1701
3048891 625716 584 557
3048892 625717 584 49932
3048893 625717 584 159524
3048894 625717 584 1565
3048895 625717 584 15149
3048896 625718 584 49932
3048897 625718 584 2936
3048898 625718 584 37775
3048899 625718 584 1119
3048900 625718 584 159489
3048909 625720 584 159267
3048910 625720 584 37775
3048911 625720 584 1565
3048912 625720 584 2936
3048913 625720 584 159226
3048920 178665 584 51023
3048921 178665 584 51027
3048922 178665 584 1119
3048923 625723 584 159527
3048924 625723 584 5132
3048925 625723 584 354
3048926 625723 584 474
3048927 625724 584 159528
3048928 625724 584 159529
3048929 625724 584 159530
3048930 625724 584 73516
3048931 625724 584 1191
3048932 625724 584 4390
3048933 625724 584 1172
3048937 1947740 584 159232
3048938 1947740 584 4027
3048939 1947740 584 1565
3048940 1947740 584 43518
3048941 1947740 584 6724
3048945 625726 584 159247
3048946 625726 584 159455
3048952 625728 584 159533
3048953 625728 584 159534
3048954 625728 584 85470
3048955 625728 584 27397
3048956 625728 584 1565
3048981 625734 584 91781
3048982 625734 584 49967
3048983 625734 584 106294
3048984 625734 584 557
3048985 46026 584 23936
3048986 46026 584 159538
3048987 46026 584 2302
3048988 46026 584 2303
3048989 46026 584 139
3048990 46026 584 2205
3048991 46026 584 507
3048998 625735 584 51007
3048999 625735 584 159540
3049000 625735 584 14188
3049001 625735 584 3050
3049002 625735 584 1119
3049003 625735 584 14112
3049004 625735 584 2133
3049012 625737 584 159543
3049013 625737 584 159544
3049014 625737 584 62233
3049015 625737 584 1565
3049016 625738 584 46434
3049017 625738 584 159545
3049018 625738 584 62233
3049019 625738 584 1123
3049026 625740 584 1119
3049027 625740 584 109391
3049028 455406 584 82480
3049029 455406 584 159546
3049030 455406 584 1808
3049031 455406 584 1565
3049032 455406 584 62233
3049033 455406 584 43518
3049034 625741 584 82480
3049035 625741 584 106174
3049036 625741 584 62233
3049037 625741 584 1565
3049038 625741 584 342
3049039 625742 584 82480
3049040 625742 584 16118
3049041 625742 584 1565
3049042 625742 584 62233
3049053 625745 584 159548
3049054 625745 584 48924
3049055 625745 584 159549
3049056 625745 584 15451
3049057 625745 584 557
3049058 625746 584 42527
3049059 625746 584 342
3049060 625746 584 1889
3049061 625747 584 159510
3049062 625747 584 73301
3049063 625747 584 62233
3049064 625747 584 14112
3049075 625751 584 5234
3049076 625751 584 2424
3049077 625751 584 27397
3049078 625751 584 1565
3049079 625751 584 131757
3049080 625752 584 159553
3049081 625752 584 19962
3049082 625752 584 159554
3049091 625755 584 14112
3049092 625755 584 4390
3049093 625755 584 5126
3049094 625755 584 1119
3049095 625755 584 159557
3049096 625755 584 557
3049097 625756 584 102712
3049098 625756 584 2205
3049099 625756 584 735
3049100 625756 584 1119
3049101 625756 584 11
3049102 625756 584 44
3049103 625757 584 159558
3049104 625757 584 29749
3049105 625757 584 503
3049106 625757 584 941
3049110 625759 584 159560
3049111 625759 584 16183
3049112 625759 584 159216
3049113 625759 584 2936
3049118 625760 584 159561
3049119 625760 584 19319
3049120 625760 584 2313
3049121 625760 584 19962
3049127 625762 584 159564
3049128 625762 584 287
3049129 625762 584 311
3049143 27856 584 51007
3049144 27856 584 40981
3049145 27856 584 474
3049146 27856 584 1119
3049147 27856 584 21
3049151 625766 584 159568
3049152 625766 584 159569
3049153 625766 584 51007
3049154 625766 584 1565
3049155 625766 584 1119
3049156 625766 584 4998
3049158 625768 584 159249
3049159 625768 584 1565
3049160 625768 584 159570
3049161 625768 584 159247
3049165 148214 584 1267
3049166 148214 584 342
3049167 148214 584 1565
3049168 625770 584 159571
3049169 625770 584 13919
3049170 625770 584 159447
3049171 625770 584 20576
3049172 625770 584 1565
3049173 625770 584 1704
3049174 625770 584 159572
3049175 625771 584 159573
3049176 625771 584 159447
3049177 625771 584 557
3049178 625771 584 719
3049179 625771 584 29595
3049184 205748 584 51027
3049185 205748 584 1565
3049186 205748 584 342
3049187 205748 584 51023
3049188 205748 584 4390
3049189 205748 584 301
3049198 625775 584 159574
3049199 625775 584 159575
3049200 625775 584 84712
3049201 625775 584 86225
3049202 625775 584 19583
3049203 625775 584 1565
3049204 625775 584 5252
3049205 625775 584 1889
3049206 625775 584 131757
3049221 625779 584 159578
3049222 625779 584 20948
3049223 625779 584 301
3049224 625779 584 17553
3049225 625779 584 1704
3049236 1947742 584 159581
3049237 1947742 584 159582
3049238 1947742 584 4872
3049239 1947742 584 1191
3049246 625787 584 159584
3049247 625787 584 159585
3049248 625787 584 1565
3049249 625787 584 15364
3049251 625789 584 29588
3049252 625789 584 50501
3049253 625789 584 135105
3049254 625789 584 4390
3049255 625789 584 1119
3049256 625789 584 44
3049257 625790 584 159586
3049258 625790 584 159587
3049259 625790 584 24674
3049260 625790 584 20006
3049261 625790 584 1565
3049262 625790 584 159588
3049272 625792 584 503
3049273 625792 584 1119
3049274 625792 584 536
3049275 625792 584 88529
3049276 125737 584 159592
3049277 125737 584 48946
3049278 125737 584 49848
3049279 125737 584 24
3049282 625795 584 159593
3049283 625795 584 27397
3049284 625795 584 5842
3049285 625795 584 1565
3049286 625795 584 311
3049297 255537 584 159597
3049298 255537 584 3370
3049299 255537 584 60157
3049300 255537 584 503
3049315 625805 584 27397
3049316 625805 584 64740
3049317 625805 584 1565
3049318 625806 584 91635
3049319 625806 584 27397
3049320 625806 584 1565
3049321 625806 584 15358
3049325 625808 584 27397
3049326 625808 584 1565
3049327 625808 584 2161
3049328 625809 584 27397
3049329 625809 584 159601
3049330 625809 584 1565
3049336 625811 584 27397
3049337 625811 584 25115
3049338 625811 584 1565
3049339 625811 584 19962
3049349 625814 584 159604
3049350 625814 584 159605
3049351 625814 584 21702
3049352 625814 584 1565
3049353 625814 584 131757
3049368 625817 584 159610
3049369 625817 584 30005
3049370 625817 584 2592
3049371 625817 584 1690
3049372 625817 584 5495
3049379 625818 584 159612
3049380 625818 584 159447
3049381 625818 584 1802
3049382 625818 584 1962
3049383 625818 584 22977
3049384 625818 584 3475
3049385 296836 584 24450
3049386 296836 584 557
3049387 296836 584 301
3049388 296836 584 159209
3049389 625819 584 159613
3049390 625819 584 4586
3049391 625819 584 503
3049397 625821 584 159614
3049398 625821 584 159615
3049399 625821 584 159616
3049400 55919 584 1565
3049401 55919 584 301
3049410 625823 584 159617
3049411 625823 584 5308
3049412 625823 584 85288
3049413 625823 584 894
3049414 625823 584 825
3049415 625823 584 138
3049416 625823 584 557
3049434 625826 584 109528
3049435 625826 584 26665
3049436 625826 584 361
3049437 625826 584 1297
3049438 625826 584 1175
3049439 625826 584 1768
3049445 625828 584 51027
3049446 625828 584 72898
3049447 625828 584 159454
3049448 625828 584 51023
3049449 625828 584 557
3049450 625828 584 2613
3049451 625828 584 1119
3049452 625829 584 49932
3049453 625829 584 4045
3049454 625829 584 2613
3049455 625830 584 49932
3049456 625830 584 2936
3049457 625830 584 1565
3049458 625831 584 49932
3049459 625831 584 159226
3049460 625831 584 62233
3049461 625831 584 2936
3049462 625831 584 1565
3049463 625831 584 159623
3049468 625832 584 4390
3049469 625832 584 159624
3049470 625832 584 1660
3049471 625832 584 29
3049476 625834 584 159625
3049477 625834 584 21994
3049478 625834 584 342
3049479 625834 584 33483
3049484 625836 584 50977
3049485 625836 584 40
3049486 625837 584 50977
3049487 625837 584 159627
3049488 625837 584 4390
3049489 625837 584 469
3049490 324694 584 159628
3049491 324694 584 31462
3049492 324694 584 1565
3049493 324694 584 62233
3049494 324694 584 467
3049495 625838 584 50977
3049496 625838 584 4611
3049497 625838 584 4434
3049498 625838 584 62233
3049499 180276 584 159629
3049500 180276 584 4390
3049501 180276 584 21
3049502 180276 584 5842
3049503 180276 584 159630
3049504 180276 584 3831
3049510 625839 584 159632
3049511 625839 584 159633
3049512 625839 584 159209
3049513 625839 584 1943
3049514 625839 584 14112
3049530 625843 584 159636
3049531 625843 584 27397
3049532 625843 584 1565
3049533 625843 584 2056
3049542 625847 584 159638
3049543 625847 584 1565
3049544 625847 584 2709
3049545 625847 584 2936
3049546 244942 584 26242
3049547 244942 584 159638
3049548 244942 584 2902
3049549 244942 584 1123
3049550 625848 584 159639
3049551 625848 584 1772
3049552 625848 584 1565
3049553 625848 584 4773
3049554 625848 584 159640
3049555 625849 584 159641
3049556 625849 584 719
3049557 625849 584 2724
3049558 243270 584 72551
3049559 243270 584 51027
3049560 243270 584 51023
3049561 243270 584 44
3049562 243270 584 1123
3049563 243270 584 342
3049569 625851 584 155103
3049570 625851 584 3475
3049571 625851 584 2964
3049572 625851 584 557
3049573 625851 584 507
3049574 625851 584 4984
3049575 324804 584 51197
3049576 324804 584 277
3049577 324804 584 286
3049578 324804 584 159642
3049579 625852 584 56503
3049580 625852 584 68921
3049581 625852 584 1918
3049582 625852 584 301
3049583 625853 584 51007
3049584 625853 584 1564
3049585 625853 584 342
3049586 625853 584 102415
3049601 625856 584 72356
3049602 625856 584 49435
3049603 625856 584 159646
3049604 625856 584 1565
3049605 625856 584 1123
3049606 625856 584 73213
3049607 1947745 584 159647
3049608 1947745 584 159482
3049609 1947745 584 24134
3049616 625858 584 49120
3049617 625858 584 2959
3049618 625858 584 1565
3049619 625858 584 1808
3049620 625858 584 557
3049621 127613 584 557
3049622 127613 584 14112
3049623 127613 584 583
3049624 127613 584 85233
3049625 127613 584 159651
3049626 625859 584 159652
3049627 625859 584 159653
3049628 625859 584 159654
3049629 625859 584 1565
3049630 625859 584 557
3049631 625860 584 159655
3049632 625860 584 1565
3049633 625860 584 557
3049637 1947746 584 159656
3049638 1947746 584 159657
3049639 1947746 584 1565
3049640 1947746 584 159247
3049645 625863 584 128533
3049646 625863 584 159658
3049647 625863 584 43473
3049648 625863 584 1565
3049649 625863 584 62233
3049650 625863 584 2556
3049651 625863 584 159659
3049667 625867 584 159660
3049668 625867 584 27397
3049669 625867 584 159661
3049670 625867 584 2936
3049671 625867 584 9828
3049672 625868 584 128456
3049673 625868 584 159662
3049674 625868 584 159230
3049675 625868 584 159663
3049676 625868 584 1565
3049677 625868 584 2709
3049707 625875 584 135248
3049708 625875 584 66923
3049709 625875 584 5748
3049710 625875 584 557
3049711 625875 584 1690
3049712 625875 584 507
3049713 1925414 584 159672
3049714 1925414 584 41637
3049715 1925414 584 557
3049716 625876 584 159355
3049717 625876 584 40129
3049718 625876 584 11789
3049719 625876 584 159673
3049720 625876 584 1565
3049721 625876 584 131757
3049722 625876 584 3722
3049723 625876 584 311
3049724 1947747 584 159674
3049725 1947747 584 3582
3049726 1947747 584 27058
3049727 1947747 584 557
3049728 1947747 584 254
3049729 1947747 584 1627
3049735 625877 584 64125
3049736 625877 584 159676
3049737 625877 584 159515
3049738 625877 584 159554
3049739 625877 584 62233
3049740 625877 584 1565
3049754 625880 584 1565
3049755 625880 584 159680
3049756 625880 584 557
3049757 625880 584 159681
3049760 625882 584 159433
3049761 625882 584 49427
3049762 625882 584 503
3049763 625882 584 159226
3049764 625882 584 1565
3049765 625882 584 557
3049766 625883 584 159211
3049767 625883 584 159682
3049768 625883 584 2629
3049769 625883 584 342
3049770 625883 584 1565
3049771 625883 584 19962
3049772 625884 584 14112
3049773 625884 584 557
3049774 625884 584 1802
3049775 625884 584 159217
3049776 266937 584 14112
3049777 266937 584 557
3049778 266937 584 159217
3049779 625885 584 159682
3049780 625885 584 1565
3049781 625885 584 27397
3049782 625885 584 15358
3049783 625886 584 62233
3049784 625886 584 159510
3049785 625886 584 159683
3049786 625886 584 14112
3049787 625886 584 1565
3049793 625889 584 159510
3049794 625889 584 159685
3049795 625889 584 14112
3049796 625889 584 159572
3049797 625890 584 159686
3049798 625890 584 5302
3049799 625890 584 2161
3049800 625890 584 8799
3049801 625891 584 159211
3049802 625891 584 68498
3049803 625891 584 159687
3049804 625891 584 43469
3049805 625891 584 49437
3049806 625891 584 27397
3049807 625891 584 816
3049808 625891 584 4390
3049809 625891 584 1565
3049819 625894 584 42089
3049820 625894 584 159689
3049821 625895 584 50074
3049822 625895 584 47208
3049823 625895 584 49209
3049824 625895 584 1564
3049825 625895 584 941
3049826 625895 584 4566
3049827 625895 584 4390
3049843 625899 584 159693
3049844 625899 584 50234
3049845 625899 584 342
3049846 1947750 584 159694
3049847 1947750 584 1565
3049848 1947750 584 996
3049859 127731 584 13790
3049860 127731 584 1611
3049861 127731 584 1119
3049862 127731 584 44
3049870 625904 584 159699
3049871 625904 584 29
3049872 625904 584 4390
3049886 625908 584 159553
3049887 625908 584 1191
3049888 625908 584 557
3049889 625908 584 1565
3049890 625909 584 25726
3049891 625909 584 19949
3049892 625909 584 159701
3049893 625909 584 2661
3049896 625910 584 159702
3049897 625910 584 2206
3049898 625910 584 159703
3049899 625910 584 992
3049900 625910 584 311
3049901 625910 584 557
3049902 625911 584 112276
3049903 625911 584 88717
3049904 625911 584 643
3049905 625911 584 15451
3049906 625911 584 62233
3049907 625912 584 159226
3049908 625912 584 1119
3049909 625912 584 76760
3049910 183470 584 60459
3049911 183470 584 159704
3049912 183470 584 86141
3049913 183470 584 557
3049914 183470 584 301
3049915 183470 584 1367
3049916 183470 584 458
3049917 625913 584 20755
3049918 625913 584 1321
3049919 625913 584 1947
3049932 625915 584 159408
3049933 625915 584 1662
3049934 625915 584 1565
3049935 625915 584 19583
3049936 625915 584 62233
3049937 625915 584 557
3049943 269301 584 29952
3049944 269301 584 1808
3049945 269301 584 4713
3049946 269301 584 159226
3049947 269301 584 46185
3049975 625934 584 62899
3049976 625934 584 159707
3049977 625934 584 2936
3049978 625934 584 3510
3049979 625934 584 60603
3049980 625935 584 159708
3049981 625935 584 125123
3049982 625935 584 82408
3049983 625935 584 1119
3049986 625937 584 159709
3049987 625937 584 30
3050020 625941 584 159714
3050021 625941 584 159236
3050022 625941 584 1565
3050023 625941 584 15451
3050033 7031 584 92680
3050034 7031 584 47257
3050035 7031 584 3611
3050036 7031 584 4390
3050037 7031 584 503
3050038 7031 584 816
3050039 625944 584 159716
3050040 625944 584 159400
3050041 625944 584 467
3050047 625946 584 159718
3050048 625946 584 10428
3050049 625946 584 23104
3050050 625946 584 1191
3050051 625946 584 557
3050052 625946 584 4390
3050053 625946 584 159719
3050054 625947 584 159720
3050055 625947 584 342
3050056 625947 584 1565
3050057 625947 584 3463
3050058 625947 584 3790
3050059 625947 584 21523
3050060 8638 584 62233
3050061 8638 584 1123
3050062 8638 584 159721
3050063 8638 584 159722
3050068 625949 584 53997
3050069 625949 584 48942
3050070 625949 584 50043
3050071 625949 584 1123
3050072 625949 584 62233
3050073 625949 584 1565
3050074 625949 584 2613
3050075 625949 584 1662
3050096 625954 584 84772
3050097 625954 584 29337
3050098 625954 584 73080
3050099 625954 584 1052
3050100 625955 584 159727
3050101 625955 584 159728
3050102 625955 584 159729
3050103 625955 584 159730
3050104 625955 584 159731
3050105 625955 584 1565
3050106 625955 584 2176
3050107 625955 584 557
3050108 625956 584 159732
3050109 625956 584 159733
3050110 625956 584 813
3050111 625956 584 29952
3050112 625956 584 68910
3050113 625957 584 159355
3050114 625957 584 4304
3050115 625957 584 1565
3050116 625957 584 968
3050117 625957 584 643
3050118 625957 584 996
3050119 625957 584 55532
3050133 625960 584 159739
3050134 625960 584 159740
3050135 625960 584 6010
3050136 1947751 584 159741
3050137 1947751 584 4582
3050138 1947751 584 996
3050139 1947751 584 1565
3050140 1947751 584 52507
3050141 1947751 584 21513
3050142 625961 584 128525
3050143 625961 584 1172
3050144 625961 584 19949
3050145 625961 584 2936
3050146 625962 584 1918
3050147 625962 584 301
3050148 625962 584 80147
3050156 625965 584 27397
3050157 625965 584 1565
3050158 625965 584 52399
3050164 625967 584 128456
3050165 625967 584 159747
3050166 625967 584 65566
3050167 625967 584 159748
3050168 625967 584 3722
3050169 625967 584 311
3050170 625967 584 29
3050171 625967 584 4390
3050172 625967 584 1565
3050173 272860 584 73079
3050174 272860 584 5418
3050175 272860 584 557
3050176 625968 584 24450
3050177 625968 584 87216
3050178 625969 584 24450
3050179 625969 584 557
3050180 625969 584 2936
3050181 625969 584 151745
3050182 625969 584 4378
3050183 625970 584 159682
3050184 625970 584 19962
3050185 625970 584 1565
3050186 625971 584 159749
3050187 625971 584 1565
3050188 625971 584 2709
3050189 625971 584 2205
3050190 625971 584 43546
3050196 625973 584 159648
3050197 625973 584 159752
3050198 625973 584 50043
3050199 625973 584 48946
3050200 625973 584 719
3050201 625973 584 1123
3050202 625973 584 62233
3050203 625974 584 2936
3050204 625974 584 1564
3050205 625974 584 159401
3050206 625974 584 1565
3050207 625975 584 4515
3050208 625975 584 1565
3050209 625975 584 159753
3050210 625975 584 131757
3050213 625977 584 503
3050214 625977 584 2795
3050215 625977 584 159754
3050216 625978 584 159755
3050217 625978 584 49612
3050218 625978 584 1701
3050219 625978 584 1808
3050220 625978 584 1233
3050221 625978 584 15813
3050222 625978 584 6
3050223 625978 584 50243
3050224 625979 584 159756
3050225 625979 584 46785
3050226 625979 584 159757
3050227 625979 584 1565
3050228 625979 584 62233
3050229 1947752 584 159758
3050230 1947752 584 1627
3050231 1947752 584 1565
3050232 625980 584 72898
3050233 625980 584 159759
3050234 625980 584 1662
3050235 625980 584 557
3050253 625982 584 159763
3050254 625982 584 507
3050255 625982 584 1049
3050256 625982 584 4390
3050257 625982 584 6808
3050267 188711 584 159765
3050268 188711 584 791
3050269 188711 584 1119
3050270 188711 584 557
3050271 625985 584 159594
3050272 625985 584 48946
3050273 625985 584 1565
3050274 625985 584 503
3050275 625985 584 14112
3050283 625987 584 159767
3050284 625987 584 159768
3050285 625987 584 14112
3050286 625987 584 62233
3050287 625988 584 159236
3050288 625988 584 4951
3050289 625988 584 131757
3050290 625988 584 76603
3050291 625988 584 2936
3050292 625988 584 2072
3050293 625989 584 159675
3050294 625989 584 26023
3050295 625989 584 503
3050296 625989 584 159226
3050303 1947753 584 159770
3050304 1947753 584 11
3050305 1947753 584 68514
3050306 42912 584 29764
3050307 42912 584 44
3050308 42912 584 1890
3050309 433831 584 29952
3050310 433831 584 24450
3050311 433831 584 557
3050317 625993 584 50341
3050318 625993 584 29952
3050319 625993 584 49436
3050320 625993 584 159732
3050321 625993 584 4984
3050333 625996 584 49722
3050334 625996 584 159772
3050335 625996 584 51734
3050336 625996 584 1918
3050345 625998 584 51007
3050346 625998 584 3762
3050347 625998 584 139
3050348 625998 584 1115
3050356 184757 584 54465
3050357 184757 584 5661
3050358 184757 584 1565
3050359 184757 584 342
3050364 626001 584 159483
3050365 626001 584 1565
3050366 626001 584 4484
3050367 253243 584 62233
3050368 253243 584 159716
3050369 253243 584 50160
3050370 253243 584 152
3050371 253243 584 301
3050372 253243 584 159489
3050378 182205 584 159716
3050379 182205 584 557
3050380 182205 584 62233
3050381 182205 584 1123
3050382 182205 584 301
3050383 182205 584 159489
3050384 626002 584 86088
3050385 626002 584 50979
3050386 626002 584 159776
3050387 626002 584 4686
3050388 626002 584 2486
3050389 626002 584 2056
3050390 626002 584 4027
3050401 626004 584 24450
3050402 626004 584 557
3050403 626004 584 367
3050422 626008 584 106301
3050423 626008 584 85464
3050424 626008 584 49806
3050425 626008 584 342
3050426 626008 584 1565
3050437 80286 584 4390
3050438 80286 584 2902
3050444 397737 584 4027
3050445 397737 584 4686
3050446 397737 584 2486
3050447 397737 584 2056
3050448 397737 584 643
3050449 1947755 584 159781
3050450 1947755 584 6010
3050451 1947755 584 311
3050452 1947755 584 17812
3050453 17540 584 159782
3050454 17540 584 4103
3050455 17540 584 1321
3050456 17540 584 1224
3050457 17540 584 2624
3050458 17540 584 1560
3050469 626012 584 68803
3050470 626012 584 20070
3050471 626012 584 1191
3050472 626012 584 1565
3050473 626012 584 503
3050474 626013 584 159783
3050475 626013 584 159784
3050476 626013 584 17400
3050477 626013 584 159785
3050478 626013 584 131757
3050479 626013 584 19772
3050480 626013 584 996
3050481 182095 584 85427
3050482 182095 584 62233
3050483 182095 584 17707
3050484 182095 584 1026
3050485 182095 584 1321
3050486 182095 584 1560
3050487 626014 584 159786
3050488 626014 584 1191
3050489 626014 584 4390
3050490 626014 584 159787
3050491 626015 584 128456
3050492 626015 584 69546
3050493 626015 584 62233
3050494 626015 584 2936
3050495 626015 584 46185
3050496 626016 584 5302
3050497 626017 584 159788
3050498 626017 584 14112
3050499 626017 584 120269
3050500 626017 584 7008
3050501 626018 584 157295
3050502 626018 584 159789
3050503 626018 584 1565
3050504 626018 584 25812
3050505 626018 584 2056
3050520 626022 584 54831
3050521 626022 584 331
3050522 626022 584 557
3050527 626024 584 159792
3050528 626024 584 49663
3050529 626024 584 159793
3050530 626024 584 1565
3050531 626024 584 37775
3050535 626025 584 159795
3050536 626025 584 342
3050537 626025 584 1565
3050538 626025 584 138129
3050555 626030 584 1119
3050556 626030 584 44
3050557 626031 584 5132
3050558 626031 584 4135
3050559 626031 584 85470
3050560 626031 584 1367
3050561 626031 584 816
3050562 626031 584 311
3050563 626032 584 10429
3050564 626032 584 1123
3050565 626032 584 49474
3050566 626032 584 1690
3050567 626034 584 2525
3050568 626034 584 159798
3050569 626034 584 159799
3050570 626034 584 4872
3050571 626034 584 159800
3050572 626035 584 159349
3050573 626035 584 583
3050574 626035 584 14112
3050575 626035 584 4649
3050576 626035 584 15451
3050577 626036 584 56503
3050578 626036 584 62233
3050579 626036 584 301
3050580 323611 584 72453
3050581 323611 584 50687
3050582 323611 584 557
3050583 626069 584 77916
3050584 626069 584 46567
3050585 626069 584 11789
3050586 626069 584 2592
3050587 626069 584 1123
3050592 626033 584 4129
3050593 626033 584 19446
3050594 626033 584 60671
3050595 626033 584 557
3050596 626033 584 1119
3050608 626039 584 159355
3050609 626039 584 1808
3050610 626039 584 1565
3050611 626039 584 2056
3050612 626039 584 557
3050616 182208 584 159803
3050617 182208 584 159804
3050618 182208 584 50324
3050619 182208 584 91370
3050620 182208 584 43469
3050621 182208 584 1565
3050622 182208 584 2725
3050623 182208 584 2161
3050628 626041 584 159217
3050629 626041 584 159806
3050630 626041 584 111697
3050631 626041 584 27397
3050632 626041 584 62233
3050633 287573 584 51007
3050634 287573 584 469
3050635 287573 584 467
3050640 626043 584 85236
3050641 626043 584 17439
3050642 626043 584 159209
3050646 626045 584 159808
3050647 626045 584 27397
3050648 626045 584 1565
3050649 626045 584 159809
3050650 626046 584 159810
3050651 626046 584 128456
3050652 626046 584 2936
3050653 626046 584 14112
3050654 626046 584 873
3050655 626046 584 62233
3050656 626047 584 2936
3050657 626047 584 17326
3050658 626047 584 159355
3050659 626048 584 56503
3050660 626048 584 159811
3050661 626048 584 159812
3050662 626048 584 873
3050663 626048 584 4108
3050664 626048 584 62233
3050670 626050 584 2861
3050671 626050 584 131757
3050672 626050 584 1565
3050673 626050 584 159814
3050674 626050 584 159510
3050675 626051 584 159815
3050676 626051 584 29274
3050677 626051 584 1582
3050678 626051 584 1565
3050679 626051 584 131757
3050680 626051 584 25683
3050681 626052 584 2437
3050682 626052 584 1175
3050683 626052 584 996
3050691 626055 584 469
3050692 626055 584 14112
3050693 626055 584 503
3050694 626056 584 51007
3050695 626056 584 50779
3050696 626056 584 4027
3050697 626056 584 2056
3050698 626056 584 4686
3050699 626056 584 2486
3050700 626057 584 469
3050701 626057 584 159817
3050702 626057 584 583
3050703 626057 584 557
3050704 626058 584 14112
3050705 626058 584 469
3050713 626061 584 159819
3050714 626061 584 159820
3050715 626061 584 159821
3050716 626061 584 159822
3050717 626061 584 15839
3050718 626061 584 2657
3050719 506133 584 159823
3050720 506133 584 111146
3050721 506133 584 1565
3050722 506133 584 20046
3050723 626062 584 159824
3050724 626062 584 159825
3050725 626062 584 159826
3050726 626062 584 5661
3050727 626062 584 5752
3050728 626062 584 29
3050729 626062 584 1918
3050737 626063 584 112276
3050738 626063 584 59800
3050739 626063 584 503
3050740 626063 584 51432
3050741 626063 584 159226
3050742 626063 584 342
3050754 626066 584 159375
3050755 626066 584 159295
3050756 626066 584 1565
3050776 626072 584 159834
3050777 626072 584 159835
3050778 626072 584 27397
3050779 626072 584 16117
3050780 626072 584 1565
