3050788 11233 585 255
3050789 11233 585 319
3050790 11233 585 808
3050791 626074 585 152
3050792 626074 585 146
3050793 626075 585 125
3050798 626078 585 915
3050803 626081 585 159837
3050804 626081 585 159838
3050805 626081 585 1999
3050806 626082 585 55
3050809 626085 585 20134
3050810 626085 585 1703
3050817 626091 585 159840
3050820 626095 585 391
3050827 626099 585 9419
3050830 626102 585 150
3050835 626104 585 319
3050836 626105 585 869
3050837 626106 585 159842
3050841 626108 585 321
3050847 240719 585 1932
3050848 626111 585 996
3050849 626112 585 55
3050852 626115 585 869
3050855 626117 585 159844
3050856 626117 585 159845
3050861 334401 585 27474
3050862 334401 585 159846
3050863 626121 585 26269
3050866 20717 585 457
3050870 15884 585 868
3050876 626127 585 6536
3050879 626130 585 869
3050880 13851 585 146
3050881 13851 585 255
3050882 13851 585 4132
3050883 13851 585 1554
3050884 13851 585 4532
3050886 626131 585 5069
3050887 626132 585 1021
3050890 626136 585 4235
3050897 626139 585 9780
3050902 626142 585 18047
3050904 626144 585 159850
3050905 120006 585 2
3050906 120006 585 302
3050907 120006 585 17
3050908 120006 585 319
3050911 626146 585 8419
3050912 626146 585 159851
3050913 626147 585 11851
3050920 626150 585 264
3050921 626150 585 10990
3050922 626151 585 8386
3050924 626153 585 17123
3050925 626153 585 1209
3050926 626154 585 4235
3050927 626155 585 41847
3050930 626156 585 1616
3050931 67841 585 4276
3050943 61808 585 915
3050944 61808 585 1057
3050945 626162 585 18722
3050947 14574 585 159853
3050948 7039 585 29
3050949 7039 585 302
3050950 626164 585 29
3050951 594138 585 106645
3050954 626167 585 18722
3050956 626168 585 53113
3050957 626169 585 4201
3050966 26617 585 319
3050967 26617 585 46
3050968 626174 585 41943
3050972 94887 585 643
3050973 94887 585 1257
3050977 626178 585 18722
3050978 626179 585 4201
3050979 626180 585 1170
3050980 24327 585 319
3050981 24327 585 302
3050982 24327 585 125
3050984 626181 585 1819
3050985 410194 585 877
3050986 410194 585 1230
3050987 410194 585 1021
3050988 626182 585 1021
3050995 35177 585 255
3050996 35177 585 146
3050997 35177 585 125
3050998 626189 585 868
3051000 550990 585 4430
3051001 550990 585 159857
3051002 550990 585 7827
3051008 626192 585 1052
3051009 626193 585 2936
3051010 626194 585 451
3051016 626199 585 26269
3051020 1813 585 3
3051023 956 585 4235
3051025 626205 585 4430
3051026 626206 585 225
3051028 626208 585 71378
3051029 626208 585 1209
3051030 1829 585 1119
3051031 1829 585 523
3051032 626209 585 1021
3051034 626211 585 455
3051035 626211 585 319
3051039 626213 585 4430
3051040 626213 585 125
3051041 626214 585 139093
3051042 626215 585 276
3051048 626219 585 146
3051051 626221 585 4201
3051052 626222 585 79
3051053 626222 585 342
3051061 626226 585 159860
3051062 626226 585 277
3051063 626226 585 159861
3051064 626226 585 3
3051065 117192 585 8693
3051066 626227 585 6106
3051067 626227 585 3
3051068 626227 585 5912
3051071 358046 585 139093
3051072 358046 585 2990
3051077 626231 585 4701
3051080 626233 585 159862
3051081 626233 585 4201
3051085 36900 585 125577
3051086 586759 585 5668
3051092 626239 585 1266
3051093 626239 585 159863
3051094 626239 585 5469
3051095 626239 585 125
3051096 626239 585 1128
3051098 626241 585 321
3051099 626241 585 159864
3051100 626241 585 159865
3051101 626242 585 46
3051102 626242 585 125
3051110 78454 585 1170
3051116 626248 585 17123
3051117 626248 585 41943
3051125 626251 585 27474
3051126 626251 585 159866
3051129 97037 585 319
