3058787 25277 587 668
3058788 25277 587 168
3058789 25277 587 125
3058790 355450 587 668
3058791 628151 587 127
3058792 628151 587 29
3058793 628151 587 49831
3058794 628151 587 1717
3058795 628151 587 2631
3058800 37201 587 46
3058801 37201 587 961
3058806 23351 587 8676
3058807 23351 587 108
3058808 628154 587 1239
3058809 628154 587 54509
3058810 628154 587 20496
3058811 628154 587 307
3058812 1379 587 5924
3058813 1379 587 5932
3058814 89168 587 1052
3058815 89168 587 1918
3058816 89168 587 719
3058820 628156 587 59790
3058821 628156 587 106754
3058822 628156 587 24647
3058828 87055 587 719
3058829 87055 587 1052
3058830 87055 587 376
3058831 87055 587 882
3058835 148490 587 1239
3058836 148490 587 54509
3058837 148490 587 20496
3058846 628161 587 29282
3058847 628161 587 4551
3058851 51190 587 16422
3058852 51190 587 359
3058853 51190 587 44
3058854 628163 587 668
3058855 628163 587 1392
