3073579 85840 594 6159
3073580 85840 594 160353
3073581 85840 594 12341
3073584 632638 594 4028
3073585 632638 594 11821
3073586 632638 594 12341
3073587 632638 594 160354
3073588 521322 594 3153
3073589 632639 594 4216
3073590 632639 594 44501
3073591 632639 594 373
3073599 632641 594 12341
3073600 632641 594 160354
3073601 632641 594 4028
3073602 3908 594 8280
3073603 3908 594 758
3073604 632642 594 10269
3073605 632643 594 3762
3073606 632643 594 4023
3073614 632646 594 4028
3073615 632646 594 160354
3073616 632646 594 13554
3073621 32812 594 188
3073622 32812 594 668
3073623 32812 594 44
3073632 112407 594 1178
3073633 112407 594 3301
3073634 112407 594 43651
3073635 112407 594 44501
3073637 65685 594 1239
3073638 65685 594 1323
3073639 65685 594 24014
3073645 632649 594 21
3073646 632649 594 76
3073658 376082 594 1007
3073659 376082 594 1136
3073660 376082 594 960
3073661 376082 594 14
3073672 65773 594 557
3073673 65773 594 20966
3073674 65773 594 2430
3073675 632654 594 527
3073676 632654 594 1335
3073677 632654 594 144
3073678 48903 594 1132
3073679 48903 594 1335
3073680 11468 594 1239
3073684 11904 594 1106
3073685 11904 594 4778
3073686 632656 594 12341
3073687 632656 594 4028
3073688 632657 594 12341
3073689 632657 594 4028
3073694 632659 594 160355
3073695 632659 594 91607
3073696 632659 594 49468
3073697 632659 594 941
3073698 632659 594 44501
3073702 632661 594 4201
3073703 632661 594 160356
3073712 632664 594 2666
3073713 632664 594 734
3073714 632664 594 1313
3073727 172137 594 70
3073728 172137 594 170
3073729 172137 594 53
3073730 172137 594 3122
3073731 632666 594 108
3073732 632666 594 527
3073733 18986 594 1125
3073734 632667 594 21637
3073737 158694 594 17725
3073762 632674 594 307
3073763 632674 594 21
3073764 632674 594 1779
3073765 632674 594 44501
3073770 632676 594 43428
3073771 632676 594 16186
3073780 632680 594 43428
3073781 632680 594 1191
3073784 12362 594 253
3073785 12362 594 8875
3073786 12362 594 11851
3073787 632681 594 6159
3073788 632681 594 4532
3073797 632684 594 160360
3073798 632684 594 15
3073804 632687 594 1347
3073805 632687 594 77
3073806 196741 594 1323
3073807 196741 594 4532
3073808 177126 594 11821
3073809 177126 594 700
3073810 177126 594 3822
3073811 632688 594 6327
3073812 632688 594 2675
3073813 632688 594 11821
3073818 12464 594 150
3073819 12464 594 1313
3073820 12464 594 2762
3073830 21885 594 108
3073831 21885 594 527
3073836 632697 594 60764
3073837 243741 594 21691
3073838 243741 594 1191
3073844 376508 594 3633
3073845 376508 594 1007
3073846 194353 594 527
3073847 194353 594 188
3073848 632699 594 3762
3073849 632699 594 4023
3073850 632699 594 307
3073853 632700 594 72144
3073854 632700 594 125661
3073855 632700 594 704
3073864 173736 594 29282
3073865 173736 594 2486
3073866 173736 594 3789
3073867 632702 594 29282
3073868 632702 594 3789
3073869 632702 594 43033
3073874 451602 594 1325
3073875 451602 594 1159
3073876 451602 594 2469
3073877 632705 594 5267
3073878 632705 594 523
3073879 632705 594 44501
3073885 632707 594 160361
3073886 632707 594 118
3073887 632707 594 26742
3073888 632707 594 40405
3073889 632708 594 4433
3073890 632708 594 384
3073891 632708 594 3781
3073898 189886 594 221
3073899 189886 594 307
3073900 189886 594 45
3073901 189886 594 138
3073902 189886 594 44501
3073908 12798 594 4140
3073909 12798 594 41696
3073913 632711 594 307
3073914 632711 594 38744
3073915 543873 594 1160
3073923 269058 594 5523
3073924 269058 594 19794
3073925 269058 594 9754
3073926 632713 594 11018
3073927 632713 594 1937
3073928 632713 594 5217
3073938 632717 594 17997
3073939 632717 594 59970
3073940 632717 594 118
3073941 632718 594 108
3073942 632718 594 527
3073943 632719 594 29282
3073944 632719 594 3789
3073945 632720 594 1191
3073948 400504 594 6862
3073949 400504 594 160363
3073950 400504 594 17856
3073951 400504 594 4202
3073958 192615 594 1106
3073959 192615 594 1392
3073960 192615 594 5004
3073961 190010 594 4802
3073962 190010 594 76
3073973 632726 594 2114
3073974 632726 594 2486
3073975 632726 594 29282
3073983 632728 594 29282
3073984 632728 594 3789
3073985 632728 594 21680
3073986 632728 594 2647
3073987 13057 594 3762
3073988 13057 594 4023
3073989 13057 594 307
3073990 632729 594 160364
3073991 632729 594 3756
3073992 632729 594 29282
3073993 632729 594 65909
3073994 632729 594 3789
3073995 632730 594 157300
3073996 632730 594 14
3073997 632730 594 144
3074003 15654 594 457
3074004 15654 594 668
3074008 632733 594 7170
3074009 632733 594 4140
3074013 23406 594 221
3074014 23406 594 982
3074015 23406 594 8020
3074016 23406 594 188
3074026 632738 594 3748
3074027 632738 594 8820
3074028 632738 594 16186
3074029 632739 594 7630
3074030 632739 594 169
3074031 632739 594 188
3074032 197322 594 458
3074033 197322 594 307
3074034 197322 594 76
3074035 197322 594 30
3074036 632740 594 188
3074037 632740 594 304
3074038 632740 594 70
3074041 632743 594 3367
3074042 632743 594 19686
3074043 632744 594 5182
3074044 632744 594 4
3074045 632744 594 11386
3074049 34304 594 188
3074050 34304 594 668
3074051 34304 594 44
3074054 11997 594 49468
3074055 11997 594 10928
3074056 11997 594 42008
3074057 11997 594 1119
3074058 632746 594 4028
3074059 632746 594 5549
3074060 632746 594 4023
3074061 632747 594 15
3074062 632747 594 3354
3074063 632748 594 5603
3074065 632750 594 5603
3074066 632750 594 30
3074067 632750 594 160356
3074090 429336 594 4272
3074091 632756 594 41812
3074093 13450 594 57180
3074104 632762 594 160367
3074105 632762 594 5831
3074106 632762 594 4537
3074116 411847 594 170
3074117 411847 594 304
3074118 632766 594 12763
3074125 281664 594 816
3074126 281664 594 160368
3074127 281664 594 139
3074129 632770 594 91607
3074134 122360 594 19685
3074135 122360 594 1396
3074138 48260 594 108
3074139 48260 594 527
3074140 48260 594 1056
3074141 307561 594 518
3074142 307561 594 44
3074143 307561 594 77
3074150 632773 594 46547
3074151 632773 594 19840
3074155 328681 594 2486
3074156 328681 594 57180
3074157 328681 594 307
3074158 632774 594 91297
3074159 632774 594 160369
3074160 632775 594 91297
3074161 632775 594 160356
3074162 632775 594 220
3074163 632776 594 307
3074164 632776 594 4418
3074165 632776 594 3762
3074166 632776 594 3367
3074167 13824 594 2404
3074168 511706 594 1239
3074169 511706 594 311
3074170 511706 594 17589
3074171 511706 594 2278
3074172 511706 594 6271
3074173 511706 594 3087
3074185 254173 594 373
3074186 254173 594 665
3074187 632778 594 1335
3074188 632778 594 3633
3074189 632779 594 2139
3074190 632779 594 1679
3074191 632779 594 734
3074195 632781 594 2376
3074196 632781 594 2486
3074202 632783 594 13981
3074203 632784 594 91607
3074204 632784 594 4662
3074205 297747 594 91607
3074206 297747 594 3762
3074207 297747 594 4023
3074215 13994 594 4196
3074216 13994 594 7327
3074217 13993 594 92525
3074218 13993 594 4196
3074219 13993 594 29896
3074230 632787 594 5230
3074231 632787 594 42568
3074232 632787 594 32120
3074236 365857 594 3762
3074237 365857 594 4023
3074238 632788 594 3762
3074239 632788 594 4023
3074240 632789 594 4023
3074241 632789 594 29282
3074242 632789 594 321
3074243 328720 594 4023
3074244 168984 594 4028
3074245 168984 594 1388
3074246 168984 594 44501
3074255 632791 594 2627
3074256 632791 594 76
3074258 632792 594 1239
3074259 632792 594 22551
3074260 632792 594 9950
3074261 632792 594 1122
3074262 632793 594 2627
3074263 632794 594 863
3074264 632794 594 5285
3074270 14137 594 12341
3074271 14137 594 6159
3074272 14137 594 41555
3074286 365927 594 276
3074287 365927 594 30
3074288 632799 594 276
3074289 632799 594 1121
3074290 632799 594 160356
3074291 632800 594 3762
3074292 632800 594 276
3074295 28720 594 276
3074296 28720 594 30
3074297 28720 594 1106
3074298 28720 594 77
3074299 28720 594 57342
3074304 632802 594 276
3074305 632802 594 928
3074306 632802 594 4028
3074307 632802 594 168
3074314 67493 594 276
3074315 67493 594 307
3074316 67493 594 188
3074317 388803 594 276
3074325 632805 594 43428
3074326 632805 594 523
3074334 632807 594 16022
3074335 632807 594 276
3074336 323566 594 15839
3074337 323566 594 60764
3074338 632808 594 66039
3074339 632808 594 5776
3074340 632808 594 139023
3074341 632808 594 49710
3074342 632809 594 3367
3074343 632809 594 54429
3074344 632809 594 1056
3074345 14233 594 57180
3074354 178121 594 1135
3074355 178121 594 10154
3074356 178121 594 29282
3074357 178121 594 4976
3074359 632811 594 160372
3074360 632811 594 26641
3074372 632813 594 160354
3074373 632813 594 90467
3074374 632813 594 23862
3074375 632813 594 18722
3074376 21459 594 1313
3074382 632814 594 3301
3074383 632814 594 1233
3074384 632815 594 60764
3074387 337690 594 4028
3074388 337690 594 4008
3074389 337690 594 66586
3074390 143233 594 160354
3074391 143233 594 4028
3074392 143233 594 795
3074393 79997 594 307
3074396 632817 594 4797
3074397 632817 594 27171
3074398 95978 594 25115
3074399 95978 594 3030
3074400 95978 594 25019
3074411 192813 594 108
3074412 192813 594 527
3074413 192813 594 44
3074419 268423 594 44583
3074428 33730 594 155214
3074429 33730 594 6082
3074430 33730 594 4912
3074431 33730 594 12766
3074432 33730 594 39360
3074433 33730 594 1373
3074434 33730 594 6556
3074435 33730 594 39201
3074436 33730 594 44
3074437 33730 594 10154
3074438 297899 594 2627
3074441 632823 594 16186
3074442 632823 594 41050
3074448 6592 594 70
3074449 6592 594 53
3074451 86993 594 9443
3074452 86993 594 27310
3074453 86993 594 28061
3074454 86993 594 27208
3074455 10933 594 2922
3074456 10933 594 106769
3074457 10933 594 2920
3074459 23867 594 1132
3074460 23867 594 24504
3074461 23867 594 160374
3074462 184010 594 70
3074463 184010 594 26599
3074464 184010 594 5687
3074465 178326 594 31457
3074466 178326 594 3301
3074467 9233 594 44
3074470 632826 594 291
3074471 632826 594 1335
3074472 632826 594 133700
3074476 632828 594 17997
3074477 632828 594 2642
3074478 632828 594 839
3074479 632828 594 4061
3074480 6754 594 657
3074481 6754 594 3497
3074482 6754 594 138
3074483 12188 594 57180
3074484 12188 594 699
3074492 9279 594 618
3074495 632831 594 4
3074515 632837 594 91607
3074516 632837 594 49468
3074517 632837 594 10928
3074518 632838 594 21641
3074519 632838 594 536
3074520 632838 594 10928
3074524 632840 594 104
3074525 632840 594 374
3074526 632840 594 381
3074527 632840 594 7098
3074534 131633 594 188
3074535 131633 594 668
3074536 632843 594 188
3074537 632844 594 188
3074539 2404 594 188
3074540 632845 594 188
3074541 273039 594 188
3074542 273039 594 527
3074549 328871 594 29839
3074550 328871 594 44
3074551 328871 594 1611
3074552 632847 594 16186
3074553 632847 594 29282
3074554 632847 594 3789
3074555 267239 594 960
3074556 267239 594 1347
3074560 141435 594 10119
3074561 141435 594 846
3074562 141435 594 1313
3074563 632848 594 71514
3074564 632848 594 24324
3074565 49406 594 44
3074566 49406 594 362
3074567 49406 594 4639
3074570 632849 594 9819
3074571 632849 594 1323
3074572 632849 594 4532
3074583 614401 594 6314
3074584 614401 594 2486
3074585 614401 594 978
3074588 632854 594 2627
3074589 487192 594 545
3074590 487192 594 14
3074591 487192 594 6840
3074593 632856 594 1335
3074594 632856 594 44
3074595 306084 594 139
3074596 306084 594 38495
3074609 632860 594 324
3074610 632860 594 53074
3074611 632860 594 1160
3074612 632860 594 873
3074618 632862 594 104
3074619 632862 594 8032
3074620 632862 594 1347
3074621 632862 594 381
3074622 68304 594 4715
3074623 68304 594 160378
3074624 68304 594 24014
3074626 632863 594 3816
3074627 632863 594 54113
3074628 632863 594 160379
3074629 632863 594 44501
3074636 632866 594 6017
3074637 632866 594 3559
3074638 632866 594 49468
3074639 632866 594 44501
3074643 632868 594 1007
3074644 632868 594 307
3074645 632868 594 3762
3074650 349469 594 2990
3074651 349469 594 1135
3074652 632871 594 10928
3074653 632871 594 13576
3074654 632871 594 1239
3074655 632871 594 138
3074656 632872 594 6214
3074657 632872 594 12198
3074671 632874 594 15
3074672 632874 594 44583
3074678 328937 594 307
3074679 328937 594 57180
3074694 335842 594 527
3074695 335842 594 26292
3074696 335842 594 4087
3074697 335842 594 1335
3074700 14618 594 1132
3074701 14618 594 1335
3074702 632878 594 29282
3074703 632878 594 3789
3074704 632879 594 3378
3074705 632879 594 20150
3074706 632879 594 5126
3074707 632880 594 4051
3074708 632880 594 1159
3074709 632880 594 1106
3074720 632881 594 10928
3074721 632881 594 160354
3074722 632881 594 4028
3074725 632883 594 13899
3074726 632883 594 127
3074727 632883 594 5741
3074728 632883 594 1842
3074729 632883 594 331
3074730 632883 594 148628
3074731 632883 594 160372
3074732 291732 594 15
3074733 291732 594 4055
3074734 16589 594 60764
3074735 203157 594 1125
3074736 203157 594 3748
3074743 632885 594 44501
3074744 632885 594 507
3074745 178950 594 221
3074746 178950 594 1132
3074760 632889 594 5126
3074761 632889 594 996
3074762 632889 594 20553
3074763 632890 594 5126
3074764 632890 594 16186
3074765 632890 594 3789
3074766 632890 594 29282
3074783 632896 594 1136
3074784 632896 594 6332
3074785 632896 594 29711
3074786 632896 594 40421
3074787 632897 594 1136
3074788 632897 594 381
3074789 632897 594 6332
3074790 632897 594 4640
3074791 308606 594 527
3074792 308606 594 528
3074793 321781 594 4140
3074797 1948163 594 160384
3074798 1948163 594 1132
3074802 179003 594 77
3074803 179003 594 221
3074804 179003 594 6257
3074805 632900 594 3762
3074806 632900 594 4023
3074807 632900 594 307
3074814 632903 594 4132
3074815 632903 594 4023
3074816 632903 594 44
3074817 632903 594 20467
3074820 632906 594 1239
3074821 632906 594 20496
3074822 632906 594 4023
3074823 632906 594 4532
3074824 632906 594 2486
3074828 632907 594 160376
3074829 632907 594 29282
3074830 632907 594 51201
3074831 632908 594 1239
3074832 632908 594 54509
3074833 632908 594 15227
3074834 632908 594 40762
3074835 632908 594 29282
3074836 632908 594 3789
3074843 179034 594 29
3074844 179034 594 160386
3074850 75715 594 4196
3074851 75715 594 7327
3074852 75715 594 10154
3074853 632913 594 29282
3074854 632913 594 4023
3074858 632916 594 67261
3074861 632917 594 57180
3074862 632918 594 264
3074863 632918 594 160387
3074864 632918 594 29282
3074865 632918 594 839
3074875 632922 594 1239
3074876 632922 594 20496
3074877 632923 594 1239
3074878 632923 594 20496
3074889 192089 594 3762
3074890 192089 594 4023
3074891 192089 594 307
3074898 524853 594 3564
3074899 524853 594 1041
3074900 524853 594 301
3074901 632929 594 110394
3074902 632929 594 49468
3074903 632929 594 44501
3074913 632931 594 39446
3074914 632931 594 3087
3074915 632931 594 6271
3074916 632931 594 19388
3074917 632932 594 160358
3074918 632932 594 20496
3074919 632932 594 29282
3074920 632932 594 816
3074929 632934 594 1239
3074930 632934 594 311
3074931 632934 594 20496
3074932 632934 594 29282
3074933 632934 594 307
3074944 632939 594 499
3074945 632939 594 1239
3074946 632939 594 29282
3074947 632940 594 1239
3074948 632940 594 2486
3074949 632940 594 29282
3074950 632940 594 3789
3074954 632943 594 307
3074955 632943 594 1779
3074956 632943 594 91607
3074969 632948 594 41050
3074970 632948 594 16186
3075005 632952 594 57180
3075006 443196 594 699
3075007 443196 594 700
3075011 528952 594 12341
3075012 528952 594 4028
3075020 632957 594 29282
3075021 632957 594 101916
3075022 632957 594 77
3075023 27859 594 734
3075024 27859 594 2442
3075025 27859 594 1313
3075026 27859 594 374
3075027 268690 594 30
3075028 268690 594 1106
3075029 268690 594 28
3075030 268690 594 118
3075031 179311 594 699
3075032 179311 594 1603
3075033 179311 594 2486
3075036 632958 594 29282
3075037 632958 594 3789
3075038 632958 594 54509
3075039 632958 594 3748
3075040 632958 594 20496
3075041 632958 594 2486
3075042 13148 594 20496
3075043 13148 594 7327
3075062 632965 594 1335
3075063 632965 594 2550
3075064 632965 594 11
3075065 632966 594 1347
3075066 632966 594 6956
3075067 632966 594 1007
3075070 632967 594 3748
3075071 632967 594 29282
3075072 632967 594 3789
3075073 632967 594 16186
3075074 632968 594 1335
3075076 632969 594 1335
3075077 632970 594 1335
3075078 632970 594 1347
3075079 632971 594 1106
3075080 632971 594 1335
3075081 443241 594 1335
3075082 443241 594 527
3075083 443241 594 75
3075098 32356 594 1335
3075099 32356 594 1007
3075103 632976 594 1007
3075104 1948164 594 1134
3075105 1948164 594 221
3075106 1948164 594 1007
3075107 24430 594 1134
3075108 24430 594 1135
3075109 24430 594 1007
3075110 48360 594 392
3075111 48360 594 1007
3075112 315390 594 1943
3075113 315390 594 221
3075114 632978 594 15
3075115 632978 594 44583
3075116 184921 594 49468
3075117 184921 594 13981
3075118 632979 594 17997
3075119 632979 594 6973
3075122 16887 594 160356
3075123 632981 594 3762
3075124 632981 594 4023
3075125 632981 594 307
3075126 632982 594 3301
3075127 632982 594 4
3075128 632982 594 160392
3075129 632983 594 3762
3075130 632983 594 4023
3075131 632983 594 307
3075132 632984 594 6973
3075133 632984 594 3490
3075134 632984 594 57116
3075137 632986 594 12233
3075139 288645 594 10793
3075140 288645 594 3
3075144 397510 594 4797
3075145 397510 594 5061
3075146 397510 594 6961
3075148 632990 594 160354
3075149 632990 594 4965
3075150 632990 594 1918
3075151 632990 594 12341
3075164 632993 594 15
3075165 632993 594 164
3075166 632993 594 44583
3075173 632995 594 734
3075174 632995 594 1835
3075175 632995 594 2489
3075176 632995 594 2488
3075180 12177 594 457
3075181 632996 594 108
3075182 632996 594 527
3075183 632996 594 1056
3075193 299039 594 10928
3075194 299039 594 37952
3075195 299039 594 2486
3075196 299039 594 91297
3075198 94705 594 1842
3075199 94705 594 507
3075200 94705 594 1134
3075201 94705 594 1135
3075202 633000 594 160354
3075203 633000 594 4028
3075204 633000 594 12341
3075205 633000 594 49468
3075206 370881 594 2860
3075207 370881 594 111088
3075208 633001 594 160354
3075209 633001 594 4028
3075210 633002 594 4028
3075211 633002 594 160354
3075212 633002 594 4965
3075213 633003 594 4028
3075214 633003 594 160379
3075215 633003 594 4965
3075216 633004 594 4028
3075217 633004 594 160379
3075218 633004 594 4965
3075219 633004 594 160354
3075220 193256 594 49468
3075221 193256 594 44583
3075227 179682 594 452
3075228 179682 594 28
3075229 179682 594 160393
3075232 174221 594 4388
3075233 174221 594 4734
3075234 174221 594 4038
3075247 251125 594 1313
3075248 251125 594 15062
3075249 1948165 594 17997
3075250 1948165 594 3271
3075251 1948165 594 6338
3075265 148314 594 15
3075266 148314 594 164
3075267 148314 594 76
3075271 633013 594 157300
3075272 633013 594 3789
3075273 633013 594 29282
3075274 633013 594 4
3075275 633013 594 23
3075276 8036 594 339
3075277 8036 594 668
3075278 8036 594 340
3075279 157533 594 1007
3075280 157533 594 528
3075281 157533 594 668
3075282 143405 594 1007
3075283 143405 594 7784
3075297 27929 594 70
3075298 27929 594 5919
3075299 188062 594 304
3075300 188062 594 70
3075301 188062 594 160369
3075302 188062 594 91297
3075303 188062 594 311
3075308 633019 594 3781
3075309 633019 594 1132
3075310 633019 594 1335
3075314 633021 594 160358
3075315 633021 594 43428
3075316 633021 594 29282
3075317 127702 594 527
3075318 127702 594 44
3075319 127702 594 1739
3075334 633024 594 39384
3075335 633024 594 15712
3075336 17103 594 44
3075337 17103 594 2610
3075338 17103 594 57180
3075339 17103 594 1135
3075340 113123 594 2610
3075341 113123 594 188
3075342 113123 594 189
3075344 145026 594 76
3075345 145026 594 15
3075346 145026 594 44
3075347 145026 594 4802
3075348 633026 594 15
3075349 633026 594 2376
3075357 633028 594 276
3075358 633028 594 7170
3075359 633028 594 7319
3075360 633028 594 1347
3075361 576474 594 1106
3075362 576474 594 5243
3075363 576474 594 3535
3075364 269075 594 253
3075365 269075 594 873
3075366 269075 594 643
3075367 346655 594 5126
3075368 346655 594 4532
3075369 633029 594 4797
3075370 633029 594 7734
3075371 633029 594 6961
3075374 127736 594 4676
3075377 633031 594 318
3075378 633031 594 4
3075387 633035 594 28
3075388 633035 594 1313
3075389 633035 594 4387
3075390 633035 594 101943
3075391 24697 594 1039
3075392 24697 594 780
3075393 24697 594 2940
3075394 24697 594 77
3075395 275159 594 1597
3075396 275159 594 1819
3075397 275159 594 1007
3075403 116168 594 1890
3075404 116168 594 3196
3075408 633037 594 757
3075409 633038 594 2161
3075410 633038 594 2486
3075411 633038 594 124112
3075412 633039 594 16767
3075413 633039 594 2486
3075417 142903 594 457
3075418 142903 594 5267
3075419 142903 594 44501
3075420 633040 594 885
3075421 633040 594 664
3075422 633040 594 16447
3075423 633040 594 277
3075424 633040 594 24038
3075428 255433 594 704
3075429 193389 594 699
3075430 12647 594 4532
3075431 12647 594 1160
3075445 633046 594 846
3075446 633047 594 29282
3075447 633047 594 15
3075451 258902 594 3148
3075452 258902 594 846
3075453 633048 594 3601
3075454 633048 594 160395
3075455 633048 594 128417
3075460 633051 594 20496
3075461 633051 594 20467
3075465 633053 594 2371
3075466 633053 594 392
3075467 633053 594 1335
3075475 1948166 594 59454
3075476 1948166 594 63
3075477 1948166 594 2155
3075478 1948166 594 160397
3075481 537067 594 527
3075482 537067 594 1335
3075483 537067 594 144
3075484 633055 594 15
3075485 633055 594 557
3075489 633057 594 3762
3075490 633057 594 4023
3075491 633057 594 307
3075498 17373 594 4201
3075499 17373 594 160356
3075500 633058 594 17303
3075501 633058 594 78573
3075504 633060 594 1239
3075505 633060 594 5741
3075506 633060 594 441
3075507 633060 594 160398
3075508 36872 594 17725
3075509 36872 594 1132
3075510 633061 594 6453
3075511 633061 594 77
3075512 633061 594 1160
3075513 310919 594 17997
3075514 310919 594 128417
3075515 310919 594 118
3075516 310919 594 1160
3075517 310919 594 8821
3075522 633062 594 5751
3075528 633064 594 39446
3075529 633064 594 6271
3075530 633064 594 3087
3075536 633067 594 28
3075537 633067 594 4023
3075542 329441 594 4028
3075543 329441 594 4008
3075544 633070 594 15445
3075545 633070 594 869
3075546 633071 594 1132
3075547 633071 594 1335
3075548 203059 594 3816
3075549 203059 594 1239
3075550 633072 594 16022
3075551 633072 594 307
3075552 17149 594 307
3075553 17149 594 4730
3075554 17149 594 160400
3075568 17401 594 1160
3075569 17401 594 873
3075570 17401 594 77
3075571 17401 594 6453
3075572 17401 594 3757
3075579 633080 594 29
3075580 633080 594 1717
3075581 338170 594 457
3075582 338170 594 160356
3075583 633081 594 3748
3075584 633081 594 29282
3075585 633081 594 4068
3075596 296162 594 3160
3075597 296162 594 3497
3075598 296162 594 4027
3075613 633088 594 3762
3075614 633088 594 4023
3075615 633088 594 307
3075616 633089 594 3497
3075617 633089 594 57180
3075618 633090 594 23452
3075619 633090 594 3748
3075620 633090 594 29282
3075633 633092 594 1323
3075634 633092 594 4532
3075635 633092 594 9819
3075636 633092 594 499
3075637 633093 594 29282
3075638 633093 594 20496
3075639 633093 594 67751
3075648 633097 594 29282
3075649 633097 594 3789
3075650 633097 594 60764
3075651 633098 594 3367
3075652 633098 594 160401
3075662 633100 594 4212
3075663 633100 594 4210
3075664 633100 594 4107
3075670 370136 594 170
3075671 370136 594 304
3075681 633104 594 1160
3075692 24981 594 30
3075693 24981 594 2892
3075694 24981 594 362
3075700 633109 594 1335
3075701 633109 594 76
3075707 633111 594 3762
3075708 633111 594 4023
3075709 633111 594 160400
3075710 328933 594 25358
3075711 328933 594 307
3075712 633112 594 15
3075713 633112 594 4055
3075714 633113 594 4140
3075725 633117 594 15231
3075726 633117 594 1239
3075727 633117 594 20150
3075728 633117 594 4949
3075729 25002 594 289
3075730 25002 594 20496
3075731 25002 594 10754
3075732 633118 594 160402
3075733 633118 594 10119
3075734 633118 594 127
3075735 39161 594 3505
3075736 39161 594 23900
3075737 39161 594 980
3075738 633119 594 450
3075739 633119 594 6372
3075740 633119 594 160403
3075763 633123 594 12233
3075764 633123 594 734
3075765 633123 594 14
3075766 633123 594 17997
3075772 633126 594 2150
3075773 633126 594 2023
3075774 468551 594 561
3075775 468551 594 698
3075776 468551 594 4028
3075777 182146 594 57180
3075778 182146 594 285
3075779 182146 594 2610
3075780 182146 594 2486
3075781 323092 594 527
3075782 11528 594 44501
3075783 11528 594 57180
3075784 11528 594 160386
3075785 11528 594 295
3075790 436922 594 57180
3075791 436922 594 699
3075792 436922 594 286
3075793 531646 594 160405
3075794 531646 594 4527
3075795 531646 594 941
3075796 633128 594 91607
3075802 633131 594 30
3075803 633131 594 160356
3075804 616498 594 20383
3075805 616498 594 813
3075814 267866 594 41812
3075815 267866 594 39446
3075816 267866 594 19388
3075817 633133 594 1732
3075818 633134 594 1335
3075822 633136 594 29282
3075823 633136 594 3789
3075824 633136 594 160406
3075829 633138 594 4186
3075830 633139 594 557
3075831 633139 594 5083
3075832 633139 594 1896
3075833 633139 594 44501
3075834 122746 594 20252
3075835 122746 594 618
3075836 122746 594 4316
3075837 633140 594 3748
3075838 633140 594 29282
3075839 633140 594 16186
3075843 153888 594 734
3075844 153888 594 50517
3075845 153888 594 48284
3075846 633142 594 3893
3075847 76306 594 734
3075848 76306 594 104
3075849 76306 594 7424
3075850 25142 594 27930
3075851 295051 594 11227
3075852 295051 594 734
3075853 295051 594 5687
3075854 633143 594 37952
3075855 633143 594 91297
3075856 633143 594 160259
3075857 633143 594 2568
3075858 633143 594 160369
3075859 61062 594 15688
3075860 61062 594 139
3075861 61062 594 77
3075864 329620 594 307
3075865 329620 594 3762
3075866 329620 594 4023
3075867 329620 594 157211
3075868 329620 594 3748
3075873 633146 594 15
3075874 633146 594 2376
3075879 633152 594 17997
3075880 633152 594 27057
3075881 633152 594 160408
3075885 633149 594 168
3075886 633149 594 7630
3075891 17223 594 188
3075892 17223 594 527
3075895 633154 594 23721
3075896 633154 594 19100
3075897 633154 594 30381
3075901 633155 594 49468
3075905 51282 594 77
3075906 51282 594 60066
3075907 51282 594 299
3075908 269787 594 24731
3075909 269787 594 93047
3075910 269787 594 61354
3075911 269787 594 160410
3075912 269787 594 29282
3075913 269787 594 3789
3075914 269787 594 15445
3075943 633162 594 49199
3075944 633162 594 4023
3075945 633162 594 17963
3075946 633162 594 27675
