3076618 389998 596 2920
3076619 389998 596 160426
3076621 1948185 596 12233
3076623 633378 596 16400
3076624 633379 596 21
3076625 633379 596 63617
3076626 633379 596 25532
3076643 633383 596 16029
3076644 633383 596 1923
3076645 633383 596 15
3076646 633383 596 16400
3076647 633384 596 60472
3076651 633386 596 160431
3076652 633386 596 160432
3076655 633388 596 188
3076656 633388 596 935
3076657 633388 596 668
3076658 633389 596 14112
3076659 633389 596 160433
3076660 633389 596 50995
3076661 633389 596 23789
3076662 633390 596 63411
3076663 633390 596 18548
3076664 633390 596 327
3076665 633390 596 23
3076666 633390 596 4151
3076670 633392 596 6872
3076671 633392 596 668
3076672 633392 596 188
3076673 312063 596 1134
3076674 312063 596 668
3076675 312063 596 1135
3076676 312063 596 188
3076677 312063 596 474
3076678 312063 596 5591
3076679 633393 596 16400
3076680 633393 596 503
3076681 633394 596 47542
3076691 3842 596 138
3076699 633399 596 1533
3076700 633399 596 4151
3076701 421731 596 16400
3076702 421731 596 18932
3076712 633401 596 1923
3076713 633401 596 2392
3076714 633402 596 16029
3076715 633402 596 1335
3076730 322397 596 20083
3076731 171147 596 17840
3076732 171147 596 80
3076733 171147 596 25201
3076739 633404 596 16029
3076740 633404 596 128461
3076741 633404 596 52
3076742 633404 596 15992
3076743 633405 596 552
3076744 633405 596 613
3076745 345495 596 160436
3076746 345495 596 552
3076747 345496 596 75
3076748 345496 596 37221
3076749 345496 596 53129
3076750 345496 596 503
3076751 345496 596 2795
3076752 3957 596 125
3076753 3957 596 638
3076754 3957 596 451
3076755 3957 596 18297
3076756 3957 596 18298
3076757 3957 596 1921
3076758 633406 596 8461
3076766 633409 596 15
3076767 633410 596 117
3076768 633410 596 834
3076769 633410 596 552
3076770 633411 596 16400
3076773 633412 596 4151
3076774 633412 596 5140
3076775 633412 596 642
3076776 633412 596 16029
3076777 633412 596 117
3076778 633412 596 834
3076779 306577 596 552
3076780 306577 596 4151
3076781 65525 596 16029
3076782 65525 596 104
3076783 65525 596 16400
3076784 633413 596 451
3076785 389730 596 16029
3076786 389730 596 16400
3076789 105742 596 1412
3076798 171351 596 15
3076799 171351 596 302
3076800 171351 596 138
3076801 171351 596 2936
3076802 171351 596 4791
3076803 171351 596 2795
3076804 171351 596 276
3076805 171351 596 311
3076806 171351 596 356
3076807 171351 596 1745
3076808 171351 596 292
3076809 171351 596 1565
3076810 171351 596 451
3076811 171351 596 1738
3076812 171351 596 1123
3076813 633414 596 503
3076814 633414 596 557
3076815 633414 596 1896
3076816 633414 596 5927
3076820 633416 596 552
3076821 633416 596 4145
3076822 414621 596 100
3076823 414621 596 76
3076824 414621 596 40960
3076842 633419 596 100
3076843 633419 596 4406
3076844 633419 596 139
3076847 633421 596 128303
3076848 633421 596 16896
3076849 633422 596 160437
3076850 633422 596 16029
3076851 633422 596 552
3076856 561775 596 75
3076857 561775 596 77
3076858 561775 596 1007
3076859 633425 596 160430
3076860 633425 596 160429
3076863 633427 596 160438
3076864 633427 596 3363
3076865 633427 596 16896
3076866 633427 596 160439
3076867 633427 596 160440
3076868 633427 596 8673
3076869 633427 596 126
3076873 65642 596 373
3076874 65642 596 100
3076875 633429 596 4151
3076879 633431 596 552
3076881 368432 596 552
3076882 368432 596 4151
3076884 633433 596 16029
3076885 633433 596 16025
3076886 633433 596 100
3076887 633434 596 331
3076888 633434 596 1704
3076889 633434 596 1169
3076890 633434 596 4169
3076891 633434 596 46233
3076893 633435 596 16400
3076894 633435 596 503
3076897 633437 596 4151
3076898 633438 596 451
3076903 633440 596 100
3076904 633440 596 503
3076907 633441 596 17997
3076908 633441 596 62967
3076920 633445 596 100
3076925 633447 596 38289
3076926 633447 596 72600
3076927 633447 596 125
3076928 633447 596 39099
3076929 633448 596 15992
3076930 633448 596 552
3076931 633448 596 503
3076932 633448 596 4151
3076933 633448 596 1329
3076934 633448 596 1436
3076935 633449 596 4108
3076937 633450 596 2936
3076938 633450 596 29
3076939 633450 596 4580
3076940 633450 596 39155
3076944 156965 596 18282
3076945 156965 596 3490
3076953 633454 596 100598
3076954 633454 596 11
3076955 633454 596 7831
3076956 633455 596 1605
3076957 633456 596 160430
3076960 1078 596 373
3076964 633458 596 160430
3076965 633458 596 44749
3076966 633458 596 160446
3076967 540821 596 340
3076968 540821 596 4308
3076969 540821 596 4367
3076970 540821 596 138
3076971 540821 596 286
3076972 540821 596 4234
3076973 540821 596 1584
3076974 540821 596 292
3076975 633459 596 11
3076976 633459 596 100
3076977 633459 596 72
3076978 633459 596 643
3076979 633460 596 100
3076980 547234 596 100
3076981 189436 596 76
3076982 189436 596 2427
3076983 189436 596 7214
3076984 189436 596 100
3076985 633461 596 20846
3076986 633462 596 16400
3076987 633463 596 254
3076988 633463 596 1704
3076989 633463 596 1172
3076990 633463 596 94807
3076991 633463 596 160447
3077015 633470 596 4802
3077016 633470 596 552
3077025 633476 596 16710
3077026 633476 596 125
3077027 633476 596 503
3077028 633476 596 16400
3077029 633477 596 117
3077030 633477 596 160448
3077031 11586 596 3506
3077032 633478 596 38518
3077033 633478 596 91773
3077034 633478 596 160449
3077035 633478 596 19163
3077036 633478 596 503
3077037 633479 596 16400
3077038 633479 596 1169
3077041 633481 596 5490
3077042 633482 596 160450
3077043 633482 596 30489
3077044 633482 596 1032
3077049 633483 596 16893
3077050 633483 596 160451
3077051 633483 596 160452
3077052 633484 596 9945
3077053 633484 596 15
3077054 126922 596 100
3077055 633485 596 20846
3077056 633485 596 160453
3077057 633485 596 4390
3077059 633487 596 16029
3077060 633487 596 254
3077063 633490 596 45112
3077065 633491 596 45112
3077066 633491 596 4203
3077068 633493 596 76
3077069 633493 596 160454
3077070 633493 596 479
3077071 633493 596 4151
3077072 633493 596 1369
3077073 633493 596 16400
3077074 633494 596 45112
3077075 547349 596 478
3077076 547349 596 168
3077079 633496 596 478
3077080 633497 596 45112
3077082 633498 596 11
3077083 633498 596 21
3077084 633498 596 4036
3077085 633499 596 937
3077091 633502 596 160430
3077096 633505 596 160455
3077097 633505 596 160456
3077098 633506 596 1533
3077099 633506 596 16029
3077104 633510 596 16400
3077105 633510 596 503
3077106 633511 596 16029
3077107 633511 596 730
3077108 633511 596 11
3077109 633511 596 139
3077133 633515 596 16029
3077134 633515 596 523
3077135 633515 596 16400
3077136 633516 596 16029
3077137 633516 596 16400
3077139 633518 596 16029
3077140 633518 596 3
3077141 633518 596 620
3077142 633518 596 1781
3077143 633518 596 16400
3077147 633520 596 16029
3077148 633520 596 3451
3077149 633520 596 8918
3077162 633525 596 160461
3077163 633525 596 657
3077164 633525 596 90
3077165 633525 596 16029
3077166 633525 596 16400
3077167 633525 596 160462
3077172 633527 596 2556
3077173 633527 596 503
3077174 633527 596 16029
3077175 633527 596 1267
3077176 633527 596 2175
3077177 633527 596 1923
3077181 547375 596 3160
3077182 547375 596 3159
3077183 547375 596 250
3077184 547375 596 1923
3077185 547375 596 503
3077186 547375 596 4
3077187 547375 596 16400
3077188 633529 596 16029
3077189 633529 596 1923
3077190 633529 596 507
3077191 633529 596 3
3077193 633531 596 16029
3077194 633531 596 613
3077201 66141 596 16029
3077202 66141 596 1923
3077203 66141 596 125
3077204 66141 596 503
3077205 66141 596 16400
3077206 633532 596 20846
3077207 633532 596 3648
3077208 633533 596 25118
3077209 633533 596 90
3077210 633534 596 16029
3077211 633534 596 1370
3077212 633534 596 160464
3077213 633534 596 16200
3077214 633534 596 15992
3077220 633537 596 15
3077226 633538 596 503
3077227 633538 596 15
3077228 633538 596 16400
3077235 66215 596 21
3077236 66215 596 503
3077241 633541 596 20846
3077242 633541 596 2151
3077243 633541 596 12
3077244 633541 596 451
3077254 633545 596 16400
3077255 633545 596 18932
3077256 15446 596 552
3077257 15446 596 4151
3077258 633546 596 15
3077259 633546 596 16400
3077260 633546 596 14112
3077261 633547 596 160466
3077262 633547 596 125
3077263 633547 596 6037
3077264 633547 596 451
3077265 633548 596 88189
3077266 633548 596 160467
3077267 633548 596 1731
3077270 491341 596 4586
3077271 491341 596 4
3077272 491341 596 503
3077273 491341 596 451
3077281 150310 596 2936
3077282 150310 596 1565
3077283 150310 596 23789
3077284 150310 596 29232
3077285 150310 596 160469
3077286 633551 596 20846
3077287 304239 596 2647
3077288 633552 596 93665
3077289 633552 596 100
3077290 633553 596 17099
3077291 633553 596 100
3077292 633553 596 39846
3077293 633553 596 1937
3077294 633553 596 1134
3077295 633554 596 16029
3077296 633554 596 4151
3077297 633555 596 57807
3077298 633555 596 16029
3077299 633555 596 4
3077300 633555 596 16400
3077301 633555 596 503
3077307 633557 596 123873
3077309 633559 596 123873
3077310 633559 596 4586
3077311 633559 596 1918
3077312 633559 596 160470
3077313 633559 596 160471
3077314 633559 596 160472
3077316 633560 596 16029
3077317 633560 596 552
3077318 633560 596 4151
3077319 633560 596 160442
3077320 362973 596 28
3077321 362973 596 64
3077322 362973 596 11
3077323 362973 596 1106
3077324 362973 596 21
3077325 362973 596 57795
3077326 362973 596 1049
3077327 362973 596 4298
3077338 633567 596 16400
3077339 633567 596 503
3077340 633568 596 93665
3077344 376480 596 100
3077345 49797 596 15
3077346 49797 596 1703
3077347 49797 596 2576
3077348 49797 596 1133
3077349 633570 596 160474
3077350 633570 596 160442
3077351 633570 596 4151
3077352 633571 596 451
3077353 633571 596 5320
3077354 633571 596 21
3077355 633571 596 294
3077356 633571 596 3593
3077357 633571 596 20083
3077358 633572 596 4139
3077359 633572 596 373
3077360 322939 596 18633
3077361 322939 596 25201
3077362 633573 596 2424
3077363 633573 596 5734
3077364 633573 596 1704
3077365 104654 596 5734
3077366 104654 596 15428
3077367 104654 596 80
3077368 104654 596 1169
3077369 104654 596 285
3077370 104654 596 90
3077383 633578 596 16029
3077384 633578 596 160478
3077385 633578 596 16219
3077386 633578 596 254
3077387 633578 596 4818
3077388 633579 596 701
3077389 106683 596 15
3077390 106683 596 3257
3077391 106683 596 503
3077392 106683 596 2971
3077393 106683 596 15734
3077399 200061 596 2936
3077405 633582 596 2576
3077406 633582 596 730
3077408 633583 596 2373
3077409 633583 596 1918
3077410 633583 596 2709
3077411 633583 596 294
3077412 633584 596 16400
3077413 12771 596 937
3077419 633586 596 11
3077420 633587 596 875
3077421 633587 596 4151
3077424 633590 596 160430
3077425 633591 596 4130
3077426 2981 596 100
3077427 1190 596 160479
3077428 633592 596 25201
3077429 633592 596 26766
3077446 129683 596 100
3077449 429180 596 160480
3077454 458933 596 20920
3077455 633600 596 100
3077456 633601 596 16029
3077457 99978 596 64
3077458 99978 596 138
3077459 99978 596 638
3077460 99978 596 302
3077461 197040 596 100
3077462 197040 596 59840
3077475 633606 596 1233
3077491 633610 596 28
3077492 633610 596 552
3077493 633610 596 4151
3077494 633610 596 131
3077495 633610 596 1329
3077498 35620 596 668
3077499 35620 596 188
3077500 35620 596 7850
3077501 35620 596 6872
3077503 345759 596 15513
3077504 345759 596 31047
3077505 345759 596 22469
3077506 345759 596 160480
3077507 633613 596 16896
3077508 633614 596 16029
3077509 633614 596 16400
3077510 633614 596 168
3077515 129865 596 8247
3077528 633621 596 100
3077529 633621 596 168
3077530 633622 596 3160
3077531 633622 596 503
3077532 633623 596 2993
3077533 633623 596 72
3077534 633623 596 1048
3077535 633623 596 160483
3077536 633623 596 615
3077537 633623 596 873
3077538 633624 596 16400
3077539 633624 596 123873
3077540 633625 596 1000
3077541 633625 596 15992
3077542 633625 596 80001
3077544 633627 596 100
3077545 337591 596 3681
3077547 345788 596 160480
3077550 633630 596 45112
3077551 633631 596 1134
3077552 633631 596 108
3077553 633631 596 2486
3077554 633631 596 527
3077555 633631 596 4288
3077556 633631 596 6872
3077557 633631 596 6274
3077558 633631 596 46
3077559 197230 596 730
3077560 51341 596 5934
3077561 51341 596 291
3077562 51341 596 2232
3077563 633632 596 15
3077564 633632 596 4151
3077565 633632 596 160442
3077569 633634 596 25201
3077574 633636 596 1561
3077575 633636 596 3281
3077576 633637 596 91773
3077577 633637 596 100
3077581 633640 596 4151
3077582 633641 596 90
3077583 633641 596 1025
3077584 633641 596 6
3077585 428451 596 1025
3077586 428451 596 6
3077587 428451 596 1843
3077588 633642 596 16400
3077596 633645 596 91773
3077597 633645 596 160450
3077598 633645 596 30489
3077599 633645 596 1032
3077601 633647 596 17467
3077602 633647 596 527
3077603 633647 596 146
3077604 633647 596 100
3077607 633650 596 643
3077611 633651 596 1897
3077616 13264 596 100
3077617 13264 596 11
3077618 13264 596 138
3077619 13264 596 8676
3077620 13264 596 451
3077621 13264 596 285
3077622 13264 596 139
3077623 13264 596 1738
3077624 13264 596 75
3077636 415701 596 2891
3077637 415701 596 748
3077638 194473 596 100
3077639 15726 596 1025
3077640 15726 596 276
3077641 15726 596 4276
3077642 15726 596 225
3077643 15726 596 4686
3077644 15726 596 2161
3077645 15726 596 451
3077646 15726 596 3
3077647 15726 596 4626
3077649 376954 596 780
3077650 376954 596 100
3077651 376954 596 318
3077653 633657 596 21
3077654 633657 596 503
3077655 633657 596 2556
3077656 633658 596 45112
3077657 633659 596 2486
3077658 633659 596 36156
3077659 633659 596 139
3077660 633659 596 643
3077661 633659 596 286
3077664 633660 596 14112
3077665 633660 596 43998
3077666 633660 596 1943
3077667 633660 596 503
3077668 633660 596 451
3077671 633662 596 5734
3077672 633662 596 15289
3077673 633662 596 81
3077675 197352 596 2427
3077676 197352 596 11851
3077677 197352 596 466
3077678 197352 596 1154
3077679 197352 596 798
3077680 197352 596 699
3077681 197352 596 100
3077682 197352 596 4
3077683 197352 596 318
3077696 1948186 596 160437
3077697 1948186 596 160441
3077698 633667 596 160437
3077699 633667 596 160441
3077700 115447 596 11
3077701 115447 596 1738
3077702 115447 596 1781
3077703 115447 596 2739
3077715 633672 596 4151
3077716 190226 596 76
3077717 128979 596 11
3077718 128979 596 100
3077719 128979 596 8310
3077720 128979 596 17034
3077723 633674 596 100
3077725 633676 596 1808
3077732 633678 596 503
3077733 633678 596 1923
3077734 633678 596 3362
3077735 633678 596 507
3077736 633678 596 15992
3077737 633678 596 4
3077738 633678 596 657
3077739 633678 596 3593
3077746 633680 596 2627
3077747 633680 596 552
3077748 356078 596 16025
3077759 151564 596 100
3077767 1295 596 4151
3077776 838841 596 2990
3077777 838841 596 552
3077778 633688 596 552
3077779 633688 596 2990
3077782 66978 596 3
3077785 345871 596 834
3077786 345871 596 552
3077787 345871 596 4151
3077788 633691 596 160492
3077789 197469 596 100
3077790 548109 596 21
3077791 548109 596 28788
3077792 548109 596 292
3077793 548109 596 100496
3077794 633693 596 4151
3077796 633695 596 100598
3077797 633695 596 11
3077803 633698 596 839
3077804 633698 596 836
3077809 633701 596 125
3077810 633701 596 15
3077811 633701 596 4305
3077812 633701 596 4256
3077813 633701 596 79
3077814 633701 596 255
3077815 190353 596 10972
3077816 190353 596 15
3077817 190353 596 518
3077818 190353 596 2332
3077819 190353 596 133
3077820 190353 596 318
3077821 190353 596 4151
3077822 190353 596 451
3077823 190353 596 8437
3077828 633703 596 16400
3077829 633703 596 503
3077830 633704 596 1323
3077831 633704 596 8676
3077832 633705 596 4108
3077833 633705 596 100
3077834 633706 596 16029
3077835 633706 596 3592
3077841 130446 596 552
3077842 130446 596 2990
3077843 377253 596 839
3077844 377253 596 836
3077849 8849 596 4735
3077850 633709 596 3659
3077851 633709 596 2061
3077853 633711 596 25201
3077854 633712 596 16029
3077855 633712 596 160494
3077856 633712 596 30597
3077857 633712 596 117698
3077858 633712 596 92
3077871 416018 596 875
3077872 633716 596 160495
3077873 633716 596 160496
3077874 633716 596 2073
3077875 633716 596 160497
3077876 633717 596 20846
3077877 633717 596 816
3077878 633717 596 4713
3077879 633717 596 138
3077880 633717 596 2242
3077881 633717 596 43789
3077882 633718 596 91773
3077893 633721 596 91773
3077894 252493 596 4036
3077903 112809 596 221
3077904 112809 596 291
3077905 112809 596 1886
3077906 633723 596 16896
3077907 633723 596 2486
3077908 633723 596 727
3077909 633723 596 139
3077910 67175 596 1367
3077916 633726 596 1369
3077925 633729 596 1369
3077926 50 596 356
3077927 50 596 4305
3077928 50 596 283
3077929 50 596 518
3077930 633730 596 117
3077931 633730 596 15693
3077932 633730 596 27698
3077933 633730 596 4151
3077934 633730 596 2486
3077936 633732 596 4273
3077937 389874 596 1937
3077939 633733 596 20846
3077940 633733 596 3367
3077941 633733 596 160499
3077942 633733 596 307
3077943 633734 596 875
3077944 633735 596 16400
3077946 345941 596 4151
3077947 130689 596 1182
3077948 130689 596 451
3077949 130689 596 160480
3077953 633738 596 221
3077954 633738 596 935
3077955 633738 596 474
3077956 633739 596 160501
3077957 633740 596 6055
3077965 633741 596 613
3077966 633741 596 100
3077984 633748 596 160505
3077985 633748 596 100
3077990 633750 596 16029
3077991 633750 596 285
3077992 633750 596 160506
3077993 633750 596 98
3077994 633750 596 160507
3077996 633752 596 2073
3078009 633757 596 16029
3078010 633758 596 4151
3078011 633758 596 5140
3078012 633758 596 642
3078013 633758 596 16029
3078014 633758 596 117
3078015 633758 596 834
3078016 633758 596 118373
3078019 633760 596 16201
3078020 633760 596 4
3078021 633760 596 42018
3078022 633760 596 4164
3078023 633761 596 16400
3078030 633765 596 160501
3078034 345961 596 2073
3078035 711800 596 807
3078036 711800 596 100
3078037 633767 596 807
3078038 633767 596 100
3078048 633771 596 16029
3078049 633771 596 16400
3078050 633771 596 4151
3078051 633771 596 160442
3078052 14109 596 2680
3078053 633772 596 875
3078054 633772 596 100
3078055 394046 596 1938
3078056 394046 596 730
3078059 633774 596 4023
3078060 633774 596 16029
3078061 633775 596 16029
3078062 633775 596 117
3078063 633775 596 4151
3078064 633776 596 11
3078065 633776 596 1804
3078066 633776 596 81304
3078067 633777 596 15992
3078068 633777 596 19623
3078069 633777 596 160509
3078070 633777 596 117698
3078071 633777 596 160510
3078098 633782 596 160511
3078099 633782 596 110893
3078100 633782 596 70
3078106 633786 596 25201
3078111 633788 596 9270
3078112 633788 596 2556
3078113 633788 596 160513
3078120 633790 596 168
3078124 633792 596 4151
3078125 330784 596 1703
3078126 330784 596 1704
3078127 330784 596 2795
3078128 330784 596 1896
3078129 330784 596 2647
3078130 330784 596 451
3078131 633794 596 100
3078136 305389 596 4696
3078137 305389 596 1565
3078150 388698 596 25201
3078155 633800 596 7490
3078156 633800 596 125314
3078157 633800 596 160442
3078158 633800 596 160516
3078159 586411 596 1703
3078160 586411 596 311
3078161 586411 596 503
3078162 586411 596 618
3078163 586411 596 1176
3078164 633801 596 160517
3078166 346012 596 4151
3078167 346012 596 100385
3078168 377514 596 100
3078169 633803 596 160430
3078171 633805 596 264
3078172 633805 596 1923
3078173 633805 596 16029
3078176 633807 596 100
3078177 633807 596 5061
3078178 633807 596 3257
3078179 633807 596 13281
3078180 633807 596 1610
3078181 633808 596 101614
3078182 633808 596 160518
3078183 633808 596 5734
3078184 382413 596 15
3078190 633811 596 25201
3078196 14564 596 4219
3078197 633815 596 160521
3078205 633818 596 1937
3078206 633818 596 638
3078207 633818 596 4329
3078208 633818 596 829
3078209 309122 596 552
3078217 302565 596 527
3078218 302565 596 20331
3078219 302565 596 100
3078223 633820 596 20846
3078224 633820 596 18043
3078225 633820 596 4936
3078226 633820 596 1704
3078234 633823 596 16029
3078235 633823 596 254
3078236 633824 596 16029
3078237 633824 596 2486
3078238 633824 596 4127
3078239 633824 596 518
3078240 633824 596 552
3078241 633824 596 4
3078242 633825 596 160523
3078243 346056 596 16400
3078244 633826 596 16400
3078245 633827 596 160524
3078246 633827 596 16896
3078248 633829 596 5176
3078249 633829 596 1591
3078250 633829 596 160525
3078252 633830 596 4329
3078253 633830 596 53675
3078254 633830 596 3478
3078255 633830 596 8522
3078256 633830 596 829
3078265 633834 596 91773
3078286 633842 596 1369
3078287 633842 596 291
3078288 633842 596 552
3078289 633843 596 15187
3078290 633843 596 97186
3078291 633843 596 503
3078292 633843 596 16400
3078293 633844 596 4151
3078294 633844 596 160514
3078295 633845 596 15
3078296 633845 596 4
3078297 633845 596 1731
3078298 633846 596 139
3078299 633846 596 92915
3078300 633846 596 160526
3078301 633846 596 37035
3078302 633846 596 1058
3078303 633846 596 1870
3078304 633847 596 16400
3078354 633862 596 25201
3078355 633863 596 361
3078356 633863 596 1802
3078357 633863 596 1823
3078358 633863 596 5988
3078359 633863 596 1896
3078360 633863 596 557
3078361 633864 596 160531
3078362 633864 596 33866
3078363 633864 596 552
3078364 633864 596 4151
3078365 633865 596 25532
3078367 633867 596 28
3078368 633867 596 836
3078369 633867 596 451
3078370 633867 596 90
3078371 633867 596 27224
3078372 633867 596 1730
3078373 633867 596 5913
3078374 633867 596 160532
3078378 257459 596 503
3078408 633873 596 503
3078409 633873 596 1552
3078410 633873 596 160533
3078411 359241 596 8797
3078412 359241 596 72
3078413 359241 596 1056
3078414 359241 596 3811
3078415 359241 596 2489
3078416 633874 596 63411
3078417 633874 596 18548
3078418 633874 596 4151
3078429 633877 596 4127
3078430 633877 596 451
3078438 633880 596 103404
3078441 633883 596 836
3078442 633883 596 583
3078443 13891 596 21
3078444 13891 596 2993
3078445 13891 596 160534
3078446 13891 596 2647
3078447 13891 596 72
3078448 13891 596 1160
3078449 13891 596 8778
3078450 13891 596 16029
3078451 633885 596 503
3078452 633885 596 21
3078463 633889 596 100
3078464 633889 596 58155
3078472 633892 596 4586
3078473 633892 596 14112
3078474 633892 596 503
3078475 633892 596 3
3078476 633892 596 3648
3078477 633893 596 125
3078478 633893 596 29
3078479 633893 596 20846
3078486 633896 596 100
3078487 633896 596 4802
3078488 633896 596 2810
3078502 6881 596 3558
3078503 633900 596 450
3078504 633900 596 1266
3078505 633900 596 2424
3078506 336600 596 286
3078507 633901 596 100
3078508 633901 596 76
3078509 633901 596 40960
3078514 633903 596 3463
3078515 548951 596 25532
3078517 633904 596 117698
3078518 633904 596 160536
3078519 633904 596 92
3078520 633904 596 1117
3078521 633904 596 12365
3078522 633904 596 4256
3078523 633904 596 16400
3078525 397028 596 5146
3078526 397028 596 188
3078527 397028 596 1134
3078528 397028 596 908
3078529 397028 596 305
3078530 397028 596 1937
3078538 530504 596 188
3078539 530504 596 286
3078540 530504 596 1134
3078541 530504 596 908
3078542 530504 596 935
3078543 530504 596 1937
3078544 530504 596 1135
3078545 530504 596 3506
3078546 530504 596 528
3078547 633906 596 2576
3078548 633906 596 552
3078549 633906 596 32795
3078550 633906 596 4151
3078555 633908 596 16400
3078556 6985 596 126
3078557 6985 596 276
3078558 6985 596 507
3078559 6985 596 2907
3078567 159479 596 160539
3078571 191423 596 3506
3078572 633911 596 101609
3078573 633911 596 77
3078574 633911 596 16217
3078575 633911 596 151601
3078576 633911 596 16400
3078577 633912 596 123213
3078578 633912 596 79
3078579 633912 596 295
3078590 633915 596 16025
3078591 633915 596 4
3078592 633916 596 503
3078593 633916 596 3050
3078594 633916 596 3451
3078595 633916 596 19063
3078597 633918 596 101606
3078598 633918 596 90
3078599 633919 596 101606
3078600 633919 596 90
3078601 633920 596 16400
3078602 633921 596 20083
3078604 192929 596 80
3078605 192929 596 25201
3078608 335561 596 798
3078609 335561 596 518
3078610 335561 596 552
3078611 335561 596 4151
3078618 633924 596 1369
3078619 494446 596 20
3078620 494446 596 72
3078621 494446 596 816
3078622 494446 596 6
3078623 633925 596 16400
3078624 633925 596 4999
3078625 633926 596 798
3078626 633926 596 16447
3078627 633926 596 104
3078628 633926 596 1172
3078629 633926 596 11
3078630 633926 596 318
3078631 633926 596 77179
3078632 633926 596 160541
3078647 633931 596 81304
3078648 633931 596 90
3078649 633931 596 11
3078650 633931 596 168
3078651 633932 596 1565
3078652 633933 596 16400
3078654 285030 596 1943
3078655 285030 596 3046
3078656 285030 596 79108
3078657 285030 596 76
3078658 285030 596 100
3078659 285030 596 1703
3078660 633935 596 1354
3078661 633935 596 168
3078662 417198 596 76
3078663 417198 596 1007
3078664 417198 596 2427
3078665 633936 596 973
3078666 633936 596 4666
3078668 633937 596 125
3078669 633937 596 31047
3078670 633937 596 552
3078671 633937 596 4151
3078672 633937 596 451
3078673 633937 596 7490
3078674 633937 596 125314
3078679 633938 596 139
3078680 633938 596 77
3078681 633938 596 104
3078682 633938 596 5834
3078683 633938 596 9006
3078684 633938 596 6609
3078691 633942 596 2486
3078692 633942 596 1354
3078693 633942 596 1123
3078695 633944 596 805
3078696 633944 596 4151
3078697 633945 596 276
3078698 633945 596 16400
3078703 633947 596 885
3078704 633947 596 518
3078705 633947 596 552
3078706 633947 596 168
3078707 369979 596 27238
3078708 369979 596 536
3078709 369979 596 76
3078710 369979 596 48522
3078711 369979 596 160545
3078719 79927 596 25201
3078720 633952 596 373
3078721 633952 596 62278
3078722 633952 596 160546
3078731 16509 596 992
3078732 16509 596 1703
3078733 16509 596 457
3078734 16509 596 2990
3078735 16509 596 4305
3078736 16509 596 292
3078737 16509 596 518
3078738 16509 596 25201
3078739 16509 596 730
3078740 16509 596 139
3078741 16509 596 285
3078742 633955 596 52104
3078743 633955 596 643
3078744 633955 596 1160
3078745 633955 596 11851
3078746 633955 596 805
3078749 633957 596 45112
3078778 633965 596 798
3078779 633965 596 41696
3078780 633965 596 4151
3078781 633966 596 91773
3078782 633966 596 160548
3078783 633966 596 44900
3078784 633966 596 72660
3078785 633966 596 6288
3078786 633967 596 45112
3078787 633967 596 168
3078791 633970 596 1937
3078792 633970 596 25201
3078793 633971 596 16400
3078794 633971 596 503
3078795 633972 596 100
3078796 633972 596 29219
3078800 168516 596 25532
3078801 633975 596 2073
3078802 633975 596 1591
3078803 633975 596 503
3078804 633975 596 451
3078807 633977 596 8746
3078808 633977 596 11
3078809 633977 596 100
3078810 633977 596 451
3078811 633978 596 25532
3078816 165276 596 25532
3078817 633979 596 4802
3078818 633979 596 100
3078819 633979 596 10095
3078826 633982 596 16892
3078827 633982 596 1056
3078828 633982 596 1923
3078829 633982 596 15379
3078830 633982 596 725
3078831 633983 596 2014
3078832 633983 596 80
3078833 633983 596 11
3078834 633983 596 100
3078835 633983 596 451
3078836 633983 596 90
3078838 308534 596 45112
3078840 633985 596 4151
3078841 346244 596 6000
3078842 633986 596 16400
3078843 203157 596 941
3078844 203157 596 6
3078845 203157 596 2115
3078846 203157 596 3673
3078847 633987 596 25201
3078848 633987 596 583
3078849 633988 596 160550
3078850 633989 596 16896
3078851 633989 596 16400
3078867 526815 596 16896
3078868 526815 596 139
3078870 633996 596 343
3078871 633996 596 79291
3078872 633996 596 46233
3078873 633996 596 21
3078883 633999 596 4036
3078884 634000 596 1533
3078885 634000 596 3722
3078886 634000 596 3094
3078892 634002 596 168
3078893 634003 596 168
3078896 346264 596 100
3078898 634006 596 16029
3078899 634006 596 100
3078900 634007 596 1896
3078902 199014 596 160552
3078903 199014 596 618
3078904 199014 596 730
3078907 634010 596 16029
3078908 634010 596 1923
3078909 634010 596 2795
3078910 634011 596 16029
3078911 634011 596 4
3078912 634011 596 18820
3078913 634011 596 160553
3078914 634012 596 18820
3078915 634012 596 160553
3078916 634012 596 160537
3078917 634012 596 160476
3078918 634012 596 461
3078919 634012 596 112731
3078920 122624 596 941
3078921 122624 596 6
3078922 67399 596 15
3078923 67399 596 4791
3078924 67399 596 3451
3078925 67399 596 583
3078926 67399 596 451
3078927 634013 596 1808
3078940 634015 596 16400
3078941 634016 596 70
3078946 634019 596 100
3078947 634019 596 160554
3078948 634019 596 563
3078949 634019 596 160555
3078952 634021 596 125
3078953 634021 596 1704
3078954 634021 596 9946
3078955 634021 596 29
3078956 634021 596 451
3078958 634023 596 2627
3078959 634024 596 117137
3078960 634024 596 160557
3078961 634024 596 16029
3078962 634024 596 16896
3078963 634024 596 27867
3078964 634024 596 38841
3078965 634024 596 138
3078966 554458 596 47542
3078967 634025 596 81
3078968 634025 596 5734
3078969 634025 596 20846
3078988 634029 596 5182
3078989 634029 596 160558
3078990 634029 596 16893
3078992 634031 596 1049
3078993 634031 596 31047
3078994 634031 596 4276
3078995 634031 596 125314
3078996 634031 596 72
3078997 634031 596 4151
3078998 634031 596 1056
3078999 634031 596 15514
3079000 634031 596 1436
3079001 346296 596 15513
3079002 634032 596 361
3079003 634032 596 1430
3079004 634032 596 16727
3079005 634033 596 373
3079032 634038 596 16029
3079033 634038 596 16400
3079034 634038 596 2993
3079035 634038 596 57149
3079036 634038 596 1923
3079037 634038 596 15
3079038 634039 596 47542
3079044 634041 596 160560
3079045 634042 596 38289
3079046 634042 596 999
3079047 634042 596 160561
3079049 634044 596 100
3079050 634045 596 16029
3079058 634046 596 4036
3079059 634046 596 160562
3079060 634047 596 21
3079061 634047 596 2450
3079073 634050 596 552
3079074 634050 596 4151
3079075 357076 596 791
3079076 114458 596 100
3079077 114458 596 4406
3079078 114458 596 139
3079089 634052 596 338
3079090 634052 596 131
3079092 201999 596 2073
3079093 634054 596 160563
3079094 634054 596 16896
3079095 634054 596 160476
3079096 634054 596 27867
3079097 634054 596 138
3079098 634055 596 29992
3079104 634059 596 373
3079105 634059 596 4036
3079106 634059 596 18548
3079107 634059 596 160564
3079114 634062 596 16896
3079115 634062 596 4061
3079116 634063 596 552
3079117 308747 596 33866
3079118 308747 596 4151
3079124 634066 596 168
3079125 3459 596 21
3079132 530833 596 4151
3079143 346334 596 4145
3079144 634072 596 160430
3079145 634073 596 91773
3079154 45434 596 4129
3079155 634076 596 31047
3079156 634076 596 4151
3079157 634077 596 1896
3079158 634077 596 15513
3079159 634077 596 15514
3079160 634077 596 4151
3079161 96754 596 503
3079162 96754 596 139
3079163 96754 596 1126
3079164 96754 596 451
3079165 374758 596 100
3079166 374758 596 3064
3079167 374758 596 12752
3079168 634078 596 16400
3079169 16783 596 138
3079170 16783 596 25201
3079179 634081 596 16029
3079180 634081 596 552
3079181 634081 596 4151
3079182 634081 596 160442
3079187 634083 596 4151
3079188 634083 596 117
3079189 634084 596 16029
3079190 634084 596 117
3079191 634084 596 552
3079192 634085 596 45112
3079193 634085 596 478
3079194 634085 596 117
3079195 634086 596 117
3079203 634088 596 16400
3079204 634088 596 123873
3079208 634090 596 16400
3079209 634090 596 503
3079211 192263 596 45112
3079230 634095 596 168
3079231 634096 596 110893
3079239 634099 596 552
3079241 634101 596 583
3079243 192333 596 1923
3079244 192333 596 16052
3079245 192333 596 707
3079246 192333 596 1704
3079247 192333 596 16400
3079248 634102 596 250
3079249 634102 596 4
3079250 634102 596 69849
3079251 634102 596 9946
3079252 634102 596 16052
3079253 634102 596 14112
3079254 634103 596 15513
3079268 107743 596 25201
3079269 107743 596 4214
3079276 634107 596 127989
3079277 634107 596 18548
3079278 634107 596 834
3079279 634107 596 4151
3079280 634108 596 4406
3079281 634108 596 1923
3079289 634111 596 28
3079290 634111 596 7321
3079291 634111 596 90
3079292 634111 596 168
3079293 634112 596 1058
3079294 634112 596 4023
3079295 634112 596 11
3079296 634112 596 139
3079297 634112 596 90
3079298 634112 596 26175
3079299 634112 596 57937
3079302 634113 596 160456
3079303 634113 596 100
3079304 634113 596 91773
3079305 634113 596 16029
3079306 634113 596 69695
3079307 634113 596 160450
3079308 634113 596 2233
3079309 308882 596 100
3079311 9073 596 1703
3079312 634115 596 780
3079313 634115 596 100
3079318 634117 596 3471
3079319 634117 596 12233
3079320 634117 596 638
3079321 634117 596 11
3079322 634117 596 700
3079323 634117 596 160573
3079324 634118 596 100
3079325 634118 596 1886
3079326 634118 596 1125
3079327 634119 596 1723
3079329 634121 596 16029
3079330 634121 596 68527
3079331 634121 596 1335
3079332 634122 596 1058
3079333 634122 596 545
3079334 634122 596 1937
3079335 634122 596 1321
3079336 634122 596 1335
3079337 634122 596 5164
3079338 634122 596 90
3079339 634122 596 613
3079340 634123 596 16466
3079341 634124 596 5176
3079342 634124 596 1591
3079344 634126 596 18548
3079345 634126 596 160574
3079346 634126 596 43998
3079347 634126 596 3756
3079348 634126 596 583
3079349 634127 596 2993
3079350 359769 596 583
3079351 634128 596 45112
3079352 634128 596 16029
3079353 634129 596 295
3079354 634130 596 16029
3079355 634130 596 16400
3079356 634130 596 4151
3079398 634141 596 45112
3079407 634146 596 16400
3079408 179437 596 2486
3079409 179437 596 286
3079410 179437 596 138
3079411 179437 596 4334
3079412 179437 596 292
3079413 179437 596 941
3079414 179437 596 187
3079415 179437 596 1937
3079416 179437 596 1703
3079417 634147 596 24363
3079418 634147 596 829
3079419 634147 596 104
3079420 634147 596 2138
3079421 634147 596 638
3079422 634147 596 2442
3079423 634147 596 90
3079424 634147 596 451
3079425 634148 596 12233
3079426 634148 596 552
3079427 634148 596 4151
3079428 634148 596 139
3079429 634148 596 285
3079430 308995 596 4151
3079431 308995 596 618
3079434 634150 596 16029
3079435 634150 596 1923
3079436 634150 596 2795
3079437 634150 596 132989
3079438 634150 596 4791
3079439 634151 596 91773
3079440 634152 596 2073
3079441 634152 596 43212
3079442 634152 596 160497
3079443 634152 596 503
3079445 634154 596 4999
3079446 634154 596 285
3079447 634154 596 15514
3079448 634154 596 4151
3079449 634154 596 160442
3079454 189424 596 25201
3079455 634158 596 20846
3079456 634158 596 94791
3079457 634158 596 365
3079458 634158 596 125
3079466 634162 596 47900
3079469 309027 596 834
3079470 309027 596 552
3079471 309027 596 4151
3079472 634165 596 1937
3079473 634166 596 4151
3079474 634166 596 5140
3079475 634166 596 642
3079476 634166 596 16029
3079477 634166 596 117
3079478 634166 596 834
3079479 634166 596 16400
3079480 36780 596 1325
3079481 36780 596 798
3079482 36780 596 75
3079483 36780 596 77
3079484 36780 596 1007
3079485 36780 596 11
3079486 36780 596 2013
3079487 36780 596 285
3079502 620795 596 138
3079503 620795 596 1320
3079504 620795 596 340
3079505 620795 596 338
3079506 634168 596 20846
3079518 634173 596 11851
3079519 634173 596 805
3079520 634173 596 117
3079521 634173 596 834
3079522 634173 596 4151
3079525 634175 596 63411
3079526 634175 596 18548
3079527 634175 596 4151
3079528 634175 596 834
3079529 634175 596 552
3079530 113077 596 373
3079531 113077 596 941
3079532 113077 596 1647
3079533 113077 596 1703
3079534 113077 596 138
3079535 113077 596 1025
3079536 113077 596 1937
3079537 113077 596 80
3079538 113077 596 757
3079539 113077 596 77
3079540 113077 596 11
3079541 113077 596 2013
3079542 113077 596 139
3079543 113077 596 285
3079544 113077 596 286
3079545 634176 596 286
3079546 634176 596 90
3079547 634176 596 643
3079548 634176 596 139
3079549 634176 596 72
3079550 634176 596 17099
3079551 634176 596 55504
3079552 634176 596 6453
3079553 634176 596 4168
3079554 172036 596 451
3079555 172036 596 138
3079556 172036 596 328
3079557 172036 596 24
3079558 172036 596 39
3079559 172036 596 225
3079560 634177 596 3
3079561 634177 596 250
3079562 634177 596 46387
3079563 634177 596 1927
3079569 634180 596 294
3079570 634180 596 638
3079571 634180 596 873
3079572 634180 596 11
3079573 634180 596 503
3079574 634180 596 139
3079575 634180 596 643
3079576 634180 596 4
3079577 634180 596 17997
3079583 258363 596 373
3079584 634182 596 2627
3079593 634185 596 100
3079594 634185 596 4129
3079595 634185 596 168
3079598 634187 596 16400
3079599 634187 596 503
3079600 634188 596 16029
3079601 634188 596 16893
3079602 634188 596 160534
3079603 634188 596 71447
3079604 634188 596 798
3079605 634188 596 22520
3079615 1948190 596 47900
3079616 1948190 596 16029
3079617 1948190 596 503
3079618 1948190 596 16400
3079619 634192 596 451
3079620 634192 596 15
3079621 634192 596 38893
3079622 634192 596 1923
3079623 634193 596 3160
3079624 634193 596 503
3079625 634194 596 2627
3079626 634194 596 552
3079632 634199 596 1723
3079633 634200 596 25201
3079643 634202 596 100
3079644 634202 596 1339
3079651 346468 596 1533
3079652 346468 596 100
3079654 634205 596 100
3079655 292471 596 474
3079656 292471 596 8746
3079657 292471 596 1135
3079658 292471 596 908
3079659 292471 596 17099
3079660 292471 596 100
3079665 634208 596 100
3079667 309064 596 100
3079668 634209 596 100
3079669 634209 596 865
3079670 634209 596 168
3079671 634209 596 30597
3079675 634211 596 100
3079676 634212 596 100
3079677 369831 596 100
3079678 369831 596 552
3079679 369831 596 4151
3079680 634213 596 100
3079681 634213 596 76
3079682 634214 596 16400
3079683 634214 596 100
3079684 634214 596 1923
3079691 634217 596 100
3079692 634217 596 8746
3079693 634217 596 29692
3079694 348815 596 727
3079695 348815 596 2486
3079696 348815 596 807
3079697 348815 596 11
3079698 348815 596 100
3079699 348815 596 700
3079700 348815 596 451
3079702 634218 596 100
3079710 634221 596 16029
3079711 634221 596 100
3079712 32406 596 100
3079727 127098 596 100
3079730 634226 596 163
3079731 634226 596 100
3079732 351466 596 163
3079733 351466 596 100
3079734 634227 596 163
3079735 634227 596 100
3079736 634228 596 163
3079737 634228 596 100
3079738 634229 596 163
3079739 634229 596 100
3079740 634230 596 100
3079741 634230 596 4406
3079742 634230 596 139
3079743 634231 596 2428
3079744 634231 596 11
3079745 634231 596 100
3079746 634231 596 160580
3079747 634231 596 77179
3079753 634232 596 100
3079754 634232 596 5591
3079755 634232 596 90
3079756 634232 596 8580
3079757 634232 596 27522
3079758 634233 596 100
3079759 546186 596 100
3079760 634234 596 100
3079761 634234 596 552
3079762 324837 596 100
3079766 346504 596 100
3079767 466008 596 17099
3079768 466008 596 100
3079770 634237 596 100
3079771 634237 596 374
3079772 634237 596 168
3079773 634238 596 17997
3079774 634238 596 369
3079775 634238 596 643
3079776 634239 596 100
3079781 12177 596 457
3079792 634241 596 638
3079793 634241 596 1714
3079794 634241 596 338
3079803 309089 596 11
3079804 309089 596 643
3079805 309089 596 17997
3079806 309089 596 90
3079807 634243 596 643
3079808 634243 596 17997
3079809 250264 596 552
3079811 634245 596 100
3079812 634245 596 1133
3079813 634245 596 1738
3079818 634247 596 45112
3079819 634247 596 160560
3079823 634250 596 45112
3079824 634250 596 552
3079825 634251 596 552
3079828 634254 596 138
3079829 634254 596 4877
3079830 634254 596 117
3079831 634254 596 552
3079832 634254 596 1182
3079833 634254 596 4151
3079834 634254 596 451
3079835 634255 596 552
3079836 634256 596 552
3079837 634257 596 552
3079838 634258 596 552
3079839 634258 596 5413
3079840 634258 596 286
3079841 634258 596 100
3079843 634259 596 552
3079844 634259 596 90387
3079845 634260 596 552
3079846 634260 596 4145
3079847 634261 596 552
3079848 634261 596 100385
3079849 309131 596 552
3079867 634267 596 552
3079868 634268 596 4151
3079869 634268 596 160582
3079870 634268 596 7490
3079871 634268 596 160514
3079872 634269 596 160583
3079873 634269 596 4151
3079874 634269 596 1041
3079875 634269 596 160584
3079876 634270 596 160585
3079877 634270 596 4151
3079878 634270 596 160586
3079879 634270 596 1041
3079880 634271 596 4151
3079881 634271 596 1132
3079882 634271 596 7490
3079883 634272 596 16400
3079884 634273 596 16029
3079885 634273 596 16400
3079899 634276 596 43219
3079900 634276 596 280
3079901 634276 596 4718
3079902 634276 596 51818
3079903 634276 596 160460
3079904 634276 596 3441
3079905 634276 596 2073
3079906 634276 596 4
3079907 634276 596 160497
3079911 634278 596 21
3079912 634278 596 302
3079913 634278 596 79
3079914 634278 596 139
3079915 634279 596 2428
3079916 634279 596 11
3079917 634279 596 700
3079919 560298 596 545
3079920 634280 596 1182
3079921 634280 596 160590
3079922 634280 596 168
3079923 634281 596 4802
3079924 634281 596 160591
3079925 634281 596 76
3079926 634282 596 552
3079934 634284 596 2376
3079935 634285 596 65415
3079938 634288 596 78719
3079939 634288 596 168
3079940 634289 596 78719
3079941 634289 596 5413
3079942 634289 596 168
3079943 105743 596 11851
3079944 105743 596 552
3079945 105743 596 4151
3079946 105743 596 160442
3079947 634290 596 552
3079948 634290 596 613
3079949 634291 596 2486
3079950 634291 596 727
3079951 634291 596 286
3079952 634292 596 160430
3079953 634292 596 44749
3079954 634292 596 160446
3079955 634293 596 4151
3079956 634294 596 250
3079957 634294 596 4
3079958 67787 596 4151
3079959 67787 596 16400
3079963 634295 596 60472
3079964 634296 596 4151
3079966 634298 596 15513
3079967 634298 596 1436
3079968 634298 596 160480
3079979 634303 596 4023
3079980 634303 596 3367
3079981 634303 596 104
3079982 634304 596 21
3079983 634304 596 5490
3079984 634304 596 16029
3079985 634304 596 16400
3079986 634305 596 16400
3079987 634306 596 16029
3079988 634306 596 1923
3079989 634306 596 16790
3079990 634306 596 701
3079991 634306 596 4999
3079992 634307 596 2486
3079993 634307 596 286
3079994 634307 596 17726
3079995 634308 596 552
3079996 634308 596 4151
3079997 634308 596 160442
3079998 634309 596 16400
3080015 634315 596 250
3080016 634315 596 240
3080017 634315 596 1730
3080018 634315 596 638
3080019 634315 596 16400
3080022 32487 596 5939
3080023 32487 596 984
3080030 424120 596 12233
3080031 634317 596 12233
3080032 634317 596 16029
3080033 634317 596 137170
3080034 634318 596 160592
3080035 634318 596 160593
3080036 634318 596 2625
3080037 634318 596 15425
3080038 634318 596 91773
3080039 634319 596 45112
3080040 634319 596 168
3080041 634319 596 4145
3080043 634321 596 4151
3080045 309296 596 552
3080046 634323 596 552
3080047 634324 596 160527
3080048 634324 596 613
3080049 634324 596 168
3080052 634326 596 16400
3080053 634327 596 4
3080054 634328 596 77
3080055 634328 596 101609
3080056 634328 596 151601
3080057 634328 596 250
3080058 634328 596 4
3080059 634328 596 618
3080060 1948191 596 3
3080061 1948191 596 16217
3080062 1948191 596 16400
3080063 634329 596 16217
3080064 634329 596 3241
3080065 634329 596 151601
3080066 634329 596 77
3080067 634329 596 101609
3080068 634330 596 503
3080069 634330 596 15
3080070 634330 596 16400
3080071 634331 596 503
3080072 634331 596 16029
3080073 634331 596 385
3080078 634333 596 16029
3080082 634335 596 4151
3080086 634338 596 16400
3080087 395246 596 100
3080093 17745 596 552
3080094 17745 596 4151
3080095 634340 596 16400
3080096 634340 596 318
3080097 634340 596 117698
3080098 634341 596 16400
3080099 634341 596 2424
3080100 634341 596 503
3080101 634341 596 451
3080102 634342 596 16400
3080103 560386 596 108
3080105 634343 596 100385
3080106 634343 596 160594
3080111 634345 596 45112
3080112 634345 596 4151
3080113 29675 596 4151
3080114 634346 596 4151
3080119 346618 596 302
3080120 346618 596 518
3080121 346618 596 117
3080122 346618 596 834
3080123 346618 596 552
3080124 346618 596 4151
3080125 346618 596 451
3080126 346618 596 618
3080127 634349 596 16029
3080128 634349 596 133
3080129 634349 596 4151
3080130 634349 596 618
3080131 634349 596 20252
3080135 634352 596 160523
3080136 307944 596 4151
3080137 634353 596 1923
3080138 634353 596 4151
3080139 634354 596 4151
3080146 634357 596 117
3080147 634357 596 4151
3080148 634358 596 4151
3080149 634358 596 5140
3080150 634358 596 642
3080151 634358 596 117
3080152 634358 596 834
3080153 634359 596 4151
3080154 1915913 596 5486
3080159 634361 596 4151
3080162 634363 596 16893
3080163 634364 596 104
3080164 634364 596 16400
3080165 634364 596 503
3080171 634367 596 25201
3080172 634368 596 638
3080173 634368 596 104
3080174 634368 596 39576
3080175 147048 596 25201
3080177 357562 596 100
3080178 357562 596 76
3080179 357562 596 11
3080182 357722 596 104
3080183 357722 596 160595
3080184 357722 596 269
3080185 357722 596 6690
3080186 357722 596 139
3080187 329294 596 47900
3080188 634370 596 16052
3080189 634370 596 3451
3080190 443836 596 1819
3080191 443836 596 1786
3080192 443836 596 72
3080193 443836 596 318
3080194 443836 596 10240
3080198 634372 596 47900
3080199 634373 596 10972
3080200 634373 596 16029
3080201 634373 596 16400
3080210 634377 596 100
3080211 634377 596 3064
3080212 634377 596 12752
3080213 634377 596 15729
3080214 634378 596 4151
3080215 634378 596 5830
3080216 634379 596 16029
3080217 634379 596 3362
3080218 634379 596 15992
3080219 634379 596 19163
3080222 634381 596 16400
3080223 634381 596 503
3080232 634385 596 128321
3080233 634385 596 4542
3080234 634386 596 160500
3080235 634387 596 160430
3080236 634387 596 128321
3080237 634387 596 107814
3080238 3117 596 79
3080239 3117 596 455
3080240 3117 596 285
3080241 3117 596 828
3080242 3117 596 2556
3080243 3117 596 16400
3080244 634388 596 20846
3080256 634391 596 1058
3080257 634391 596 11
3080258 634391 596 1359
3080259 634391 596 2556
3080260 634391 596 139
3080261 634391 596 21
3080262 634392 596 20083
3080267 634394 596 25201
3080269 634396 596 25201
3080271 634398 596 11851
3080272 634398 596 2376
3080273 634399 596 100
3080274 634399 596 552
3080275 634399 596 1329
3080276 634400 596 100
3080277 634400 596 552
3080278 634401 596 100
3080279 634401 596 16896
3080280 634401 596 291
3080281 634401 596 727
3080283 112433 596 1367
3080284 112433 596 1703
3080285 634403 596 160437
3080286 634403 596 160441
3080287 634404 596 160437
3080288 634404 596 16029
3080292 634408 596 5687
3080293 634408 596 264
3080294 634408 596 11098
3080295 634408 596 374
3080296 634408 596 369
3080297 634408 596 90
3080299 193389 596 1160
3080312 634411 596 1160
3080313 634411 596 16896
3080314 634411 596 52104
3080326 634414 596 29992
3080328 634415 596 552
3080329 634415 596 7081
3080355 634419 596 4151
3080356 634419 596 160442
3080357 634419 596 131
3080358 634419 596 31047
3080359 634420 596 160597
3080360 634420 596 286
3080361 634420 596 139
3080362 634420 596 474
3080363 634420 596 6609
3080364 634420 596 1703
3080371 634423 596 3506
3080373 634425 596 160598
3080374 634425 596 1591
3080375 634425 596 117
3080376 634425 596 12879
3080377 634425 596 33732
3080378 634425 596 834
3080379 634425 596 552
3080380 634425 596 4151
3080381 634425 596 16029
3080391 634427 596 552
3080392 634428 596 15
3080393 634428 596 5490
3080394 634428 596 1923
3080395 634428 596 16400
3080396 634428 596 16029
3080401 634430 596 16400
3080402 634431 596 2073
3080403 634431 596 1923
3080404 634431 596 503
3080405 634431 596 286
3080406 634431 596 15905
3080407 634432 596 552
3080408 634432 596 4151
3080409 634432 596 160442
3080410 634433 596 16400
3080411 634433 596 160599
3080418 973 596 283
3080419 973 596 518
3080420 973 596 117
3080421 973 596 255
3080422 973 596 146
3080423 973 596 79
3080424 973 596 4151
3080425 134312 596 40960
3080426 134312 596 255
3080427 134312 596 146
3080428 134312 596 4807
3080434 634435 596 20846
3080435 634435 596 2424
3080436 634435 596 160600
3080437 634436 596 20846
3080438 634436 596 2591
3080439 634436 596 22300
3080440 634437 596 20846
3080441 634437 596 1565
3080442 634437 596 72188
3080443 634437 596 15364
3080446 634440 596 1209
3080447 634440 596 20846
3080448 634441 596 20846
3080449 634441 596 2424
3080454 634443 596 16029
3080455 634443 596 16400
3080468 1948192 596 318
3080469 1948192 596 2272
3080470 1948192 596 80
3080471 1948192 596 11821
3080472 1948192 596 328
3080473 1948192 596 4151
3080474 1948192 596 9020
3080475 634444 596 4151
3080476 634444 596 80
3080477 634444 596 328
3080481 634447 596 1257
3080482 634447 596 6725
3080483 634447 596 20846
3080484 634447 596 39088
3080485 634447 596 5463
3080486 634448 596 20846
3080487 634448 596 4713
3080488 634448 596 4943
3080489 634448 596 5463
3080490 634448 596 27519
3080491 634449 596 125
3080492 634449 596 1808
3080493 634449 596 27519
3080494 634449 596 20846
3080495 634449 596 5463
3080496 634450 596 18297
3080497 634450 596 18298
3080498 634450 596 20846
3080499 634451 596 66907
3080500 634452 596 503
3080501 634452 596 95437
3080502 634452 596 79
3080503 634452 596 451
3080504 634452 596 302
3080505 634453 596 4151
3080506 634453 596 451
3080507 634453 596 552
3080508 634453 596 16615
3080509 634453 596 2486
3080510 634453 596 125
3080511 634454 596 160497
3080512 634454 596 2073
3080513 634454 596 1923
3080514 634454 596 4
3080515 634454 596 503
3080516 634454 596 160602
3080517 634455 596 4151
3080518 634456 596 2073
3080519 634456 596 15905
3080520 634456 596 9945
3080521 634456 596 2622
3080522 634457 596 1369
3080527 359490 596 4528
3080528 359490 596 1703
3080529 359490 596 4097
3080530 359490 596 20321
3080531 359490 596 1745
3080532 359490 596 187
3080533 359490 596 507
3080535 634459 596 25532
3080537 359494 596 138
3080538 634461 596 45112
3080539 634461 596 16029
3080540 634461 596 699
3080541 634462 596 6181
3080542 634462 596 160603
3080543 634462 596 2303
3080544 634462 596 709
3080545 634463 596 2424
3080546 634463 596 1565
3080547 634463 596 1257
3080549 10961 596 4129
3080550 634464 596 16400
3080551 634464 596 503
3080552 634465 596 4151
3080553 634465 596 160604
3080554 634465 596 5164
3080555 634465 596 4699
3080556 634465 596 1049
3080557 634465 596 579
3080560 32585 596 11
3080561 32585 596 98
3080562 634467 596 30
3080563 634467 596 1775
3080564 634467 596 11
3080565 634467 596 828
3080566 634467 596 168
3080567 634467 596 7207
3080575 476005 596 4201
3080576 476005 596 13003
3080577 476005 596 536
3080578 634468 596 8247
3080579 634469 596 25201
3080580 634469 596 912
3080581 551449 596 15
3080582 551449 596 451
3080583 551449 596 302
3080584 551449 596 139
3080585 551449 596 123213
3080586 458218 596 941
3080587 458218 596 21
3080588 458218 596 5026
3080589 458218 596 3835
3080590 458218 596 77
3080591 458218 596 2647
3080592 458218 596 20083
3080593 458218 596 503
3080594 458218 596 451
3080595 458218 596 1123
3080596 634470 596 160605
3080616 634474 596 16029
3080617 634474 596 16896
3080618 634475 596 523
3080619 634475 596 16400
3080620 634476 596 100
3080621 634476 596 33902
3080622 634476 596 128461
3080623 634476 596 318
3080624 634476 596 16400
3080630 634478 596 16029
3080631 634478 596 16400
3080632 634478 596 276
3080634 634480 596 100
3080635 634481 596 4802
3080636 634481 596 76
3080637 634481 596 4332
3080638 634482 596 552
3080658 634485 596 16400
3080659 634486 596 4696
3080660 634486 596 1565
3080661 634487 596 503
3080662 634487 596 40960
3080663 634488 596 25532
3080664 634489 596 2936
3080665 634489 596 29
3080666 634489 596 39155
3080667 634489 596 4580
3080668 634490 596 125314
3080669 358133 596 25201
3080677 634494 596 25201
3080678 634494 596 4151
3080679 634495 596 503
3080680 634495 596 557
3080681 634496 596 4219
3080682 459302 596 25201
3080683 634497 596 451
3080684 634498 596 117
3080685 634498 596 118373
3080686 634498 596 4488
3080687 634498 596 16029
3080688 634499 596 4777
3080689 634499 596 302
3080690 634499 596 2486
3080691 634499 596 2936
3080692 634499 596 292
3080693 634499 596 3160
3080694 634499 596 77
3080695 634499 596 1565
3080696 634500 596 4108
3080697 634500 596 53419
3080698 634501 596 1775
3080699 634501 596 503
3080700 634501 596 16400
3080702 634503 596 276
3080703 634503 596 16029
3080704 634503 596 5176
3080705 634503 596 1591
3080706 634503 596 4097
3080707 634503 596 507
3080708 634504 596 295
3080709 634504 596 16400
3080712 241690 596 101798
3080713 241690 596 100
3080714 241690 596 76
3080715 241690 596 90
3080716 634506 596 2889
3080717 634506 596 503
3080718 634507 596 44749
3080719 634507 596 160446
3080720 634507 596 91773
3080728 634510 596 552
3080729 634510 596 7081
3080731 634512 596 16400
3080732 634512 596 2427
3080733 634512 596 1923
3080734 634512 596 125
3080735 634512 596 587
3080736 634512 596 92
3080737 634512 596 1124
3080738 634512 596 23
3080739 634513 596 160609
3080740 634513 596 4278
3080741 634513 596 2073
3080742 634513 596 160497
3080743 634514 596 160437
3080744 634514 596 160441
3080747 634516 596 503
3080748 634516 596 15423
3080749 634516 596 5603
3080750 634516 596 1808
3080751 634516 596 1745
3080752 634516 596 16400
3080753 634517 596 47900
3080755 634519 596 638
3080756 634519 596 225
3080757 634519 596 507
3080758 634519 596 3
3080759 634519 596 4131
3080760 634520 596 4151
3080761 634521 596 15
3080762 634521 596 16400
3080763 634521 596 3526
3080764 370091 596 4129
3080765 370091 596 168
3080766 634522 596 40960
3080769 309804 596 100
3080770 309804 596 168
3080772 634526 596 100
3080776 367715 596 1335
3080777 634528 596 168
3080778 634528 596 4145
3080779 634529 596 160590
3080780 634530 596 45112
3080781 634530 596 168
3080782 287340 596 125
3080783 287340 596 4390
3080784 287340 596 503
3080785 287340 596 20920
3080794 634534 596 160611
3080795 634535 596 100
3080796 634535 596 2013
3080797 634535 596 8310
3080798 634535 596 90
3080799 634536 596 4288
3080800 634536 596 76
3080802 634537 596 503
3080803 634538 596 16896
3080804 634539 596 4151
3080805 255476 596 552
3080806 634540 596 16029
3080807 634540 596 168
3080808 634541 596 100385
3080811 346902 596 30597
3080812 346902 596 100
3080822 634546 596 3506
3080824 634547 596 16029
3080825 634547 596 160612
3080826 634547 596 1923
3080827 634547 596 57149
3080828 634547 596 15
3080829 634547 596 160613
3080830 634547 596 16400
3080832 634549 596 503
3080833 634550 596 91773
3080837 346917 596 552
3080838 346917 596 33866
3080839 346917 596 4151
3080840 346917 596 7081
3080841 370136 596 70
3080845 634554 596 100
3080847 634556 596 613
3080851 634558 596 613
3080852 634558 596 168
3080858 634561 596 2795
3080859 634561 596 503
3080860 634561 596 451
3080867 634563 596 552
3080868 634563 596 168
3080876 634567 596 7490
3080877 309984 596 1049
3080878 309984 596 311
3080879 309984 596 31047
3080880 309984 596 72
3080881 309984 596 4151
3080882 309984 596 1056
3080883 309984 596 7490
3080884 309984 596 1041
3080885 309984 596 57351
3080888 634570 596 16029
3080889 634570 596 503
3080890 634570 596 479
3080891 634570 596 103969
3080892 634570 596 4999
3080893 634571 596 4354
3080894 634571 596 39855
3080895 634571 596 160615
3080896 634572 596 8787
3080897 634572 596 125
3080901 634573 596 7490
3080911 348177 596 45112
3080912 348177 596 22469
3080913 371304 596 31047
3080914 371304 596 4151
3080915 371304 596 22469
3080916 371304 596 7921
3080917 371304 596 107485
3080918 634577 596 22469
3080919 634577 596 57351
3080920 634577 596 7490
3080921 634577 596 6133
3080922 634577 596 11144
3080923 634577 596 1436
3080928 634579 596 16896
3080929 634579 596 461
3080930 634579 596 4369
3080938 634583 596 81304
3080939 634583 596 7321
3080940 634583 596 168
3080941 634583 596 30597
3080942 634583 596 90
3080943 634584 596 16029
3080944 634584 596 16400
3080945 634585 596 91773
3080946 634585 596 160616
3080948 595954 596 160617
3080949 595954 596 941
3080950 595954 596 1896
3080951 595954 596 1937
3080952 595954 596 1034
3080953 595954 596 557
3080958 634588 596 76
3080959 634588 596 4151
3080960 634589 596 16029
3080961 634589 596 16400
3080963 634591 596 4151
3080964 634591 596 138
3080965 634591 596 1132
3080966 634591 596 552
3080967 634591 596 1436
3080968 634591 596 7490
3080972 634593 596 552
3080973 634594 596 168
3080977 634596 596 25201
3080978 634597 596 16400
3080981 182170 596 8468
3080982 182170 596 1123
3080983 182170 596 1730
3080984 182170 596 16400
3080985 182170 596 125
3080986 621268 596 20494
3080987 621268 596 24
3080988 621268 596 635
3080989 621268 596 503
3080990 621268 596 4
3081001 634604 596 834
3081002 634604 596 4151
3081004 634606 596 16029
3081005 634606 596 828
3081006 634607 596 388
3081007 634607 596 1923
3081008 634607 596 16029
3081009 11055 596 47900
3081010 112543 596 1703
3081012 634609 596 100
3081013 634610 596 16896
3081014 634610 596 4542
3081015 634610 596 16029
3081016 634610 596 254
3081024 14301 596 730
3081040 634615 596 307
3081041 634615 596 4023
3081042 634615 596 1126
3081043 634615 596 20846
3081044 107847 596 45624
3081045 107847 596 1923
3081046 86008 596 45112
3081047 634616 596 92
3081048 634616 596 16029
3081049 634616 596 1823
3081050 634616 596 16400
3081053 634618 596 43998
3081054 634618 596 2061
3081055 634618 596 160618
3081056 634619 596 160450
3081057 634619 596 30489
3081058 634619 596 27519
3081059 634620 596 15
3081064 634622 596 3160
3081065 634622 596 3159
3081066 634622 596 1923
3081067 634622 596 16400
3081071 634625 596 4230
3081072 634625 596 29
3081073 634625 596 7958
3081074 634626 596 7490
3081079 634628 596 699
3081085 634630 596 15992
3081086 634631 596 16400
3081087 634631 596 16029
3081088 634631 596 117
3081089 634631 596 9780
3081090 634632 596 552
3081091 634633 596 552
3081092 350436 596 1007
3081093 634634 596 160619
3081094 634634 596 11753
3081095 634634 596 6181
3081096 634634 596 168
3081105 64764 596 45112
3081106 634638 596 730
3081107 634638 596 618
3081108 370213 596 4151
3081111 634640 596 4151
3081112 634641 596 21
3081113 634641 596 47359
3081114 634641 596 46351
3081115 634641 596 47097
3081116 25142 596 6259
3081117 25142 596 139
3081118 25142 596 795
3081119 25142 596 221
3081120 25142 596 90
3081121 25142 596 507
3081122 634642 596 43282
3081123 634642 596 3281
3081124 634643 596 3367
3081125 634643 596 100
3081126 634643 596 139
3081127 634644 596 17123
3081128 634644 596 16029
3081129 634644 596 503
3081130 634644 596 1923
3081131 634645 596 3363
3081132 634645 596 4689
3081133 634645 596 16400
3081146 634652 596 1034
3081147 634652 596 1555
3081148 634652 596 3653
3081149 634653 596 138
3081150 634654 596 100
3081155 634656 596 40621
3081156 634656 596 168
3081157 347052 596 960
3081158 347052 596 13782
3081159 347052 596 100
3081160 634657 596 100
3081165 634660 596 780
3081166 634660 596 100
3081167 634661 596 100
3081168 634661 596 4130
3081169 634661 596 2581
3081170 634662 596 807
3081171 634662 596 111879
3081173 51237 596 4151
3081174 347061 596 518
3081175 347061 596 4151
3081180 634664 596 168
3081181 634665 596 168
3081182 634666 596 160623
3081183 634666 596 168
3081189 1948193 596 552
3081190 1948193 596 4151
3081191 1948193 596 41091
3081192 1948193 596 2486
3081193 1948193 596 2427
3081194 309896 596 552
3081198 634668 596 4686
3081199 634668 596 4586
3081200 634668 596 123873
3081201 634668 596 1714
3081202 634669 596 168
3081203 634670 596 45112
3081204 634671 596 168
3081205 634671 596 16447
3081206 22501 596 276
3081207 22501 596 552
3081208 22501 596 168
3081209 634672 596 76
3081210 634672 596 4145
3081211 634673 596 5413
3081212 634673 596 613
3081213 634673 596 160492
3081214 634674 596 100
3081215 634674 596 168
3081216 634675 596 552
3081217 634675 596 92144
3081218 634675 596 451
3081219 634675 596 4326
3081220 337333 596 40960
3081221 634676 596 552
3081223 634678 596 5413
3081226 634680 596 39467
3081227 634680 596 4203
3081228 634681 596 8247
3081229 634681 596 4145
3081230 634682 596 4145
3081231 634683 596 16400
3081241 347085 596 6953
3081244 467109 596 160625
3081257 634693 596 16029
3081258 634693 596 4305
3081259 634693 596 518
3081260 634693 596 146
3081261 634693 596 1124
3081262 634693 596 17268
3081263 634693 596 16400
3081264 634694 596 15
3081265 634694 596 43998
3081266 634694 596 119365
3081267 634694 596 4528
3081271 634696 596 76
3081272 634696 596 1034
3081290 634701 596 45112
3081291 634701 596 552
3081292 634701 596 168
3081293 634702 596 45112
3081294 634703 596 45112
3081295 123158 596 47900
3081296 1948194 596 47900
3081300 634706 596 45112
3081301 531780 596 980
3081302 531780 596 527
3081303 531780 596 700
3081304 531780 596 100
3081305 531780 596 17467
3081306 634707 596 1369
3081307 7051 596 14112
3081308 7051 596 45112
3081309 7051 596 479
3081310 7051 596 455
3081311 7051 596 283
3081312 7051 596 1703
3081313 7051 596 126
3081314 7051 596 70
3081315 7051 596 518
3081316 7051 596 305
3081317 7051 596 4
3081318 7051 596 503
3081319 7051 596 285
3081320 7051 596 709
3081334 634713 596 4797
3081335 634713 596 20846
3081336 634713 596 1373
3081338 634715 596 20846
