3110977 639119 600 16631
3110978 639119 600 26734
3110979 639119 600 50326
3110980 639119 600 451
3110992 106513 600 40
3110993 106513 600 1781
3110994 106513 600 3
3111002 639124 600 451
3111003 639124 600 40
3111004 639124 600 44622
3111005 639125 600 451
3111006 639125 600 44622
3111007 639125 600 15284
3111011 639128 600 10270
3111012 330499 600 1530
3111013 330499 600 4657
3111020 362551 600 46367
3111021 639130 600 5434
3111022 639130 600 83820
3111023 639130 600 5360
3111025 639132 600 69835
3111026 639132 600 254
3111027 639132 600 78886
3111028 639132 600 163794
3111029 639132 600 451
3111039 628767 600 2649
3111040 628768 600 2649
3111046 13125 600 2486
3111047 13125 600 457
3111048 13125 600 1323
3111049 13125 600 85260
3111061 330421 600 771
3111062 330421 600 146
3111063 330421 600 3
3111064 330421 600 45022
3111067 23468 600 458
3111068 23468 600 276
3111069 23468 600 568
3111070 23468 600 318
3111071 23468 600 8017
3111072 23468 600 101651
3111073 639137 600 1239
3111074 639137 600 1367
3111075 639137 600 1125
3111076 639137 600 291
3111077 463631 600 57532
3111078 463631 600 576
3111079 463631 600 84
3111080 463631 600 2161
3111081 463631 600 391
3111086 639138 600 40
3111087 639138 600 60777
3111088 639138 600 26917
3111089 639138 600 1046
3111093 197810 600 161963
3111094 639139 600 10270
3111095 639139 600 2486
3111096 639139 600 163796
3111100 639142 600 4504
3111101 639142 600 16451
3111102 55385 600 50326
3111103 55385 600 20262
3111104 55385 600 1267
3111105 55385 600 451
3111107 639144 600 16451
3111108 639144 600 29245
3111109 639144 600 81580
3111110 639144 600 163797
3111111 73544 600 895
3111112 73544 600 1726
3111113 73544 600 342
3111127 639146 600 20952
3111128 639146 600 451
3111129 639146 600 163800
3111130 639147 600 20952
3111131 639147 600 163801
3111132 639147 600 4582
3111133 639147 600 163802
3111138 639148 600 40
3111139 639148 600 18904
3111140 639148 600 4231
3111141 639150 600 82898
3111142 639150 600 4073
3111149 639152 600 895
3111150 639152 600 5056
3111151 639152 600 6302
3111152 639153 600 49034
3111153 639153 600 49033
3111154 639153 600 1647
3111155 639154 600 451
3111156 639154 600 50326
3111157 639154 600 79
3111158 639154 600 254
3111161 639156 600 4323
3111162 639156 600 4651
3111167 639158 600 451
3111168 639158 600 895
3111169 639158 600 4582
3111183 639162 600 4272
3111184 639162 600 16019
3111185 639162 600 26132
3111186 639163 600 451
3111187 639163 600 1867
3111188 639163 600 2073
3111189 639163 600 4582
3111191 639165 600 24739
3111192 639165 600 799
3111193 639165 600 163808
3111196 639167 600 44895
3111197 639167 600 2364
3111198 639167 600 5040
3111199 639167 600 43501
3111200 639167 600 4272
3111201 639167 600 163810
3111202 639167 600 4618
3111203 639168 600 2594
3111211 639171 600 318
3111212 639171 600 3752
3111213 639171 600 895
3111214 639172 600 29316
3111215 639172 600 38155
3111216 639172 600 69368
3111217 639173 600 1157
3111218 639173 600 94861
3111219 496650 600 451
3111220 496650 600 4772
3111221 496650 600 537
3111222 496650 600 17661
3111223 639174 600 451
3111224 639174 600 41624
3111231 470205 600 69444
3111232 470205 600 11826
3111235 639176 600 451
3111236 639176 600 39114
3111237 639176 600 49781
3111238 639177 600 50326
3111239 639177 600 163812
3111240 639177 600 15722
3111241 79416 600 40
3111242 79416 600 50326
3111246 430342 600 451
3111247 430342 600 11570
3111248 430342 600 4575
3111249 430342 600 47124
3111250 430342 600 50326
3111251 75867 600 1191
3111252 75867 600 38155
3111253 75867 600 451
3111259 639178 600 43506
3111260 639178 600 42385
3111261 639178 600 1628
3111262 639178 600 89060
3111263 639178 600 311
3111269 639181 600 7599
3111270 639181 600 4582
3111271 639182 600 1367
3111272 639182 600 4582
3111273 639183 600 40
3111274 639183 600 451
3111275 639183 600 163813
3111276 639184 600 3050
3111277 639184 600 4582
3111278 639184 600 4627
3111279 639184 600 451
3111280 639185 600 50326
3111281 639185 600 4582
3111282 639185 600 18374
3111283 639185 600 26734
3111289 639187 600 895
3111290 639187 600 451
3111302 639191 600 10270
3111303 639191 600 507
3111304 639191 600 523
3111305 639191 600 3561
3111306 639192 600 1896
3111307 639192 600 7372
3111308 639192 600 43589
3111309 639193 600 458
3111310 639193 600 10270
3111313 639195 600 10270
3111314 639195 600 138
3111323 639198 600 5498
3111324 639198 600 1239
3111325 639198 600 163814
3111326 639198 600 163815
3111327 639199 600 10270
3111328 639199 600 44692
3111329 639199 600 4484
3111330 639199 600 1715
3111331 639200 600 291
3111332 639200 600 10270
3111333 639200 600 9368
3111334 639201 600 48964
3111335 639201 600 10270
3111336 639202 600 107071
3111337 639202 600 458
3111338 639202 600 10270
3111339 639203 600 163816
3111340 639203 600 458
3111341 639203 600 4154
