3127310 3780 602 1727
3127311 3780 602 1577
3127317 97146 602 894
3127322 421303 602 6809
3127323 114731 602 1257
3127324 114731 602 16767
3127325 114731 602 1808
3127326 427677 602 1171
3127327 427677 602 2649
3127328 427677 602 557
3127329 427677 602 1896
3127331 642009 602 8293
3127332 642009 602 1303
3127333 642009 602 1727
3127334 579782 602 1932
3127335 579782 602 1303
3127336 579782 602 164008
3127351 106366 602 4816
3127352 3931 602 138
3127357 132263 602 1722
3127358 132263 602 1723
3127359 132263 602 1235
3127360 132263 602 27282
3127361 11719 602 2100
3127362 11719 602 798
3127363 11719 602 78762
3127366 11870 602 730
3127367 11870 602 2992
3127374 642016 602 6
3127375 642016 602 18047
3127376 642016 602 3367
3127377 642017 602 24542
3127378 642017 602 877
3127380 642018 602 5523
3127381 642018 602 638
3127388 642019 602 6330
3127392 642020 602 1722
3127393 642020 602 1191
3127394 406195 602 21
3127395 406195 602 1257
3127396 406195 602 1808
3127399 150299 602 1031
3127400 150299 602 2890
3127401 642021 602 362
3127402 642021 602 164008
3127406 435577 602 138
3127407 435577 602 286
3127408 435577 602 58130
3127410 56821 602 20
3127411 56821 602 638
3127412 56821 602 90
3127413 642023 602 16767
3127414 642023 602 5463
3127418 525994 602 138
3127419 525994 602 164008
3127420 525994 602 108
3127421 384760 602 164008
3127422 384760 602 961
3127423 384760 602 2817
3127424 642024 602 996
3127425 642024 602 2508
3127426 36493 602 563
3127427 36493 602 365
3127428 36493 602 164011
3127432 642025 602 164012
3127433 642025 602 587
3127436 317360 602 730
3127437 317360 602 894
3127438 317360 602 19516
3127449 420845 602 6114
3127450 157003 602 188
3127451 157003 602 935
3127452 157003 602 138
3127453 110758 602 46
3127454 110758 602 5120
3127461 35648 602 138
3127462 35648 602 961
3127469 428694 602 1722
3127470 428694 602 1191
3127471 642033 602 67331
3127472 642033 602 60634
3127476 2147 602 935
3127477 2147 602 30
3127478 2147 602 138
3127479 559515 602 20858
3127480 559515 602 996
3127482 1948493 602 17286
3127483 123939 602 20858
3127490 67650 602 40
3127491 67650 602 81
3127492 67650 602 3240
3127493 194257 602 159104
3127494 194257 602 4715
3127497 607402 602 1123
3127498 607402 602 1707
3127499 620463 602 58130
3127500 620463 602 996
3127504 429097 602 20858
3127505 429097 602 15518
3127509 642039 602 1723
3127510 642039 602 82642
3127511 642039 602 500
3127512 642039 602 1722
3127513 330889 602 1174
3127514 330889 602 2922
3127515 620418 602 1125
3127516 620418 602 6
3127517 620418 602 3046
3127522 642041 602 138
3127523 642041 602 3394
3127524 642041 602 139042
3127525 642041 602 894
3127528 642043 602 20858
3127529 67922 602 1031
3127530 67922 602 2890
3127531 298020 602 20858
3127532 527012 602 138
3127533 527012 602 46
3127534 527012 602 4653
3127535 545797 602 1239
3127536 545797 602 1191
3127537 545797 602 3087
3127538 642044 602 221
3127539 642044 602 359
3127544 1948495 602 164015
3127545 1948495 602 38180
3127546 1948495 602 164008
3127547 641322 602 16382
3127556 642048 602 9333
3127557 642048 602 20858
3127558 642048 602 101292
3127559 642048 602 1560
3127561 464350 602 1191
3127562 464350 602 1723
3127563 464350 602 15086
3127566 478725 602 17965
3127567 478725 602 1303
3127568 73294 602 40
3127569 73294 602 5126
3127570 24238 602 6
3127571 24238 602 1367
3127572 24238 602 5217
3127573 642049 602 503
3127574 642049 602 912
3127575 642049 602 92059
3127577 291934 602 20858
3127578 291934 602 125
3127579 291934 602 164008
3127580 620700 602 1453
3127590 70521 602 996
3127591 70521 602 2508
3127592 70521 602 1722
3127601 116644 602 587
3127611 642057 602 20858
3127615 438731 602 758
3127616 438731 602 10189
3127617 438731 602 507
3127618 438731 602 1154
3127629 436469 602 11167
3127630 436469 602 1031
3127631 436469 602 2890
3127632 642060 602 20858
3127633 642061 602 507
3127634 642061 602 31704
3127635 642061 602 29459
3127643 642063 602 6330
3127644 397590 602 4715
3127645 397590 602 4713
3127650 469555 602 1031
3127651 469555 602 2890
3127652 469555 602 563
3127653 469555 602 61585
3127654 171099 602 1819
3127655 171099 602 1779
3127656 171099 602 6134
3127657 470141 602 29509
3127658 470141 602 40903
3127659 642066 602 2990
3127660 479492 602 4715
3127661 479492 602 4469
3127662 479492 602 159104
3127665 55526 602 21
3127666 55526 602 2647
3127667 55526 602 5217
3127672 38824 602 4445
3127673 38824 602 507
3127674 38824 602 2513
3127675 65229 602 164008
3127676 475783 602 40
3127680 642068 602 24623
3127681 642068 602 159104
3127682 642068 602 3816
3127683 642069 602 38998
3127684 642069 602 4469
3127687 113123 602 668
3127688 113123 602 188
3127689 113123 602 286
3127690 113123 602 46
3127692 116168 602 2647
3127693 116168 602 1890
3127701 256310 602 587
3127711 426068 602 5508
3127712 579204 602 29
3127713 579204 602 4506
3127717 53940 602 188
3127718 53940 602 108
3127719 53940 602 58130
3127720 80214 602 413
3127721 80214 602 412
3127722 80214 602 15518
3127723 358022 602 996
3127724 358022 602 29227
3127725 358022 602 2338
3127728 552985 602 1303
3127729 552985 602 637
3127730 552985 602 38278
3127731 241685 602 359
3127732 241685 602 221
3127737 642074 602 103715
3127738 642075 602 1191
3127739 642075 602 83114
3127740 642075 602 17285
3127741 511135 602 20858
3127742 511135 602 620
3127748 183225 602 1669
3127749 183225 602 4430
3127750 329484 602 1231
3127751 329484 602 637
3127753 642078 602 6330
3127754 642079 602 6330
3127759 642080 602 105931
3127760 642080 602 1869
3127761 642080 602 1175
3127762 17537 602 164008
3127763 108514 602 1041
3127764 108514 602 13900
3127765 287101 602 996
3127766 287101 602 1722
3127767 287101 602 1769
3127768 287101 602 1723
3127769 146575 602 1235
3127770 642081 602 20858
3127771 642081 602 91844
3127772 642081 602 69214
3127773 642081 602 51264
3127777 38829 602 4371
3127778 38829 602 6192
3127788 80324 602 138
3127789 80324 602 941
3127790 436961 602 138
3127799 642085 602 73886
3127800 642085 602 996
3127801 642085 602 33424
3127812 642088 602 31147
3127813 642088 602 1191
3127818 642090 602 6824
3127819 642090 602 1191
3127820 642090 602 413
3127825 642092 602 1453
3127832 642094 602 20559
3127833 642094 602 2520
3127834 642095 602 20559
3127835 642095 602 2520
3127836 642095 602 8269
3127843 642097 602 4532
3127844 195716 602 996
3127845 195716 602 20858
3127846 195716 602 164022
