3293415 649741 606 168890
3293416 649741 606 1775
3293417 649742 606 941
3293418 649743 606 719
3293419 649743 606 2629
3293421 15065 606 79
3293422 649745 606 4767
3293423 649746 606 19093
3293424 649746 606 59831
3293425 649746 606 1690
3293426 649746 606 302
3293427 649746 606 72526
3293428 649746 606 17439
3293431 649748 606 388
3293432 649748 606 4802
3293433 649748 606 17439
3293434 367820 606 992
3293435 367820 606 29
3293436 367820 606 139
3293437 610769 606 138
3293438 610769 606 8296
3293439 610769 606 72547
3293440 649749 606 1191
3293441 649749 606 1722
3293442 649749 606 1723
3293448 649752 606 1690
3293449 649752 606 1115
3293453 3842 606 138
3293454 649753 606 254
3293455 649753 606 138
3293456 649753 606 139
3293457 7755 606 29
3293458 289305 606 2376
3293459 289305 606 2990
3293460 8930 606 138
3293461 282680 606 1133
3293462 282680 606 156
3293463 282680 606 10
3293466 649755 606 719
3293470 649759 606 29
3293476 649760 606 5453
3293477 649761 606 29
3293478 649761 606 4767
3293479 649762 606 254
3293480 649762 606 44733
3293482 649764 606 11
3293483 649764 606 16447
3293485 279494 606 61788
3293486 279494 606 156
3293487 279494 606 72547
3293488 466273 606 10296
3293489 466273 606 74862
3293490 466273 606 527
3293491 171167 606 4277
3293492 171167 606 1775
3293493 171167 606 4276
3293494 171167 606 17439
3293495 364974 606 388
3293496 364974 606 734
3293497 649766 606 168892
3293498 649766 606 2990
3293499 649767 606 29743
3293500 649767 606 1191
3293501 649767 606 4657
3293502 649767 606 48946
3293505 649768 606 2443
3293506 649768 606 5842
3293507 649769 606 1053
3293508 649769 606 1690
3293509 649770 606 1979
3293510 649770 606 1565
3293511 243270 606 51027
3293512 243270 606 51023
3293513 243270 606 4256
3293514 243270 606 854
3293515 649771 606 719
3293516 649771 606 882
3293517 649771 606 4582
3293518 649772 606 4582
3293519 649772 606 941
3293520 342271 606 20346
3293521 342271 606 79
3293522 342271 606 139
3293523 342271 606 1808
3293524 649773 606 1057
3293525 649773 606 846
3293526 649774 606 391
3293527 649774 606 2990
3293528 649774 606 225
3293529 649774 606 52657
3293530 490908 606 17439
3293531 490908 606 254
3293532 490908 606 2587
3293538 649776 606 719
3293539 649776 606 4582
3293540 649776 606 882
3293541 18562 606 2100
3293542 18562 606 276
3293543 18562 606 318
3293544 306588 606 17439
3293545 306588 606 4
3293546 306588 606 321
3293547 171323 606 59831
3293548 171323 606 1690
3293549 171323 606 6
3293550 649777 606 4767
3293554 649779 606 17439
3293555 649779 606 49427
3293556 649779 606 342
3293557 649779 606 254
3293573 65499 606 72547
3293574 65499 606 2613
3293575 65499 606 342
3293576 65499 606 15412
3293577 11601 606 996
3293578 11601 606 9314
3293579 11601 606 4137
3293580 11601 606 638
3293581 639013 606 362
3293582 639013 606 160705
3293583 639013 606 2990
3293595 147944 606 941
3293596 147944 606 29
3293597 147944 606 17439
3293598 649786 606 29
3293599 649786 606 4469
3293600 649786 606 168895
3293602 649787 606 29
3293603 649787 606 49643
3293604 649788 606 20461
3293605 649788 606 29
3293606 649788 606 1958
3293607 649789 606 8489
3293608 649789 606 168896
3293610 296504 606 72391
3293611 296504 606 507
3293612 296504 606 73065
3293613 296504 606 17439
3293614 171607 606 2100
3293615 171607 606 388
3293616 171607 606 2138
3293617 171607 606 4082
3293624 649792 606 2100
3293625 649792 606 7562
3293626 171616 606 2100
3293627 171616 606 104
3293628 406069 606 138
3293629 406069 606 2100
3293630 406069 606 44
3293631 406069 606 2892
3293632 649793 606 2100
3293633 649793 606 225
3293634 649793 606 4244
3293635 649793 606 4245
3293636 649794 606 21
3293637 649794 606 2486
3293638 649794 606 65814
3293642 649797 606 719
3293643 649797 606 1690
3293645 649798 606 72547
3293648 649800 606 301
3293649 649800 606 4432
3293650 649800 606 7562
3293653 649802 606 168898
3293654 649803 606 2990
3293661 649806 606 72547
3293662 649806 606 168892
3293663 649806 606 1775
3293664 649806 606 1565
3293667 649808 606 41742
3293668 649808 606 1157
3293669 649808 606 24777
3293670 649808 606 4582
3293671 649809 606 1565
3293672 649809 606 79072
3293673 649809 606 5592
3293674 649810 606 72547
3293675 649810 606 79072
3293677 649812 606 1690
3293682 649815 606 5269
3293683 649815 606 1775
3293684 649815 606 17439
3293685 649815 606 992
3293686 649815 606 10185
3293696 372612 606 391
3293697 649818 606 254
3293702 256587 606 20262
3293703 256587 606 17439
3293713 196250 606 4332
3293716 649826 606 992
3293717 649826 606 1122
3293718 649827 606 3394
3293719 649827 606 4417
3293720 649828 606 254
3293721 649828 606 138
3293726 649831 606 72526
3293727 649831 606 17439
3293728 649831 606 302
3293729 649831 606 305
3293730 110690 606 139
3293731 110690 606 138
3293732 110690 606 72547
3293733 649832 606 846
3293734 649832 606 44733
3293737 649835 606 941
3293745 383650 606 168901
3293746 383650 606 6171
3293747 383650 606 276
3293748 383650 606 507
3293754 649841 606 29841
3293755 649841 606 77
3293764 649844 606 29
3293765 649845 606 4767
3293766 649846 606 941
3293767 649846 606 2520
3293768 649846 606 5453
3293769 649847 606 941
3293770 649847 606 4594
3293771 649847 606 168904
3293781 649849 606 1819
3293785 644764 606 139
3293789 649852 606 4767
3293791 649853 606 4608
3293792 649853 606 24902
3293793 649853 606 2770
3293794 649853 606 391
3293795 649853 606 52657
3293803 649856 606 1191
3293804 649856 606 4657
3293805 649856 606 72547
3293806 649856 606 86140
3293807 262726 606 2964
3293808 262726 606 1902
3293809 262726 606 17439
3293818 513467 606 20262
3293819 513467 606 17439
3293820 243573 606 4767
3293821 649859 606 21565
3293822 649859 606 41224
3293823 649859 606 168905
3293824 649859 606 168906
3293825 649859 606 719
3293828 649860 606 4366
3293829 649860 606 138
3293830 132413 606 17725
3293831 535619 606 3341
3293832 535619 606 20321
3293833 535619 606 507
3293834 649861 606 29576
3293835 649861 606 1745
3293836 649861 606 29
3293837 649862 606 72547
3293838 649862 606 391
3293839 649862 606 225
3293857 77586 606 17439
3293858 649867 606 151820
3293859 649868 606 79
3293860 649868 606 139
3293861 649868 606 17439
3293862 649870 606 4277
3293863 649871 606 40
3293864 649871 606 17439
3293867 649872 606 276
3293868 649872 606 466
3293869 2969 606 139
3293870 2969 606 188
3293871 2969 606 4333
3293872 2969 606 286
3293873 2969 606 72547
3293888 649878 606 156
3293889 649878 606 21
3293890 649879 606 138
3293891 649879 606 17439
3293896 649882 606 996
3293897 649882 606 23978
3293898 649882 606 17439
3293899 649882 606 4079
3293900 649883 606 1410
3293901 649883 606 3367
3293902 649883 606 1057
3293906 649885 606 10298
3293907 649885 606 3200
3293914 343361 606 1431
3293915 343361 606 6375
3293916 343361 606 138
3293917 649886 606 391
3293918 649886 606 254
3293919 649886 606 1999
3293920 649886 606 3
3293930 649888 606 4683
3293931 649888 606 165068
3293932 649888 606 4608
3293933 28135 606 70
3293934 649889 606 334
3293935 649889 606 2964
3293936 173314 606 6171
3293937 173314 606 276
3293938 173314 606 4332
3293939 250387 606 1565
3293942 173329 606 391
3293943 649891 606 4608
3293944 649891 606 254
3293945 649891 606 17439
3293946 371954 606 992
3293947 371954 606 29576
3293948 371954 606 139
3293961 649895 606 72628
3293962 649895 606 1775
3293963 649895 606 17439
3293964 95610 606 362
3293965 649896 606 362
3293966 649896 606 388
3293967 274272 606 44733
3293976 649899 606 156
3293977 649899 606 168898
3293981 649901 606 4677
3293982 649901 606 3640
3293983 649901 606 1257
3293984 649901 606 2637
3293985 649901 606 103837
3293987 365389 606 79
3293988 365389 606 139
3293989 44987 606 388
3293990 44987 606 17439
3293991 12519 606 388
3293992 12519 606 4332
3293993 639859 606 2990
3294005 649904 606 4683
3294006 649904 606 4608
3294010 166155 606 79
3294011 166155 606 264
3294012 166155 606 20262
3294015 258992 606 342
3294016 258992 606 17439
3294017 258992 606 1775
3294018 258992 606 2613
3294019 258992 606 4201
3294031 649910 606 139
3294032 649910 606 4061
3294033 649910 606 11
3294034 649911 606 259
3294035 649911 606 286
3294036 649912 606 2460
3294037 649912 606 2462
3294038 649913 606 276
3294039 649913 606 1057
3294040 649913 606 4360
3294041 649914 606 941
3294042 649914 606 111605
3294043 649914 606 65446
3294044 649914 606 46384
3294045 649915 606 29
3294046 12619 606 331
3294047 12619 606 11
3294053 649918 606 734
3294054 649918 606 1057
3294055 649918 606 41654
3294056 649918 606 846
3294057 649919 606 59831
3294058 649919 606 1690
3294059 173735 606 1049
3294060 173735 606 2486
3294061 173735 606 3367
3294062 173735 606 2177
3294063 173735 606 79
3294064 173735 606 139
3294065 173737 606 1053
3294066 173737 606 1690
3294067 649920 606 21
3294068 649920 606 342
3294069 649920 606 49583
3294070 649920 606 4256
3294073 395007 606 11
3294074 395007 606 139
3294075 395007 606 13005
3294076 649922 606 72547
3294077 649923 606 139
3294078 649923 606 734
3294081 649924 606 1565
3294082 649925 606 362
3294097 649928 606 240
3294098 649928 606 139
3294099 649928 606 635
3294106 649931 606 27535
3294107 649931 606 2464
3294108 649931 606 264
3294109 649931 606 4262
3294110 649931 606 3640
3294111 649932 606 138
3294112 649932 606 17439
3294113 66501 606 65814
3294114 66501 606 1115
3294115 66501 606 285
3294116 66501 606 894
3294117 66501 606 104
3294118 66501 606 638
3294121 649934 606 941
3294122 649934 606 306
3294123 649934 606 5471
3294124 649934 606 72547
3294125 28159 606 29
3294126 28159 606 5197
3294127 28159 606 5340
3294140 649937 606 24902
3294141 649937 606 6171
3294142 649937 606 164
3294143 649937 606 17439
3294144 267873 606 391
3294145 267873 606 2709
3294146 267873 606 3640
3294147 649938 606 4417
3294148 649938 606 254
3294149 649938 606 168912
3294150 649938 606 19852
3294151 649939 606 941
3294152 649939 606 29
3294153 649939 606 507
3294154 649939 606 72547
3294155 336651 606 5753
3294156 336651 606 557
3294157 649940 606 168913
3294158 649940 606 4247
3294168 649943 606 39321
3294169 649943 606 139
3294170 649943 606 1299
3294171 649943 606 72547
3294173 256784 606 20262
3294174 649945 606 254
3294175 649946 606 1565
3294178 649948 606 72547
3294179 649948 606 2770
3294180 649948 606 4384
3294181 649948 606 302
3294186 649951 606 139
3294187 649951 606 992
3294188 649951 606 3394
3294189 649951 606 221
3294190 555100 606 388
3294191 555100 606 458
3294192 555100 606 72547
3294193 649952 606 276
3294194 649952 606 1999
3294195 649952 606 318
3294196 158881 606 11
3294197 158881 606 139
3294198 158881 606 16067
3294199 158881 606 700
3294200 158881 606 466
3294201 158881 606 4754
3294202 197120 606 138
3294203 197120 606 139
3294204 288212 606 992
3294205 288212 606 76591
3294206 264627 606 108174
3294207 264627 606 80526
3294208 264627 606 1056
3294209 264627 606 139
3294210 649953 606 80526
3294211 649953 606 342
3294212 649953 606 2613
3294217 649955 606 334
3294218 649955 606 17439
3294225 90793 606 29337
3294226 90793 606 72547
3294227 649957 606 4610
3294228 428402 606 254
3294236 649959 606 17176
3294242 649960 606 45551
3294243 649960 606 3835
3294244 649961 606 846
3294245 649961 606 2177
3294246 649961 606 16067
3294247 649962 606 15328
3294248 649962 606 254
3294249 649962 606 8532
3294262 649967 606 3060
3294263 649967 606 72547
3294269 649970 606 156
3294270 649970 606 68492
3294271 649971 606 254
3294277 649974 606 54907
3294278 649974 606 3660
3294279 649974 606 2376
3294280 649974 606 374
3294281 649974 606 168914
3294282 649974 606 32120
3294288 649977 606 139
3294289 649977 606 138
3294293 13306 606 139
3294294 13306 606 16067
3294295 13306 606 730
3294296 13306 606 859
3294303 197352 606 318
3294304 649980 606 44733
3294312 649985 606 1999
3294313 649985 606 1057
3294314 649986 606 24902
3294315 649986 606 5603
3294316 649987 606 5603
3294317 649987 606 24902
3294320 31989 606 139
3294326 649992 606 72547
3294327 649992 606 49164
3294328 649993 606 17439
3294329 649993 606 254
3294330 649993 606 2587
3294331 649993 606 3
3294332 649994 606 16025
3294333 649994 606 168915
3294334 649995 606 1191
3294335 649995 606 29743
3294336 649995 606 4657
3294337 649996 606 20606
3294338 649996 606 72547
3294339 443478 606 2990
3294340 443478 606 4332
3294341 78563 606 1565
3294342 78563 606 6
3294343 78563 606 4272
3294344 78563 606 1367
3294345 78563 606 27397
3294346 649997 606 1565
3294349 649998 606 941
3294350 649998 606 1049
3294351 649998 606 55195
3294362 650002 606 156
3294363 650002 606 168898
3294364 650003 606 1053
3294365 650003 606 1690
3294366 650004 606 1057
3294367 650004 606 846
3294370 650006 606 2161
3294371 650006 606 1414
3294372 650006 606 4483
3294373 650007 606 2709
3294376 200134 606 138
3294377 650010 606 1999
3294378 650010 606 342
3294379 650010 606 4502
3294385 151698 606 79
3294391 650014 606 1701
3294392 650014 606 1896
3294393 650014 606 168916
3294394 650016 606 2990
3294395 650016 606 4651
3294396 650016 606 92026
3294397 650016 606 342
3294398 650016 606 1999
3294399 88052 606 3394
3294400 88052 606 24902
3294401 650017 606 1057
3294402 650017 606 24902
3294403 650017 606 4608
3294407 365711 606 20262
3294408 365711 606 139
3294409 650019 606 1565
3294410 650019 606 2795
3294411 67057 606 388
3294412 67057 606 4061
3294419 650022 606 2486
3294420 650022 606 286
3294421 250572 606 168
3294422 442140 606 276
3294423 442140 606 188
3294424 442140 606 72547
3294425 650023 606 72547
3294426 650023 606 719
3294427 650024 606 719
3294428 650024 606 49537
3294429 650024 606 168917
3294433 650026 606 391
3294434 650026 606 359
3294435 650026 606 168918
3294436 284034 606 391
3294437 284034 606 3640
3294438 284034 606 2709
3294439 284034 606 458
3294440 284034 606 917
3294441 284034 606 1367
3294442 284034 606 156
3294445 650028 606 45551
3294446 650028 606 3835
3294447 650028 606 21
3294448 650029 606 992
3294449 650029 606 17439
3294450 650030 606 941
3294451 650030 606 254
3294452 650031 606 2964
3294453 650031 606 1902
3294454 650031 606 1591
3294461 650034 606 72547
3294462 650035 606 2990
3294463 650036 606 254
3294464 650036 606 20262
3294478 650041 606 29
3294479 650041 606 4306
3294480 650041 606 168919
3294484 650043 606 941
3294487 650044 606 48943
3294488 650044 606 1565
3294489 650044 606 719
3294494 301839 606 20262
3294495 301839 606 4332
3294496 650046 606 2990
3294497 650046 606 1999
3294498 650046 606 342
3294499 650046 606 225
3294500 650046 606 4131
3294510 650049 606 120330
3294511 650049 606 719
3294520 271953 606 21
3294521 271953 606 138
3294522 271953 606 168921
3294525 650053 606 4272
3294526 650053 606 16019
3294527 650054 606 139
3294528 650054 606 6334
3294529 650054 606 894
3294530 650054 606 12030
3294531 650054 606 2602
3294532 650055 606 138
3294533 650055 606 869
3294536 650057 606 2613
3294537 650057 606 1701
3294538 650058 606 2247
3294539 650058 606 4424
3294540 650058 606 302
3294541 650058 606 146
3294542 650059 606 5453
3294543 650060 606 1690
3294544 650060 606 73557
3294545 650060 606 168922
3294546 650060 606 72924
3294547 650060 606 72547
3294548 650061 606 2770
3294549 650061 606 39346
3294550 320675 606 59831
3294551 320675 606 1690
3294552 650062 606 254
3294556 650064 606 1690
3294557 650065 606 285
3294558 650065 606 5069
3294559 650065 606 4908
3294560 650066 606 1889
3294561 650066 606 1565
3294562 650067 606 1889
3294563 650067 606 1565
3294570 650070 606 254
3294571 650070 606 362
3294572 263217 606 2247
3294577 650074 606 941
3294578 650074 606 72547
3294579 650075 606 276
3294583 650078 606 1690
3294584 650078 606 342
3294585 650078 606 1999
3294586 77804 606 734
3294587 77804 606 388
3294588 650079 606 458
3294589 650079 606 276
3294590 650079 606 19489
3294595 650081 606 557
3294598 650083 606 5483
3294599 650083 606 4683
3294600 650083 606 1775
3294601 650083 606 139
3294602 650083 606 305
3294603 178028 606 2331
3294604 650084 606 4609
3294605 650084 606 3060
3294606 650084 606 4276
3294607 650084 606 1118
3294609 650086 606 643
3294610 650086 606 873
3294611 650086 606 139
3294612 650086 606 286
3294613 51385 606 6
3294614 51385 606 44733
3294619 650089 606 72547
3294620 650089 606 29
3294621 650089 606 2486
3294622 650089 606 286
3294625 650091 606 163806
3294626 650091 606 1775
3294627 650091 606 40
3294628 67443 606 79
3294629 67443 606 139
3294630 363489 606 17439
3294649 650095 606 941
3294650 650095 606 111605
3294651 650096 606 1191
3294652 650096 606 93737
3294653 650097 606 79
3294654 650097 606 264
3294655 650097 606 139
3294656 650097 606 4683
3294663 650099 606 2990
3294664 650099 606 160298
3294665 650099 606 25884
3294666 650100 606 276
3294667 650100 606 1999
3294668 650101 606 72547
3294669 650101 606 276
3294670 650101 606 24902
3294671 650101 606 668
3294672 650101 606 318
3294673 650102 606 276
3294674 650102 606 698
3294675 650102 606 17439
3294676 650103 606 276
3294677 650103 606 4181
3294678 2147 606 286
3294679 2147 606 10793
3294680 2147 606 276
3294681 2147 606 2486
3294685 650105 606 276
3294686 650105 606 606
3294687 650105 606 19777
3294688 650105 606 1819
3294689 650106 606 917
3294690 650106 606 276
3294691 650106 606 4433
3294696 650107 606 276
3294697 650107 606 4582
3294698 650107 606 5055
3294699 650107 606 8409
3294700 650107 606 22009
3294701 650108 606 276
3294702 650108 606 15329
3294703 650108 606 1564
3294704 650108 606 168923
3294705 365945 606 254
3294706 365945 606 318
3294710 126835 606 276
3294711 126835 606 307
3294712 650110 606 139
3294713 650110 606 276
3294714 650110 606 240
3294718 650112 606 276
3294721 650115 606 276
3294722 650115 606 24101
3294723 650115 606 4061
3294724 650115 606 388
3294725 650116 606 24902
3294726 650116 606 276
3294727 1379 606 668
3294728 1379 606 276
3294729 1379 606 139
3294730 650117 606 2990
3294731 650117 606 276
3294740 650121 606 168925
3294741 650121 606 168926
3294742 650121 606 29
3294743 650121 606 58786
3294748 112855 606 139
3294749 112855 606 7562
3294750 650122 606 16746
3294751 650122 606 79
3294752 650122 606 139
3294753 263668 606 51093
3294754 263668 606 4738
3294755 263668 606 4722
3294756 650123 606 5786
3294757 650123 606 29
3294758 650123 606 6
3294763 650125 606 168927
3294764 650125 606 3130
3294765 650125 606 276
3294766 275256 606 1565
3294767 650126 606 139
3294769 366017 606 139
3294774 85239 606 507
3294775 85239 606 139
3294776 85239 606 4216
3294778 205748 606 20262
3294779 205748 606 47654
3294780 205748 606 139
3294781 650127 606 21
3294783 650129 606 719
3294784 650129 606 1690
3294787 650131 606 846
3294788 650131 606 44733
3294792 650132 606 4582
3294793 650132 606 24902
3294794 650132 606 16067
3294795 650132 606 254
3294796 650133 606 29
3294797 650133 606 72547
3294800 650135 606 254
3294801 650135 606 7095
3294804 485664 606 941
3294806 650137 606 138
3294807 650138 606 4469
3294808 650138 606 4715
3294809 169542 606 72547
3294810 169542 606 2776
3294811 169542 606 719
3294812 650139 606 68492
3294813 650139 606 156
3294822 650143 606 168909
3294823 650143 606 4651
3294836 506923 606 276
3294837 506923 606 318
3294838 506923 606 254
3294839 506923 606 2587
3294840 506923 606 78384
3294841 650145 606 254
3294847 650147 606 254
3294848 650147 606 1257
3294849 650148 606 40
3294850 650148 606 4550
3294851 650148 606 1628
3294854 650149 606 2100
3294855 650149 606 4082
3294856 650149 606 110052
3294857 650150 606 276
3294858 650150 606 507
3294859 330913 606 734
3294860 330913 606 168929
3294861 650151 606 4272
3294862 650151 606 1565
3294867 265379 606 2576
3294868 265379 606 139
3294869 265379 606 240
3294870 650152 606 25726
3294871 650152 606 1231
3294872 650152 606 159701
3294873 650152 606 84951
3294876 11959 606 16067
3294877 11959 606 139
3294881 650154 606 4469
3294882 650154 606 78866
3294883 650154 606 50069
3294894 650159 606 60266
3294895 650159 606 86141
3294896 650159 606 110248
3294897 650159 606 159704
3294899 19496 606 4277
3294900 19496 606 1233
3294901 19496 606 941
3294902 19496 606 1704
3294906 650162 606 1191
3294907 650162 606 1723
3294908 650162 606 164130
3294909 650162 606 168930
3294910 650163 606 992
3294911 650163 606 276
3294912 650163 606 1057
3294913 650163 606 3394
3294914 650164 606 276
3294915 650164 606 1057
3294916 650164 606 2161
3294923 650167 606 72547
3294924 467675 606 507
3294925 467675 606 1565
3294926 467675 606 557
3294928 650168 606 17439
3294931 650169 606 388
3294932 650169 606 5930
3294936 650172 606 19093
3294937 650172 606 5418
3294938 650172 606 557
3294943 366172 606 2990
3294944 650174 606 719
3294945 650174 606 88721
3294950 366183 606 2990
3294951 366183 606 17176
3294959 650177 606 302
3294960 650177 606 139
3294972 650182 606 138
3294973 650182 606 2990
3294974 650182 606 139
3294975 650183 606 734
3294976 650183 606 139
3294977 650183 606 4056
3294978 650184 606 1999
3294979 650184 606 276
3294980 9279 606 1133
3294981 9279 606 139
3294982 650185 606 67537
3294983 650185 606 1690
3294984 650185 606 139
3294985 650186 606 276
3294986 650186 606 2486
3294987 650186 606 80526
3294988 650186 606 168931
3294989 650186 606 5483
3294990 650186 606 168
3294991 650186 606 76
3294995 650188 606 276
3294996 650188 606 17439
3294997 650189 606 1049
3294998 650189 606 139
3294999 650189 606 4332
3295000 172066 606 941
3295004 411593 606 72547
3295005 411593 606 4608
3295006 411593 606 4738
3295012 16265 606 992
3295013 16265 606 1057
3295014 16265 606 3394
3295015 16265 606 1367
3295026 650195 606 1565
3295027 650195 606 156
3295028 650195 606 5757
3295034 650198 606 1233
3295035 650198 606 1565
3295043 650200 606 941
3295047 442685 606 254
3295048 442685 606 4247
3295049 442685 606 451
3295061 650204 606 76684
3295062 650204 606 996
3295063 201343 606 79
3295064 363613 606 29
3295065 298051 606 17176
3295066 298051 606 16067
3295067 298051 606 139
3295068 298051 606 4332
3295069 650205 606 16067
3295070 650205 606 139
3295071 650205 606 4332
3295072 650206 606 1565
3295073 650206 606 425
3295082 241657 606 20321
3295083 241657 606 507
3295084 241657 606 536
3295085 241657 606 72547
3295086 38321 606 139
3295087 38321 606 6259
3295088 38321 606 4308
3295089 38321 606 79
3295092 650211 606 276
3295093 650211 606 2100
3295094 650211 606 16447
3295095 650211 606 2486
3295096 650211 606 139
3295097 650212 606 138
3295098 650212 606 1172
3295099 650212 606 139
3295100 650213 606 138
3295101 650213 606 734
3295102 650213 606 139
3295103 650213 606 4392
3295104 566930 606 254
3295105 566930 606 1704
3295106 566930 606 4342
3295107 566930 606 1172
3295108 152743 606 17439
3295112 650215 606 45357
3295113 650215 606 168933
3295114 650216 606 139
3295115 650216 606 138
3295116 650216 606 4366
3295117 650216 606 108706
3295118 650216 606 4754
3295123 650217 606 20262
3295124 650218 606 168394
3295125 650218 606 3
3295126 650219 606 70
3295127 650219 606 168934
3295128 650220 606 1191
3295129 650220 606 1999
3295130 650220 606 1690
3295131 650220 606 27096
3295132 650220 606 131489
3295133 650220 606 82203
3295134 650221 606 15412
3295135 650221 606 342
3295136 650222 606 168935
3295137 650222 606 4651
3295138 650222 606 156
3295139 650223 606 276
3295140 650223 606 3160
3295141 650223 606 139
3295142 650223 606 63
3295143 650223 606 1999
3295147 411524 606 254
3295148 411524 606 17439
3295152 650225 606 1053
3295153 650225 606 1690
3295154 650226 606 1565
3295155 650226 606 4272
3295156 650226 606 16019
3295157 9858 606 20262
3295158 12161 606 1049
3295159 12161 606 44
3295160 12161 606 4432
3295161 12161 606 4332
3295166 650227 606 72547
3295167 650227 606 21
3295168 650227 606 138
3295169 650228 606 2100
3295170 650228 606 877
3295171 650228 606 2892
3295172 650229 606 1999
3295173 650229 606 17439
3295174 650229 606 19093
3295183 366316 606 29
3295184 366316 606 139
3295186 650233 606 168936
3295187 264307 606 1049
3295188 264307 606 72547
3295193 650235 606 1565
3295194 650235 606 50170
3295195 650235 606 79863
3295196 650235 606 168938
3295197 650236 606 168939
3295198 650236 606 1565
3295199 650236 606 27397
3295200 650236 606 4272
3295203 545566 606 81175
3295204 545566 606 276
3295205 545566 606 138
3295206 545566 606 79312
3295211 171617 606 29940
3295212 171617 606 2100
3295213 650240 606 2100
3295214 650240 606 29940
3295215 650240 606 45745
3295217 645589 606 138
3295218 645589 606 17439
3295219 650243 606 2909
3295220 650243 606 276
3295221 650243 606 1057
3295225 650245 606 334
3295226 650245 606 17439
3295227 650246 606 3200
3295228 650246 606 19093
3295229 650247 606 6
3295230 650247 606 1565
3295231 650247 606 17439
3295232 515215 606 138
3295233 515215 606 17439
3295240 650248 606 24902
3295241 650248 606 4608
3295242 650248 606 4342
3295243 128182 606 3835
3295244 631875 606 3311
3295245 631875 606 3367
3295246 631875 606 1410
3295247 631875 606 2709
3295251 650250 606 1367
3295252 650250 606 60459
3295253 650250 606 39348
3295254 650251 606 20262
3295255 650251 606 334
3295256 650251 606 6
3295257 650251 606 1565
3295258 650252 606 2990
3295259 650252 606 7095
3295260 650252 606 3311
3295264 650255 606 254
3295265 650255 606 17439
3295266 178671 606 139
3295267 178671 606 51027
3295268 178671 606 2709
3295269 178671 606 1565
3295270 178671 606 77
3295271 178671 606 44
3295272 178671 606 51023
3295273 178671 606 3640
3295274 650256 606 5483
3295275 650256 606 72526
3295276 650256 606 17439
3295277 650256 606 3
3295278 650256 606 91704
3295281 650258 606 846
3295282 650258 606 6
3295283 650259 606 139
3295284 650259 606 16067
3295285 650259 606 992
3295289 641393 606 388
3295290 641393 606 2642
3295291 641393 606 138
3295292 641393 606 139
3295293 650262 606 11
3295294 650262 606 1859
3295295 650262 606 734
3295300 306137 606 139
3295301 306137 606 1534
3295302 306137 606 72007
3295303 67218 606 139
3295304 67218 606 138
3295307 181093 606 259
3295308 181093 606 139
3295309 181093 606 992
3295310 650266 606 4608
3295311 650266 606 2770
3295316 288359 606 1133
3295317 288359 606 992
3295318 288359 606 139
3295319 650269 606 168943
3295320 650269 606 24902
3295321 650269 606 72547
3295322 650270 606 5800
3295323 650270 606 4342
3295324 650270 606 72547
3295325 650271 606 17439
3295326 650271 606 225
3295327 650271 606 2376
3295334 650274 606 139
3295335 650274 606 4332
3295336 650274 606 17439
3295339 335683 606 1367
3295340 335683 606 6
3295341 335683 606 311
3295345 650277 606 138
3295346 650277 606 73481
3295355 650280 606 24902
3295361 650281 606 72924
3295362 650281 606 72547
3295363 650281 606 1690
3295364 650282 606 4767
3295365 650282 606 1690
3295366 650282 606 557
3295368 650284 606 6
3295374 127401 606 139
3295375 127401 606 2990
3295376 127401 606 894
3295377 650287 606 2990
3295378 650287 606 4332
3295379 184397 606 1819
3295380 184397 606 2990
3295381 184397 606 1118
3295382 184397 606 139
3295383 184397 606 16067
3295384 607884 606 391
3295385 607884 606 302
3295386 607884 606 2486
3295387 607884 606 286
3295390 650289 606 4683
3295391 650289 606 4608
3295392 650289 606 107800
3295393 650290 606 2376
3295394 650290 606 1662
3295397 184415 606 1191
3295400 39631 606 17439
3295401 16521 606 139
3295402 16521 606 286
3295403 16521 606 2486
3295416 8433 606 2990
3295417 8433 606 20262
3295418 126437 606 2990
3295419 650294 606 138
3295420 650294 606 334
3295421 650294 606 139
3295424 650295 606 17439
3295425 650295 606 92188
3295426 650295 606 302
3295427 650295 606 1808
3295428 650296 606 168945
3295429 650296 606 4926
3295430 650296 606 168946
3295431 650296 606 156
3295432 650297 606 1565
3295436 650300 606 168944
3295437 650301 606 29
3295438 650301 606 5752
3295443 650302 606 503
3295444 650302 606 19181
3295445 650302 606 58592
3295446 650302 606 1690
3295449 650304 606 17439
3295450 650304 606 4608
3295451 650305 606 29
3295452 650305 606 168947
3295453 650305 606 168948
3295454 650306 606 72547
3295455 650306 606 29
3295456 35042 606 17439
3295457 650307 606 168949
3295458 650307 606 719
3295459 650307 606 168925
3295460 650307 606 168926
3295461 650307 606 4280
3295465 183961 606 388
3295466 183961 606 221
3295467 183961 606 188
3295468 650309 606 388
3295469 650309 606 4417
3295470 650309 606 992
3295474 650311 606 3060
3295475 650311 606 4276
3295476 650311 606 4609
3295477 650312 606 388
3295478 650312 606 139
3295491 366569 606 1049
3295492 366569 606 941
3295493 366569 606 138
3295494 24222 606 16067
3295495 24222 606 139
3295496 24222 606 168950
3295500 650318 606 72547
3295501 650319 606 1191
3295502 650319 606 19093
3295504 250942 606 1057
3295510 650323 606 6
3295511 650323 606 1233
3295512 650323 606 5549
3295513 650323 606 58295
3295514 324350 606 941
3295515 324350 606 17439
3295519 650325 606 127586
3295520 650325 606 1049
3295521 650325 606 38270
3295522 650325 606 66637
3295526 650327 606 4437
3295527 650327 606 138
3295528 650328 606 44733
3295529 650328 606 6
3295530 650329 606 254
3295531 650330 606 941
3295532 650330 606 4280
3295533 650331 606 391
3295534 650331 606 2709
3295535 650331 606 3640
3295536 650331 606 2161
3295546 650334 606 6
3295550 650336 606 4683
3295551 650337 606 4683
3295552 650337 606 4608
3295553 650337 606 139
3295557 650338 606 4683
3295558 650338 606 4608
3295559 650338 606 107800
3295560 650339 606 4683
3295561 650339 606 2138
3295562 650339 606 139
3295566 650340 606 4683
3295567 650340 606 4608
3295576 650341 606 139
3295577 650341 606 17439
3295578 650342 606 70
3295583 650344 606 2613
3295584 650344 606 4
3295587 366627 606 2990
3295592 650347 606 342
3295593 650347 606 17439
3295595 650349 606 342
3295596 650349 606 17439
3295597 650350 606 941
3295598 265711 606 668
3295599 265711 606 138
3295600 273618 606 17439
3295601 650351 606 17439
3295602 650351 606 286
3295603 650351 606 264
3295604 366646 606 4332
3295605 650352 606 3
3295609 650354 606 941
3295610 650354 606 2456
3295611 650354 606 168951
3295612 650354 606 719
3295613 650355 606 254
3295614 650355 606 20262
3295622 650357 606 992
3295623 650357 606 139
3295626 650359 606 6618
3295627 650359 606 41743
3295634 258033 606 254
3295635 258033 606 719
3295636 636743 606 4608
3295637 636743 606 4332
3295639 650362 606 5800
3295646 650367 606 139
3295647 650367 606 72547
3295648 650367 606 734
3295649 193256 606 4277
3295650 193256 606 17439
3295667 68800 606 138
3295668 68800 606 139
3295678 366723 606 388
3295679 366723 606 139
3295683 650375 606 941
3295684 650376 606 734
3295685 650376 606 139
3295686 650377 606 4594
3295687 650377 606 4469
3295688 650378 606 4767
3295689 105571 606 635
3295690 105571 606 139
3295691 105571 606 100
3295692 105571 606 2602
3295693 105571 606 80825
3295694 116578 606 16067
3295695 116578 606 139
3295696 116578 606 734
3295699 650381 606 1115
3295700 650381 606 138
3295701 650382 606 20262
3295702 650382 606 813
3295703 650382 606 16067
3295704 650382 606 139
3295705 650383 606 20461
3295706 650383 606 4608
3295707 650383 606 4738
3295708 366748 606 29
3295709 366748 606 813
3295716 650384 606 4582
3295717 650384 606 342
3295718 650384 606 254
3295719 650385 606 17439
3295722 650387 606 4582
3295723 650387 606 24902
3295724 650387 606 342
3295725 650387 606 2613
3295726 650388 606 1565
3295727 650388 606 17439
3295728 650389 606 21
3295729 650390 606 4582
3295730 650390 606 507
3295731 650391 606 138
3295732 650391 606 388
3295733 650391 606 139
3295734 650392 606 24902
3295735 650392 606 5827
3295742 179213 606 30
3295743 179213 606 4332
3295744 179213 606 342
3295745 1950381 606 2909
3295746 1950381 606 276
3295747 1950381 606 11
3295748 1950381 606 5453
3295751 650396 606 4683
3295752 650396 606 146
3295753 650396 606 305
3295754 193897 606 72547
3295755 650397 606 1191
3295756 650397 606 19093
3295766 650402 606 159704
3295767 650402 606 86141
3295768 650402 606 72547
3295769 197539 606 391
3295770 197539 606 3640
3295771 197539 606 2161
3295772 197539 606 2486
3295786 650405 606 451
3295790 16780 606 1133
3295791 650406 606 302
3295792 650406 606 85084
3295793 650407 606 15412
3295794 650407 606 1999
3295797 587153 606 139
3295798 587153 606 992
3295799 587153 606 285
3295800 587153 606 894
3295801 587153 606 18279
3295802 650409 606 4437
3295803 650409 606 871
3295804 650409 606 29621
3295805 366799 606 254
3295806 366799 606 2990
3295807 366799 606 276
3295808 366799 606 2161
3295812 53638 606 276
3295813 53638 606 3060
3295814 53638 606 4496
3295815 53638 606 285
3295816 53638 606 30
3295817 650411 606 1049
3295822 265983 606 70
3295823 265983 606 53
3295824 265983 606 2331
3295825 265983 606 139
3295826 265983 606 16067
3295827 650412 606 48964
3295828 650413 606 44733
3295830 645891 606 79
3295832 24384 606 4277
3295833 24384 606 302
3295834 24384 606 3
3295835 650416 606 362
3295836 650416 606 139
3295839 650417 606 4247
3295847 650421 606 29
3295848 650422 606 29621
3295856 650425 606 21
3295857 650425 606 68886
3295858 645771 606 557
3295863 180369 606 254
3295864 180369 606 4247
3295865 180369 606 11
3295866 180369 606 5045
3295870 650429 606 29
3295873 650430 606 139
3295874 650430 606 17439
3295875 113059 606 70
3295876 113059 606 53
3295877 113059 606 1897
3295878 650431 606 28909
3295879 650431 606 138
3295880 650431 606 941
3295881 650431 606 4502
3295888 650434 606 138
3295889 650434 606 869
3295892 650436 606 72547
3295893 650436 606 19093
3295894 650436 606 93737
3295895 650436 606 168956
3295898 650438 606 934
3295899 650438 606 276
3295900 650438 606 6
3295901 116698 606 618
3295902 116698 606 139
3295903 608391 606 127
3295904 608391 606 29
3295905 608391 606 451
3295906 608391 606 5737
3295916 276746 606 388
3295917 276746 606 139
3295928 88424 606 139
3295929 88424 606 4332
3295930 436425 606 139
3295938 341406 606 390
3295939 341406 606 1057
3295940 341406 606 19093
3295941 341406 606 156
3295958 650446 606 138
3295959 650446 606 188
3295960 650446 606 285
3295961 650446 606 44
3295963 650449 606 1999
3295964 650449 606 536
3295965 650449 606 225
3295966 650449 606 4502
3295967 650449 606 2450
3295973 650451 606 3
3295974 650451 606 10793
3295975 650451 606 4609
3295976 650451 606 4608
3295977 650451 606 5020
3295978 650452 606 1053
3295979 650452 606 451
3295980 650452 606 1690
3295981 650453 606 1053
3295982 650453 606 1690
3295985 650454 606 57308
3295986 650454 606 388
3295987 650454 606 318
3295992 650455 606 388
3295993 650455 606 139
3295996 650457 606 254
3295997 650457 606 139
3296002 32385 606 138
3296003 32385 606 11
3296008 650459 606 1191
3296014 74853 606 668
3296015 74853 606 285
3296016 74853 606 7562
3296017 650462 606 6
3296018 650462 606 342
3296022 650465 606 72547
3296023 650465 606 164153
3296024 650465 606 1191
3296025 650465 606 138
3296026 650465 606 1049
3296027 650466 606 139
3296039 650470 606 4582
3296040 32422 606 1325
3296041 32422 606 1133
3296042 292530 606 941
3296043 292530 606 507
3296050 650472 606 29
3296051 650472 606 4594
3296055 431383 606 139
3296056 431383 606 17439
3296057 650473 606 72547
3296058 650474 606 941
3296059 650474 606 6
3296060 496507 606 451
3296061 496507 606 79
3296062 496507 606 139
3296063 496507 606 4283
3296064 650475 606 254
3296065 650475 606 17439
3296067 241441 606 21
3296068 241441 606 254
3296069 258405 606 29
3296070 258405 606 139
3296073 650479 606 2936
3296074 650479 606 4323
3296075 650479 606 168960
3296076 357749 606 4701
3296077 357749 606 4641
3296078 357749 606 2990
3296079 357749 606 1169
3296097 324908 606 19093
3296098 324908 606 29337
3296099 650484 606 2990
3296100 369862 606 668
3296101 369862 606 188
3296112 367076 606 846
3296113 650489 606 941
3296114 650489 606 158939
3296122 650492 606 1723
3296123 650492 606 1191
3296124 650492 606 164153
3296130 270998 606 45357
3296131 270998 606 168961
3296132 650495 606 1775
3296133 650495 606 2613
3296134 650495 606 3325
3296135 650495 606 4915
3296137 650497 606 72547
3296138 650497 606 941
3296143 195303 606 139
3296144 650500 606 388
3296145 650500 606 139
3296146 650500 606 4332
3296149 650501 606 1191
3296150 650501 606 17439
3296151 650501 606 24902
3296152 650502 606 29743
3296153 650502 606 21
3296154 650502 606 11491
3296155 650502 606 1191
3296156 1950383 606 41180
3296161 650505 606 1056
3296162 650505 606 44
3296163 650505 606 301
3296164 650505 606 164183
3296182 75069 606 79
3296183 75069 606 139
3296187 371959 606 1690
3296191 650517 606 4385
3296192 650517 606 391
3296193 650517 606 79
3296194 650517 606 139
3296195 650517 606 168963
3296196 94370 606 139
3296197 94370 606 1123
3296198 94370 606 992
3296199 304498 606 139
3296203 650519 606 4641
3296204 650519 606 388
3296205 650519 606 318
3296206 650519 606 734
3296213 650521 606 2964
3296224 650523 606 17439
3296225 650523 606 4677
3296227 650525 606 254
3296228 650525 606 139
3296232 650526 606 29661
3296242 650531 606 388
3296243 650531 606 139
3296247 650532 606 4277
3296248 650532 606 4332
3296252 650533 606 5
3296253 650533 606 29940
3296254 650533 606 2100
3296255 650533 606 50075
3296257 650534 606 4683
3296258 650534 606 4608
3296259 650534 606 131494
3296260 650534 606 159548
3296261 650534 606 168964
3296262 650534 606 138
3296263 650534 606 1565
3296264 650535 606 16067
3296265 650535 606 139
3296266 650536 606 24902
3296267 650536 606 4608
3296268 650536 606 457
3296269 650536 606 16
3296270 173796 606 1176
3296271 173796 606 2089
3296272 173796 606 2936
3296273 173796 606 49583
3296274 650537 606 4594
3296275 650537 606 1565
3296276 56183 606 6
3296279 650539 606 28909
3296280 650539 606 29
3296281 650539 606 941
3296286 650542 606 188
3296287 650542 606 156
3296288 650542 606 100854
3296292 288356 606 4608
3296293 288356 606 2770
3296294 288356 606 26480
3296295 650544 606 4683
3296296 650544 606 4608
3296297 650544 606 107800
3296298 650545 606 4483
3296299 650545 606 79
3296300 650545 606 264
3296301 650545 606 4608
3296302 650546 606 4683
3296303 650546 606 4608
3296304 650546 606 107800
3296305 650547 606 4683
3296306 650547 606 4608
3296307 650547 606 107800
3296308 650548 606 59788
3296309 650548 606 139
3296310 650548 606 3141
3296311 650548 606 1563
3296312 650549 606 2613
3296313 650549 606 3
3296314 650549 606 342
3296315 650549 606 17439
3296316 650550 606 276
3296317 650550 606 1999
3296325 650552 606 846
3296326 650552 606 29
3296327 650552 606 20262
3296330 75809 606 846
3296331 75809 606 29
3296332 352467 606 992
3296333 352467 606 52427
3296334 352467 606 846
3296335 352467 606 1122
3296336 352467 606 734
3296337 352467 606 4131
3296342 635943 606 2990
3296343 635943 606 139
3296344 635943 606 388
3296346 179937 606 1453
3296347 179937 606 882
3296348 179937 606 725
3296349 288271 606 318
3296350 288271 606 17439
3296355 319968 606 3
3296356 319968 606 79
3296357 319968 606 342
3296358 319968 606 72547
3296362 650561 606 79
3296363 650561 606 139
3296364 650561 606 3
3296365 650562 606 557
3296366 650562 606 79
3296367 650562 606 139
3296368 638774 606 3060
3296369 638774 606 2376
3296370 638774 606 17439
3296371 638774 606 79
3296372 638774 606 139
3296373 650563 606 7562
3296374 168392 606 4277
3296375 168392 606 4332
3296376 168392 606 7562
3296377 168392 606 17439
3296378 265269 606 8609
3296379 265269 606 4255
3296380 265269 606 168967
3296381 332074 606 1775
3296382 332074 606 342
3296383 332074 606 3325
3296384 650564 606 1565
3296388 650566 606 1774
3296389 650566 606 1057
3296390 650566 606 846
3296395 650568 606 254
3296396 650568 606 5174
3296397 650568 606 41626
3296398 650568 606 4342
3296423 650574 606 2990
3296424 650574 606 276
3296425 650574 606 2161
3296426 650575 606 5254
3296427 650575 606 3358
3296428 650575 606 79
3296429 650575 606 342
3296430 650575 606 225
3296431 650576 606 342
3296432 650576 606 5254
3296433 650576 606 15412
3296439 650578 606 1565
3296440 650578 606 4272
3296452 650583 606 45551
3296453 650583 606 3835
3296454 650583 606 48946
3296455 650584 606 1999
3296456 650584 606 846
3296457 650584 606 29
3296458 650585 606 72547
3296472 442855 606 4332
3296473 442855 606 4608
3296477 650589 606 1057
3296478 650589 606 2964
3296482 468144 606 3200
3296483 468144 606 1628
3296484 468144 606 1627
3296485 468144 606 129969
3296486 650592 606 2765
3296487 650592 606 254
3296488 650592 606 1775
3296489 650592 606 79
3296490 650592 606 342
3296491 650592 606 4511
3296496 75382 606 4277
3296502 650594 606 72547
3296505 650596 606 17439
3296508 650597 606 19093
3296509 650597 606 146
3296514 88590 606 3
3296515 650599 606 5603
3296516 650599 606 302
3296517 650600 606 458
3296518 650600 606 6
3296519 650601 606 17439
3296534 650606 606 1564
3296535 650606 606 1751
3296536 650606 606 72547
3296540 193442 606 139
3296541 193442 606 17439
3296544 348051 606 20262
3296552 650612 606 139
3296553 650612 606 254
3296554 246551 606 1191
3296555 246551 606 4469
3296556 246551 606 3087
3296557 650613 606 1191
3296558 650613 606 29743
3296559 650613 606 5842
3296560 650614 606 4332
3296561 650615 606 72547
3296562 650615 606 21
3296563 650615 606 4657
3296564 650615 606 29743
3296565 650616 606 1122
3296566 650617 606 941
3296567 650617 606 168970
3296568 650618 606 139
3296569 650618 606 138
3296570 650619 606 29
3296571 650619 606 138
3296572 32585 606 21
3296573 32585 606 20262
3296574 32585 606 139
3296575 650620 606 29576
3296576 650620 606 1172
3296577 12017 606 21
3296578 12017 606 254
3296579 12017 606 139
3296587 296069 606 16067
3296588 296069 606 139
3296589 296069 606 17439
3296595 650622 606 66893
3296596 650622 606 5842
3296597 650622 606 6
3296598 650623 606 72547
3296599 650624 606 734
3296600 650624 606 139
3296601 650624 606 388
3296602 650624 606 138
3296603 187054 606 50728
3296604 187054 606 1057
3296605 187054 606 1049
3296606 187054 606 2708
3296607 187054 606 4532
3296608 264593 606 139
3296609 264593 606 700
3296624 650629 606 1902
3296625 650629 606 2964
3296626 650629 606 507
3296627 650629 606 168971
3296628 638324 606 1057
3296629 367176 606 72547
3296630 367176 606 854
3296631 367176 606 51027
3296632 650630 606 391
3296633 650630 606 4276
3296634 650630 606 79
3296635 650630 606 139
3296636 650630 606 4582
3296637 36875 606 127
3296638 36875 606 331
3296639 36875 606 2117
3296640 36875 606 342
3296641 650631 606 992
3296644 256718 606 2404
3296645 256718 606 138
3296648 650633 606 1303
3296649 650634 606 29940
3296650 650634 606 2100
3296651 650634 606 3394
3296652 650634 606 2556
3296653 650635 606 1889
3296654 650635 606 451
3296657 650637 606 58295
3296658 650637 606 2964
3296659 650637 606 1902
3296660 650637 606 49781
3296661 650637 606 24
3296662 650638 606 2437
3296663 650638 606 168972
3296664 650638 606 3087
3296670 650640 606 285
3296671 650640 606 98
3296674 650642 606 29337
3296675 650642 606 58295
3296676 64791 606 507
3296677 64791 606 3
3296678 64791 606 6259
3296679 650643 606 1565
3296683 203059 606 73168
3296684 203059 606 4469
3296685 203059 606 3087
3296686 650645 606 29
3296688 650647 606 72547
3296689 650648 606 1128
3296697 650651 606 49443
3296698 650651 606 24450
3296699 650651 606 507
3296700 650651 606 1896
3296701 650651 606 39177
3296702 90401 606 992
3296703 90401 606 507
3296704 90401 606 24450
3296705 90401 606 1896
3296706 90401 606 39177
3296709 650653 606 6
3296710 650653 606 78191
3296711 650653 606 27397
3296712 650653 606 1565
3296719 17401 606 139
3296720 17401 606 643
3296721 17401 606 873
3296722 17401 606 286
3296723 58536 606 6
3296724 58536 606 44733
3296729 650656 606 2100
3296733 638687 606 4608
3296734 638687 606 4483
3296735 638687 606 79
3296736 638687 606 139
3296737 473127 606 451
3296738 473127 606 26048
3296739 473127 606 1690
3296755 650660 606 719
3296756 650660 606 6
3296757 650660 606 58295
3296758 494889 606 168898
3296759 494889 606 156
3296760 494889 606 68492
3296761 494889 606 1701
3296762 650661 606 82241
3296763 650661 606 4627
3296764 650661 606 138
3296765 650661 606 168974
3296766 650662 606 19093
3296767 650662 606 1191
3296768 650662 606 4469
3296769 650662 606 4088
3296770 650662 606 72547
3296771 125928 606 359
3296772 125928 606 507
3296773 125928 606 4422
3296774 125928 606 58295
3296779 650665 606 5483
3296780 650665 606 3
3296781 650665 606 4569
3296782 650666 606 4276
3296783 650666 606 72547
3296784 650667 606 1565
3296785 650667 606 17439
3296786 650668 606 21
3296788 650670 606 2486
3296789 650670 606 286
3296790 426148 606 5023
3296791 426148 606 846
3296792 426148 606 22227
3296799 650671 606 1690
3296800 176199 606 72547
3296801 176199 606 3394
3296802 176199 606 139
3296803 176199 606 1299
3296807 650673 606 1049
3296809 650674 606 17439
3296810 650675 606 26528
3296811 650675 606 1999
3296812 650675 606 4079
3296813 650676 606 276
3296814 650676 606 384
3296815 650676 606 4079
3296816 650677 606 4079
3296817 650677 606 719
3296818 264255 606 4079
3296819 650678 606 1299
3296820 650678 606 4641
3296821 650678 606 4079
3296822 650679 606 4752
3296823 650679 606 5174
3296824 650679 606 869
3296825 650679 606 1178
3296826 650680 606 4079
3296827 650680 606 1148
3296828 650680 606 846
3296829 53974 606 138
3296830 53974 606 941
3296831 53974 606 1284
3296832 53974 606 168891
3296835 506565 606 125
3296836 506565 606 719
3296837 506565 606 72547
3296841 367735 606 846
3296842 367735 606 29
3296843 650681 606 4594
3296844 650681 606 168975
3296845 650681 606 9770
3296846 650681 606 72547
3296847 650684 606 1690
3296848 650684 606 4272
3296849 650685 606 26048
3296850 650685 606 1690
3296851 650686 606 1690
3296854 17247 606 139
3296855 17247 606 146
3296856 17247 606 1007
3296857 650688 606 362
3296860 650690 606 72547
3296868 302990 606 1299
3296869 302990 606 139
3296870 302990 606 895
3296877 650696 606 1026
3296878 650696 606 168976
3296879 650696 606 620
3296880 650696 606 168915
3296881 245789 606 1999
3296882 245789 606 361
3296883 245789 606 72547
3296884 650697 606 168977
3296885 650698 606 1053
3296886 650698 606 1690
3296887 650698 606 451
3296892 650700 606 29
3296893 650700 606 362
3296894 650700 606 4469
3296895 650701 606 917
3296896 650701 606 48076
3296897 650702 606 254
3296898 650703 606 79
3296899 650703 606 17439
3296902 650705 606 50572
3296903 650705 606 11098
3296906 452472 606 388
3296907 452472 606 992
3296911 44645 606 1715
3296917 650709 606 24902
3296918 650709 606 5827
3296919 650709 606 4608
3296922 650710 606 156
3296923 650710 606 139
3296924 650710 606 168898
3296925 650711 606 139
3296926 650711 606 29
3296927 650711 606 992
3296928 650711 606 4230
3296935 650714 606 168898
3296936 650715 606 457
3296937 650715 606 24902
3296948 650718 606 276
3296949 650718 606 24902
3296950 650718 606 17439
3296951 650718 606 8454
3296952 602566 606 24902
3296953 602566 606 4608
3296954 650719 606 24902
3296955 650719 606 5507
3296956 650720 606 24902
3296957 650720 606 1563
3296958 650721 606 4608
3296959 650721 606 24902
3296963 650724 606 156
3296964 650724 606 72547
3296965 650724 606 168898
3296966 650724 606 557
3296973 367855 606 992
3296974 367855 606 139
3296979 80296 606 941
3296980 80296 606 6
3296981 650728 606 342
3296982 650728 606 1690
3296983 650729 606 168980
3296984 650729 606 139
3296985 650729 606 894
3296986 650729 606 507
3296987 650729 606 7738
3296988 650730 606 44733
3296992 160382 606 6780
3296993 650732 606 451
3296994 650732 606 1169
3296995 650732 606 168924
3296999 650734 606 168981
3297000 650735 606 4683
3297001 650735 606 4608
3297002 650736 606 1169
3297003 650736 606 17439
3297016 650743 606 4683
3297017 650743 606 4608
3297018 650743 606 2138
3297019 650743 606 139
3297034 650746 606 982
3297035 650746 606 50160
3297036 650746 606 3366
3297037 650746 606 21
3297043 65268 606 152910
3297047 650749 606 276
3297048 650749 606 1565
3297049 650749 606 2486
3297050 650749 606 4272
3297051 650750 606 9584
3297052 650750 606 4608
3297053 650751 606 1690
3297054 650751 606 51065
3297056 22459 606 168
3297057 650753 606 719
3297058 650753 606 2776
3297059 650753 606 6369
3297065 650755 606 80254
3297067 650757 606 254
3297068 650757 606 20262
3297069 650757 606 1690
3297070 650758 606 1565
3297071 650758 606 1828
3297072 650758 606 74789
3297082 334854 606 2100
3297083 334854 606 276
3297084 334854 606 100
3297085 334854 606 18866
3297086 650762 606 72547
3297087 650763 606 1191
3297088 650763 606 4657
3297089 650763 606 3087
3297090 650763 606 72547
3297091 650764 606 8489
3297092 650764 606 5548
3297094 650766 606 993
3297095 650766 606 131809
3297096 650766 606 2150
3297097 650766 606 719
3297098 412464 606 4079
3297099 412464 606 3
3297100 650767 606 3
3297101 650767 606 4677
3297102 650767 606 91704
3297103 650768 606 3
3297104 650768 606 620
3297105 650768 606 507
3297106 650768 606 338
3297107 62443 606 80428
3297108 62443 606 138
3297109 62443 606 4668
3297110 62443 606 44
3297111 62443 606 286
3297112 62443 606 72547
3297121 650771 606 1775
3297122 650771 606 107054
3297123 650771 606 17439
3297124 650771 606 4683
3297125 650771 606 168943
3297129 650774 606 334
3297130 650774 606 17439
3297131 447357 606 2100
3297132 447357 606 606
3297133 447357 606 7562
3297134 650775 606 139
3297135 650775 606 734
3297136 650775 606 700
3297139 650776 606 6375
3297140 650777 606 72547
3297142 650779 606 79
3297143 650779 606 4332
3297144 650779 606 17439
3297150 650783 606 156
3297151 650783 606 1162
3297152 650783 606 168898
3297153 650784 606 139
3297154 650784 606 734
3297157 266778 606 254
3297158 266778 606 1172
3297167 650786 606 992
3297168 650786 606 139
3297169 650787 606 254
3297170 650787 606 138
3297171 650787 606 1034
3297172 277660 606 276
3297173 277660 606 1999
3297174 265045 606 527
3297175 265045 606 168
3297176 265045 606 276
3297177 265045 606 168931
3297196 650792 606 469
3297197 650792 606 76
3297198 650792 606 4332
3297199 650792 606 2567
3297200 650792 606 72547
3297201 650793 606 87868
3297202 650793 606 469
3297203 650793 606 17439
3297204 650793 606 85430
3297205 650794 606 469
3297206 650794 606 137583
3297207 8286 606 47411
3297216 650797 606 3060
3297217 650797 606 72547
3297218 650797 606 3325
3297224 650799 606 388
3297225 650799 606 76
3297226 650800 606 734
3297227 650800 606 139
3297228 650801 606 4608
3297229 650801 606 24902
3297230 650801 606 2770
3297231 650801 606 3781
3297232 650801 606 54907
3297233 650801 606 168983
3297245 650804 606 72547
3297246 650805 606 17439
3297247 650805 606 869
3297248 650806 606 734
3297249 650806 606 7905
3297250 650806 606 307
3297251 650807 606 24902
3297252 650807 606 29
3297253 650807 606 813
3297254 650807 606 17439
3297256 170399 606 451
3297257 170399 606 3200
3297258 170399 606 4396
3297259 170399 606 13813
3297260 650809 606 17439
3297261 650809 606 10000
3297262 650809 606 12879
3297270 59713 606 2187
3297271 650812 606 458
3297272 650812 606 5661
3297273 650812 606 4936
3297274 650813 606 168984
3297275 650813 606 168985
3297276 650814 606 139
3297277 650815 606 17439
3297278 650815 606 2709
3297280 650820 606 4469
3297281 650820 606 941
3297282 650820 606 52836
3297284 650821 606 507
3297285 650821 606 425
3297286 650821 606 20321
3297287 650821 606 168986
3297288 25236 606 72547
3297289 25236 606 168987
3297290 25622 606 3
3297291 25622 606 139
3297292 25622 606 5367
3297293 650816 606 72478
3297294 650816 606 49900
3297295 347060 606 20262
3297296 88831 606 72547
3297297 58833 606 168
3297298 650817 606 168
3297299 650818 606 168
3297300 650819 606 29
3297303 650823 606 254
3297304 650823 606 4343
3297305 650824 606 254
3297307 251538 606 2990
3297311 650826 606 86140
3297312 650826 606 4683
3297313 650826 606 45759
3297314 650826 606 4675
3297315 650826 606 458
3297316 650826 606 1410
3297317 650826 606 3367
3297318 650826 606 307
3297319 650827 606 254
3297320 650828 606 254
3297321 650828 606 20262
3297322 650829 606 12248
3297323 650829 606 13564
3297324 650829 606 4432
3297326 93164 606 507
3297328 342942 606 72547
3297329 650832 606 458
3297330 650832 606 1775
3297331 650832 606 3574
3297332 650832 606 168988
3297333 650832 606 2149
3297334 639098 606 917
3297335 639098 606 507
3297347 650836 606 29978
3297348 650837 606 72547
