3297966 651038 608 5813
3297967 651039 608 359
3297968 651039 608 4057
3297969 651039 608 6329
3297970 651040 608 29
3297971 651040 608 1162
3297985 651046 608 557
3297991 651049 608 1191
3297992 11374 608 894
3298005 651050 608 46873
3298006 651050 608 3794
3298007 651050 608 4425
3298011 651052 608 734
3298012 651052 608 26591
3298013 651052 608 44829
3298020 651057 608 359
3298021 651057 608 4057
3298026 651060 608 4425
3298027 651060 608 774
3298028 651061 608 21
3298029 651061 608 4425
3298030 651062 608 719
3298031 651062 608 375
3298032 651063 608 1722
3298042 651066 608 359
3298043 651066 608 894
3298044 651067 608 359
3298051 651069 608 7412
3298052 651069 608 359
3298057 651072 608 941
3298058 651072 608 4425
3298059 651073 608 2236
3298060 651073 608 80
3298071 487304 608 894
3298072 487304 608 2543
3298073 487304 608 29
3298083 651080 608 21
3298084 651080 608 4425
3298085 651080 608 2236
3298086 651080 608 2647
3298087 651081 608 359
3298089 104521 608 7412
3298090 104521 608 359
3298091 651083 608 1751
3298092 651083 608 912
3298093 651083 608 4533
3298094 651084 608 992
3298095 651085 608 27165
3298103 651090 608 1191
3298105 651092 608 1191
3298112 507832 608 2520
3298113 507832 608 5947
3298114 651095 608 1125
3298115 651096 608 1125
3298118 651097 608 359
3298124 651099 608 1191
3298125 651099 608 1231
3298127 651100 608 1820
3298129 106606 608 912
3298130 106606 608 1771
3298135 298457 608 1119
3298138 651104 608 359
3298139 651104 608 31457
3298145 651107 608 2631
3298146 651107 608 869
3298150 651109 608 2175
3298151 651110 608 80
3298154 651113 608 29
3298155 651113 608 23720
3298156 651114 608 359
3298159 651116 608 996
3298160 651116 608 308
3298165 651119 608 359
3298166 651119 608 31457
3298168 322968 608 503
3298172 651123 608 359
3298176 651127 608 359
3298177 651127 608 4356
3298186 385965 608 259
3298187 385965 608 1125
3298188 651131 608 1233
3298189 651131 608 4406
3298190 196944 608 359
3298191 196944 608 54300
3298197 651134 608 359
3298198 250454 608 4425
3298199 250454 608 1647
3298200 250454 608 1162
3298203 651135 608 53476
3298204 651135 608 359
3298205 651136 608 359
3298213 19970 608 557
3298214 19970 608 1820
3298215 19970 608 507
3298218 651142 608 941
3298219 651142 608 1704
3298222 514115 608 359
3298223 651145 608 359
3298224 651145 608 992
3298225 651145 608 4057
3298232 651148 608 126
3298233 651148 608 359
3298237 651149 608 1125
3298238 651150 608 1125
3298240 10006 608 941
3298241 10006 608 5947
3298242 10006 608 2236
3298246 651153 608 2175
3298249 651156 608 1119
3298250 651157 608 2520
3298251 651157 608 4406
3298255 651159 608 1820
3298256 271653 608 359
3298257 271653 608 4057
3298264 651161 608 1191
3298265 651161 608 4425
3298266 651162 608 359
3298267 651163 608 2709
3298279 5513 608 2723
3298280 5513 608 2236
3298285 651171 608 5481
3298287 651173 608 1162
3298288 651173 608 1119
3298289 651174 608 3203
3298290 651174 608 359
3298293 244220 608 4425
3298294 244220 608 1191
3298296 651177 608 331
3298297 651177 608 104029
3298298 651178 608 4406
3298299 651178 608 29
3298300 651178 608 507
3298302 651180 608 13822
3298303 651180 608 2175
3298310 327939 608 1191
3298311 651183 608 359
3298316 278293 608 1125
3298318 297531 608 912
3298319 297531 608 1820
3298322 651187 608 719
3298323 651187 608 557
3298326 651188 608 13902
3298327 651188 608 80
3298328 651188 608 1123
3298332 651191 608 359
3298338 651194 608 359
3298339 651194 608 4442
3298343 200765 608 359
3298348 651199 608 359
3298349 651199 608 1820
3298350 651200 608 359
3298351 651200 608 4102
3298353 651202 608 359
3298354 651202 608 7412
3298364 9042 608 941
3298365 9042 608 2236
3298366 9042 608 2723
3298370 651208 608 9445
3298371 67526 608 1058
3298372 67526 608 11
3298373 651209 608 80
3298374 651210 608 4425
3298375 651210 608 1162
3298376 651210 608 1284
3298377 651211 608 168994
3298378 651211 608 5927
3298379 651211 608 719
3298380 651212 608 359
3298381 651213 608 359
3298382 272589 608 359
3298386 651214 608 23720
3298387 651214 608 4406
3298388 651215 608 557
3298389 651215 608 4406
3298390 651216 608 359
3298391 651216 608 507
3298392 651217 608 3846
3298393 651217 608 2657
3298394 651217 608 4
3298400 651219 608 259
3298401 651219 608 1125
3298402 651220 608 311
3298403 651220 608 1565
3298404 651221 608 80
3298405 120024 608 1554
3298406 120024 608 311
3298407 651222 608 1191
3298408 651222 608 1453
3298410 651224 608 15393
3298411 651224 608 4619
3298412 651224 608 1627
3298413 651224 608 27609
3298414 651224 608 311
3298415 95585 608 1647
3298416 95585 608 1162
3298417 95585 608 72
3298418 95585 608 11
3298423 651226 608 1191
3298424 651227 608 5217
3298425 651227 608 734
3298426 651228 608 139
3298427 651228 608 1058
3298432 279859 608 359
3298433 279859 608 4057
3298434 279859 608 4091
3298442 651234 608 29
3298443 651234 608 507
3298444 651235 608 557
3298445 651235 608 719
3298446 651235 608 1565
3298447 651236 608 583
3298448 651236 608 3722
3298449 651236 608 941
3298454 651240 608 359
3298455 651240 608 894
3298457 16230 608 375
3298458 16230 608 361
3298459 16230 608 1162
3298462 651243 608 359
3298467 89171 608 719
3298468 89171 608 503
3298477 75653 608 2723
3298478 75653 608 2236
3298482 651251 608 2175
3298483 651252 608 1647
3298484 651252 608 359
3298485 651253 608 80
3298491 651256 608 1647
3298492 651256 608 11
3298498 68003 608 80
3298505 651261 608 4406
3298515 378698 608 359
3298521 651270 608 29
3298526 651273 608 29
3298527 651273 608 912
3298528 651273 608 375
3298529 68120 608 4406
3298537 651276 608 9002
3298538 651276 608 1162
3298541 651278 608 1565
3298542 651278 608 311
3298543 651278 608 342
3298555 651282 608 23720
3298556 651282 608 4154
3298557 651282 608 1704
3298562 651285 608 1820
3298563 651285 608 359
3298591 74095 608 359
3298592 40277 608 1771
3298604 651302 608 100
3298605 651302 608 10162
3298606 651302 608 894
3298607 651302 608 11
3298608 651302 608 1058
3298609 425523 608 992
3298610 425523 608 11
3298611 651303 608 4682
3298612 651303 608 4425
3298613 651304 608 894
3298621 651309 608 3148
3298622 651309 608 359
3298623 651309 608 8527
3298631 188186 608 1565
3298632 188186 608 19313
3298633 188186 608 3693
3298634 188186 608 2236
3298639 39645 608 359
3298640 39645 608 557
3298641 39645 608 774
3298642 39645 608 4425
3298643 651313 608 7412
3298644 651313 608 11
3298648 651316 608 557
3298649 651316 608 9445
3298650 651317 608 359
3298654 651319 608 4406
3298655 651319 608 359
3298656 651320 608 359
3298657 651320 608 1162
3298658 651320 608 557
3298659 651320 608 719
3298660 651321 608 912
3298661 651321 608 1771
3298662 249387 608 2199
3298663 249387 608 4425
3298666 651322 608 2520
3298667 651322 608 308
3298668 650935 608 2520
3298669 650935 608 5947
3298677 651326 608 359
3298678 651326 608 81547
3298685 363817 608 29
3298686 363817 608 4406
3298687 651329 608 359
3298688 651329 608 23
3298691 651331 608 996
3298692 651331 608 1565
3298695 651333 608 507
3298696 651333 608 29
3298700 95215 608 557
3298701 95215 608 4356
3298703 651337 608 894
3298704 651337 608 359
3298705 651338 608 2723
3298706 651338 608 2236
3298707 651339 608 58664
3298708 651339 608 4425
3298709 96270 608 941
3298710 487642 608 1802
3298713 651341 608 359
3298715 279812 608 359
3298722 651346 608 523
3298723 651346 608 1889
3298726 340361 608 1565
3298727 340361 608 31457
3298731 120730 608 1125
3298732 120730 608 90
3298733 651349 608 359
3298734 651349 608 813
3298735 651350 608 375
3298736 651350 608 342
3298747 651354 608 359
3298748 651354 608 4406
3298749 85815 608 894
3298750 85815 608 359
3298754 651356 608 1565
3298755 651356 608 342
3298756 460918 608 5481
3298757 460918 608 1303
3298758 651357 608 894
3298759 651357 608 29
3298760 651357 608 2543
3298762 651358 608 4406
3298763 274575 608 1119
3298764 274575 608 5481
3298765 651359 608 359
3298766 651359 608 1820
3298767 651360 608 992
3298768 651360 608 1779
3298769 651360 608 1162
3298770 651360 608 774
3298774 184845 608 2520
3298776 120883 608 2723
3298777 120883 608 2236
3298778 125750 608 359
3298779 125750 608 583
3298780 125750 608 503
3298782 651363 608 1125
3298783 12012 608 311
3298784 12012 608 1647
3298785 12012 608 1162
3298789 651366 608 1125
3298790 651366 608 90
3298804 295864 608 4406
3298807 651372 608 2236
3298808 651372 608 21
3298818 413385 608 9445
3298821 651376 608 359
3298822 651376 608 1230
3298823 651376 608 9744
3298824 651376 608 6081
3298825 651376 608 1431
3298830 650947 608 359
3298834 651380 608 2520
3298835 651380 608 941
3298836 651380 608 4425
3298839 651383 608 7412
3298840 651383 608 359
3298841 467809 608 941
3298842 467809 608 2520
3298843 96418 608 2520
3298844 292476 608 100
3298845 292476 608 10162
3298846 292476 608 894
3298847 292476 608 11
3298848 292476 608 1058
3298851 32615 608 100
3298852 32615 608 11
3298853 32615 608 359
3298856 651385 608 9445
3298857 241540 608 894
3298858 241540 608 992
3298859 241540 608 139
3298862 651387 608 5947
3298863 651387 608 557
3298864 651388 608 7412
3298865 651388 608 359
3298867 651390 608 941
3298868 651390 608 359
3298869 651390 608 29
3298872 651392 608 4285
3298873 651392 608 80
3298880 467874 608 80
3298881 467874 608 18067
3298886 299119 608 7412
3298887 299119 608 359
3298888 299119 608 1162
3298900 651402 608 29
3298901 651402 608 1820
3298902 651402 608 1896
3298920 24588 608 1125
3298921 24588 608 1141
3298922 651407 608 1704
3298923 651407 608 1821
3298924 651407 608 2723
3298929 116741 608 894
3298930 116741 608 5481
3298931 116741 608 4425
3298935 420280 608 2520
3298937 86103 608 359
3298938 86103 608 9002
3298941 558314 608 29
3298942 558314 608 4406
3298943 651411 608 311
3298944 651411 608 1704
3298945 651412 608 4108
3298946 651412 608 301
3298951 651415 608 4425
3298952 651415 608 1162
3298953 319928 608 359
3298954 319928 608 7412
3298955 319928 608 29
3298963 651417 608 5286
3298964 651417 608 27332
3298969 651420 608 359
3298970 651420 608 311
3298971 651420 608 72
3298979 651423 608 1647
3298980 651423 608 557
3298981 651423 608 4406
3298989 650973 608 2520
3298990 108092 608 941
3298991 108092 608 29
3298994 651426 608 4108
3298995 651426 608 992
3298996 651426 608 894
3298997 651427 608 359
3299004 651430 608 1191
3299005 439019 608 557
3299006 439019 608 1820
3299011 36307 608 583
3299019 651435 608 359
3299020 651435 608 77
3299024 651436 608 2175
3299026 651438 608 719
3299027 651438 608 1565
3299028 651438 608 425
3299029 68353 608 894
3299030 68353 608 11
3299031 651439 608 359
3299034 462166 608 29
3299035 462166 608 894
3299037 651442 608 941
3299038 469659 608 4285
3299039 469659 608 2723
3299040 651443 608 29
3299041 651443 608 168996
3299042 95150 608 4425
3299043 95150 608 1191
3299044 650982 608 4406
3299045 651444 608 557
3299046 651444 608 4406
3299047 651445 608 80
3299048 651446 608 311
3299049 651446 608 1647
3299050 651446 608 4057
3299051 651447 608 2723
3299052 651447 608 2236
3299053 651447 608 719
3299057 651449 608 4406
3299058 17414 608 1647
3299059 17414 608 894
3299063 651452 608 557
3299064 651452 608 23720
3299069 651454 608 29
3299070 651454 608 557
3299084 651456 608 941
3299085 651456 608 29
3299087 651458 608 4425
3299088 651458 608 11
3299095 651461 608 104029
3299096 651461 608 719
3299099 651463 608 359
3299100 651463 608 4406
3299101 651464 608 4406
3299102 651464 608 557
3299103 651465 608 359
3299104 651465 608 4406
3299106 651467 608 2723
3299107 651467 608 2236
3299108 651467 608 62012
3299115 651470 608 2236
3299120 651473 608 359
3299121 651474 608 2723
3299122 651474 608 2236
3299123 651474 608 80
3299125 279826 608 29
3299128 651476 608 941
3299129 651476 608 2520
3299140 62259 608 1821
3299141 62259 608 941
3299142 62259 608 3794
3299143 24840 608 4356
3299144 24840 608 1704
3299147 651479 608 40
3299148 651479 608 1704
3299149 651479 608 4425
3299150 348035 608 1565
3299151 651480 608 23720
3299152 651480 608 719
3299157 494861 608 1125
3299158 494861 608 61422
3299159 494861 608 4791
3299160 494861 608 4587
3299161 494861 608 20653
3299162 75855 608 359
3299163 75855 608 307
3299167 651484 608 359
3299168 651485 608 359
3299172 170602 608 1820
3299173 651488 608 1123
3299174 651488 608 2236
3299184 651491 608 583
3299185 651491 608 1565
3299187 651493 608 1751
3299189 420588 608 557
3299190 420588 608 1565
3299191 468365 608 359
3299192 468365 608 6290
3299193 337170 608 894
3299194 337170 608 359
3299195 651495 608 1565
3299196 651495 608 425
3299197 651495 608 1704
3299201 651498 608 4406
3299209 651501 608 5481
3299210 651501 608 1445
3299211 651501 608 1119
3299220 282584 608 29
3299227 651506 608 1723
3299228 651506 608 1191
3299229 651507 608 359
3299230 651507 608 719
3299236 651511 608 359
3299237 651511 608 4057
3299238 651512 608 81547
3299239 651512 608 359
3299240 651512 608 4406
3299242 651514 608 5481
3299243 651514 608 26739
3299244 651515 608 7412
3299245 651515 608 359
3299247 39889 608 2236
3299248 651517 608 941
3299249 651517 608 29
3299251 358793 608 359
3299254 651519 608 359
3299255 651519 608 23891
3299256 651520 608 359
3299262 96835 608 359
3299263 96835 608 6290
3299264 651524 608 40
3299265 651524 608 873
3299271 75907 608 359
3299272 75907 608 2199
3299273 75907 608 29
3299274 75907 608 2543
3299275 651527 608 359
3299276 651527 608 4057
3299281 651530 608 44
3299282 651530 608 4406
3299283 651531 608 359
3299284 651531 608 5980
3299285 651531 608 4057
3299286 651532 608 367
3299287 651533 608 734
3299288 651533 608 44829
3299289 651533 608 26591
3299290 651534 608 731
3299291 651534 608 4057
3299292 651534 608 7412
3299294 651535 608 1565
3299295 651536 608 42002
3299296 651536 608 3290
3299297 651536 608 2816
3299298 651537 608 359
3299299 651538 608 44
3299302 651540 608 941
3299303 651541 608 992
3299304 651541 608 359
3299305 651541 608 311
3299306 651542 608 2520
3299307 651542 608 1820
3299309 651545 608 1565
3299310 651546 608 7412
3299311 651546 608 359
3299312 651546 608 4057
3299313 651547 608 557
3299314 651547 608 1565
3299323 311044 608 583
3299324 651552 608 359
3299325 651552 608 122395
3299326 651552 608 4016
3299330 651554 608 29
3299331 651554 608 4406
3299332 393180 608 503
3299333 393180 608 912
3299346 651559 608 359
3299347 651559 608 1820
3299348 468664 608 1554
3299349 468664 608 307
3299350 468664 608 869
3299351 651560 608 1162
3299352 651560 608 869
3299359 651563 608 28
3299360 651563 608 11
3299363 651565 608 38830
3299364 651565 608 88181
3299365 651565 608 4057
3299366 651566 608 359
3299373 651568 608 359
3299378 651570 608 359
3299379 651570 608 4057
3299380 651571 608 894
3299384 651574 608 359
