3299392 296311 609 719
3299393 296311 609 3807
3299394 296311 609 1304
3299401 251569 609 6515
3299402 251569 609 20878
3299403 251569 609 76747
3299404 251569 609 81594
3299423 651583 609 1191
3299424 651583 609 996
3299431 248241 609 503
3299432 248241 609 6515
3299435 11437 609 4140
3299436 97425 609 941
3299437 97425 609 7372
3299438 97425 609 6
3299439 187336 609 11
3299440 187336 609 98
3299441 187336 609 2233
3299442 187336 609 12350
3299443 187336 609 8582
3299444 651586 609 2216
3299445 651587 609 29
3299446 651588 609 29
3299447 301373 609 2993
3299448 301373 609 3750
3299449 301373 609 17336
3299450 301373 609 29137
3299451 301373 609 168997
3299452 651589 609 1191
3299453 651589 609 109171
3299454 651589 609 1823
3299455 651590 609 29363
3299456 651590 609 27282
3299457 651590 609 1191
3299458 651590 609 1723
3299459 651591 609 392
3299460 651591 609 27655
3299461 651592 609 29
3299462 651592 609 127
3299463 651592 609 2100
3299464 651592 609 982
3299465 651593 609 21
3299466 651593 609 1943
3299467 651593 609 503
3299468 651593 609 5761
3299469 651594 609 359
3299470 651594 609 80
3299480 651600 609 1897
3299481 651600 609 503
3299482 651600 609 1126
3299494 418582 609 941
3299495 418582 609 138
3299496 418582 609 3750
3299500 651605 609 15
3299501 651605 609 4434
3299502 651605 609 5174
3299503 651605 609 46474
3299504 651605 609 49288
3299505 651606 609 6515
3299506 651606 609 301
3299510 586983 609 912
3299511 586983 609 507
3299512 586983 609 1004
3299513 586983 609 1690
3299514 494023 609 138
3299515 494023 609 307
3299516 494023 609 4068
3299521 651610 609 331
3299522 651610 609 1651
3299523 651610 609 20753
3299539 94340 609 614
3299540 94340 609 79841
3299541 94340 609 73508
3299542 94340 609 104046
3299543 94340 609 24437
3299544 94340 609 4174
3299548 651614 609 52519
3299549 651614 609 1897
3299550 651614 609 1367
3299551 651614 609 4071
3299552 651614 609 169001
3299553 651614 609 6
3299556 65905 609 941
3299557 65905 609 3824
3299558 65905 609 3750
3299559 65905 609 2993
3299560 129091 609 139
3299561 129091 609 2330
3299562 129091 609 11
3299563 129091 609 15226
3299564 104521 609 1647
3299565 104521 609 359
3299566 104521 609 169002
3299567 80988 609 1191
3299568 651615 609 503
3299569 651615 609 2187
3299570 651616 609 111981
3299571 651616 609 523
3299572 65970 609 16001
3299573 65970 609 74214
3299574 651617 609 21
3299575 651617 609 11
3299576 651617 609 8461
3299577 651617 609 13471
3299578 651617 609 32436
3299579 651617 609 98
3299580 651617 609 72
3299581 651617 609 638
3299582 651617 609 865
3299583 651618 609 1191
3299584 651618 609 1723
3299585 651618 609 15
3299589 270984 609 1897
3299590 270984 609 25844
3299591 651620 609 29
3299592 651620 609 1823
3299593 8430 609 503
3299594 8430 609 106880
3299606 23145 609 21
3299607 23145 609 941
3299608 23145 609 3750
3299624 651623 609 1162
3299625 651623 609 25201
3299628 651625 609 359
3299629 651625 609 3203
3299630 651625 609 28
3299631 651625 609 4028
3299632 61437 609 2907
3299633 59391 609 359
3299634 59391 609 11
3299635 59391 609 3266
3299636 59391 609 1162
3299637 59391 609 1823
3299643 123477 609 29363
3299644 123477 609 1191
3299653 192538 609 1647
3299654 192538 609 139
3299655 192538 609 1126
3299665 651634 609 1191
3299666 651634 609 10428
3299667 651634 609 1722
3299668 69553 609 1191
3299669 69553 609 1723
3299671 651636 609 29363
3299672 651636 609 1191
3299673 651636 609 1723
3299681 710949 609 1191
3299682 710949 609 1723
3299683 710949 609 3760
3299684 710949 609 1264
3299685 710949 609 120942
3299693 274387 609 15
3299694 274387 609 1239
3299696 454252 609 17380
3299697 454252 609 1723
3299698 454252 609 72
3299699 11841 609 21401
3299700 11841 609 1897
3299701 12756 609 2907
3299705 256723 609 3151
3299706 256723 609 29
3299707 12794 609 4036
3299708 12794 609 11
3299709 12794 609 2993
3299710 12794 609 72
3299719 650880 609 15
3299720 650880 609 49680
3299721 650880 609 1722
3299722 650880 609 1191
3299723 650880 609 4657
3299724 174165 609 1191
3299725 174165 609 1723
3299726 174165 609 42601
3299727 174165 609 1722
3299728 174165 609 503
3299734 432437 609 1191
3299735 432437 609 359
3299736 432437 609 4057
3299737 432437 609 49602
3299741 115211 609 8527
3299745 12957 609 108
3299746 12957 609 8676
3299749 20028 609 2072
3299750 20028 609 1897
3299751 20028 609 15
3299761 1950390 609 1565
3299762 1950390 609 42098
3299763 1950390 609 2460
3299764 1950390 609 16797
3299771 81739 609 941
3299772 81739 609 15270
3299773 81739 609 816
3299774 81739 609 3750
3299775 81739 609 21140
3299776 81739 609 2072
3299781 651651 609 1191
3299782 651651 609 1723
3299783 651651 609 1722
3299784 651651 609 5015
3299785 651651 609 2705
3299786 20210 609 15
3299787 20210 609 1896
3299788 20210 609 2677
3299791 651653 609 1762
3299792 651653 609 359
3299793 651653 609 311
3299794 651653 609 169004
3299796 651655 609 1647
3299797 651655 609 311
3299798 651655 609 1897
3299802 651657 609 17380
3299803 651657 609 4657
3299804 651657 609 1453
3299821 26700 609 29
3299822 26700 609 813
3299831 651661 609 1191
3299832 651661 609 23720
3299841 651665 609 503
3299842 23483 609 139
3299843 23483 609 2907
3299844 68143 609 1722
3299845 68143 609 17383
3299846 68143 609 109171
3299847 68143 609 638
3299848 68143 609 72
3299849 651666 609 1191
3299850 651666 609 1723
3299851 651666 609 29300
3299852 651666 609 10428
3299853 651666 609 115065
3299866 8793 609 1823
3299867 5554 609 941
3299868 5554 609 20408
3299869 5554 609 1162
3299870 5554 609 2993
3299876 135994 609 80
3299877 135994 609 359
3299878 135994 609 2358
3299882 397304 609 29
3299885 651669 609 1050
3299886 651669 609 1591
3299888 651670 609 1191
3299889 651670 609 1723
3299897 651671 609 3394
3299898 651671 609 3613
3299899 651671 609 1129
3299900 651672 609 941
3299901 651672 609 1897
3299902 651672 609 138
3299903 651672 609 6
3299904 32029 609 2404
3299905 32029 609 1313
3299906 32029 609 80
3299907 32029 609 4129
3299908 374238 609 6684
3299909 374238 609 941
3299910 651673 609 1823
3299911 651674 609 1191
3299912 651674 609 1723
3299913 651674 609 1722
3299914 651674 609 23104
3299915 651674 609 22752
3299916 651675 609 1191
3299917 651675 609 1823
3299918 651676 609 5782
3299919 651676 609 138
3299920 651676 609 941
3299921 190486 609 1897
3299928 55296 609 2907
3299929 651679 609 1191
3299930 651679 609 1723
3299937 651681 609 29
3299953 651683 609 1191
3299954 651683 609 3807
3299957 67524 609 1647
3299958 67524 609 1162
3299964 651685 609 359
3299965 651685 609 311
3299966 651685 609 4057
3299967 651685 609 83041
3299968 651685 609 15727
3299973 651687 609 1191
3299974 651687 609 4657
3299975 651687 609 23720
3299976 651687 609 882
3299977 651687 609 169006
3299978 651687 609 169011
3299979 651687 609 1723
3299980 275278 609 342
3299981 651688 609 507
3299982 651688 609 106624
3299983 651689 609 20579
3299987 478595 609 503
3299988 478595 609 3807
3299991 651692 609 359
3299992 651692 609 53476
3299999 651693 609 4373
3300000 651693 609 1823
3300001 650911 609 1191
3300002 650911 609 4174
3300003 651694 609 5815
3300004 651694 609 16800
3300005 651694 609 3145
3300006 651694 609 5489
3300007 91208 609 3807
3300008 651695 609 1124
3300009 651695 609 503
3300010 14536 609 643
3300011 14536 609 2993
3300012 14536 609 11
3300013 14536 609 516
3300014 651696 609 15
3300015 651696 609 1704
3300016 14582 609 109171
3300017 14582 609 1722
3300018 14582 609 638
3300021 651697 609 169012
3300022 651697 609 104
3300023 651697 609 23960
3300024 651697 609 169013
3300025 651697 609 7095
3300032 651699 609 27535
3300033 651699 609 3396
3300034 651699 609 169014
3300035 651699 609 1321
3300036 651700 609 638
3300037 651700 609 1231
3300038 651700 609 10022
3300039 651700 609 1313
3300040 67772 609 638
3300041 67772 609 276
3300042 67772 609 307
3300043 67772 609 1779
3300044 651701 609 527
3300045 651701 609 188
3300046 651701 609 8676
3300047 651702 609 1191
3300048 651702 609 2023
3300049 651702 609 26240
3300050 651702 609 10991
3300051 651702 609 169015
3300052 651702 609 41221
3300053 651702 609 4154
3300058 318516 609 503
3300059 318516 609 1126
3300060 651704 609 15518
3300061 651705 609 1191
3300062 651705 609 1723
3300063 651705 609 125
3300064 651705 609 15819
3300065 651706 609 1191
3300066 651706 609 1723
3300067 651706 609 13896
3300082 347738 609 80
3300083 651709 609 503
3300084 651709 609 3151
3300085 651709 609 39
3300086 651709 609 128078
3300087 651709 609 18988
3300088 651709 609 7095
3300089 651709 609 1395
3300090 651709 609 2089
3300095 651711 609 4036
3300096 651711 609 1647
3300097 651711 609 169016
3300101 275578 609 2072
3300102 275578 609 1897
3300103 275578 609 503
3300108 651714 609 359
3300109 651714 609 1647
3300110 651714 609 126855
3300111 651714 609 49919
3300112 651714 609 81472
3300113 364551 609 311
3300114 364551 609 342
3300115 364551 609 719
3300117 178475 609 1715
3300118 178475 609 29282
3300119 178475 609 16819
3300122 651716 609 361
3300123 651716 609 16452
3300124 651716 609 1897
3300125 651716 609 638
3300144 637530 609 17380
3300145 637530 609 1191
3300146 637530 609 1723
3300147 637530 609 1823
3300150 651724 609 1647
3300151 651724 609 4108
3300152 651724 609 1896
3300153 651724 609 32850
3300154 651724 609 11253
3300161 651727 609 27282
3300162 651727 609 1191
3300163 651727 609 1162
3300166 523277 609 1722
3300167 523277 609 109171
3300168 523277 609 638
3300173 651730 609 20579
3300176 105311 609 6515
3300177 105311 609 1943
3300178 105311 609 503
3300185 651733 609 941
3300197 651736 609 1702
3300198 651736 609 29
3300202 651737 609 1702
3300203 651738 609 17380
3300204 651738 609 1723
3300205 257661 609 6515
3300206 257661 609 29
3300207 448475 609 791
3300208 448475 609 41133
3300209 448475 609 6780
3300210 448475 609 6685
3300211 651739 609 5782
3300212 651739 609 1896
3300213 1950393 609 791
3300214 1950393 609 6780
3300215 1950393 609 11
3300223 651742 609 8527
3300225 27799 609 7010
3300226 27799 609 138
3300227 27799 609 712
3300228 651744 609 2585
3300229 651744 609 359
3300230 651744 609 1802
3300231 651744 609 1823
3300235 523454 609 359
3300236 523454 609 70974
3300237 523454 609 5910
3300238 651746 609 17380
3300239 651746 609 1723
3300240 651747 609 1191
3300241 651747 609 25124
3300242 651747 609 1722
3300250 651750 609 503
3300251 324237 609 2993
3300252 324237 609 6327
3300253 324237 609 1897
3300254 651751 609 1162
3300255 651751 609 1647
3300256 651751 609 21
3300257 651751 609 169016
3300258 651751 609 4091
3300264 651753 609 50550
3300265 651753 609 169017
3300266 651753 609 1764
3300267 651753 609 50598
3300268 651753 609 169018
3300280 651756 609 523
3300281 287213 609 941
3300282 287213 609 257
3300283 287213 609 3750
3300284 287213 609 47216
3300290 651757 609 1284
3300291 651757 609 1647
3300292 651757 609 4057
3300300 651760 609 17380
3300301 651760 609 4297
3300302 651760 609 311
3300303 651761 609 941
3300304 651761 609 6327
3300305 651761 609 2993
3300306 651761 609 214
3300307 82706 609 503
3300308 82706 609 3807
3300317 651764 609 1191
3300324 651766 609 80
3300325 651766 609 4116
3300326 651767 609 25201
3300327 127454 609 25201
3300328 651768 609 523
3300329 651768 609 1823
3300340 651771 609 1191
3300341 651771 609 21083
3300342 75714 609 507
3300343 75714 609 1647
3300344 75714 609 19756
3300361 651776 609 503
3300362 651776 609 1126
3300363 651776 609 18162
3300364 651776 609 28924
3300368 651777 609 21543
3300369 651777 609 2993
3300370 651777 609 3824
3300371 9857 609 20461
3300377 285736 609 638
3300378 285736 609 1591
3300379 285736 609 536
3300380 651779 609 1304
3300381 651779 609 1239
3300387 651781 609 1191
3300388 651781 609 1722
3300389 419963 609 70
3300390 419963 609 1382
3300391 419963 609 304
3300392 249723 609 80
3300393 651782 609 1191
3300394 651782 609 1723
3300395 651782 609 18707
3300396 651782 609 20161
3300403 105615 609 1176
3300404 105615 609 6715
3300405 105615 609 2762
3300409 24380 609 941
3300410 24380 609 1647
3300411 24380 609 138
3300417 127536 609 825
3300418 127536 609 138
3300419 651784 609 359
3300420 651784 609 2690
3300421 651784 609 6291
3300422 276498 609 8676
3300423 276498 609 2907
3300430 651786 609 1191
3300447 651789 609 2072
3300448 651789 609 1191
3300449 651790 609 21
3300450 651790 609 169021
3300451 651790 609 1943
3300452 651790 609 503
3300453 651790 609 5761
3300457 651791 609 5765
3300458 651791 609 813
3300459 651791 609 3389
3300460 651791 609 23720
3300461 651792 609 1191
3300462 651792 609 4116
3300463 651792 609 4657
3300468 266077 609 2364
3300469 266077 609 1565
3300470 266077 609 643
3300475 651795 609 523
3300476 651796 609 1313
3300477 651796 609 6938
3300478 651796 609 11
3300479 651796 609 5126
3300481 105689 609 11
3300482 105689 609 791
3300483 105689 609 294
3300484 105689 609 72
3300488 410355 609 44
3300489 410355 609 1121
3300495 651800 609 1897
3300496 651800 609 2677
3300497 651800 609 20896
3300498 651800 609 1823
3300501 651802 609 359
3300502 651802 609 2589
3300506 35770 609 668
3300507 35770 609 11
3300508 35770 609 8676
3300509 651803 609 23943
3300510 651803 609 1647
3300511 651803 609 301
3300512 651803 609 4057
3300513 651804 609 15
3300514 651804 609 1239
3300515 12177 609 16
3300518 651806 609 813
3300519 651806 609 311
3300521 651808 609 503
3300524 478875 609 1191
3300525 478875 609 1723
3300526 478875 609 169023
3300535 651811 609 941
3300537 152487 609 359
3300538 390062 609 503
3300539 390062 609 1802
3300548 651813 609 503
3300553 62127 609 359
3300557 69957 609 941
3300558 69957 609 2236
3300559 69957 609 41783
3300560 69957 609 342
3300576 279993 609 17380
3300577 279993 609 1802
3300578 651816 609 359
3300579 651816 609 1431
3300580 651816 609 4160
3300581 651816 609 19507
3300582 651817 609 44
3300583 651817 609 374
3300584 651817 609 188
3300585 651817 609 5387
3300590 358769 609 1050
3300591 358769 609 1591
3300592 358769 609 503
3300599 651822 609 1191
3300600 651822 609 1723
3300601 651822 609 125
3300602 651822 609 1722
3300603 650913 609 1191
3300604 650913 609 1723
3300605 650913 609 10428
3300606 650913 609 112891
3300607 650913 609 19900
3300608 651823 609 1897
3300609 651823 609 1591
3300613 179905 609 29
3300614 179905 609 882
3300615 179905 609 4396
3300616 39824 609 1191
3300621 651827 609 15
3300622 651827 609 1191
3300623 651827 609 4657
3300624 651828 609 29
3300625 651828 609 503
3300626 651828 609 1126
3300627 651828 609 18162
3300628 651829 609 3362
3300631 651831 609 523
3300632 651831 609 1126
3300633 358704 609 2520
3300634 358704 609 2990
3300635 358704 609 2376
3300636 651832 609 1367
3300637 651832 609 1897
3300638 651832 609 1779
3300639 651833 609 359
3300640 651833 609 4004
3300641 651834 609 2993
3300642 651834 609 507
3300643 79389 609 1647
3300644 79389 609 318
3300645 79389 609 139
3300656 93014 609 11
3300657 93014 609 359
3300658 93014 609 311
3300659 93014 609 6515
3300660 93014 609 23277
3300661 651837 609 95358
3300662 651837 609 2964
3300663 651837 609 39114
3300664 651837 609 1902
3300665 651837 609 29
3300666 651838 609 27655
3300667 651838 609 19688
3300668 651838 609 32850
3300669 540586 609 21
3300670 540586 609 138
3300677 45618 609 11
3300678 45618 609 25201
3300679 45618 609 791
3300680 45618 609 967
3300681 45618 609 820
3300682 651839 609 28
3300683 651839 609 11
3300684 651839 609 374
3300685 651839 609 8525
3300690 339590 609 1191
3300691 339590 609 1843
3300692 339590 609 12169
3300703 575595 609 80
3300708 650982 609 15
3300709 650982 609 169026
3300710 650982 609 57190
3300711 651845 609 1191
3300712 651845 609 4116
3300713 651846 609 1191
3300714 651846 609 6515
3300715 651846 609 4657
3300716 651847 609 1191
3300717 651847 609 21083
3300718 651848 609 311
3300719 651848 609 639
3300720 651848 609 825
3300721 276756 609 6515
3300722 651849 609 1191
3300723 651849 609 15518
3300724 246551 609 1191
3300725 246551 609 523
3300726 246551 609 503
3300727 246551 609 6515
3300728 246551 609 1943
3300729 122958 609 25201
3300733 125052 609 21
3300734 125052 609 11
3300735 125052 609 8461
3300736 125052 609 72
3300739 124973 609 614
3300740 124973 609 1722
3300741 124973 609 8527
3300742 124973 609 1191
3300743 651851 609 1191
3300744 651851 609 1722
3300745 651851 609 1723
3300746 651851 609 23720
3300747 651851 609 50550
3300748 540080 609 126855
3300749 540080 609 29488
3300750 540080 609 359
3300751 540080 609 81472
3300752 650988 609 1191
3300753 650988 609 21083
3300754 651852 609 3726
3300755 651852 609 1923
3300756 651852 609 1897
3300757 651852 609 21
3300758 478033 609 1191
3300759 478033 609 1722
3300760 478033 609 503
3300761 478033 609 10428
3300762 651853 609 1191
3300763 651853 609 1723
3300764 651854 609 1191
3300765 651854 609 1722
3300766 651854 609 1723
3300767 651854 609 23008
3300769 651856 609 98
3300772 651858 609 21
3300773 651858 609 4088
3300774 651858 609 1191
3300775 651858 609 1723
3300782 651862 609 3362
3300783 651863 609 1191
3300784 651864 609 523
3300785 651864 609 16001
3300786 651865 609 1191
3300787 651866 609 25201
3300788 651866 609 29
3300792 651867 609 21
3300793 651867 609 311
3300794 651868 609 4036
3300795 651868 609 28
3300796 651868 609 11
3300797 651868 609 8461
3300798 651868 609 820
3300801 98982 609 2358
3300802 98982 609 80
3300810 161917 609 941
3300811 161917 609 3750
3300812 161917 609 4057
3300813 161917 609 21140
3300814 651871 609 80
3300822 338170 609 44
3300823 279605 609 311
3300824 279605 609 8659
3300831 651875 609 1191
3300832 651875 609 5815
3300833 651875 609 1722
3300834 651875 609 13907
3300837 37651 609 941
3300838 479862 609 311
3300844 651877 609 2585
3300845 651877 609 523
3300853 650980 609 1191
3300854 650980 609 1723
3300855 650980 609 25206
3300856 650980 609 1231
3300862 651883 609 1723
3300863 651883 609 1191
3300864 651883 609 4823
3300865 651883 609 169006
3300870 110533 609 80
3300871 651884 609 26713
3300872 651885 609 774
3300873 651885 609 169030
3300878 651888 609 1191
3300879 651888 609 1722
3300880 651888 609 503
3300881 651889 609 1191
3300882 651889 609 83114
3300883 651889 609 15518
3300884 367828 609 29
3300885 367828 609 1284
3300889 651890 609 1162
3300890 651890 609 3151
3300891 651890 609 3654
3300892 651890 609 1823
3300893 637663 609 6515
3300894 346959 609 503
3300895 346959 609 24789
3300896 346959 609 27372
3300897 346959 609 1943
3300898 22430 609 1647
3300899 22430 609 1313
3300900 22430 609 865
3300901 22430 609 18087
3300902 22430 609 1178
3300903 22430 609 1176
3300906 651892 609 25201
3300908 651894 609 1191
3300909 651894 609 1823
3300916 651898 609 8676
3300917 651898 609 2907
3300921 651900 609 29
3300922 651900 609 1823
3300929 1950396 609 1191
3300930 651018 609 15
3300931 651018 609 4657
3300932 651018 609 1191
3300946 651907 609 1191
3300947 22481 609 1647
3300948 22481 609 2404
3300949 22481 609 1897
3300950 22481 609 2907
3300951 468357 609 1191
3300952 468357 609 39
3300953 468357 609 1239
3300966 651911 609 2990
3300967 651911 609 301
3300968 651911 609 2376
3300974 29873 609 8676
3300975 29873 609 1034
3300977 651912 609 1191
3300978 651912 609 1823
3300983 651916 609 359
3300989 651919 609 11
3300990 651919 609 1335
3300991 651919 609 148664
3300992 651919 609 8461
3300994 651921 609 12169
3300995 651922 609 3807
3300998 651924 609 15
3300999 651924 609 20579
3301000 468696 609 125
3301001 468696 609 4730
3301022 364884 609 28
3301023 364884 609 452
3301024 364884 609 4075
3301025 364884 609 50670
3301026 651927 609 816
3301027 651927 609 4075
3301028 651927 609 1367
3301029 651927 609 1896
