3301035 651930 610 1932
3301038 97146 610 730
3301039 97146 610 894
3301040 651932 610 2891
3301041 651932 610 730
3301042 651933 610 1743
3301043 542370 610 8778
3301044 651934 610 4167
3301045 651934 610 23859
3301047 69171 610 1191
3301048 69171 610 15
3301051 171098 610 169032
3301052 171098 610 44
3301053 171098 610 108
3301054 651935 610 6402
3301055 651935 610 169033
3301058 651937 610 51825
3301059 651938 610 169034
3301060 651939 610 20205
3301061 651939 610 819
3301062 651939 610 80
3301066 651941 610 939
3301067 651941 610 11182
3301068 651941 610 26364
3301073 651944 610 939
3301074 651945 610 8471
3301075 651945 610 169035
3301076 651945 610 374
3301080 424435 610 1747
3301081 424435 610 58644
3301082 3990 610 1175
3301092 651950 610 16422
3301093 7952 610 1191
3301099 38731 610 3
3301100 38731 610 825
3301104 651954 610 169037
3301105 651954 610 798
3301106 651955 610 1284
3301111 651957 610 895
3301112 651957 610 451
3301113 651958 610 27247
3301114 651958 610 169039
3301115 651959 610 846
3301116 651960 610 846
3301122 21837 610 44
3301123 21837 610 285
3301124 128912 610 1049
3301131 651965 610 1703
3301132 15297 610 599
3301133 15297 610 1703
3301135 651967 610 819
3301136 651967 610 939
3301137 651967 610 11
3301138 651967 610 31134
3301139 651968 610 5099
3301151 651974 610 939
3301152 651974 610 11182
3301153 651974 610 169041
3301154 651974 610 8471
3301155 110664 610 21
3301158 651976 610 95005
3301159 651976 610 16100
3301160 651976 610 11
3301167 173080 610 225
3301175 651982 610 3
3301176 651982 610 668
3301177 651982 610 2355
3301178 651982 610 44
3301179 157568 610 8461
3301180 157568 610 2498
3301181 157568 610 1058
3301182 157568 610 11
3301183 157568 610 52
3301184 157568 610 42177
3301185 12287 610 104
3301186 12287 610 9801
3301192 37928 610 169032
3301193 37928 610 44
3301194 37928 610 825
3301195 651985 610 156846
3301203 441729 610 730
3301204 441729 610 768
3301206 651989 610 1191
3301207 651990 610 42672
3301208 651990 610 846
3301209 651991 610 8580
3301210 651991 610 2625
3301211 651991 610 519
3301216 651993 610 2498
3301221 9426 610 307
3301222 9426 610 16951
3301223 9426 610 1703
3301224 9426 610 2486
3301225 651997 610 1703
3301226 651998 610 16951
3301227 651998 610 17107
3301228 651999 610 168
3301229 652000 610 9103
3301230 652000 610 24366
3301239 652005 610 12233
3301240 652005 610 4177
3301241 652005 610 4101
3301242 652005 610 12244
3301243 250419 610 169048
3301246 652006 610 29350
3301247 652006 610 90267
3301248 12686 610 154
3301249 384508 610 1106
3301250 384508 610 2916
3301251 158802 610 285
3301252 158802 610 169043
3301253 158802 610 28
3301256 46766 610 44
3301257 46766 610 941
3301258 46766 610 259
3301259 652008 610 819
3301260 652008 610 939
3301261 652008 610 18071
3301262 652008 610 11
3301267 652010 610 632
3301268 652010 610 8471
3301269 652011 610 28
3301270 652011 610 168
3301271 652012 610 19598
3301272 652012 610 28
3301273 652012 610 6961
3301274 12798 610 4140
3301275 12798 610 798
3301276 652013 610 3158
3301277 652013 610 169039
3301278 652014 610 779
3301279 652014 610 300
3301280 652015 610 451
3301281 652015 610 134181
3301284 652017 610 98578
3301285 652017 610 939
3301286 652017 610 8331
3301287 652017 610 120
3301288 652018 610 28
3301289 652018 610 57728
3301290 652018 610 27386
3301291 652019 610 1122
3301293 652021 610 1932
3301294 652021 610 1359
3301295 652022 610 1284
3301296 652023 610 1359
3301297 652023 610 1932
3301298 652024 610 285
3301299 652025 610 285
3301300 652026 610 285
3301301 652027 610 1359
3301302 652027 610 285
3301303 652027 610 1115
3301304 652028 610 285
3301305 652029 610 169053
3301306 652029 610 169054
3301307 652030 610 285
3301308 652031 610 285
3301309 652031 610 1034
3301310 652032 610 65294
3301311 652032 610 846
3301312 652032 610 1034
3301313 652033 610 53895
3301314 652033 610 29350
3301315 549786 610 52409
3301316 652034 610 11182
3301317 582280 610 1172
3301318 582280 610 10746
3301319 582280 610 19598
3301320 110694 610 635
3301321 435625 610 1034
3301322 435625 610 169049
3301335 652039 610 4140
3301336 652039 610 6973
3301337 652039 610 5140
3301338 652039 610 4370
3301339 652039 610 798
3301341 13046 610 2486
3301342 543316 610 20273
3301343 543316 610 819
3301344 543316 610 11168
3301345 543316 610 93588
3301346 652041 610 7220
3301347 652041 610 7320
3301348 652041 610 7705
3301349 439904 610 939
3301350 439904 610 541
3301351 323162 610 791
3301352 323162 610 939
3301356 652044 610 939
3301357 652044 610 57728
3301362 652046 610 5909
3301363 652046 610 285
3301364 652046 610 139
3301365 652046 610 7057
3301366 652047 610 169056
3301367 652048 610 8580
3301369 652049 610 829
3301370 652049 610 104
3301371 652050 610 1106
3301372 652051 610 168
3301373 652051 610 169057
3301385 652054 610 15252
3301386 652054 610 169058
3301387 652054 610 169059
3301391 652056 610 779
3301392 652057 610 894
3301393 652058 610 4051
3301394 652058 610 16100
3301395 652058 610 53876
3301397 652060 610 169061
3301398 652060 610 1034
3301399 192668 610 6
3301400 192668 610 2486
3301401 652061 610 63241
3301402 652061 610 2428
3301403 652061 610 8432
3301404 652062 610 3153
3301405 652062 610 169032
3301406 652063 610 8471
3301407 652063 610 169062
3301408 652063 610 632
3301412 652066 610 779
3301413 652066 610 939
3301417 652068 610 794
3301418 652068 610 21
3301423 186207 610 4036
3301424 186207 610 51305
3301429 652073 610 12233
3301430 652073 610 939
3301431 652073 610 126960
3301432 652074 610 101869
3301433 652074 610 28
3301438 419046 610 895
3301443 435764 610 4230
3301444 435764 610 4096
3301445 435764 610 894
3301446 652077 610 1450
3301447 252028 610 169048
3301448 252028 610 4579
3301449 252028 610 4432
3301450 652078 610 169065
3301451 652078 610 104
3301452 652078 610 4284
3301453 652078 610 41975
3301454 652078 610 11
3301455 348936 610 24704
3301456 348936 610 730
3301457 652080 610 901
3301458 3287 610 846
3301459 652081 610 264
3301460 652081 610 65294
3301461 652081 610 1034
3301462 652082 610 939
3301463 652082 610 169066
3301464 652082 610 608
3301466 652084 610 2642
3301470 403974 610 57589
3301473 652088 610 65294
3301474 652088 610 1034
3301475 652088 610 869
3301476 652089 610 1172
3301486 652091 610 599
3301487 652092 610 939
3301488 652092 610 1004
3301489 652092 610 643
3301490 652092 610 102025
3301491 652093 610 6961
3301492 79769 610 68
3301493 79769 610 72961
3301494 652094 610 164878
3301495 652094 610 108573
3301496 652094 610 939
3301497 652094 610 57728
3301498 652095 610 1049
3301499 652095 610 819
3301504 652097 610 1034
3301505 652097 610 1303
3301506 652097 610 10223
3301509 652099 610 41133
3301510 652099 610 42076
3301511 652099 610 12233
3301513 1950400 610 939
3301514 1950400 610 79532
3301515 1950400 610 28105
3301516 1950400 610 38333
3301519 647823 610 939
3301520 647823 610 11168
3301521 652101 610 1819
3301522 652101 610 668
3301523 652101 610 169032
3301524 652101 610 3
3301525 652101 610 149776
3301530 332729 610 802
3301531 332729 610 41980
3301539 652106 610 307
3301540 652106 610 4896
3301541 652106 610 6257
3301542 652106 610 221
3301543 652106 610 4441
3301549 448055 610 2498
3301550 448055 610 1106
3301551 448055 610 276
3301552 448055 610 3767
3301555 652108 610 100142
3301556 652108 610 100773
3301557 652108 610 30340
3301558 652108 610 19598
3301559 652109 610 908
3301560 652109 610 4126
3301563 638268 610 643
3301564 638268 610 52
3301575 536144 610 24322
3301576 536144 610 846
3301577 536144 610 1321
3301583 652114 610 939
3301584 652114 610 169072
3301585 652114 610 819
3301586 652115 610 79483
3301587 652115 610 939
3301588 338894 610 894
3301589 338894 610 24315
3301590 338894 610 730
3301594 652119 610 8580
3301599 323704 610 2404
3301600 412201 610 18639
3301601 412201 610 3
3301602 652121 610 169075
3301603 652122 610 169076
3301604 652122 610 40472
3301605 652122 610 62063
3301606 14536 610 250
3301607 14536 610 258
3301608 14536 610 873
3301609 335068 610 829
3301610 335068 610 104
3301611 335068 610 4293
3301617 94691 610 369
3301618 94691 610 4308
3301619 652124 610 4579
3301620 652124 610 28
3301623 530385 610 2486
3301624 530385 610 1347
3301625 530385 610 7057
3301626 530385 610 798
3301629 305659 610 18639
3301630 305659 610 169077
3301633 652127 610 4721
3301634 6593 610 795
3301635 6593 610 2605
3301638 652129 610 668
3301639 652129 610 7705
3301640 652129 610 149776
3301641 11361 610 1191
3301642 356513 610 42076
3301643 356513 610 6453
3301644 356513 610 643
3301645 652130 610 264
3301646 652130 610 120
3301647 652131 610 8535
3301655 652135 610 169081
3301656 652136 610 798
3301657 652136 610 11
3301658 652136 610 7220
3301659 652137 610 51569
3301660 652138 610 169074
3301661 652138 610 620
3301663 652140 610 1284
3301664 652140 610 2642
3301665 652141 610 1034
3301666 652141 610 1191
3301668 652143 610 8580
3301669 652144 610 794
3301670 652144 610 28
3301671 652144 610 7220
3301672 652144 610 169057
3301675 652146 610 101869
3301676 652146 610 28
3301677 652147 610 169084
3301678 652147 610 8580
3301681 378441 610 28
3301682 378441 610 885
3301683 652149 610 1154
3301684 652150 610 285
3301694 159458 610 4173
3301695 652152 610 939
3301699 12861 610 110109
3301700 12861 610 2642
3301701 652155 610 901
3301702 652155 610 819
3301705 652157 610 26034
3301706 652158 610 27247
3301707 642417 610 1034
3301708 652159 610 1034
3301710 652160 610 5924
3301711 652160 610 9194
3301712 652161 610 5099
3301713 652161 610 104
3301714 335585 610 794
3301715 335585 610 12376
3301717 652162 610 1565
3301718 652162 610 1896
3301719 652162 610 20567
3301722 652163 610 51825
3301730 652167 610 5099
3301731 478696 610 829
3301733 652169 610 895
3301734 652169 610 451
3301735 652170 610 1804
3301736 652170 610 730
3301738 652172 610 8471
3301742 652175 610 15
3301743 652176 610 8776
3301744 652176 610 8331
3301745 652176 610 6409
3301746 542899 610 665
3301747 542899 610 52
3301751 652179 610 41253
3301753 652181 610 1049
3301756 652184 610 4126
3301766 652189 610 65294
3301767 652189 610 1034
3301768 652189 610 15712
3301773 321158 610 894
3301774 321158 610 1058
3301775 321158 610 10162
3301776 321158 610 5229
3301777 652190 610 8331
3301778 652191 610 65294
3301779 652191 610 1034
3301780 652191 610 1932
3301785 652194 610 29693
3301790 249387 610 915
3301791 249387 610 285
3301794 652197 610 169090
3301797 652199 610 19598
3301798 87054 610 169039
3301800 652201 610 11182
3301801 652201 610 169091
3301802 652201 610 939
3301803 652201 610 79483
3301806 652204 610 53135
3301807 24243 610 457
3301811 652205 610 24316
3301812 652205 610 1409
3301813 652205 610 72154
3301814 652205 610 865
3301815 652205 610 30
3301825 652206 610 894
3301826 652206 610 74994
3301827 652207 610 169092
3301828 652208 610 340
3301829 652208 610 780
3301830 652208 610 63241
3301834 194979 610 188
3301835 194979 610 8580
3301836 652210 610 895
3301839 652212 610 6840
3301840 652212 610 169058
3301843 652214 610 939
3301844 652214 610 369
3301845 652214 610 102025
3301846 652214 610 307
3301847 652214 610 105419
3301849 652216 610 8535
3301850 652216 610 169060
3301851 652217 610 8471
3301852 652218 610 169073
3301853 652218 610 169046
3301854 652218 610 169039
3301857 285920 610 1703
3301861 652222 610 1012
3301863 652224 610 20280
3301864 652224 610 20167
3301865 652225 610 8580
3301866 652226 610 18639
3301867 652226 610 169077
3301868 652227 610 1325
3301869 652227 610 28
3301870 652227 610 7057
3301871 652227 610 19598
3301872 265955 610 120
3301873 265955 610 264
3301874 265955 610 1058
3301877 652229 610 5099
3301878 652230 610 5099
3301879 652231 610 80540
3301880 652231 610 5099
3301881 652232 610 73147
3301882 652232 610 5099
3301885 652235 610 6
3301889 652236 610 28
3301890 652236 610 8310
3301891 652236 610 1739
3301892 652237 610 8471
3301895 652238 610 836
3301896 652239 610 753
3301897 652239 610 8468
3301898 652239 610 297
3301899 652239 610 169095
3301904 652241 610 64
3301905 652242 610 133669
3301906 652242 610 169038
3301907 652243 610 11182
3301908 652243 610 939
3301909 652244 610 939
3301910 652244 610 3153
3301911 652244 610 57728
3301912 652244 610 895
3301913 652244 610 451
3301914 652245 610 846
3301915 652246 610 68617
3301919 648834 610 939
3301920 648834 610 825
3301921 652248 610 169097
3301927 652252 610 4649
3301928 652253 610 8330
3301929 652253 610 168
3301930 652253 610 16603
3301931 648887 610 8471
3301932 648887 610 169062
3301936 652254 610 28
3301937 652254 610 7220
3301938 652254 610 1049
3301939 1950403 610 169098
3301940 1950403 610 939
3301941 1950403 610 169041
3301942 652255 610 169048
3301948 652257 610 104
3301949 652257 610 829
3301950 652257 610 79532
3301951 652257 610 4173
3301952 652258 610 169051
3301953 652258 610 632
3301954 652258 610 1739
3301955 652258 610 8580
3301957 652260 610 169046
3301959 652262 610 4058
3301960 652262 610 4082
3301961 652262 610 616
3301962 652262 610 1611
3301963 652263 610 794
3301964 652263 610 753
3301965 652264 610 5924
3301966 652264 610 154
3301967 652264 610 3
3301970 652266 610 5332
3301971 652266 610 47238
3301975 652269 610 18639
3301980 652272 610 27247
3301981 395108 610 1182
3301982 395108 610 169099
3301983 395108 610 124248
3301989 407926 610 1611
3301998 652277 610 1133
3301999 652278 610 4293
3302000 32487 610 44
3302001 32487 610 6737
3302002 32487 610 338
3302005 652280 610 632
3302006 652280 610 169051
3302007 652281 610 4036
3302008 652281 610 51305
3302012 113111 610 27919
3302013 652283 610 5099
3302016 652285 610 16100
3302017 652285 610 7265
3302018 652285 610 80
3302023 652288 610 100773
3302024 652288 610 19598
3302030 652291 610 1034
3302033 170148 610 6
3302034 170148 610 10223
3302037 652294 610 65294
3302038 652294 610 869
3302039 652294 610 1115
3302040 652294 610 1034
3302041 652295 610 19598
3302042 652295 610 28
3302043 652295 610 6961
3302044 652296 610 8330
3302045 652296 610 8267
3302046 652296 610 1703
3302047 652297 610 93588
3302048 652297 610 28
3302049 652297 610 169039
3302054 652300 610 632
3302055 652300 610 27247
3302056 652300 610 8471
3302057 652301 610 7217
3302058 652301 610 873
3302059 652302 610 28
3302060 652302 610 7220
3302061 652302 610 100142
3302062 307625 610 4579
3302063 307625 610 4432
3302064 536965 610 939
3302065 536965 610 52159
3302066 536965 610 46212
3302069 122232 610 1197
3302070 122232 610 1303
3302071 122232 610 1034
3302072 1950404 610 939
3302075 652305 610 142
3302076 652305 610 7220
3302079 652307 610 285
3302080 652307 610 1405
3302081 652307 610 65294
3302084 652309 610 21
3302085 652309 610 643
3302086 652309 610 451
3302087 145101 610 643
3302088 145101 610 20
3302089 652310 610 15
3302090 32555 610 1870
3302097 369978 610 798
3302100 652315 610 24206
3302101 652315 610 2642
3302102 652316 610 1034
3302103 652316 610 846
3302104 652316 610 3151
3302107 652318 610 27276
3302108 652318 610 169101
3302109 652318 610 42076
3302110 652319 610 1034
3302111 652320 610 28
3302112 652320 610 1739
3302113 652320 610 1359
3302119 652322 610 6912
3302120 122958 610 16025
3302121 629072 610 318
3302122 629072 610 169032
3302123 629072 610 57143
3302124 95164 610 4
3302125 95164 610 285
3302132 652326 610 79483
3302133 652326 610 939
3302134 652326 610 169102
3302141 652329 610 285
3302142 652329 610 139
3302145 652331 610 794
3302146 652331 610 753
3302147 652331 610 8461
3302148 652332 610 11168
3302149 652332 610 264
3302150 652332 610 11
3302151 652332 610 134181
3302152 652333 610 27247
3302153 652333 610 7868
3302154 652333 610 169039
3302155 652334 610 939
3302156 652334 610 8331
3302157 652334 610 79483
3302159 652336 610 4579
3302160 652336 610 4432
3302163 652338 610 7123
3302164 652338 610 894
3302165 652338 610 635
3302170 56332 610 1106
3302171 56332 610 129
3302172 56332 610 1703
3302173 56332 610 1058
3302174 56332 610 3
3302175 56332 610 154
3302176 652340 610 27247
3302177 652341 610 8471
3302178 652342 610 311
3302179 346837 610 1446
3302182 134462 610 1722
3302183 134462 610 1034
3302184 134462 610 1191
3302185 266534 610 4579
3302186 266534 610 4432
3302189 411618 610 846
3302190 160278 610 8471
3302193 86350 610 6840
3302200 652348 610 668
3302201 652348 610 21
3302202 652348 610 4005
3302203 652348 610 11
3302204 652348 610 169036
3302214 652351 610 4005
3302215 652351 610 28
3302216 652351 610 7220
3302217 652351 610 7705
3302218 652351 610 7320
3302222 652353 610 4601
3302223 652353 610 169108
3302224 652353 610 895
3302225 652354 610 8035
3302226 652354 610 169109
3302227 652354 610 169110
3302228 652354 610 753
3302229 652354 610 30942
3302230 652355 610 52710
3302231 652355 610 11168
3302235 652358 610 11182
3302236 652358 610 169111
3302237 1950405 610 126997
3302238 1950405 610 939
3302242 652360 610 51825
3302243 27665 610 1133
3302244 27665 610 2013
3302245 652361 610 28087
3302253 457244 610 104
3302254 457244 610 1937
3302255 652364 610 6690
3302256 652370 610 8331
3302257 652370 610 632
3302258 652370 610 169051
3302259 652371 610 939
3302260 652371 610 169113
3302265 278501 610 4177
3302266 151583 610 1133
3302267 652366 610 846
3302268 652367 610 2080
3302269 652367 610 8471
3302270 27482 610 829
3302275 652376 610 939
3302276 652376 610 80685
3302277 108521 610 1303
3302278 108521 610 104059
3302279 652377 610 4051
3302280 652377 610 24346
3302281 652377 610 7670
3302287 652380 610 779
3302288 266683 610 700
3302289 266683 610 16951
3302290 266683 610 2486
3302292 113250 610 240
3302293 652382 610 27247
3302294 652382 610 8471
3302295 639182 610 941
3302296 639182 610 169114
3302297 652383 610 1303
3302298 652383 610 4886
3302299 652383 610 169115
3302300 652383 610 1034
3302302 123080 610 4615
3302303 123080 610 169096
3302307 112549 610 1703
3302308 112549 610 1932
3302310 63390 610 188
3302311 63390 610 63241
3302312 332673 610 1034
3302313 652387 610 41253
3302314 652388 610 169116
3302317 652389 610 169043
3302318 652389 610 169117
3302319 652390 610 27247
3302320 652390 610 169039
3302327 652393 610 794
3302328 652393 610 8331
3302329 652393 610 169119
3302332 540333 610 794
3302333 540333 610 8035
3302334 540333 610 820
3302335 652394 610 168
3302339 42957 610 19598
3302340 652395 610 27276
3302341 652395 610 169101
3302342 652395 610 42076
3302344 97037 610 3
3302346 79050 610 3
3302347 79050 610 1303
3302348 652398 610 52
3302349 652398 610 939
3302350 652398 610 102025
3302351 652398 610 819
3302352 32765 610 4177
3302353 32765 610 149586
3302358 652372 610 169106
3302359 652372 610 939
3302360 652372 610 168
3302361 652373 610 120
3302362 652373 610 54787
