154170 42964 62 3567
154198 42987 62 375
154202 42990 62 138
154203 42990 62 1233
154240 43022 62 125
154252 43031 62 2404
154253 43032 62 2404
154256 43035 62 29
154264 43041 62 138
154266 43043 62 4028
154268 43045 62 221
154269 43045 62 144
154305 43075 62 138
154310 43079 62 138
154311 43079 62 4028
154312 43080 62 4028
154314 43082 62 1284
154319 43087 62 3147
154336 43101 62 5469
154342 18493 62 39
154345 43108 62 2564
154348 43111 62 39
154356 18257 62 2404
154359 43120 62 11037
154363 43122 62 359
154366 43125 62 138
154371 43130 62 2564
154380 43136 62 941
154381 34475 62 138
154395 43148 62 29
154403 43155 62 11037
154407 43159 62 125
154408 11790 62 39
154414 43165 62 375
154415 43166 62 375
154416 43167 62 375
154424 43174 62 1939
154425 43174 62 375
154430 43179 62 375
154435 43184 62 1664
154436 43184 62 1642
154441 43189 62 11032
154444 43191 62 39
154445 43192 62 5782
154452 43198 62 5782
154455 43200 62 1233
154462 43206 62 1186
154464 43208 62 3567
154466 43210 62 138
154468 43211 62 11037
154473 43216 62 3190
154479 18902 62 1186
154485 43226 62 1897
154486 43227 62 6439
154487 43228 62 138
154488 43228 62 3567
154499 43236 62 11032
154505 43239 62 5782
154506 43240 62 5891
154530 43260 62 1664
154535 43264 62 1897
154545 43273 62 144
154548 211 62 138
154562 43283 62 3147
154572 25981 62 1233
154575 43291 62 138
154576 43292 62 3290
154577 43292 62 11037
154578 43293 62 3290
154579 43293 62 11037
154590 43302 62 6439
154592 43304 62 5782
154595 43306 62 5469
154597 43308 62 39
154613 43319 62 3567
154617 43323 62 5469
154618 43324 62 144
154623 43328 62 5469
154625 43329 62 39
154630 43334 62 2404
154633 43336 62 437
154635 40086 62 3567
154637 19367 62 125
154639 43340 62 5782
154640 43341 62 144
154642 43343 62 125
154644 43345 62 138
154646 43346 62 3147
154655 43354 62 138
154658 43357 62 138
154659 43358 62 144
154661 43360 62 29
154666 43365 62 1897
154673 43372 62 1233
154677 43376 62 3567
154682 23179 62 3567
154683 43380 62 1897
154686 43383 62 11044
154711 43404 62 1233
154727 43419 62 437
154730 43422 62 3147
154732 43424 62 1642
154741 43431 62 441
154760 43446 62 2520
154761 43447 62 2520
154763 43449 62 2520
154779 23293 62 138
154780 43462 62 125
154789 43468 62 138
154791 43470 62 1664
154792 43471 62 3190
154794 43473 62 7404
154796 43475 62 3190
154802 43480 62 4729
154804 43482 62 3290
154805 43482 62 39
154806 43483 62 2520
154808 43485 62 4028
154813 38996 62 138
154814 43490 62 125
154816 43492 62 138
154821 43497 62 1897
154822 43497 62 11048
154824 43499 62 144
154825 239 62 138
154831 244 62 138
154837 43506 62 11032
154840 43509 62 285
154843 43512 62 5782
154844 43513 62 2520
154846 43515 62 127
154849 43517 62 125
154867 43531 62 375
154869 43533 62 138
154876 38052 62 138
154877 34685 62 138
154880 43541 62 1233
154881 37171 62 138
154882 40623 62 138
154883 43542 62 144
154886 43545 62 3567
154891 43548 62 138
154896 43551 62 138
154899 43552 62 1233
154906 43558 62 125
154916 43567 62 941
154924 43574 62 2520
154931 43580 62 138
154932 43581 62 3190
154935 3142 62 39
154937 43585 62 3567
154944 43591 62 2404
154955 43600 62 2404
154958 43601 62 1664
154959 43602 62 3147
154960 43602 62 564
154962 43603 62 2404
154968 5368 62 39
154986 23465 62 1186
154994 43628 62 2520
154998 43631 62 221
154999 43631 62 144
155000 43632 62 1664
155021 43651 62 5827
155027 5519 62 39
155028 5519 62 1147
155050 43674 62 138
155057 3287 62 3290
155058 3287 62 11037
155059 23543 62 359
155064 43683 62 3190
155071 43689 62 2404
155076 41518 62 2817
155078 23564 62 285
155083 43694 62 138
155084 43695 62 285
155085 43696 62 1802
155091 43701 62 1611
155105 43711 62 1664
155106 43711 62 1642
155107 43712 62 3190
155109 34776 62 2404
155112 43716 62 7404
155114 43718 62 3285
155117 43720 62 221
155118 43720 62 144
155120 43722 62 221
155122 43724 62 138
155136 41562 62 2404
155138 29226 62 2404
155140 43739 62 2404
155141 43740 62 3290
155152 43751 62 7404
155156 43754 62 5469
155157 43755 62 5469
155160 43756 62 144
155163 2167 62 1664
155164 2167 62 7360
155170 43762 62 1897
155172 43764 62 6439
155174 5901 62 1802
155178 43768 62 1664
155179 43769 62 144
155185 43772 62 138
155186 43773 62 1141
155189 43774 62 5782
155192 43776 62 359
155193 43777 62 138
155201 43785 62 1284
155202 43786 62 125
155203 43786 62 138
155204 43787 62 138
155205 26314 62 1233
155208 43789 62 359
155212 43793 62 941
155226 43803 62 359
155237 43811 62 5469
155240 43813 62 125
155243 43816 62 5827
155249 6163 62 39
155256 26344 62 138
155257 26344 62 3567
155258 43827 62 564
155259 43827 62 2404
155261 6197 62 39
155262 43829 62 39
155263 43830 62 2420
155272 43838 62 138
155273 43839 62 138
155275 43841 62 4123
155276 43842 62 39
155277 43843 62 3190
155278 43844 62 11046
155286 43851 62 359
155290 43855 62 941
155296 43860 62 5469
155315 43877 62 29
155316 43877 62 1664
155318 43879 62 1897
155322 43883 62 2520
155325 43886 62 1897
155326 43887 62 1897
155327 6392 62 1897
155329 43889 62 29
155339 43898 62 39
155368 43922 62 1897
155377 43929 62 39
155381 43933 62 1897
155383 43935 62 3147
155384 43936 62 961
155389 32117 62 2404
155408 43952 62 1233
155409 6728 62 138
155415 6759 62 138
155416 43956 62 3567
155418 43958 62 138
155419 43958 62 5782
155420 43960 62 1664
155431 43971 62 3147
155432 40691 62 5782
155434 43973 62 39
155437 43975 62 3567
155444 43981 62 1359
155445 43982 62 29
155447 43984 62 1284
155452 43988 62 138
155458 43992 62 441
155459 43993 62 941
155464 43998 62 2520
155472 44006 62 138
155473 44007 62 3567
155487 44015 62 1664
155488 44015 62 127
155494 2728 62 1284
155496 44021 62 6648
155510 44033 62 11055
155511 44034 62 3190
155515 44038 62 2404
155516 44039 62 1702
155517 44040 62 2564
155522 44045 62 1702
155527 16425 62 39
155529 44051 62 3190
155531 44053 62 5827
155542 44063 62 3147
155543 44063 62 138
155544 40709 62 3147
155545 44064 62 3147
155546 22654 62 138
155547 22654 62 3147
155549 44066 62 3147
155558 27799 62 138
155560 44073 62 29
155562 44075 62 1702
155565 44078 62 11058
155566 44079 62 11037
155570 44083 62 5782
155589 44101 62 941
155602 44113 62 359
155621 44131 62 29
155623 44133 62 39
155624 44133 62 11037
155633 2209 62 1019
155634 44141 62 11036
155635 44142 62 138
155636 44143 62 1702
155638 44145 62 437
155639 44146 62 5782
155640 44147 62 11037
155641 44148 62 375
155643 44150 62 29
155644 44150 62 1664
155650 44156 62 29
155665 44168 62 29
155677 44179 62 11038
155680 44181 62 138
155682 44183 62 4385
155683 44184 62 3147
155684 44184 62 4385
155685 44184 62 437
155700 44196 62 1233
155704 44200 62 3190
155711 44204 62 2520
155713 22400 62 523
155717 44208 62 138
155723 44213 62 1233
155739 44229 62 125
155753 16756 62 3147
155754 16756 62 138
155757 44245 62 39
155772 44257 62 2520
155774 44258 62 138
155778 44261 62 39
155786 44266 62 39
155791 44270 62 1897
155792 44271 62 125
155811 44289 62 29
155812 44290 62 125
155814 44292 62 318
155820 26304 62 138
155821 26304 62 6439
155822 44297 62 6439
155825 44299 62 1141
155826 44300 62 1141
155829 44303 62 6439
155830 44303 62 1141
155831 44304 62 2564
155835 35160 62 1007
155838 38548 62 285
155844 44313 62 437
155848 16869 62 285
155857 44323 62 138
155859 44325 62 3190
155862 44328 62 359
155868 44333 62 1233
155872 9975 62 1147
155873 44336 62 125
155876 44339 62 39
155879 44341 62 1802
155900 44360 62 4028
155905 44362 62 285
155911 44368 62 1147
155917 44374 62 11047
155922 44378 62 138
155936 44388 62 3147
155937 44389 62 138
155942 44394 62 441
155949 44401 62 39
155955 44407 62 1233
155967 44417 62 39
155973 44423 62 359
155974 1638 62 2520
155976 44425 62 5827
155977 44426 62 29
155978 44426 62 731
155980 44428 62 1897
155985 44432 62 125
156001 1399 62 5
156009 44451 62 138
156010 44452 62 2404
156014 1813 62 39
156015 44456 62 2520
156016 44457 62 39
156017 44458 62 1664
156020 44461 62 1233
156023 44464 62 138
156024 44464 62 1233
156026 42872 62 138
156027 44465 62 1664
156034 44471 62 941
156040 44477 62 138
156041 44478 62 1897
156042 44479 62 1897
156046 44483 62 5782
156049 26914 62 138
156054 44489 62 2564
156061 22351 62 285
156062 44496 62 2520
156067 44499 62 3567
156074 44506 62 437
156076 44508 62 1897
156080 25448 62 816
156082 44512 62 1897
156084 44513 62 1897
156087 44516 62 1147
156088 44517 62 1233
156092 44521 62 2072
156093 44521 62 1897
156109 44532 62 6267
156121 44543 62 2520
156122 44544 62 2520
156124 44546 62 5782
156130 44551 62 3190
156139 44559 62 437
156144 40434 62 437
156148 17274 62 39
156149 44567 62 125
156150 44567 62 39
156167 44583 62 144
156189 44601 62 1802
156190 44601 62 2520
156191 44601 62 3524
156193 44603 62 4028
156194 44603 62 138
156196 44605 62 1897
156198 37642 62 138
156201 44608 62 5782
156203 44610 62 2520
156204 44611 62 39
156206 44613 62 1802
156207 44613 62 1897
156209 44615 62 138
156211 44617 62 5469
156213 212 62 3147
156214 212 62 138
156215 44619 62 3147
156220 44623 62 138
156222 44624 62 39
156225 44627 62 1233
156230 44632 62 11047
156239 44639 62 1019
156243 44641 62 11046
156248 44645 62 138
156261 44656 62 4028
156262 44656 62 1664
156269 37679 62 39
156275 17537 62 1147
156277 44666 62 941
156287 44674 62 11036
156290 40817 62 11036
156291 44677 62 11036
156293 36900 62 2858
156294 44679 62 138
156297 44681 62 138
156305 44689 62 125
156311 44693 62 4028
156319 44700 62 29
156326 44707 62 1897
156335 42942 62 138
156336 44714 62 3190
156339 44717 62 1897
156340 44717 62 375
156343 44720 62 1664
156345 44722 62 44
156346 25061 62 39
156347 44723 62 138
156350 17367 62 138
156357 44730 62 144
156361 44733 62 138
156364 44735 62 144
156365 44736 62 144
156367 44738 62 144
156368 44739 62 144
156369 44740 62 144
156372 44743 62 39
156374 27543 62 4028
156375 44745 62 125
156376 44746 62 138
156379 44748 62 138
156380 44749 62 4028
156382 44751 62 11042
156384 435 62 4028
156385 44753 62 39
156387 44755 62 125
156392 44759 62 138
156398 44765 62 138
156399 44766 62 941
156400 44767 62 1233
156402 44769 62 144
156411 44777 62 2520
156415 44779 62 29
156416 44780 62 29
156421 44784 62 285
156439 44801 62 6439
156447 38897 62 138
156448 38897 62 39
156454 44809 62 941
156456 44810 62 5827
156459 44813 62 359
156466 44817 62 359
156480 44828 62 1664
