3358494 665932 622 16959
3358495 665932 622 367
3358496 665932 622 828
3358497 665932 622 168
3358499 665933 622 55724
3358500 665933 622 4036
3358501 665933 622 122345
3358502 665933 622 93123
3358516 665937 622 1896
3358517 665937 622 15
3358518 665937 622 16959
3358531 577195 622 1257
3358532 577195 622 16767
3358533 577195 622 4265
3358534 577195 622 1808
3358535 577195 622 771
3358536 577195 622 1171
3358537 665942 622 11
3358538 665942 622 138
3358539 665942 622 757
3358540 665942 622 4297
3358541 665942 622 16959
3358542 665943 622 570
3358543 665943 622 44
3358544 665943 622 139
3358545 665943 622 1728
3358546 665943 622 1138
3358547 665943 622 367
3358548 665943 622 240
3358549 665943 622 635
3358554 665945 622 165500
3358555 665945 622 264
3358556 665945 622 4196
3358557 665945 622 41562
3358558 665945 622 367
3358559 665946 622 41696
3358560 665946 622 16959
3358561 196023 622 4036
3358562 196023 622 367
3358563 196023 622 16959
3358564 196023 622 1058
3358565 196023 622 2155
3358570 31799 622 367
3358571 31799 622 53830
3358572 665948 622 159170
3358573 665948 622 3200
3358574 665948 622 38856
3358575 665948 622 367
3358576 665948 622 4662
3358577 665948 622 170340
3358578 665949 622 159170
3358579 665949 622 27610
3358580 665949 622 4662
3358581 665949 622 16959
3358582 665949 622 367
3358583 63082 622 221
3358584 63082 622 285
3358585 63082 622 1058
3358586 665950 622 100
3358587 665950 622 1347
3358588 665950 622 8614
3358594 665953 622 170341
3358595 665953 622 11
3358596 665953 622 139
3358597 665953 622 4418
3358598 665953 622 4270
3358599 665953 622 285
3358600 665953 622 6351
3358603 665955 622 29661
3358604 665955 622 34867
3358605 665955 622 170342
3358606 58345 622 367
3358607 58345 622 77
3358608 58345 622 96290
3358609 58345 622 16959
3358610 665956 622 4140
3358611 665956 622 343
3358614 665957 622 104
3358615 665957 622 63
3358616 665957 622 1172
3358617 665957 622 1154
3358618 665957 622 1728
3358619 665957 622 1173
3358620 665958 622 2100
3358621 665958 622 4058
3358622 665958 622 16959
3358632 665960 622 54240
3358633 665960 622 16959
3358634 665960 622 1779
3358635 665961 622 16959
3358636 665962 622 606
3358637 665962 622 2100
3358638 665962 622 4472
3358639 665962 622 63
3358640 665962 622 4082
3358641 665962 622 2936
3358658 665965 622 48284
3358659 665965 622 846
3358660 665965 622 123335
3358661 665965 622 367
3358662 665966 622 11
3358663 665966 622 1058
3358664 665966 622 75
3358665 665966 622 359
3358666 665966 622 785
3358667 665966 622 4051
3358668 665966 622 2816
3358669 665966 622 285
3358670 665966 622 6609
3358674 11825 622 42195
3358675 11825 622 367
3358676 11825 622 16959
3358677 11825 622 170343
3358682 264698 622 730
3358683 264698 622 895
3358684 264698 622 6737
3358685 264698 622 635
3358686 264698 622 982
3358687 264698 622 1299
3358688 665969 622 170344
3358692 65523 622 3151
3358693 65523 622 5906
3358694 65523 622 23873
3358695 665972 622 1560
3358696 665972 622 3151
3358697 665972 622 359
3358698 665972 622 846
3358699 665972 622 11
3358700 665972 622 1119
3358701 665972 622 1779
3358702 665973 622 3200
3358703 665973 622 12145
3358704 665973 622 16959
3358707 665974 622 30278
3358708 665974 622 28492
3358709 665974 622 4417
3358710 665974 622 68100
3358714 665976 622 912
3358715 665976 622 5197
3358716 665976 622 3265
3358717 665976 622 1230
3358718 665976 622 1004
3358719 665976 622 982
3358730 665979 622 98
3358731 665979 622 285
3358732 665979 622 8835
3358733 665979 622 139
3358741 240547 622 29
3358742 406069 622 570
3358743 406069 622 996
3358744 406069 622 2100
3358745 406069 622 4472
3358746 406069 622 991
3358754 41103 622 13963
3358755 41103 622 46
3358756 41103 622 287
3358757 41103 622 4668
3358758 41103 622 785
3358759 41103 622 79346
3358760 41103 622 285
3358761 41103 622 221
3358762 665983 622 4736
3358763 665983 622 4307
3358764 665983 622 4044
3358765 665983 622 77
3358775 12115 622 8333
3358776 12115 622 4432
3358777 12115 622 29449
3358778 12115 622 7326
3358779 12115 622 4142
3358780 12115 622 92264
3358781 12115 622 7868
3358791 529765 622 873
3358792 529765 622 54646
3358793 529765 622 90
3358794 529765 622 1321
3358795 423234 622 4515
3358796 423234 622 1896
3358797 423234 622 1625
3358806 665988 622 29
3358807 665988 622 730
3358808 665988 622 2550
3358809 636706 622 16025
3358810 636706 622 2486
3358811 636706 622 50697
3358812 636706 622 286
3358813 636706 622 4329
3358814 636706 622 1134
3358815 636706 622 748
3358816 636706 622 4196
3358817 636706 622 59788
3358818 665989 622 894
3358819 665989 622 1313
3358820 665989 622 3394
3358821 665989 622 6729
3358828 665991 622 873
3358829 665991 622 4036
3358830 665991 622 16959
3358831 665992 622 4092
3358832 665992 622 125
3358833 665993 622 829
3358834 665993 622 11093
3358835 665993 622 39934
3358836 665993 622 4165
3358837 665993 622 6000
3358838 665993 622 259
3358839 665993 622 86014
3358840 665994 622 367
3358841 665994 622 46679
3358842 665994 622 81122
3358843 665994 622 60451
3358844 665994 622 170348
3358845 665994 622 104
3358846 665994 622 86014
3358847 665995 622 367
3358848 665995 622 960
3358849 665995 622 170349
3358850 665995 622 829
3358851 665995 622 170348
3358852 665995 622 104
3358853 194309 622 59788
3358854 194309 622 367
3358855 194309 622 620
3358856 194309 622 4144
3358857 301546 622 1191
3358858 301546 622 1209
3358859 301546 622 882
3358860 301546 622 3816
3358861 301546 622 7918
3358866 240609 622 367
3358867 240609 622 4098
3358882 564823 622 29
3358883 564823 622 77
3358884 564823 622 127
3358885 564823 622 331
3358886 564823 622 2936
3358887 564823 622 941
3358888 564823 622 1113
3358893 177167 622 373
3358894 177167 622 28
3358895 177167 622 29
3358896 95624 622 4144
3358897 95624 622 104
3358898 95624 622 367
3358899 95624 622 748
3358900 95624 622 16959
3358910 60415 622 16959
3358911 60415 622 44
3358912 60415 622 374
3358913 60415 622 80495
3358925 666002 622 1352
3358926 666002 622 3998
3358927 666002 622 100
3358928 12388 622 104
3358929 12388 622 748
3358930 12388 622 2906
3358931 12388 622 285
3358932 129488 622 100
3358933 129488 622 43955
3358934 129488 622 1064
3358935 277541 622 100
3358936 277541 622 8676
3358937 666003 622 5182
3358938 666003 622 100473
3358939 666003 622 1390
3358940 666003 622 367
3358941 666004 622 7327
3358942 666004 622 7232
3358943 666004 622 9022
3358944 12619 622 29
3358945 12619 622 139
3358946 12619 622 11
3358951 666006 622 4912
3358952 666006 622 30
3358953 666006 622 920
3358962 666008 622 158777
3358963 666008 622 264
3358964 666008 622 4335
3358965 666008 622 15250
3358966 666008 622 170352
3358967 666008 622 367
3358968 666009 622 3220
3358969 666009 622 15361
3358999 666015 622 285
3359000 666015 622 1231
3359001 666015 622 17379
3359002 666015 622 54240
3359003 547693 622 92369
3359004 547693 622 70913
3359005 547693 622 170356
3359006 547693 622 873
3359007 547693 622 877
3359008 547693 622 52
3359009 547693 622 1162
3359010 547693 622 1347
3359011 547693 622 2993
3359012 547693 622 259
3359013 547693 622 1344
3359014 336247 622 42103
3359015 336247 622 1058
3359016 336247 622 1331
3359017 336247 622 6402
3359018 336247 622 367
3359019 336247 622 4621
3359020 336247 622 16627
3359024 93886 622 1390
3359025 93886 622 4144
3359032 666018 622 4293
3359033 666018 622 170357
3359034 666018 622 5687
3359035 666018 622 1154
3359036 666018 622 748
3359047 666021 622 127810
3359048 666021 622 170358
3359051 666024 622 367
3359052 666024 622 1298
3359053 666024 622 18230
3359059 415532 622 798
3359060 415532 622 865
3359061 415532 622 1160
3359062 187652 622 798
3359063 187652 622 367
3359064 187652 622 1115
3359065 187652 622 20130
3359066 581470 622 367
3359067 581470 622 798
3359068 581470 622 1739
3359069 666025 622 100
3359070 666025 622 798
3359071 666025 622 72025
3359072 666025 622 7234
3359073 666025 622 7167
3359080 666026 622 104
3359081 666026 622 4196
3359092 666028 622 2290
3359093 666028 622 2441
3359094 666028 622 1159
3359095 666028 622 38986
3359096 23392 622 825
3359097 23392 622 6280
3359098 23392 622 138
3359099 23392 622 44
3359100 23392 622 64
3359101 23392 622 285
3359106 666029 622 29
3359107 666029 622 1305
3359108 666029 622 2884
3359112 647505 622 1135
3359113 647505 622 2993
3359114 647505 622 798
3359115 647505 622 7327
3359116 647505 622 4036
3359117 647505 622 16959
3359118 13224 622 4173
3359119 13224 622 100
3359120 13224 622 20196
3359121 13224 622 4354
3359122 13224 622 16959
3359123 13224 622 367
3359124 13224 622 1728
3359125 666032 622 6290
3359126 666032 622 3200
3359127 666032 622 1230
3359128 666032 622 79
3359129 666032 622 367
3359130 666032 622 1728
3359131 13264 622 100
3359132 13264 622 44
3359133 13264 622 75
3359134 194473 622 2891
3359135 194473 622 100
3359136 194473 622 264
3359137 194473 622 11
3359139 5323 622 774
3359140 5323 622 2895
3359141 5323 622 1976
3359142 5323 622 16959
3359143 267699 622 748
3359144 267699 622 12147
3359145 267699 622 367
3359146 267699 622 4335
3359147 267699 622 1172
3359148 267699 622 59788
3359157 66877 622 820
3359158 66877 622 170362
3359161 666037 622 8318
3359162 666037 622 469
3359163 666037 622 23715
3359164 406530 622 131791
3359165 406530 622 1747
3359166 406530 622 1133
3359167 406530 622 100
3359168 406530 622 11
3359169 406530 622 618
3359175 666039 622 4173
3359176 666039 622 15
3359179 200464 622 8778
3359180 200464 622 2936
3359181 200464 622 4
3359182 200464 622 5080
3359183 200464 622 16959
3359184 200464 622 1728
3359187 666040 622 4036
3359188 666040 622 29
3359189 666041 622 4036
3359190 666041 622 28
3359191 666041 622 3998
3359192 666042 622 3151
3359193 666042 622 78157
3359194 666042 622 102984
3359195 666042 622 4736
3359199 666044 622 606
3359200 666044 622 877
3359201 666044 622 81421
3359202 666044 622 4298
3359203 666044 622 367
3359204 666045 622 167583
3359205 666045 622 359
3359206 666045 622 11
3359207 666046 622 127810
3359208 666046 622 4031
3359209 666047 622 54240
3359210 666047 622 15185
3359211 666047 622 882
3359212 666047 622 150
3359213 666047 622 1147
3359214 666047 622 2469
3359215 666048 622 3998
3359216 666048 622 168
3359217 212 622 1999
3359218 212 622 138
3359219 212 622 3147
3359220 666049 622 84196
3359221 666049 622 104
3359222 666049 622 2440
3359223 666049 622 374
3359224 666049 622 1115
3359225 666049 622 638
3359226 666049 622 24282
3359231 447869 622 3490
3359232 447869 622 748
3359233 447869 622 285
3359234 447869 622 1115
3359235 447869 622 367
3359247 8473 622 53830
3359248 419066 622 3151
3359249 419066 622 6618
3359250 419066 622 41423
3359251 535979 622 16959
3359252 535979 622 3366
3359253 535979 622 44
3359254 535979 622 318
3359255 535979 622 57538
3359256 535979 622 52
3359257 535979 622 276
3359258 648013 622 4009
3359259 648013 622 730
3359278 240810 622 81258
3359279 240810 622 391
3359280 240810 622 877
3359281 240810 622 38200
3359282 240810 622 19489
3359287 454609 622 1191
3359288 666054 622 104
3359289 666054 622 12278
3359290 666054 622 14015
3359291 666054 622 1373
3359292 666054 622 637
3359293 666054 622 4292
3359294 666054 622 77
3359295 666054 622 829
3359319 666061 622 748
3359320 666061 622 44
3359321 666061 622 8835
3359322 666061 622 41028
3359323 666061 622 164500
3359324 666061 622 155
3359325 666061 622 170363
3359328 666063 622 6755
3359329 666063 622 4196
3359330 666063 622 1058
3359344 666068 622 1160
3359345 666068 622 49708
3359350 53180 622 2138
3359351 53180 622 104
3359352 53180 622 1728
3359353 53180 622 4335
3359354 53180 622 1154
3359355 53180 622 276
3359356 53180 622 1172
3359357 53180 622 748
3359358 53180 622 24363
3359359 666070 622 3582
3359360 666070 622 730
3359361 666071 622 865
3359362 666071 622 29665
3359363 666071 622 5406
3359364 666071 622 170364
3359365 666071 622 367
3359366 666071 622 16959
3359367 14309 622 1728
3359368 14309 622 873
3359369 14309 622 1160
3359370 14309 622 311
3359376 614135 622 63
3359377 614135 622 100
3359378 614135 622 10282
3359379 614135 622 16959
3359380 666074 622 4895
3359381 666074 622 734
3359382 666074 622 367
3359383 666075 622 11559
3359384 666075 622 1049
3359385 666075 622 150227
3359386 666075 622 1611
3359387 666075 622 29853
3359388 666075 622 11583
3359389 666075 622 606
3359390 666075 622 7326
3359391 666075 622 920
3359392 666076 622 865
3359393 666076 622 18280
3359394 666076 622 5406
3359395 666076 622 170364
3359396 666076 622 367
3359397 666076 622 16959
3359402 1938231 622 276
3359403 1938231 622 8818
3359404 1938231 622 285
3359405 1938231 622 100
3359406 1938231 622 50725
3359409 14254 622 44
3359410 14254 622 285
3359411 14254 622 748
3359412 14254 622 643
3359413 14254 622 139
3359414 14254 622 100
3359415 14254 622 4333
3359416 666080 622 100
3359417 666080 622 4162
3359418 666080 622 1339
3359419 666080 622 7122
3359420 666080 622 1135
3359421 666081 622 4356
3359422 666081 622 29
3359423 666081 622 4767
3359424 666081 622 813
3359425 666082 622 170362
3359426 666083 622 908
3359427 666083 622 873
3359428 666083 622 3998
3359430 666085 622 391
3359431 666085 622 161432
3359432 666085 622 73552
3359433 636813 622 136263
3359434 636813 622 65841
3359435 636813 622 58769
3359436 636813 622 161432
3359439 666086 622 168
3359440 666086 622 4036
3359441 666086 622 3998
3359442 666086 622 908
3359450 666088 622 35451
3359451 666088 622 1313
3359452 666088 622 816
3359453 666088 622 2585
3359454 666089 622 2100
3359455 666089 622 1313
3359456 666089 622 4058
3359457 666089 622 4472
3359458 666089 622 19777
3359459 666090 622 1058
3359460 666090 622 100
3359461 666090 622 8371
3359462 666091 622 2494
3359463 666091 622 2177
3359464 666091 622 3379
3359477 666093 622 7546
3359478 666093 622 4270
3359479 666093 622 1058
3359480 666094 622 25115
3359481 666094 622 29
3359482 666094 622 23715
3359483 666094 622 16959
3359484 666095 622 1049
3359485 666095 622 3580
3359486 666095 622 4335
3359487 666095 622 50697
3359488 666095 622 7326
3359489 666095 622 7327
3359490 666095 622 748
3359491 666095 622 507
3359492 666095 622 1004
3359493 666096 622 125
3359494 666096 622 748
3359495 666096 622 104
3359496 666096 622 4144
3359497 666096 622 16959
3359519 665557 622 27575
3359520 665557 622 3638
3359521 665557 622 156100
3359522 665557 622 155
3359523 665557 622 4196
3359524 665557 622 1172
3359525 665557 622 7098
3359526 665557 622 6733
3359529 23817 622 655
3359530 23817 622 4713
3359531 23817 622 4714
3359532 23817 622 1653
3359533 23817 622 4730
3359534 666102 622 8409
3359535 666102 622 8410
3359536 666102 622 2637
3359537 666102 622 1172
3359538 666102 622 11
3359552 14536 622 516
3359553 14536 622 8014
3359554 14536 622 1344
3359555 14536 622 547
3359556 14536 622 6937
3359557 14536 622 643
3359567 666104 622 30
3359568 666104 622 138
3359569 666104 622 16959
3359570 240947 622 820
3359571 240947 622 16959
3359572 240947 622 170366
3359573 666105 622 4140
3359574 666105 622 343
3359578 666107 622 367
3359579 666107 622 4098
3359580 666107 622 7302
3359581 265379 622 367
3359582 265379 622 748
3359583 265379 622 2576
3359584 265379 622 1728
3359585 265379 622 13237
3359586 265379 622 4915
3359587 183933 622 264
3359588 183933 622 285
3359589 183933 622 1739
3359590 183933 622 374
3359591 666108 622 960
3359592 666108 622 6733
3359593 666109 622 27555
3359594 666109 622 748
3359595 666109 622 4196
3359596 666109 622 6755
3359597 666109 622 367
3359598 160394 622 2355
3359599 160394 622 1504
3359600 160394 622 6779
3359601 160394 622 668
3359602 160394 622 188
3359613 666113 622 557
3359614 666113 622 3058
3359615 666113 622 6134
3359616 666113 622 2989
3359617 666113 622 9828
3359618 666113 622 2884
3359619 666113 622 53830
3359622 666115 622 3490
3359623 666115 622 8318
3359624 666115 622 13878
3359625 666115 622 2494
3359626 666115 622 59447
3359627 666116 622 16959
3359628 666116 622 4204
3359629 666116 622 53383
3359630 666117 622 1774
3359631 666117 622 53830
3359637 666119 622 1173
3359638 666119 622 3
3359639 666119 622 2230
3359640 666119 622 10154
3359641 666119 622 1728
3359642 666119 622 367
3359646 145616 622 4356
3359647 145616 622 294
3359648 145616 622 2592
3359649 145616 622 1230
3359650 145616 622 5
3359651 145616 622 2647
3359652 145616 622 982
3359653 145616 622 40
3359662 666122 622 16959
3359663 666122 622 49708
3359680 666127 622 264
3359681 666127 622 1172
3359682 666127 622 13222
3359683 666127 622 170368
3359684 666127 622 21
3359685 666127 622 16959
3359686 666127 622 10729
3359687 146825 622 748
3359688 146825 622 367
3359689 146825 622 16959
3359690 146825 622 9635
3359691 305761 622 7327
3359692 305761 622 1119
3359693 305761 622 16959
3359694 666128 622 49708
3359695 666128 622 4335
3359696 666128 622 1728
3359697 666128 622 4965
3359698 666128 622 103180
3359701 666130 622 1339
3359702 666130 622 1057
3359703 666130 622 915
3359704 666130 622 286
3359705 666130 622 285
3359706 666131 622 2138
3359707 666131 622 285
3359708 666132 622 13299
3359709 666132 622 35451
3359710 666132 622 1504
3359711 366236 622 264
3359712 366236 622 1409
3359713 366236 622 1672
3359714 666133 622 264
3359715 666133 622 4196
3359716 666133 622 748
3359717 201274 622 730
3359718 201274 622 3394
3359719 201274 622 5362
3359720 201274 622 54236
3359721 201274 622 125
3359722 201274 622 90
3359723 201274 622 638
3359724 201274 622 16422
3359725 666134 622 2427
3359726 666134 622 6349
3359727 666134 622 1115
3359728 666134 622 170369
3359745 666139 622 28
3359746 666139 622 3998
3359747 378295 622 3998
3359751 666140 622 16447
3359752 666140 622 7327
3359753 666140 622 1119
3359754 666140 622 44
3359759 666141 622 19881
3359760 666141 622 15090
3359761 666141 622 1823
3359762 666141 622 1191
3359768 666142 622 170370
3359769 666142 622 35
3359770 666142 622 125
3359771 666142 622 15
3359772 666142 622 1820
3359773 666142 622 170371
3359784 530512 622 4108
3359785 530512 622 1115
3359786 530512 622 124687
3359787 530512 622 374
3359788 492811 622 2592
3359789 492811 622 2373
3359790 492811 622 1058
3359791 492811 622 40
3359792 492811 622 4356
3359793 492811 622 77
3359794 492811 622 11
3359795 492811 622 27303
3359796 492811 622 941
3359797 492811 622 16152
3359802 666146 622 54240
3359803 666146 622 774
3359804 666146 622 992
3359811 666147 622 1331
3359812 666147 622 4736
3359813 666147 622 26323
3359814 666148 622 992
3359815 666148 622 113370
3359816 666148 622 7327
3359817 666148 622 39
3359823 666149 622 7098
3359824 666149 622 4144
3359825 666149 622 104
3359826 666149 622 4335
3359827 666149 622 748
3359828 666149 622 285
3359829 666149 622 16959
3359830 336651 622 127810
3359831 666150 622 748
3359832 666150 622 367
3359833 666150 622 24182
3359834 666150 622 170374
3359835 666150 622 98
3359836 666150 622 639
3359837 666151 622 1430
3359838 666151 622 1058
3359839 666151 622 3998
3359840 666151 622 4009
3359841 417197 622 606
3359842 417197 622 798
3359843 417197 622 960
3359844 417197 622 13359
3359845 666152 622 9001
3359846 666152 622 29709
3359847 666152 622 12752
3359852 637747 622 104
3359853 637747 622 748
3359854 637747 622 846
3359855 637747 622 120
3359856 637747 622 2290
3359857 666154 622 8785
3359858 666154 622 359
3359859 666154 622 139
3359869 666158 622 59447
3359870 666158 622 23750
3359871 666158 622 4607
3359872 666158 622 1823
3359874 666159 622 59447
3359875 666159 622 503
3359876 666159 622 4607
3359877 666159 622 1823
3359883 83255 622 8318
3359884 83255 622 20702
3359885 83255 622 1823
3359886 83255 622 53830
3359897 666162 622 128053
3359898 666162 622 1739
3359906 63908 622 894
3359907 63908 622 1115
3359908 63908 622 5123
3359909 63908 622 4002
3359910 63908 622 4210
3359911 63908 622 730
3359912 666165 622 29896
3359913 666165 622 606
3359914 666165 622 367
3359915 666165 622 4582
3359917 666166 622 4496
3359918 666166 622 5099
3359919 666166 622 104
3359920 666166 622 1172
3359921 666166 622 865
3359922 666166 622 77
3359923 666166 622 367
3359924 666166 622 4276
3359925 666166 622 374
3359926 666167 622 374
3359927 666167 622 104
3359928 666167 622 101753
3359929 24139 622 1702
3359930 666168 622 16959
3359931 666168 622 367
3359932 666168 622 1534
3359933 666168 622 1172
3359934 666168 622 21
3359935 36390 622 16627
3359954 666172 622 29
3359955 666172 622 24115
3359965 666174 622 748
3359966 666174 622 1172
3359967 666174 622 4144
3359968 666174 622 8835
3359969 666174 622 4132
3359970 666174 622 170376
3359971 666174 622 1154
3359972 666174 622 7098
3359973 666174 622 984
3359974 666174 622 170377
3359975 666174 622 164500
3359980 122597 622 100
3359981 122597 622 1739
3359982 122597 622 8676
3359983 666176 622 1331
3359984 666176 622 4736
3359985 666176 622 16959
3359986 666176 622 126799
3359987 265793 622 11783
3359988 265793 622 1013
3359989 265793 622 131631
3359990 265793 622 5933
3359991 265793 622 47055
3359993 411538 622 1191
3359994 411538 622 882
3359995 411538 622 1239
3359996 356942 622 4069
3360000 666178 622 865
3360001 666178 622 11121
3360002 666178 622 16959
3360003 436224 622 139
3360004 436224 622 734
3360005 436224 622 1678
3360006 436224 622 2886
3360012 666180 622 29
3360013 666180 622 730
3360014 666180 622 42554
3360017 487516 622 4036
3360018 487516 622 16447
3360019 487516 622 754
3360020 487516 622 41696
3360034 666183 622 9368
3360035 666183 622 11474
3360036 666183 622 29515
3360037 666183 622 1388
3360038 666183 622 49444
3360039 666183 622 170378
3360040 666183 622 941
3360041 666184 622 1172
3360042 666184 622 748
3360043 666184 622 367
3360044 199021 622 29
3360045 199021 622 846
3360046 199021 622 8572
3360047 199021 622 4065
3360048 199021 622 2543
3360049 199021 622 1430
3360050 199021 622 1429
3360051 666185 622 56966
3360052 666185 622 170379
3360053 666185 622 16959
3360054 127455 622 127
3360055 127455 622 29
3360064 666189 622 3816
3360075 666191 622 3893
3360076 666191 622 1565
3360077 666192 622 15090
3360078 666192 622 19969
3360079 666192 622 41360
3360080 666192 622 1896
3360102 75715 622 367
3360103 75715 622 2847
3360104 75715 622 264
3360105 75715 622 4329
3360106 347304 622 1728
3360113 666196 622 100
3360114 666196 622 11
3360115 666196 622 1106
3360116 666196 622 1367
3360117 666196 622 828
3360118 666196 622 30
3360119 666196 622 25729
3360131 666198 622 606
3360132 666198 622 29896
3360133 666198 622 10154
3360134 666198 622 96316
3360135 666198 622 3673
3360142 666200 622 4736
3360143 666200 622 102984
3360146 1950970 622 125561
3360147 1950970 622 170382
3360148 1950970 622 4085
3360149 1950970 622 160164
3360150 1950970 622 8333
3360151 1950970 622 20167
3360152 1950970 622 102581
3360153 1950970 622 16959
3360157 666203 622 100
3360158 666203 622 72147
3360159 666203 622 4086
3360160 666203 622 4812
3360161 666203 622 8333
3360162 755329 622 39298
3360163 755329 622 545
3360164 755329 622 5071
3360165 755329 622 2373
3360166 755329 622 264
3360167 755329 622 374
3360168 755329 622 1056
3360169 755329 622 72
3360170 539701 622 2906
3360171 539701 622 1172
3360172 539701 622 819
3360173 539701 622 1728
3360174 539701 622 16959
3360175 666204 622 1172
3360176 666204 622 1058
3360177 666204 622 139
3360178 666204 622 1171
3360179 666204 622 367
3360183 666206 622 16959
3360184 666206 622 15090
3360185 666206 622 15910
3360186 666206 622 170383
3360187 666206 622 170384
3360193 666208 622 367
3360194 666208 622 77
3360195 666208 622 96290
3360196 666208 622 16959
3360226 1918796 622 4127
3360227 1918796 622 1172
3360228 1918796 622 1058
3360229 1918796 622 367
3360230 1918796 622 5285
3360234 666212 622 28
3360235 666212 622 3998
3360236 666213 622 100
3360237 666213 622 1058
3360238 666214 622 104
3360239 666214 622 4196
3360240 666214 622 264
3360241 188168 622 894
3360242 188168 622 730
3360253 638088 622 2592
3360254 638088 622 4356
3360255 638088 622 11
3360256 638088 622 757
3360257 638088 622 16959
3360260 666217 622 154660
3360261 666217 622 3998
3360262 666217 622 4146
3360303 666226 622 170390
3360304 666226 622 100
3360305 666226 622 1135
3360306 666226 622 286
3360307 666226 622 1339
3360308 666227 622 2138
3360309 666227 622 1172
3360310 666227 622 285
3360311 666227 622 41562
3360315 666229 622 60057
3360316 666229 622 2279
3360317 666229 622 15090
3360318 666229 622 19969
3360319 666229 622 1896
3360320 666229 622 41360
3360333 666232 622 68100
3360342 1013255 622 5928
3360343 1013255 622 731
3360344 1013255 622 3318
3360345 1013255 622 77
3360346 1013255 622 331
3360347 1013255 622 795
3360358 666237 622 16447
3360359 666237 622 7346
3360360 666237 622 1728
3360368 588897 622 1563
3360369 588897 622 29896
3360370 588897 622 10154
3360371 588897 622 367
3360372 588897 622 16959
3360373 666239 622 29896
3360374 666239 622 10154
3360375 666239 622 1563
3360376 666239 622 1126
3360377 666239 622 35272
3360378 666239 622 69775
3360379 666239 622 367
3360385 27416 622 6664
3360386 27416 622 865
3360387 27416 622 886
3360388 27416 622 29665
3360398 424217 622 3158
3360399 424217 622 727
3360400 424217 622 16959
3360401 424217 622 170362
3360402 282088 622 6
3360403 282088 622 1125
3360404 282088 622 29969
3360405 282088 622 2605
3360406 282088 622 42300
3360407 282088 622 709
3360408 282088 622 77
3360409 282088 622 104
3360410 282088 622 285
3360411 282088 622 221
3360412 1950971 622 57398
3360413 1950971 622 170393
3360414 1950971 622 58431
3360415 1950971 622 457
3360434 666243 622 7327
3360435 666243 622 1133
3360436 666243 622 41028
3360437 666243 622 606
3360438 666243 622 7546
3360439 666243 622 4472
3360440 666243 622 4082
3360441 666244 622 285
3360442 666244 622 4196
3360443 666244 622 367
3360478 1950972 622 7098
3360479 1950972 622 748
3360480 1950972 622 709
3360481 1950972 622 734
3360482 666249 622 1390
3360483 666249 622 1058
3360484 666249 622 1739
3360485 666249 622 285
3360486 666249 622 20229
3360502 666252 622 748
3360503 666252 622 41028
3360504 666252 622 50177
3360505 666253 622 11121
3360506 666253 622 162966
3360507 666253 622 29661
3360508 666253 622 41562
3360509 666253 622 25729
3360510 144833 622 100
3360511 144833 622 779
3360512 666254 622 100
3360513 666254 622 75
3360514 666254 622 8776
3360515 666254 622 3158
3360516 666255 622 11
3360517 666255 622 75
3360518 666255 622 1739
3360519 666255 622 100
3360520 666255 622 1425
3360521 666255 622 170395
3360525 666256 622 1058
3360526 666256 622 100
3360533 531044 622 13564
3360534 531044 622 100
3360535 531044 622 2680
3360536 531044 622 3781
3360537 531044 622 170396
3360539 666260 622 2376
3360540 666260 622 1215
3360541 666260 622 458
3360542 666260 622 148300
3360543 666260 622 8318
3360544 666260 622 1896
3360554 666262 622 104
3360555 666262 622 1127
3360556 666262 622 4196
3360557 666263 622 104
3360558 666263 622 9755
3360559 666263 622 130187
3360560 666263 622 120
3360561 666263 622 16959
3360562 666263 622 367
3360563 666263 622 20966
3360580 666265 622 170397
3360581 666265 622 4855
3360582 666265 622 4662
3360583 666265 622 6269
3360584 666266 622 561
3360585 666266 622 4196
3360590 24550 622 1172
3360591 24550 622 285
3360592 24550 622 11
3360593 24550 622 1133
3360594 24550 622 77
3360595 24550 622 1534
3360596 24550 622 7160
3360597 24550 622 8864
3360598 24550 622 6192
3360601 666268 622 730
3360602 666268 622 6366
3360603 666268 622 40956
3360604 666268 622 894
3360605 666268 622 991
3360624 666272 622 4036
3360625 666272 622 730
3360634 531112 622 8781
3360635 531112 622 1056
3360636 531112 622 16959
3360637 531112 622 301
3360638 531112 622 40621
3360639 531112 622 865
3360640 531112 622 138
3360641 176603 622 128038
3360642 176603 622 104
3360643 176603 622 4173
3360644 176603 622 7326
3360645 176603 622 1739
3360646 176603 622 50480
3360647 176603 622 7868
3360648 649731 622 877
3360649 649731 622 170398
3360650 649731 622 18712
3360651 649731 622 4173
3360652 649731 622 42195
3360653 666275 622 367
3360654 666275 622 4098
3360655 122807 622 6762
3360656 122807 622 1021
3360657 122807 622 1115
3360658 666276 622 2729
3360659 666276 622 76
3360660 666277 622 98
3360661 666277 622 285
3360662 666277 622 6755
3360663 666277 622 1127
3360664 666277 622 748
3360665 666277 622 1323
3360666 666277 622 77
3360667 666277 622 643
3360670 666279 622 960
3360671 666279 622 1133
3360672 666279 622 1138
3360673 666279 622 16959
3360674 179753 622 16447
3360675 179753 622 138
3360686 666283 622 27303
3360687 666283 622 156
3360688 666283 622 102581
3360689 666283 622 139
3360690 666283 622 8333
3360691 666283 622 4432
3360692 666283 622 285
3360707 666286 622 76
3360708 666286 622 100
3360715 188513 622 16959
3360716 188513 622 4965
3360717 188513 622 53830
3360718 188513 622 68100
3360726 666289 622 41028
3360727 666290 622 4173
3360728 666290 622 44
3360729 666290 622 74977
3360730 666290 622 139421
3360731 666290 622 16959
3360732 666290 622 367
3360733 666291 622 3200
3360734 666291 622 1160
3360738 666293 622 748
3360739 666293 622 1115
3360760 47245 622 2922
3360761 47245 622 29748
3360762 47245 622 1420
3360763 47245 622 1133
3360764 47245 622 3153
3360765 47245 622 75
3360766 47245 622 825
3360767 47245 622 285
3360791 614969 622 4196
3360792 614969 622 748
3360793 614969 622 285
3360794 614969 622 367
3360795 614969 622 16959
3360796 666302 622 100
3360797 666302 622 7643
3360798 666302 622 24704
3360803 1950973 622 104
3360804 1950973 622 4196
3360805 1950973 622 748
3360806 1950973 622 6755
3360815 666304 622 104
3360816 666304 622 128053
3360817 666304 622 264
3360818 397780 622 100
3360819 397780 622 16422
3360820 397780 622 26374
3360821 392825 622 16422
3360822 392825 622 26374
3360823 392825 622 1780
3360832 53871 622 3998
3360833 53871 622 8676
3360842 666306 622 561
3360843 666306 622 4196
3360846 666308 622 11706
3360847 666308 622 130303
3360848 666308 622 7268
3360849 666308 622 130272
3360850 666308 622 2992
3360851 666308 622 1172
3360852 666308 622 104
3360853 666308 622 4144
3360854 666308 622 98584
3360869 531293 622 798
3360870 531293 622 960
3360871 531293 622 264
3360872 531293 622 100
3360873 531293 622 139
3360874 531293 622 1739
3360875 531293 622 285
3360876 531293 622 44
3360877 531293 622 1321
3360878 531293 622 4140
3360879 531293 622 8625
3360880 628081 622 2592
3360881 628081 622 40
3360882 628081 622 1058
3360883 628081 622 11
3360884 628081 622 4356
3360885 628081 622 81
3360886 666312 622 8692
3360887 666312 622 16959
3360888 637631 622 104
3360889 637631 622 24363
3360890 637631 622 1897
3360895 666314 622 49708
3360896 666314 622 1160
3360900 96627 622 68100
3360901 96627 622 3731
3360902 96627 622 865
3360903 96627 622 374
3360904 96627 622 4998
3360905 96627 622 73989
3360906 666315 622 4216
3360907 666315 622 108
3360908 666315 622 3203
3360909 666316 622 367
3360910 666316 622 264
3360911 666316 622 11121
3360912 666316 622 40621
3360913 56015 622 4102
3360914 56015 622 29
3360915 56015 622 882
3360916 56015 622 44
3360917 56015 622 1975
3360923 33205 622 4343
3360924 33205 622 367
3360925 33205 622 77
3360929 95556 622 7643
3360930 95556 622 16959
3360931 666320 622 2765
3360932 666320 622 1563
3360933 666320 622 1672
3360934 666320 622 367
3360940 666322 622 54240
3360957 666324 622 4371
3360958 666324 622 3425
3360959 666324 622 4145
3360960 666324 622 155
3360961 666324 622 4005
3360962 666324 622 4203
3360963 666324 622 285
3360964 666325 622 561
3360965 666325 622 4196
3360966 666326 622 170403
3360967 666326 622 865
3360968 666326 622 4196
3360969 666326 622 367
3360970 633053 622 367
3360971 633053 622 2371
3360972 633053 622 1172
3360973 633053 622 2990
3360987 397865 622 1115
3360988 397865 622 734
3360989 649417 622 6698
3360990 649417 622 170404
3360991 649417 622 6697
3360992 649417 622 1967
3360993 649417 622 170405
3360994 649417 622 12
3360995 649417 622 120
3361005 666330 622 264
3361006 666330 622 65444
3361007 666330 622 16959
3361008 605423 622 104
3361009 605423 622 285
3361010 605423 622 883
3361011 605423 622 1115
3361018 666333 622 104
3361019 666333 622 748
3361020 666333 622 1115
3361035 666336 622 1191
3361036 666336 622 2371
3361037 666336 622 1831
3361038 127806 622 2520
3361039 127806 622 16959
3361040 127806 622 1896
3361041 666337 622 2274
3361042 666337 622 1896
3361043 666337 622 638
3361044 666337 622 1565
3361045 253039 622 1390
3361046 253039 622 4144
3361047 253039 622 100
3361048 36872 622 4036
3361049 36872 622 138
3361050 36872 622 865
3361051 36872 622 42167
3361059 666338 622 15090
3361060 666338 622 2916
3361061 666338 622 2631
3361062 666338 622 102984
3361068 39141 622 4162
3361069 39141 622 100
3361070 39141 622 44
3361071 39141 622 294
3361072 39141 622 16959
3361073 39141 622 5237
3361074 666340 622 3394
3361075 666340 622 29789
3361076 666340 622 4185
3361077 666341 622 15090
3361078 666341 622 4356
3361079 666341 622 2920
3361083 193492 622 18280
3361084 32599 622 3158
3361085 32599 622 6961
3361086 32599 622 4036
3361087 666343 622 1560
3361088 666343 622 359
3361089 666343 622 1728
3361096 666345 622 4767
3361097 666345 622 5777
3361098 666346 622 294
3361099 666346 622 29
3361100 666346 622 54240
3361101 666346 622 16959
3361102 666347 622 3811
3361103 319473 622 286
3361104 319473 622 991
3361105 319473 622 2642
3361106 319473 622 570
3361107 319473 622 7004
3361108 666348 622 100
3361109 666348 622 16959
3361110 666348 622 92
3361111 666348 622 11
3361112 666349 622 4058
3361113 666349 622 606
3361114 666349 622 4472
3361115 666349 622 2100
3361116 666349 622 19777
3361117 666350 622 18552
3361118 666350 622 21849
3361119 666350 622 7869
3361120 666350 622 1406
3361121 666351 622 68100
3361122 666351 622 24355
3361123 666351 622 5262
3361124 666351 622 1316
3361125 666351 622 53830
3361126 666352 622 4036
3361127 666352 622 107665
3361128 666352 622 9663
3361129 666352 622 277
3361130 666352 622 4185
3361131 666352 622 77753
3361132 666353 622 104
3361133 666353 622 139362
3361134 666353 622 507
3361135 666353 622 6762
3361144 666356 622 23715
3361145 666356 622 6349
3361146 666356 622 15455
3361147 666356 622 68100
3361148 666357 622 4736
3361149 666357 622 2456
3361150 666357 622 507
3361151 666357 622 5765
3361152 666357 622 39019
3361153 666357 622 33519
3361154 666357 622 92002
3361155 666357 622 41137
3361157 366168 622 16959
3361158 666358 622 2155
3361159 666358 622 1126
3361160 666358 622 4216
3361175 666361 622 170407
3361176 666361 622 311
3361177 666361 622 170408
3361178 666361 622 170409
3361179 666362 622 100
3361180 666362 622 4173
3361181 666362 622 8781
3361182 666362 622 98657
3361183 666362 622 7214
3361184 666362 622 328
3361185 666362 622 474
3361186 666363 622 104
3361187 666363 622 4196
3361188 666363 622 41032
3361189 666363 622 5325
3361190 666363 622 93146
3361193 86446 622 829
3361194 86446 622 24282
3361195 86446 622 4349
3361200 666366 622 104
3361201 666366 622 865
3361202 666366 622 748
3361203 666366 622 72154
3361204 666367 622 161630
3361205 666367 622 1565
3361206 666367 622 4108
3361207 666367 622 4027
3361208 666367 622 5387
3361209 666367 622 5765
3361210 666367 622 1628
3361211 666367 622 2709
3361212 666367 622 2461
3361213 666367 622 81251
3361217 666369 622 730
3361218 666369 622 170411
3361219 666369 622 29
3361230 145716 622 4736
3361231 145716 622 15
3361232 145716 622 4715
3361233 145716 622 4713
3361234 145716 622 4943
3361235 145716 622 125
3361236 666371 622 22227
3361237 666371 622 2373
3361238 666371 622 1034
3361239 666371 622 846
3361240 666371 622 4736
3361241 666371 622 102984
3361242 666372 622 170413
3361243 666372 622 620
3361244 666372 622 7327
3361245 666372 622 367
3361246 666372 622 59788
3361264 138934 622 359
3361265 138934 622 2371
3361266 138934 622 1160
3361267 138934 622 2935
3361268 138934 622 1134
3361269 666376 622 367
3361270 666376 622 100473
3361271 666376 622 1390
3361272 666377 622 3998
3361281 1950974 622 29
3361282 1950974 622 1988
3361284 666381 622 1740
3361285 666381 622 374
3361286 666381 622 828
3361287 529493 622 613
3361288 529493 622 33902
3361289 529493 622 290
3361290 529493 622 7122
3361291 529493 622 286
3361292 529493 622 709
3361293 529493 622 3
3361294 48399 622 44
3361295 48399 622 1058
3361296 48399 622 311
3361297 48399 622 72
3361314 546658 622 68100
3361315 546658 622 1764
3361316 546658 622 3593
3361317 546658 622 1823
3361318 666384 622 4767
3361319 666384 622 15791
3361328 627649 622 820
3361336 666388 622 264
3361337 666388 622 2891
3361338 666388 622 9635
3361339 666388 622 311
3361340 666388 622 170414
3361341 666388 622 386
3361342 666388 622 1443
3361343 666388 622 16959
3361344 449801 622 16959
3361345 449801 622 24
3361346 449801 622 996
3361347 449801 622 4378
3361348 666389 622 1058
3361349 666389 622 4335
3361350 666389 622 7327
3361351 666389 622 7326
3361352 666389 622 4965
3361357 666391 622 6515
3361358 666391 622 1907
3361359 666391 622 1546
3361360 666392 622 1058
3361361 666392 622 10682
3361362 666392 622 11
3361363 666392 622 98
3361364 666392 622 4165
3361365 666394 622 132734
3361366 666394 622 100927
3361367 666394 622 11
3361368 666394 622 29
3361369 666394 622 331
3361370 666394 622 4349
3361378 1950975 622 155780
3361379 1950975 622 3200
3361380 1950975 622 80896
3361381 666396 622 1132
3361382 666396 622 603
3361383 666396 622 11
3361384 666396 622 1058
3361385 1950976 622 2592
3361386 1950976 622 12
3361387 1950976 622 1058
3361388 1950976 622 40
3361389 1950976 622 4356
3361390 1950976 622 81
3361391 1950976 622 11
3361392 1950976 622 1859
3361393 1950976 622 1106
3361394 1950976 622 2373
3361395 42952 622 125
3361396 42952 622 11
3361397 42952 622 1728
3361416 666401 622 127810
3361417 666401 622 170415
3361429 666405 622 2550
3361430 666405 622 8849
3361431 666405 622 795
3361432 666406 622 29
3361433 666406 622 4057
3361434 666406 622 1560
3361435 666406 622 13701
3361436 145467 622 876
3361437 145467 622 818
3361438 145467 622 3241
3361439 145467 622 40865
3361440 145467 622 285
3361441 145467 622 77
3361442 145467 622 635
3361443 145467 622 7122
3361444 145467 622 639
3361445 145467 622 1534
3361450 666407 622 9427
3361451 666407 622 1937
3361452 666407 622 40779
3361453 666407 622 4446
3361454 666407 622 908
3361455 666407 622 1135
3361456 666407 622 1184
3361457 123141 622 882
3361458 123141 622 1209
3361459 123141 622 3816
3361493 666415 622 4335
3361494 666415 622 917
3361495 666415 622 276
3361496 666415 622 1004
3361497 666415 622 1979
3361498 666415 622 2464
3361499 666415 622 301
3361500 531776 622 125561
3361501 531776 622 158953
3361502 531776 622 4432
3361503 531776 622 8333
3361504 531776 622 77
