3361511 666417 623 1169
3361512 666417 623 342
3361525 1925290 623 1775
3361526 1925290 623 301
3361527 1925290 623 1744
3361528 1925290 623 1230
3361529 1925290 623 79
3361530 1925290 623 540
3361531 1925290 623 4234
3361532 1925290 623 1704
3361533 1925290 623 616
3361541 666422 623 17152
3361542 666422 623 254
3361543 666422 623 4247
3361544 666422 623 4267
3361552 250227 623 1126
3361553 250227 623 2188
3361562 97498 623 2100
3361563 97498 623 1897
3361567 666427 623 1999
3361568 666427 623 17439
3361589 666432 623 1147
3361590 666432 623 4192
3361591 666432 623 5792
3361592 666433 623 2100
3361593 666433 623 44
3361594 666433 623 17439
3361595 666434 623 21
3361596 427864 623 88152
3361597 427864 623 2008
3361598 427864 623 221
3361599 427864 623 3394
3361600 427864 623 122876
3361601 427864 623 359
3361602 427864 623 1058
3361603 427864 623 7147
3361604 427864 623 287
3361605 427864 623 328
3361636 464782 623 557
3361637 464782 623 8475
3361638 464782 623 1808
3361642 666446 623 2416
3361643 666446 623 161413
3361644 666446 623 2016
3361645 352768 623 17439
3361646 352768 623 1123
3361647 352768 623 635
3361655 666450 623 17439
3361656 666450 623 1690
3361666 243656 623 216
3361667 243656 623 797
3361672 666454 623 1828
3361673 666454 623 1889
3361674 666454 623 1565
3361675 666454 623 507
3361676 666454 623 1627
3361704 666463 623 1127
3361705 666463 623 139
3361706 666463 623 374
3361707 264039 623 108
3361708 264039 623 1819
3361709 264039 623 276
3361710 264039 623 44
3361711 264039 623 46
3361719 666465 623 70
3361720 666465 623 276
3361721 666465 623 4293
3361727 256718 623 138
3361728 256718 623 2902
3361733 666469 623 3341
3361734 666469 623 388
3361735 666469 623 1794
3361736 1950980 623 4245
3361737 1950980 623 540
3361738 18219 623 11753
3361739 18219 623 2081
3361743 666471 623 768
3361744 666471 623 1313
3361745 666471 623 4293
3361746 666471 623 638
3361747 666471 623 8066
3361748 5049 623 1113
3361749 5049 623 138
3361750 5049 623 44
3361772 666477 623 4216
3361773 666478 623 4216
3361774 666479 623 4216
3361775 666480 623 4216
3361776 666480 623 170430
3361777 666480 623 1390
3361778 666480 623 170431
3361779 666481 623 4216
3361781 135144 623 992
3361782 135144 623 4827
3361783 135144 623 703
3361784 135144 623 4293
3361785 135144 623 139
3361807 666490 623 7290
3361808 666490 623 5933
3361809 666490 623 118
3361810 666491 623 7290
3361811 666491 623 545
3361815 666492 623 139
3361816 666492 623 1123
3361817 666492 623 992
3361829 666497 623 4216
3361889 15836 623 5469
3361890 15836 623 276
3361891 15836 623 2186
3361904 666523 623 1828
3361905 666523 623 774
3361906 666523 623 1565
3361917 666526 623 1123
3361918 666526 623 225
3361929 666528 623 4192
3361930 666528 623 7062
3361931 666528 623 4590
3361944 1950983 623 91973
3361945 1950983 623 27397
3361946 1950983 623 1565
3361947 1950983 623 1555
3361948 1950983 623 912
3361955 666534 623 2890
3361980 666542 623 5541
3361981 666542 623 4016
3361990 666546 623 1794
3361991 666547 623 43213
3361996 666549 623 65197
3361997 666549 623 1145
3361998 666549 623 5792
3362009 84673 623 216
3362010 84673 623 17439
3362011 666550 623 5792
3362012 666550 623 1313
3362013 67753 623 254
3362014 67753 623 638
3362015 67753 623 4677
3362016 67753 623 4866
3362017 67753 623 1808
3362022 620418 623 20
3362023 620418 623 952
3362024 620418 623 6
3362025 620418 623 816
3362026 620418 623 638
3362038 640969 623 638
3362039 640969 623 4662
3362044 666554 623 225
3362045 666554 623 254
3362046 666554 623 638
3362047 666554 623 4245
3362052 382413 623 276
3362053 382413 623 6807
3362054 382413 623 6691
3362055 382413 623 17439
3362056 272774 623 1779
3362057 272774 623 638
3362058 272774 623 4167
3362059 272774 623 20
3362064 666558 623 276
3362065 666558 623 78595
3362066 666558 623 254
3362067 666558 623 1999
3362068 1950985 623 620
3362069 1950985 623 4044
3362070 1950985 623 4327
3362081 6657 623 1897
3362082 6657 623 342
3362083 6657 623 6
3362090 666561 623 5907
3362091 666561 623 276
3362092 666561 623 118
3362093 666561 623 369
3362094 666562 623 118
3362095 666562 623 369
3362096 666562 623 46
3362097 666562 623 301
3362098 666562 623 276
3362099 666562 623 4124
3362100 666563 623 254
3362101 666563 623 225
3362102 666563 623 4245
3362103 666563 623 638
3362119 201275 623 138
3362120 201275 623 287
3362121 201275 623 992
3362122 201275 623 3394
3362123 287687 623 992
3362124 287687 623 1896
3362125 287687 623 1122
3362126 287687 623 29
3362129 1950988 623 2891
3362130 1950988 623 285
3362133 666566 623 41980
3362134 666566 623 769
3362135 666566 623 38468
3362136 666566 623 20
3362137 666567 623 41980
3362138 666567 623 769
3362139 666567 623 38468
3362140 666567 623 20
3362145 442684 623 44
3362146 442684 623 4662
3362147 442684 623 4245
3362148 442684 623 342
3362149 442684 623 225
3362150 442684 623 301
3362151 442684 623 17152
3362174 666576 623 1647
3362175 666576 623 1794
3362194 9470 623 108
3362195 9470 623 46
3362198 666582 623 1327
3362199 666582 623 557
3362200 666582 623 42401
3362201 168238 623 1170
3362202 168238 623 17439
3362213 666584 623 992
3362214 666584 623 139
3362215 666584 623 100584
3362222 666586 623 992
3362223 666586 623 703
3362224 666586 623 4293
3362227 442889 623 4293
3362228 442889 623 20
3362229 442889 623 638
3362233 16509 623 2990
3362234 16509 623 992
3362238 264478 623 17439
3362239 264478 623 1999
3362240 666590 623 8409
3362241 666590 623 1172
3362242 666590 623 49536
3362243 666590 623 1299
3362244 666590 623 367
3362245 666590 623 1171
3362246 666590 623 276
3362247 666590 623 254
3362252 184448 623 992
3362253 184448 623 703
3362254 184448 623 4293
3362255 184448 623 139
3362256 112991 623 19756
3362257 112991 623 734
3362258 112991 623 77
3362259 112991 623 3769
3362260 112991 623 139
3362265 666596 623 2186
3362267 641841 623 76
3362268 641841 623 17439
3362269 666597 623 70
3362270 666597 623 388
3362271 666597 623 76
3362272 666597 623 138
3362273 666597 623 4895
3362276 666599 623 7290
3362277 666599 623 7400
3362278 666599 623 44
3362279 666599 623 1127
3362289 666604 623 1771
3362290 666604 623 1918
3362291 666604 623 2627
3362292 666604 623 5748
3362323 263709 623 150
3362324 263709 623 1057
3362325 263709 623 915
3362326 263709 623 914
3362331 666611 623 74789
3362332 666611 623 1565
3362336 16712 623 108
3362337 16712 623 46
3362365 666619 623 1565
3362422 666631 623 992
3362423 666631 623 5075
3362424 666631 623 8493
3362462 666642 623 31784
3362463 666642 623 76
3362464 634284 623 2376
3362465 634284 623 44
3362466 634284 623 31784
3362467 666643 623 1896
3362468 666644 623 5507
3362469 666644 623 39
3362470 666644 623 318
3362471 666644 623 17439
3362474 666646 623 4019
3362475 666646 623 24078
3362485 666649 623 1828
3362486 666649 623 1565
3362487 666649 623 507
3362494 279042 623 2725
3362495 279042 623 221
3362496 279042 623 44
3362510 666655 623 216
3362511 666655 623 1106
3362512 666655 623 3122
3362518 666657 623 139
3362519 666657 623 1127
3362520 145026 623 76
3362521 145026 623 1007
3362522 145026 623 44
3362523 145026 623 1747
3362524 145026 623 5902
3362525 666658 623 44
3362526 666658 623 6114
3362534 666660 623 4608
3362535 666660 623 17439
3362539 666662 623 1148
3362547 666665 623 170459
3362548 666665 623 170460
3362549 288271 623 5507
3362550 288271 623 39
3362551 288271 623 318
3362552 288271 623 17439
3362574 321762 623 2891
3362575 321762 623 992
3362576 321762 623 4293
3362604 28531 623 635
3362605 28531 623 139
3362606 666676 623 2990
3362607 666676 623 635
3362608 96651 623 139
3362609 96651 623 1021
3362610 96651 623 992
3362613 24909 623 828
3362614 24909 623 635
3362624 666680 623 77
3362625 666681 623 1794
3362632 666684 623 1999
3362633 666684 623 225
3362634 666684 623 44
3362635 666684 623 254
3362644 666685 623 2186
3362645 666685 623 2969
3362646 1950998 623 88152
3362647 1950998 623 3811
3362648 1950998 623 992
3362649 1950998 623 138
3362650 1950998 623 54948
3362651 666686 623 1565
3362652 666686 623 2186
3362658 666688 623 2613
3362659 666688 623 342
3362668 662849 623 1779
3362669 662849 623 104
3362670 662849 623 29
3362671 662849 623 39
3362672 666692 623 29
3362673 666692 623 301
3362674 666692 623 557
3362675 251360 623 1794
3362676 251360 623 557
3362677 251360 623 2724
3362678 251360 623 869
3362679 666693 623 1147
3362680 666693 623 4546
3362681 666693 623 4192
3362682 479304 623 254
3362683 479304 623 2990
3362684 479304 623 392
3362685 479304 623 2892
3362686 479304 623 285
3362687 479304 623 1230
3362688 479304 623 111567
3362689 479304 623 20433
3362690 479304 623 2642
3362699 666698 623 992
3362700 666698 623 138
3362701 666698 623 4293
3362714 666700 623 1147
3362715 666700 623 4192
3362716 666700 623 2288
3362717 666700 623 7062
3362718 666700 623 4590
3362735 656586 623 992
3362736 656586 623 703
3362737 656586 623 4293
3362738 656586 623 139
3362739 382196 623 1794
3362759 666715 623 5541
3362760 666715 623 1157
3362763 153755 623 1999
3362764 153755 623 254
3362765 153755 623 225
3362766 153755 623 342
3362773 666719 623 4216
3362774 1950999 623 4216
3362775 666720 623 4216
3362779 666723 623 1794
3362792 375517 623 960
3362793 375517 623 118
3362794 375517 623 120
3362795 375517 623 20
3362799 666729 623 156
3362800 666729 623 285
3362801 666729 623 95709
3362806 666731 623 992
3362807 666731 623 2990
3362808 666731 623 3122
3362809 666731 623 139
3362828 666732 623 5541
3362829 666732 623 4016
3362832 666734 623 31784
3362833 666734 623 2376
3362834 666734 623 216
3362837 666735 623 3122
3362838 666735 623 216
3362842 666737 623 220
3362843 666737 623 216
3362844 666737 623 638
3362845 86602 623 254
3362846 86602 623 301
3362847 86602 623 2186
3362848 86602 623 39
3362849 86602 623 583
3362850 666738 623 4216
3362853 32741 623 104
3362854 32741 623 829
3362855 32741 623 8066
3362856 32741 623 77
3362857 666740 623 1690
3362858 666740 623 39
3362859 666740 623 1794
3362860 666741 623 338
3362861 666741 623 4618
3362862 666741 623 51765
