3362868 666748 624 941
3362869 666748 624 6047
3362870 666748 624 20663
3362885 666751 624 795
3362886 666751 624 4102
3362887 666751 624 359
3362896 203578 624 16241
3362897 203578 624 3509
3362898 203578 624 1823
3362899 7755 624 29
3362900 7755 624 127
3362901 7755 624 125
3362923 666755 624 108
3362924 666755 624 46
3362925 666755 624 12
3362943 666758 624 1591
3362944 666758 624 503
3362945 666758 624 523
3362965 666764 624 2072
3362966 666764 624 557
3362967 666764 624 816
3362971 276978 624 1947
3362972 276978 624 16627
3362973 276978 624 557
3362974 276978 624 1728
3362975 276978 624 301
3362976 276978 624 3337
3362977 276978 624 2160
3362978 276978 624 16513
3362983 666766 624 40
3362984 666766 624 425
3362985 666766 624 1823
3362986 666766 624 3310
3362987 666767 624 1728
3362988 666767 624 1591
3362989 666767 624 523
3362990 666767 624 503
3362997 656368 624 170464
3362998 656368 624 1119
3362999 656368 624 5922
3363005 579876 624 12
3363006 579876 624 996
3363007 579876 624 1591
3363008 579876 624 24
3363009 579876 624 503
3363010 579876 624 16710
3363022 423065 624 1367
3363023 423065 624 1191
3363024 423065 624 557
3363025 423065 624 1313
3363026 654299 624 29
3363027 654299 624 1771
3363028 654299 624 10269
3363029 654299 624 22126
3363030 666771 624 941
3363031 666771 624 1704
3363032 666771 624 5776
3363033 666771 624 523
3363042 666775 624 557
3363043 666775 624 2576
3363044 666776 624 507
3363045 666776 624 6208
3363046 666776 624 4297
3363047 666776 624 311
3363054 514686 624 125
3363055 514686 624 523
3363056 514686 624 5765
3363057 514686 624 51463
3363058 666778 624 2150
3363059 666778 624 941
3363060 666778 624 1113
3363061 666778 624 557
3363062 666778 624 507
3363068 1951001 624 941
3363069 1951001 624 2567
3363075 196578 624 1947
3363076 196578 624 125
3363077 196578 624 40
3363078 196578 624 58295
3363121 666789 624 12
3363122 666789 624 1704
3363123 666789 624 3463
3363124 666789 624 2205
3363125 666789 624 2709
3363126 666789 624 523
3363127 666789 624 1565
3363128 666789 624 3462
3363146 666794 624 16241
3363147 666794 624 557
3363148 666794 624 29
3363149 666794 624 1823
3363152 666796 624 359
3363153 666796 624 41134
3363154 666796 624 6208
3363155 666796 624 523
3363156 666797 624 386
3363157 666797 624 8705
3363158 666797 624 1191
3363159 666797 624 523
3363160 666797 624 16241
3363161 666798 624 311
3363162 666798 624 1728
3363163 666798 624 2072
3363164 666799 624 425
3363165 666799 624 4297
3363166 666799 624 1728
3363167 666799 624 507
3363172 173891 624 386
3363173 173891 624 2990
3363174 173891 624 4276
3363175 173891 624 2161
3363176 173891 624 10269
3363177 173891 624 374
3363183 666802 624 1183
3363184 666802 624 2520
3363185 666802 624 1651
3363186 666802 624 51463
3363191 666804 624 16627
3363192 666804 624 1560
3363193 666804 624 1119
3363194 666804 624 1779
3363195 666804 624 1431
3363196 666805 624 557
3363197 666805 624 4230
3363198 666805 624 43378
3363199 666805 624 1823
3363203 264746 624 941
3363204 264746 624 6167
3363205 264746 624 138
3363206 264746 624 70
3363207 264746 624 1183
3363208 264746 624 188
3363209 264746 624 46
3363217 666808 624 12
3363218 666808 624 170466
3363219 666808 624 301
3363220 666808 624 2205
3363228 666809 624 557
3363229 666809 624 69527
3363241 666810 624 12
3363242 666810 624 996
3363243 666810 624 523
3363244 490959 624 2795
3363245 490959 624 11
3363246 490959 624 1119
3363247 666811 624 503
3363248 666811 624 311
3363249 666811 624 1728
3363255 666813 624 12
3363256 666813 624 2520
3363257 666813 624 1728
3363258 666813 624 503
3363259 666813 624 996
3363260 666814 624 3130
3363261 666814 624 1823
3363262 666814 624 1565
3363271 197210 624 8877
3363272 197210 624 302
3363273 197210 624 523
3363279 666815 624 1823
3363280 666815 624 557
3363281 666816 624 16627
3363282 666816 624 53
3363283 666816 624 70
3363284 666816 624 1779
3363285 666816 624 20663
3363286 666816 624 795
3363287 666816 624 285
3363292 666817 624 1704
3363293 666817 624 2709
3363294 666817 624 523
3363295 666817 624 4356
3363302 321027 624 51463
3363303 321027 624 16241
3363304 321027 624 16019
3363305 321027 624 27936
3363306 321027 624 374
3363313 666820 624 12
3363314 666820 624 557
3363315 666820 624 996
3363316 666820 624 1591
3363342 88017 624 240
3363343 88017 624 302
3363344 88017 624 128
3363345 88017 624 507
3363349 135169 624 941
3363350 135169 624 359
3363351 135169 624 187
3363352 135169 624 6047
3363360 666828 624 557
3363361 666828 624 16241
3363362 666828 624 4381
3363363 666828 624 1191
3363364 666828 624 19747
3363368 666830 624 507
3363369 666830 624 5800
3363370 666830 624 2415
3363371 666830 624 3294
3363372 666830 624 5927
3363387 6401 624 1116
3363388 6401 624 108
3363389 6401 624 527
3363390 6401 624 46
3363391 6401 624 1056
3363392 6401 624 2990
3363393 666834 624 1431
3363394 666834 624 6096
3363395 666834 624 9333
3363396 1298 624 2072
3363397 1298 624 16627
3363398 1298 624 240
3363399 1298 624 302
3363400 1298 624 40
3363401 1298 624 789
3363402 1298 624 3625
3363403 1298 624 187
3363404 1298 624 503
3363405 1298 624 618
3363406 1298 624 1744
3363407 666835 624 523
3363408 666835 624 16627
3363409 666835 624 1119
3363410 666835 624 21
3363411 666835 624 3593
3363424 666837 624 51463
3363425 666837 624 941
3363426 666837 624 6
3363435 666839 624 557
3363436 666839 624 1728
3363437 666839 624 469
3363438 29375 624 221
3363439 29375 624 359
3363440 29375 624 1406
3363441 666840 624 3130
3363442 666840 624 4356
3363443 666840 624 1565
3363444 666840 624 2161
3363445 666840 624 374
3363446 666840 624 15930
3363462 73264 624 3654
3363463 73264 624 1564
3363464 73264 624 816
3363465 73264 624 1728
3363466 23616 624 16627
3363467 23616 624 1704
3363468 23616 624 138
3363469 23616 624 1183
3363470 23616 624 5925
3363471 23616 624 941
3363490 197795 624 16627
3363491 197795 624 5922
3363492 197795 624 557
3363493 197795 624 128
3363501 666848 624 2942
3363502 666848 624 40
3363503 666848 624 583
3363504 666848 624 425
3363509 666849 624 2072
3363510 666849 624 8877
3363511 666849 624 16241
3363512 666849 624 523
3363513 14169 624 359
3363514 14169 624 221
3363515 14169 624 795
3363516 14169 624 44
3363523 666851 624 1999
3363524 666851 624 276
3363525 666851 624 523
3363526 666851 624 1119
3363527 666851 624 15930
3363528 272525 624 5776
3363529 272525 624 941
3363530 272525 624 6573
3363531 272525 624 1404
3363532 666852 624 359
3363533 666852 624 6208
3363534 666852 624 523
3363537 666853 624 1049
3363538 666853 624 12
3363539 666853 624 1124
3363540 666854 624 1564
3363541 666854 624 182
3363542 666854 624 1716
3363543 666855 624 359
3363544 666855 624 6208
3363545 666855 624 1431
3363553 284376 624 1947
3363554 284376 624 12
3363555 284376 624 302
3363556 284376 624 1704
3363557 284376 624 1564
3363558 284376 624 15518
3363564 454824 624 16627
3363565 454824 624 1431
3363566 454824 624 19507
3363567 454824 624 941
3363577 514734 624 8877
3363578 514734 624 302
3363579 514734 624 523
3363586 666861 624 2177
3363587 666861 624 1823
3363588 666861 624 16241
3363589 666861 624 15930
3363590 666861 624 1119
3363623 666872 624 12
3363624 666872 624 3625
3363625 666872 624 503
3363626 666872 624 19359
3363627 323757 624 3593
3363628 323757 624 583
3363629 323757 624 4488
3363630 323757 624 4276
3363631 323757 624 51463
3363656 280675 624 469
3363657 280675 624 1728
3363658 280675 624 26962
3363664 666878 624 6
3363665 666878 624 2456
3363666 666878 624 92949
3363667 666878 624 1886
3363668 666879 624 941
3363669 666879 624 6
3363670 666879 624 20663
3363675 460781 624 1560
3363680 666881 624 523
3363681 666881 624 374
3363682 666881 624 301
3363701 666884 624 507
3363702 666884 624 557
3363703 666884 624 2725
3363704 666884 624 16241
3363705 666884 624 41134
3363706 504691 624 1564
3363707 504691 624 816
3363708 504691 624 4566
3363709 504691 624 1124
3363710 504691 624 523
3363711 666885 624 503
3363712 666885 624 1591
3363761 666896 624 6116
3363762 666896 624 5948
3363763 666896 624 1823
3363764 138127 624 127
3363765 138127 624 125
3363766 138127 624 29
3363767 666897 624 523
3363768 666897 624 1823
3363769 666897 624 1820
3363782 666899 624 16627
3363783 666899 624 138
3363784 666899 624 1564
3363785 666899 624 1147
3363786 666900 624 16241
3363787 666900 624 1823
3363788 666900 624 469
3363789 666900 624 5748
3363795 89218 624 16627
3363796 89218 624 1704
3363797 89218 624 16241
3363798 89218 624 557
3363799 89218 624 469
3363800 89218 624 3717
3363812 666904 624 557
3363813 666904 624 301
3363814 666904 624 11
3363815 53497 624 6
3363816 53497 624 125
3363817 53497 624 23388
3363818 53497 624 1237
3363819 666905 624 941
3363820 666905 624 1183
3363821 666905 624 20663
3363826 666906 624 941
3363827 666906 624 1183
3363828 666906 624 20663
3363831 666908 624 1565
3363832 666908 624 386
3363833 666908 624 2725
3363834 666909 624 1178
3363835 666909 624 1560
3363836 666909 624 638
3363852 666912 624 359
3363853 666912 624 1704
3363854 666912 624 523
3363855 666912 624 41134
3363860 96214 624 12
3363861 96214 624 1564
3363862 96214 624 1728
3363863 96214 624 523
3363864 96214 624 2403
3363874 666915 624 6
3363875 666915 624 3625
3363876 666915 624 941
3363877 666915 624 1728
3363878 666915 624 15930
3363891 666917 624 941
3363892 666917 624 359
3363893 666917 624 16627
3363894 666917 624 4057
3363895 666917 624 6047
3363901 666918 624 469
3363909 31202 624 44
3363910 31202 624 46
3363911 31202 624 285
3363912 31202 624 301
3363913 162928 624 1728
3363914 162928 624 301
3363915 162928 624 285
3363916 162928 624 44
3363925 191923 624 16627
3363926 191923 624 13822
3363927 191923 624 2072
3363928 191923 624 1313
3363929 191923 624 1728
3363930 191923 624 816
3363931 191923 624 51463
3363932 666921 624 469
3363933 666921 624 1728
3363934 666921 624 503
3363939 666923 624 557
3363940 666923 624 16241
3363941 666924 624 941
3363942 666924 624 1183
3363943 666924 624 20663
3363944 666925 624 16627
3363945 666925 624 1560
3363946 666925 624 359
3363947 666925 624 1313
3363948 666925 624 1431
3363949 666926 624 359
3363950 666926 624 6402
3363951 666926 624 507
3363952 50649 624 3593
3363953 50649 624 1728
3363954 50649 624 46
3363955 50649 624 527
3363962 7870 624 6
3363963 7870 624 1762
3363964 7870 624 80575
3363975 666932 624 941
3363976 666932 624 1183
3363977 666932 624 20663
3363978 133741 624 70
3363979 133741 624 53
3363980 133741 624 1116
3363981 666933 624 4230
3363982 666933 624 992
3363983 666933 624 1917
3363984 666933 624 29
3363985 666933 624 170469
3363992 666936 624 16241
3363993 666936 624 3593
3363994 666936 624 557
3363995 666936 624 4682
3363996 666937 624 41134
3363997 666937 624 359
3363998 666937 624 342
3363999 666937 624 12
3364000 169236 624 2072
3364001 169236 624 12
3364002 169236 624 16627
3364003 169236 624 523
3364004 169236 624 18148
3364010 666938 624 557
3364011 666938 624 301
3364012 666938 624 276
3364013 666938 624 643
3364020 27085 624 507
3364021 27085 624 2081
3364022 27085 624 917
3364023 27085 624 285
3364032 107751 624 125
3364033 107751 624 557
3364034 107751 624 16241
3364035 107751 624 78562
3364036 315268 624 1591
3364037 315268 624 503
3364038 315268 624 2709
3364039 315268 624 3362
3364040 315268 624 16241
3364052 666940 624 941
3364053 666940 624 16627
3364054 666940 624 359
3364055 666940 624 1367
3364056 666940 624 9333
3364069 666942 624 941
3364070 666942 624 1751
3364071 666942 624 138
3364072 666942 624 557
3364085 666944 624 941
3364086 666944 624 6
3364087 666944 624 20663
3364088 71536 624 1191
3364089 71536 624 1597
3364090 71536 624 503
3364091 71536 624 1728
3364098 251097 624 12
3364099 251097 624 523
3364100 251097 624 1565
3364101 251097 624 1628
3364102 251097 624 41134
3364108 666945 624 941
3364109 666945 624 6
3364110 666945 624 20663
3364115 666947 624 941
3364116 666947 624 125
3364117 666947 624 21
3364118 666947 624 638
3364119 666947 624 1183
3364120 666947 624 72
3364121 666947 624 926
3364122 127333 624 941
3364123 127333 624 16627
3364124 127333 624 188
3364125 127333 624 77
3364126 127333 624 11
3364127 127333 624 11821
3364128 127333 624 6167
3364141 666951 624 6
3364142 666951 624 2709
3364143 666951 624 16241
3364164 666954 624 16241
3364165 666954 624 1560
3364166 666954 624 1119
3364173 185054 624 1823
3364174 185054 624 16241
3364175 185054 624 2424
3364176 185054 624 3463
3364177 185054 624 996
3364178 185054 624 4356
3364179 185054 624 523
3364180 185054 624 1284
3364210 72375 624 51463
3364211 72375 624 557
3364212 72375 624 79702
3364213 72375 624 5394
3364231 666966 624 557
3364232 666966 624 221
3364237 474462 624 1113
3364238 474462 624 795
3364239 474462 624 46
3364240 474462 624 961
3364250 24590 624 941
3364251 24590 624 221
3364252 24590 624 359
3364253 24590 624 1183
3364254 24590 624 68660
3364262 48371 624 46
3364263 48371 624 108
3364264 48371 624 188
3364275 666975 624 503
3364276 666975 624 1564
3364277 666975 624 3291
3364278 666976 624 6
3364279 666976 624 6536
3364280 666976 624 941
3364281 666976 624 16241
3364282 666977 624 2725
3364283 666977 624 12
3364284 666977 624 425
3364285 666978 624 170469
3364286 666978 624 557
3364287 666978 624 618
3364313 361116 624 1191
3364314 361116 624 996
3364315 361116 624 15716
3364316 361116 624 8705
3364317 361116 624 503
3364318 361116 624 15930
3364319 361116 624 58295
3364329 246225 624 1728
3364330 246225 624 523
3364331 246225 624 1820
3364332 246225 624 311
3364333 591659 624 2187
3364334 591659 624 928
3364335 591659 624 1728
3364336 591659 624 816
3364337 591659 624 4566
3364338 591659 624 503
3364339 591659 624 8877
3364363 666987 624 21140
3364364 666987 624 8527
3364365 283191 624 941
3364366 283191 624 4682
3364367 283191 624 638
3364368 283191 624 6374
3364374 666988 624 941
3364375 666988 624 6
3364376 666988 624 20663
3364384 666990 624 359
3364385 666990 624 4422
3364386 666990 624 1764
3364387 666990 624 557
3364388 666991 624 1431
3364389 666991 624 359
3364390 666991 624 507
3364391 666991 624 6096
3364402 108182 624 12
3364403 108182 624 1704
3364404 108182 624 40
3364405 108182 624 1728
3364406 108182 624 77
3364407 108182 624 72
3364408 108182 624 285
3364409 108182 624 926
3364410 75412 624 953
3364411 75412 624 6010
3364412 75412 624 79702
3364413 75412 624 1728
3364414 339607 624 3321
3364415 339607 624 2205
3364416 339607 624 3509
3364417 339607 624 80
3364418 339607 624 2709
3364419 339607 624 425
3364420 339607 624 3337
3364423 666994 624 359
3364424 666994 624 795
3364425 666994 624 1762
3364434 666995 624 523
3364435 666995 624 8877
3364436 666995 624 21274
3364441 567416 624 557
3364442 567416 624 18087
3364443 567416 624 1119
3364457 666998 624 5969
3364458 666998 624 1564
3364459 666998 624 311
3364460 666998 624 1728
3364463 667000 624 557
3364464 667000 624 1565
3364465 667000 624 507
3364466 513865 624 2150
3364467 513865 624 221
3364468 513865 624 1999
3364469 667001 624 138
3364470 667001 624 1147
3364471 667001 624 1119
3364472 667001 624 1728
3364477 304503 624 21
3364478 304503 624 4256
3364479 304503 624 638
3364480 304503 624 2940
3364485 175122 624 1560
3364486 175122 624 1404
3364487 175122 624 29
3364490 667005 624 16241
3364491 667005 624 12
3364492 667005 624 41134
3364497 259055 624 941
3364498 259055 624 386
3364499 259055 624 16627
3364500 259055 624 1728
3364501 259055 624 507
3364502 259055 624 1052
3364503 667007 624 1431
3364504 667007 624 1313
3364505 667007 624 29
3364506 667007 624 557
3364507 667007 624 4057
3364518 450244 624 638
3364519 450244 624 507
3364530 667013 624 24
3364531 667013 624 170469
3364532 667014 624 12
3364533 667014 624 4297
3364534 667014 624 5910
3364535 667014 624 359
3364540 460284 624 12
3364541 460284 624 359
3364542 460284 624 311
3364543 460284 624 13059
3364551 284959 624 21
3364552 284959 624 557
3364553 284959 624 1823
3364563 667017 624 6776
3364564 667017 624 12424
3364565 667017 624 127
3364566 667017 624 294
3364567 667017 624 2795
3364568 667017 624 503
3364582 170494 624 24
3364583 170494 624 40
3364584 170494 624 4356
3364588 583440 624 127
3364589 583440 624 4349
3364590 583440 624 128
3364591 583440 624 16241
3364592 583440 624 29
3364593 667019 624 16241
3364594 667019 624 557
3364595 667019 624 507
3364596 667019 624 917
3364597 667019 624 23996
3364598 667020 624 557
3364599 667020 624 1119
3364608 667021 624 51463
3364627 667023 624 941
3364628 667023 624 1728
3364629 667023 624 1183
3364630 667023 624 1886
3364634 667025 624 469
3364635 667025 624 16241
3364636 667025 624 170473
3364651 667028 624 557
3364652 476255 624 557
3364653 476255 624 5807
3364654 476255 624 1704
3364655 476255 624 51463
3364662 667030 624 12
3364663 667030 624 795
3364664 667030 624 359
3364669 78965 624 12
3364670 78965 624 996
3364671 78965 624 503
3364672 78965 624 3362
3364673 667032 624 138
3364674 667032 624 1564
3364675 667032 624 1197
3364676 667032 624 1728
3364677 667032 624 6116
3364678 667032 624 413
3364679 667033 624 1751
3364680 667033 624 1704
3364681 667033 624 311
3364682 667033 624 557
3364683 667033 624 1728
3364684 667033 624 816
3364685 667034 624 29
3364686 667034 624 50146
3364687 667034 624 16627
3364688 667034 624 51463
3364692 24957 624 16627
3364693 24957 624 359
3364694 24957 624 44
3364695 24957 624 7336
3364699 667037 624 557
3364700 667037 624 2185
3364701 667037 624 1625
3364702 329534 624 221
3364703 329534 624 138
3364704 329534 624 328
3364705 329534 624 46
3364706 329534 624 78562
3364707 667038 624 1823
3364708 667038 624 523
3364709 667038 624 16241
3364710 667038 624 170475
3364711 667039 624 1564
3364712 667039 624 1561
3364713 667039 624 1147
3364714 667039 624 3291
3364715 667040 624 3625
3364716 667040 624 1119
3364717 667040 624 302
3364718 667040 624 77
3364719 667040 624 1947
3364720 667040 624 4356
3364721 667040 624 16627
3364722 667040 624 40
3364723 667041 624 1918
3364724 667041 624 19319
3364725 667041 624 1565
3364733 266986 624 12
3364734 266986 624 1704
3364735 266986 624 1565
3364736 266986 624 5757
3364737 266986 624 2936
3364755 667046 624 138
3364756 667046 624 1147
3364757 667046 624 1119
3364758 667047 624 3130
3364759 667047 624 1704
3364760 667047 624 1823
3364761 667047 624 18278
3364762 667047 624 29232
3364763 667048 624 29
3364764 667048 624 507
3364765 667048 624 5197
3364766 667048 624 4520
3364771 64791 624 3
3364772 64791 624 917
3364773 64791 624 507
3364777 21258 624 276
3364778 21258 624 5807
3364779 21258 624 557
3364780 667051 624 386
3364781 667051 624 13059
3364782 667051 624 359
3364794 462394 624 557
3364795 462394 624 3625
3364796 462394 624 6
3364797 462394 624 1367
3364798 462394 624 941
3364799 462394 624 4356
3364800 462394 624 583
3364809 108604 624 16627
3364810 108604 624 21
3364811 108604 624 240
3364812 108604 624 1728
3364813 108604 624 7784
3364817 667058 624 557
3364818 667058 624 361
3364819 667058 624 507
3364820 667059 624 523
3364821 667059 624 41134
3364830 667063 624 2942
3364831 667063 624 557
3364832 667063 624 583
3364833 667063 624 425
3364834 667063 624 40
3364841 170819 624 29
3364842 170819 624 8597
3364843 170819 624 128
3364844 170819 624 285
3364845 170819 624 507
3364858 667067 624 170469
3364859 667067 624 941
3364860 667067 624 16241
3364861 667067 624 361
3364862 667067 624 214
3364863 667067 624 507
3364864 667068 624 557
3364865 667068 624 5922
3364866 667068 624 425
3364867 667069 624 1560
3364868 667069 624 1313
3364869 667069 624 6402
3364888 667072 624 557
3364889 667072 624 3310
3364890 667072 624 24267
3364891 667072 624 16241
