3388998 669150 626 1118
3388999 669150 626 108
3389000 669150 626 4056
3389001 669150 626 44
3389002 669150 626 709
3389003 669150 626 80499
3389006 669152 626 254
3389007 669152 626 1172
3389008 669152 626 25201
3389012 542115 626 80499
3389013 542115 626 1182
3389014 435291 626 2990
3389015 435291 626 1819
3389016 435291 626 637
3389017 435291 626 635
3389018 435291 626 72
3389019 435291 626 638
3389020 435291 626 369
3389025 3842 626 80499
3389026 3842 626 1897
3389028 669153 626 48947
3389029 669153 626 25201
3389036 190 626 108
3389037 190 626 80499
3389038 35865 626 668
3389039 35865 626 31982
3389040 35865 626 3
3389042 345520 626 1106
3389043 345520 626 80499
3389044 345520 626 1007
3389045 2113 626 932
3389046 2113 626 563
3389047 2113 626 72
3389048 405900 626 7263
3389049 405900 626 30
3389050 405900 626 254
3389051 405900 626 1106
3389052 405900 626 1058
3389053 405900 626 305
3389054 405900 626 1138
3389055 405900 626 3122
3389056 405900 626 3058
3389057 405900 626 1838
3389058 405900 626 1133
3389064 669155 626 1257
3389065 669155 626 1138
3389066 669155 626 6724
3389076 669157 626 359
3389087 36385 626 1679
3389088 36385 626 20
3389089 36385 626 31358
3389090 669159 626 4406
3389091 669159 626 170681
3389092 58965 626 188
3389093 58965 626 6
3389094 58965 626 20
3389095 58965 626 72
3389096 58965 626 48220
3389097 58965 626 1897
3389103 427847 626 11
3389104 427847 626 1133
3389105 427847 626 1058
3389106 427847 626 285
3389113 669160 626 1021
3389114 669160 626 748
3389115 669160 626 139
3389116 669160 626 77
3389117 669160 626 57140
3389118 669160 626 98
3389119 669160 626 104
3389120 669160 626 264
3389121 669160 626 3638
3389163 660997 626 992
3389164 660997 626 894
3389165 660997 626 18279
3389166 660997 626 730
3389167 660997 626 139
3389168 660997 626 285
3389169 170335 626 29
3389170 170335 626 557
3389171 170335 626 25031
3389172 374928 626 31358
3389173 374928 626 3638
3389174 374928 626 1021
3389175 374928 626 104
3389176 374928 626 894
3389177 374928 626 77
3389178 374928 626 748
3389179 374928 626 285
3389180 110578 626 25201
3389184 669165 626 557
3389185 669165 626 2150
3389186 669165 626 53491
3389187 669165 626 170683
3389188 669165 626 2421
3389196 54706 626 1141
3389197 340665 626 10162
3389198 340665 626 1106
3389199 12207 626 1106
3389200 669166 626 359
3389201 669167 626 108
3389202 669167 626 4056
3389203 669167 626 112236
3389204 669167 626 1779
3389205 669167 626 80499
3389214 19448 626 961
3389215 19448 626 80499
3389216 19448 626 527
3389217 19448 626 1897
3389219 79346 626 80499
3389220 79346 626 1182
3389221 561264 626 188
3389222 561264 626 108
3389223 561264 626 305
3389224 561264 626 1138
3389231 669169 626 1257
3389232 669170 626 16450
3389233 669170 626 29615
3389234 669170 626 996
3389235 669170 626 43103
3389236 132507 626 961
3389237 132507 626 80499
3389238 132507 626 1937
3389239 669171 626 80499
3389240 669171 626 709
3389241 669172 626 869
3389242 669172 626 1976
3389243 669172 626 72
3389244 669173 626 254
3389245 669173 626 21451
3389246 669173 626 152703
3389248 196912 626 10162
3389249 196912 626 170678
3389250 669175 626 10162
3389251 669175 626 1106
3389252 669175 626 170678
3389256 5013 626 72
3389257 5013 626 1722
3389258 5013 626 20
3389259 5013 626 1191
3389260 669176 626 734
3389271 279133 626 5907
3389272 279133 626 276
3389273 279133 626 2587
3389274 669177 626 734
3389275 669178 626 1138
3389276 669178 626 80499
3389277 669178 626 305
3389278 52823 626 80499
3389279 79119 626 1106
3389280 79119 626 1058
3389281 79119 626 1138
3389282 79119 626 139
3389283 79119 626 6192
3389284 79119 626 1739
3389285 79119 626 20229
3389286 79119 626 24346
3389287 79119 626 1133
3389288 197055 626 2857
3389289 197055 626 374
3389301 23336 626 108
3389302 23336 626 80499
3389303 23336 626 144
3389304 23336 626 72
3389305 23336 626 4446
3389306 23336 626 1117
3389307 23336 626 527
3389308 39199 626 108
3389319 669179 626 170684
3389320 151118 626 44
3389321 151118 626 6219
3389322 151118 626 700
3389323 151118 626 285
3389338 669184 626 1106
3389343 669186 626 1106
3389344 669186 626 1007
3389355 66839 626 170686
3389356 128024 626 108
3389357 128024 626 80499
3389358 128024 626 188
3389359 128024 626 44
3389360 128024 626 527
3389361 669187 626 1106
3389362 669187 626 170678
3389363 669187 626 11
3389368 669189 626 5906
3389369 669189 626 188
3389370 669189 626 20
3389371 669189 626 72
3389380 669192 626 98
3389381 669192 626 748
3389382 669192 626 3638
3389383 669192 626 32120
3389384 30629 626 668
3389385 30629 626 1134
3389386 30629 626 1106
3389387 30629 626 1135
3389388 30629 626 188
3389389 30629 626 474
3389390 30629 626 6167
3389425 193135 626 4051
3389426 193135 626 1106
3389427 193135 626 1133
3389428 193135 626 170690
3389429 193135 626 11
3389430 5636 626 20
3389431 5636 626 1141
3389432 5636 626 72
3389433 35648 626 961
3389434 35648 626 80499
3389435 35648 626 28356
3389436 35648 626 1937
3389440 29211 626 961
3389441 29211 626 76
3389442 29211 626 80499
3389443 330600 626 76
3389444 330600 626 1133
3389445 330600 626 474
3389446 330600 626 11
3389447 26700 626 29
3389448 26700 626 725
3389449 26700 626 127
3389450 26700 626 837
3389451 26700 626 79
3389464 79167 626 138
3389465 79167 626 2404
3389466 79167 626 2902
3389467 79167 626 12250
3389469 23629 626 164036
3389470 23629 626 1191
3389471 23629 626 1722
3389472 23629 626 15069
3389473 669195 626 6618
3389474 669195 626 41157
3389475 669195 626 557
3389476 669195 626 2102
3389477 669195 626 7419
3389478 644146 626 50170
3389479 644146 626 21220
3389480 644146 626 19268
3389481 644146 626 6025
3389490 669197 626 1138
3389491 669197 626 170692
3389492 669197 626 80499
3389493 53188 626 138
3389494 53188 626 2817
3389495 53188 626 290
3389496 53188 626 961
3389497 669198 626 1138
3389498 669198 626 1133
3389499 669198 626 11
3389500 669198 626 474
3389501 669198 626 7215
3389502 669198 626 44
3389503 105020 626 557
3389504 105020 626 27450
3389505 32059 626 1106
3389506 32059 626 1058
3389507 32059 626 77
3389508 32059 626 139
3389509 32059 626 709
3389510 32059 626 62968
3389511 406781 626 4406
3389512 406781 626 170681
3389513 406781 626 1138
3389524 32069 626 32120
3389525 32069 626 1172
3389526 32069 626 20221
3389527 32069 626 4196
3389528 32069 626 1138
3389529 32069 626 748
3389530 32069 626 285
3389531 32069 626 709
3389532 6785 626 1141
3389533 6785 626 20
3389559 669201 626 3638
3389560 669201 626 992
3389561 669201 626 894
3389562 669201 626 730
3389563 669201 626 285
3389564 669201 626 139
3389565 669201 626 5687
3389569 669202 626 305
3389570 669202 626 1138
3389571 669202 626 72
3389572 669202 626 255
3389573 669202 626 170694
3389574 375391 626 1299
3389575 375391 626 70
3389576 375391 626 1819
3389577 375391 626 635
3389578 375391 626 262
3389579 375391 626 637
3389580 375391 626 276
3389581 375391 626 139
3389582 375391 626 3
3389583 669203 626 557
3389587 669204 626 1976
3389588 669204 626 6375
3389589 669204 626 29780
3389590 669204 626 359
3389591 669204 626 20
3389592 356360 626 757
3389593 356360 626 11
3389594 356360 626 139
3389595 356360 626 170678
3389596 356360 626 29553
3389608 97435 626 388
3389609 669206 626 4051
3389610 669206 626 5099
3389611 669206 626 734
3389612 22064 626 1732
3389613 22064 626 635
3389614 22064 626 1744
3389615 464030 626 734
3389616 464030 626 72
3389617 67754 626 25201
3389618 67754 626 72
3389619 67754 626 18297
3389620 67754 626 1976
3389621 67754 626 20
3389635 21706 626 5748
3389636 21706 626 20
3389637 21706 626 7419
3389638 21706 626 6618
3389657 178259 626 170697
3389658 94694 626 2990
3389659 94694 626 1819
3389660 94694 626 1976
3389661 94694 626 1779
3389662 94694 626 7013
3389663 94694 626 992
3389664 94694 626 638
3389665 94694 626 276
3389666 18039 626 557
3389667 18039 626 5748
3389668 14616 626 527
3389674 75640 626 25201
3389678 356168 626 120
3389679 356168 626 1138
3389680 356168 626 8018
3389681 356168 626 11
3389682 356168 626 12
3389683 356168 626 369
3389684 669213 626 80499
3389685 265994 626 9974
3389686 265994 626 139
3389687 265994 626 730
3389688 265994 626 894
3389689 265994 626 635
3389690 265994 626 1299
3389691 265994 626 639
3389692 265994 626 3
3389693 265994 626 285
3389694 265994 626 10162
3389695 265994 626 1021
3389697 23916 626 1118
3389698 23916 626 1058
3389699 23916 626 1779
3389700 23916 626 4056
3389701 23916 626 139
3389702 23916 626 734
3389715 23535 626 108
3389716 23535 626 80499
3389717 23535 626 4056
3389718 57480 626 81607
3389719 356625 626 11
3389720 356625 626 1138
3389721 356625 626 1739
3389722 356625 626 1133
3389723 356625 626 13775
3389724 356625 626 170699
3389731 32182 626 668
3389732 32182 626 188
3389733 32182 626 5146
3389734 32182 626 3122
3389735 32182 626 11
3389736 32182 626 1138
3389737 32182 626 926
3389738 32182 626 80499
3389744 669219 626 276
3389745 669219 626 5962
3389746 669219 626 72
3389747 669219 626 254
3389748 669219 626 44
3389749 669219 626 80499
3389750 669219 626 318
3389754 669220 626 1779
3389755 669220 626 730
3389756 669220 626 318
3389768 107433 626 3640
3389769 107433 626 254
3389770 107433 626 72
3389771 107433 626 46768
3389772 107433 626 94639
3389773 107433 626 170701
3389798 16449 626 138
3389799 16449 626 3147
3389800 16449 626 46
3389801 16449 626 1937
3389802 16449 626 44
3389803 16449 626 2637
3389804 16449 626 225
3389805 16449 626 254
3389816 643259 626 730
3389817 643259 626 20002
3389818 643259 626 170704
3389819 669227 626 10162
3389820 669228 626 992
3389821 669228 626 837
3389822 669228 626 894
3389823 669228 626 730
3389824 669229 626 5285
3389825 669229 626 730
3389826 669229 626 6375
3389827 669229 626 894
3389828 669229 626 359
3389829 669229 626 1779
3389830 669230 626 359
3389831 394562 626 1138
3389832 394562 626 7263
3389833 394562 626 305
3389834 394562 626 1133
3389835 394562 626 7327
3389836 24129 626 1106
3389837 24129 626 80499
3389838 24129 626 1007
3389839 24129 626 76
3389855 669232 626 557
3389856 669232 626 894
3389867 669234 626 108
3389868 669234 626 80499
3389869 669235 626 1138
3389870 669235 626 1133
3389873 329267 626 388
3389874 329267 626 734
3389875 412361 626 188
3389876 412361 626 108
3389877 412361 626 80499
3389878 412361 626 527
3389879 412361 626 44
3389881 669238 626 5099
3389882 669238 626 1007
3389883 39048 626 1007
3389884 39048 626 1325
3389885 39048 626 1172
3389892 669240 626 139
3389893 669240 626 734
3389899 669242 626 7263
3389900 669242 626 25243
3389901 669242 626 1138
3389902 669242 626 1133
3389903 669242 626 369
3389906 34776 626 2404
3389916 669245 626 170679
3389917 669245 626 4140
3389926 665682 626 104
3389927 665682 626 1172
3389928 665682 626 139
3389929 665682 626 1127
3389930 665682 626 643
3389931 665682 626 748
3389932 665682 626 4196
3389933 665682 626 264
3389934 669247 626 29
3389938 16712 626 108
3389939 16712 626 527
3389940 16712 626 80499
3389941 16712 626 188
3389942 16712 626 44
3389952 120727 626 6
3389953 120727 626 1141
3389954 120727 626 305
3389955 120727 626 139
3389956 120727 626 1743
3389957 120727 626 138
3389958 120727 626 1937
3389959 27848 626 40
3389960 27848 626 301
3389961 27848 626 72
3389962 27848 626 1690
3389963 27848 626 343
3389964 27848 626 503
3389975 669251 626 170709
3389978 80014 626 563
3389979 80014 626 72
3389980 80014 626 318
3389981 80014 626 365
3389987 22229 626 52
3389988 22229 626 44
3389989 22229 626 80499
3389990 22229 626 276
3389991 22229 626 301
3389992 22229 626 72
3389993 22229 626 318
3389994 22229 626 5962
3389995 669253 626 170681
3390001 669255 626 1335
3390006 669257 626 25201
3390007 24424 626 80499
3390008 24424 626 6
3390009 24424 626 1141
3390010 669258 626 1141
3390011 669258 626 20
3390020 75753 626 80499
3390021 75753 626 1141
3390022 75753 626 20
3390029 24430 626 1138
3390030 24430 626 6487
3390031 24430 626 1134
3390032 24430 626 11
3390033 24430 626 221
3390034 24430 626 80499
3390038 295864 626 4406
3390043 351245 626 1171
3390044 351245 626 996
3390045 351245 626 1744
3390046 351245 626 152703
3390047 351245 626 1732
3390048 351245 626 127192
3390049 351245 626 637
3390050 351245 626 170681
3390051 23932 626 108
3390052 23932 626 80499
3390053 23932 626 527
3390054 23932 626 4446
3390055 23932 626 1117
3390056 23932 626 72
3390057 23932 626 44
3390064 669261 626 2891
3390065 112601 626 108
3390069 669262 626 1138
3390070 669262 626 20
3390071 669262 626 80499
3390072 407743 626 1138
3390073 407743 626 1133
3390074 407743 626 139
3390075 407743 626 734
3390076 407743 626 1058
3390077 407743 626 6051
3390084 249993 626 108
3390093 669267 626 5142
3390094 669267 626 311
3390095 669267 626 2587
3390096 669267 626 170710
3390097 438802 626 894
3390098 438802 626 170711
3390099 438802 626 19930
3390109 356523 626 1138
3390110 356523 626 369
3390111 356523 626 72
3390112 356523 626 120
3390113 356523 626 118
3390127 79330 626 1138
3390128 79330 626 120
3390129 79330 626 170690
3390130 79330 626 1133
3390131 79330 626 1739
3390132 79330 626 2362
3390133 79330 626 287
3390134 79330 626 80499
3390143 669271 626 638
3390144 669271 626 301
3390145 669271 626 72
3390146 669271 626 25201
3390147 669271 626 170712
3390148 669271 626 2161
3390149 669272 626 72
3390150 669272 626 105022
3390151 669272 626 20510
3390152 25386 626 1106
3390153 25386 626 1446
3390158 656763 626 1138
3390159 656763 626 72
3390160 656763 626 1182
3390161 656763 626 1133
3390162 656763 626 44
3390163 656763 626 80499
3390164 656763 626 11
3390165 656763 626 168
3390171 669275 626 108
3390172 669275 626 80499
3390173 669275 626 188
3390174 669275 626 44
3390175 669275 626 527
3390191 669279 626 6375
3390192 669279 626 1431
3390193 669279 626 48054
3390194 669279 626 1128
3390195 669279 626 44
3390196 669279 626 290
3390197 669279 626 221
3390203 630573 626 1106
3390204 630573 626 1133
3390205 630573 626 11
3390206 630573 626 7454
3390210 669280 626 557
3390216 669281 626 290
3390217 669281 626 780
3390218 669281 626 1133
3390219 669281 626 11
3390220 669281 626 638
3390221 669281 626 1320
3390222 61192 626 1058
3390223 61192 626 4177
3390224 61192 626 62968
3390225 61192 626 20
3390226 61192 626 638
3390239 72060 626 1171
3390240 72060 626 15099
3390241 72060 626 1976
3390242 72060 626 637
3390243 72060 626 72
3390244 72060 626 869
3390248 391125 626 7263
3390249 391125 626 25243
3390250 391125 626 305
3390251 391125 626 1138
3390252 391125 626 374
3390253 391125 626 11
3390254 391125 626 1133
3390255 346633 626 80499
3390256 346633 626 287
3390266 669285 626 2319
3390267 602331 626 25201
3390268 602331 626 618
3390276 669287 626 1106
3390277 669287 626 1133
3390278 669287 626 1138
3390279 669287 626 80499
3390280 75216 626 2404
3390285 142895 626 1732
3390286 142895 626 1147
3390287 142895 626 996
3390288 142895 626 4187
3390289 142895 626 1643
3390290 142895 626 637
3390291 142895 626 1728
3390292 142895 626 170715
3390293 669289 626 80499
3390294 669289 626 1007
3390295 669289 626 7734
3390302 669291 626 76
3390303 669291 626 310
3390304 669291 626 4406
3390308 669293 626 50170
3390309 669293 626 1191
3390310 669293 626 1209
3390311 669293 626 107048
3390312 669294 626 1106
3390313 669294 626 170678
3390314 669294 626 11
3390322 669297 626 41939
3390323 669297 626 100
3390330 79389 626 8875
3390331 79389 626 44
3390332 79389 626 170716
3390333 79389 626 18279
3390342 373067 626 80499
3390343 373067 626 1007
3390344 669299 626 170679
3390345 669299 626 4140
3390346 32545 626 1106
3390347 32545 626 170678
3390348 32545 626 4140
3390361 590952 626 1171
3390362 590952 626 992
3390363 590952 626 254
3390364 590952 626 637
3390365 590952 626 369
3390366 590952 626 1743
3390368 35800 626 108
3390369 35800 626 80499
3390370 35800 626 72
3390371 35800 626 44
3390372 669301 626 170681
3390378 86231 626 12169
3390379 86231 626 1191
3390380 86231 626 20
3390381 86231 626 638
3390382 669303 626 170717
3390383 669303 626 139
3390394 146979 626 104
3390395 146979 626 748
3390396 146979 626 709
3390397 146979 626 1897
3390398 146979 626 1021
3390399 146979 626 77
3390400 146979 626 139
3390403 669306 626 80499
3390404 669306 626 188
3390409 651445 626 80
3390414 64918 626 80499
3390415 64918 626 961
3390416 64918 626 1141
3390422 89482 626 557
3390432 96706 626 557
3390433 96706 626 44
3390434 96706 626 5748
3390435 119467 626 25201
3390436 669311 626 10491
3390437 669311 626 1703
3390438 669311 626 16451
3390439 669312 626 992
3390440 669312 626 5023
3390441 669312 626 19520
3390442 669312 626 523
3390443 669312 626 39
3390444 32305 626 311
3390445 32305 626 11
3390446 395581 626 1138
3390447 395581 626 730
3390448 395581 626 7290
3390449 395581 626 960
3390450 395581 626 4504
3390451 395581 626 20
3390452 395581 626 11
3390453 395581 626 894
3390454 395581 626 369
3390455 669313 626 1106
3390456 669313 626 28
3390457 669313 626 11
3390458 669313 626 72
3390459 669313 626 52
3390460 669313 626 8014
3390461 1902 626 25201
3390475 669315 626 1106
3390476 669315 626 170678
3390477 669316 626 170684
3390478 496802 626 7263
3390479 496802 626 1171
3390480 496802 626 1138
3390481 496802 626 369
3390482 395530 626 1138
3390483 395530 626 7263
3390484 395530 626 25243
3390485 395530 626 1743
3390486 395530 626 369
3390487 395530 626 1106
3390488 669317 626 1138
3390489 669317 626 369
3390490 669317 626 8835
3390491 669317 626 1564
3390492 669318 626 69363
3390500 644196 626 12169
3390501 644196 626 1191
3390502 644196 626 21087
3390512 669319 626 557
3390513 669320 626 557
3390514 669321 626 7734
3390515 35364 626 108
3390516 35364 626 80
3390517 35364 626 80499
3390518 35364 626 72
3390519 148417 626 638
3390520 148417 626 1138
3390521 148417 626 20
3390522 148417 626 8768
3390523 148417 626 170700
3390524 148417 626 1127
3390528 669323 626 1138
3390529 669323 626 3122
3390530 669323 626 1133
3390536 659881 626 1007
3390537 669324 626 170696
3390538 669324 626 170679
3390549 644285 626 4396
3390550 644285 626 170719
3390551 644285 626 170720
3390552 644285 626 4306
3390553 669327 626 31358
3390554 669327 626 1779
3390555 669327 626 139
3390556 669327 626 734
3390557 112518 626 20
3390558 112518 626 4069
3390559 112518 626 5285
3390560 112518 626 3638
3390561 108502 626 2857
3390562 108502 626 374
3390563 108502 626 2478
3390564 108502 626 290
3390594 669335 626 869
3390595 669335 626 15099
3390596 669335 626 12377
3390597 669335 626 13092
3390598 669335 626 50170
3390599 125152 626 992
3390600 125152 626 84620
3390601 125152 626 1976
3390602 125152 626 638
3390603 125152 626 730
3390604 125152 626 72
3390605 125152 626 369
3390606 125152 626 20
3390611 669337 626 2990
3390612 669337 626 1138
3390613 669337 626 369
3390614 1989 626 98
3390615 1989 626 734
3390616 1989 626 709
3390617 1989 626 285
3390618 25603 626 1141
3390619 25603 626 138
3390620 25603 626 20
3390621 25603 626 1937
3390622 25603 626 369
3390623 669338 626 507
3390624 669338 626 557
3390625 669338 626 170721
3390626 391725 626 1744
3390627 391725 626 1732
3390628 391725 626 369
3390629 391725 626 635
3390630 391725 626 996
3390631 669339 626 388
3390632 669339 626 4641
3390633 669339 626 369
3390634 669340 626 1136
3390635 669340 626 44
3390650 188819 626 80499
3390651 188819 626 6128
3390652 188819 626 1007
3390658 669341 626 388
3390659 669342 626 29
3390660 669342 626 1690
3390661 22481 626 2404
3390675 32724 626 72
3390676 32724 626 469
3390677 191642 626 1976
3390678 191642 626 72
3390679 191642 626 869
3390680 191642 626 469
3390681 669344 626 734
3390682 669344 626 2891
3390683 669344 626 3638
3390700 106252 626 80
3390701 106252 626 20
3390702 106252 626 25807
3390703 393465 626 4496
3390704 393465 626 1106
3390705 393465 626 305
3390706 393465 626 1138
3390707 393465 626 374
3390708 45760 626 1106
3390709 45760 626 170678
3390710 45760 626 1335
3390711 45760 626 11
3390712 28886 626 80499
3390713 669348 626 1106
3390714 669348 626 170678
3390715 669348 626 168
3390719 669350 626 1106
3390720 669350 626 170678
3390721 669350 626 4145
3390731 322067 626 41939
3390732 322067 626 3660
