3204079 695751 646 643
3204080 695751 646 2486
3204090 695755 646 2599
3204091 695755 646 76
3204092 695755 646 24178
3204094 65392 646 108
3204100 1949289 646 61497
3204101 1949289 646 7063
3204102 1949289 646 12213
3204105 421177 646 138
3204106 421177 646 289
3204107 603777 646 6317
3204110 695760 646 3666
3204111 695760 646 11
3204112 695760 646 72
3204113 695760 646 1058
3204119 669363 646 1138
3204126 25852 646 108
3204128 146669 646 1133
3204129 146669 646 1138
3204130 395960 646 1133
3204131 695766 646 6127
3204133 360416 646 188
3204134 79036 646 15348
3204135 695768 646 4247
3204136 695768 646 27778
3204139 695770 646 1138
3204145 695772 646 3
3204146 695772 646 123963
3204147 695772 646 392
3204148 1029 646 507
3204149 1029 646 370
3204150 1029 646 40
3204151 695773 646 4316
3204152 695774 646 165702
3204154 385340 646 3196
3204155 385340 646 798
3204158 391438 646 104
3204159 391438 646 6668
3204160 695777 646 10909
3204161 695777 646 7113
3204162 695777 646 60573
3204164 1949291 646 221
3204165 1949291 646 2341
3204166 1949291 646 331
3204167 695778 646 188
3204168 695778 646 44
3204175 22562 646 668
3204176 22562 646 138
3204183 11688 646 286
3204184 11688 646 26660
3204185 11688 646 25985
3204187 695784 646 4230
3204188 695785 646 29940
3204189 695786 646 894
3204190 192429 646 865
3204191 192429 646 72
3204192 157448 646 2857
3204193 157448 646 374
3204194 695787 646 28
3204195 695787 646 13451
3204196 695788 646 165707
3204199 695790 646 28
3204200 695790 646 4387
3204201 695790 646 31640
3204204 22928 646 507
3204205 22928 646 1125
3204206 22928 646 3
3204207 22928 646 5939
3204234 695806 646 100
3204235 695807 646 1517
3204237 1949295 646 221
3204238 1949295 646 331
3204239 1949295 646 7063
3204240 1949296 646 7063
3204241 521663 646 13812
3204242 521663 646 3394
3204246 333343 646 188
3204247 333343 646 3762
3204248 333343 646 30
3204249 37899 646 1058
3204250 37899 646 138
3204251 37899 646 79346
3204252 37899 646 3153
3204256 695811 646 165712
3204257 695811 646 7113
3204258 695812 646 3085
3204259 695813 646 3085
3204260 695814 646 3085
3204261 695815 646 3085
3204264 695817 646 1257
3204265 695817 646 10321
3204266 1949297 646 11207
3204267 1949297 646 7063
3204268 1949297 646 61497
3204285 695822 646 165715
3204286 695822 646 1257
3204287 695823 646 29937
3204288 695824 646 361
3204289 695824 646 165715
3204290 58838 646 108
3204296 695826 646 781
3204297 695826 646 12424
3204298 135898 646 44
3204299 135898 646 978
3204302 695828 646 1723
3204308 695832 646 1819
3204309 695833 646 4387
3204310 695833 646 1007
3204311 256628 646 3394
3204312 256628 646 108
3204313 256628 646 1058
3204314 1949299 646 668
3204315 1949299 646 1138
3204316 373344 646 4230
3204318 695835 646 165707
3204329 482240 646 138
3204330 482240 646 7122
3204331 482240 646 3
3204332 12445 646 518
3204333 12445 646 1379
3204334 12445 646 30
3204336 353460 646 150
3204337 353460 646 1125
3204338 353460 646 3
3204339 695843 646 136461
3204347 695849 646 128588
3204350 283425 646 3196
3204351 695851 646 123262
3204352 604399 646 165719
3204353 695852 646 108
3204354 695853 646 165720
3204355 695853 646 2424
3204356 695853 646 4951
3204359 695854 646 165721
3204360 695854 646 10321
3204361 695854 646 1134
3204362 695855 646 286
3204365 36459 646 11
3204366 36459 646 72
3204367 36459 646 1058
3204368 695857 646 2424
3204369 695857 646 4951
3204370 695857 646 165723
3204385 46891 646 4140
3204386 46891 646 798
3204387 46891 646 72
3204390 13944 646 15171
3204393 27623 646 259
3204394 27623 646 527
3204395 27623 646 138
3204396 46766 646 259
3204399 695861 646 4316
3204400 695861 646 4140
3204401 695862 646 7282
3204402 695862 646 9795
3204403 106720 646 146
3204404 695863 646 146
3204405 695863 646 2627
3204409 54945 646 2086
3204410 54945 646 780
3204411 36169 646 780
3204412 36169 646 1354
3204413 36169 646 2086
3204414 13835 646 1723
3204415 13835 646 1191
3204416 13835 646 1722
3204418 74987 646 19534
3204419 74987 646 20207
3204420 695865 646 6659
3204421 695866 646 1007
3204423 695868 646 31640
3204424 695868 646 4387
3204425 695868 646 28
3204426 695869 646 79346
3204427 695869 646 7122
3204428 695869 646 1184
3204429 695869 646 908
3204430 695869 646 3
3204431 34325 646 188
3204433 695871 646 165703
3204434 695871 646 165712
3204435 478457 646 108
3204437 22590 646 108
3204438 244 646 108
3204440 695874 646 22852
3204441 695874 646 1258
3204444 695876 646 10461
3204445 695876 646 4061
3204446 695877 646 11093
3204447 695878 646 1039
3204448 695878 646 338
3204450 695880 646 1257
3204451 695880 646 16767
3204452 695880 646 10321
3204453 695880 646 65336
3204455 695882 646 4061
3204456 695883 646 4641
3204457 695883 646 6410
3204458 695883 646 100581
3204459 695883 646 1058
3204465 110709 646 24052
3204466 110709 646 16444
3204467 110709 646 2486
3204468 110709 646 44
3204470 695885 646 318
3204474 695886 646 780
3204481 1949303 646 104
3204482 1949303 646 3490
3204483 1949303 646 829
3204484 1949303 646 122504
3204485 695889 646 1138
3204486 695889 646 1133
3204487 695889 646 7091
3204499 1949305 646 127482
3204500 1949305 646 1138
3204501 1949306 646 1138
3204502 1949306 646 127482
3204503 695893 646 6405
3204505 180494 646 362
3204506 695895 646 138
3204507 695895 646 289
3204510 79132 646 4641
3204511 79132 646 6405
3204515 695897 646 188
3204520 695900 646 4061
3204521 27665 646 1138
3204524 695902 646 11741
3204525 695902 646 38476
3204527 695904 646 2450
3204530 695905 646 165730
3204536 695909 646 118
3204537 695910 646 165731
3204538 695910 646 165710
3204539 695911 646 523
3204552 34304 646 668
3204553 1949310 646 1138
3204554 1949310 646 165733
3204563 695918 646 90219
3204564 695919 646 90219
3204567 1949311 646 5555
3204568 695920 646 5555
3204570 695922 646 90219
3204571 637089 646 15348
3204572 6392 646 1125
3204573 6392 646 1128
3204574 5471 646 108
3204575 5471 646 72
3204579 695925 646 4692
3204580 695925 646 4040
3204581 695925 646 2860
3204585 695928 646 1257
3204586 695928 646 4061
3204587 695928 646 10321
3204589 695930 646 1160
3204590 695930 646 643
3204592 695932 646 165734
3204593 82120 646 1430
3204594 82120 646 638
3204595 695933 646 4061
3204596 695933 646 259
3204599 289377 646 24178
3204600 289377 646 30
3204601 289377 646 76
3204602 695935 646 618
3204605 695938 646 165730
3204606 695938 646 53158
3204607 695938 646 3681
3204608 73166 646 139
3204609 73166 646 5919
3204610 73166 646 2513
3204611 73166 646 285
3204617 695940 646 665
3204618 695940 646 165735
3204619 695941 646 665
3204620 695941 646 1451
3204621 695941 646 165736
3204622 695942 646 665
3204623 695942 646 165735
3204624 143810 646 76
3204625 88063 646 76
3204638 695947 646 165712
3204639 695947 646 16683
3204640 695948 646 165712
3204641 695948 646 15526
3204647 1949313 646 221
3204648 1949313 646 2341
3204649 1949313 646 331
3204650 695951 646 1367
3204651 695951 646 76
3204652 53099 646 221
3204653 53099 646 507
3204654 695952 646 1191
3204655 695953 646 165717
3204656 695954 646 71636
3204657 695955 646 71636
3204660 695958 646 7113
3204661 695958 646 165712
3204662 23645 646 7089
3204668 695961 646 7113
3204670 695963 646 7113
3204671 695963 646 165712
3204673 695965 646 165712
3204674 695965 646 7113
3204679 85014 646 144
3204680 85014 646 780
3204681 85014 646 35
3204686 526503 646 780
3204687 695972 646 44
3204688 695972 646 27778
3204691 695974 646 165715
3204692 695974 646 361
3204693 695974 646 1257
3204694 695975 646 1610
3204695 695976 646 1257
3204696 695976 646 1610
3204697 695976 646 15526
3204698 695977 646 165712
3204699 695978 646 1257
3204700 695978 646 15526
3204701 695978 646 4938
3204702 695979 646 1257
3204703 695979 646 20021
3204704 695979 646 29937
3204709 695981 646 1060
3204710 695982 646 165738
3204712 1358 646 112134
3204714 695985 646 5687
3204715 695985 646 1258
3204716 695985 646 11177
3204717 377458 646 4069
3204718 377458 646 240
3204723 695990 646 165739
3204724 695990 646 6384
3204725 695991 646 1138
3204726 669198 646 7215
3204727 669198 646 4387
3204728 669198 646 1138
3204729 669198 646 1133
3204741 695993 646 1138
3204756 696000 646 1610
3204759 696002 646 276
3204760 696002 646 3363
3204762 148097 646 1138
3204763 148097 646 11
3204764 148097 646 1058
3204765 148097 646 1133
3204766 696003 646 76
3204767 696003 646 24178
3204768 696003 646 30
3204781 194638 646 523
3204782 696007 646 6375
3204783 696008 646 165742
3204785 696010 646 68552
3204786 696011 646 1257
3204787 696011 646 18071
3204788 696012 646 5555
3204789 696013 646 138
3204790 696013 646 2641
3204791 1949315 646 165740
3204792 1949315 646 165741
3204793 536161 646 6228
3204795 548556 646 276
3204801 696016 646 11741
3204802 696016 646 38476
3204803 696017 646 11741
3204804 696017 646 38476
3204805 696018 646 165712
3204806 696019 646 70
3204807 696019 646 76
3204808 696019 646 364
3204809 1949316 646 104
3204810 1949316 646 165743
3204811 1949316 646 829
3204814 916880 646 165744
3204815 852801 646 4641
3204816 852801 646 100581
3204817 852801 646 6405
3204818 696020 646 100581
3204819 696020 646 6405
3204820 67749 646 108
3204823 1949318 646 127482
3204824 1949318 646 1138
3204833 696025 646 3394
3204837 696027 646 730
3204838 696027 646 8799
3204839 412182 646 28061
3204840 412182 646 638
3204841 696028 646 108715
3204842 696028 646 22016
3204843 484355 646 156
3204844 6462 646 2647
3204845 6462 646 1123
3204860 696034 646 2599
3204861 696034 646 76
3204862 696034 646 364
3204863 696034 646 2647
3204870 1949320 646 61497
3204871 1949320 646 7062
3204872 1949320 646 698
3204877 696040 646 1134
3204880 696042 646 3394
3204881 696043 646 3394
3204882 696044 646 3394
3204883 696045 646 665
3204887 31935 646 108
3204890 696047 646 165712
3204891 390732 646 27778
3204892 390732 646 4247
3204893 390732 646 2637
3204897 696050 646 1723
3204898 696050 646 9700
3204899 696051 646 165734
3204900 526891 646 3394
3204909 696054 646 2627
3204910 696054 646 165723
3204911 696054 646 165746
3204916 696055 646 22852
3204917 696055 646 8066
3204918 67892 646 699
3204919 67892 646 643
3204920 67892 646 798
3204921 696056 646 2437
3204922 696056 646 48
3204923 696056 646 286
3204931 1949323 646 829
3204932 1949323 646 13991
3204933 1949323 646 1155
3204934 696059 646 829
3204935 696059 646 1430
3204936 2710 646 1128
3204937 2710 646 165730
3204938 2710 646 731
3204949 696064 646 123262
3204950 696064 646 77297
3204952 696066 646 165712
3204953 696066 646 165747
3204954 696067 646 165735
3204955 696067 646 665
3204956 448331 646 16683
3204957 448331 646 165712
3204961 359249 646 3394
3204965 243027 646 563
3204966 696073 646 24498
3204967 1101561 646 3811
3204968 696074 646 5555
3204969 696074 646 2936
3204970 696074 646 4951
3204978 696079 646 28
3204979 696079 646 13451
3204980 561935 646 188
3204981 561935 646 44
3204987 696080 646 5508
3204988 696080 646 1257
3204991 696082 646 5051
3204992 696082 646 276
3204993 61821 646 5346
3204994 61821 646 3451
3204995 61821 646 8918
3204999 159443 646 4061
3205003 696087 646 165712
3205004 191376 646 1138
3205005 191376 646 1133
3205006 696088 646 976
3205007 696088 646 1058
3205008 696088 646 100
3205009 696088 646 2990
3205026 696095 646 165712
3205051 2896 646 29
3205052 2896 646 1004
3205055 696107 646 40790
3205056 696107 646 665
3205057 696107 646 373
3205058 696108 646 3085
3205075 696113 646 1132
3205076 696113 646 1004
3205077 696113 646 1058
3205078 696113 646 4387
3205079 696113 646 3
3205080 696113 646 1127
3205082 1949327 646 7290
3205083 1949328 646 7290
3205087 7160 646 104
3205088 696117 646 104
3205091 696119 646 108
3205095 9470 646 108
3205100 696121 646 3394
3205102 87840 646 138
3205103 87840 646 289
3205106 696124 646 165712
3205107 431946 646 13963
3205108 431946 646 7122
3205109 431946 646 3
3205110 431946 646 1184
3205111 696125 646 24498
3205112 696125 646 16767
3205113 696126 646 503
3205114 696126 646 57807
3205115 419702 646 618
3205116 696127 646 665
3205117 696128 646 665
3205118 696129 646 5317
3205119 609565 646 392
3205120 696130 646 1007
3205121 696130 646 40790
3205122 696130 646 665
3205124 335770 646 100
3205133 550705 646 13084
3205134 550705 646 3357
3205138 696138 646 15348
3205139 696138 646 367
3205142 696140 646 77297
3205146 696142 646 11196
3205147 696142 646 4061
3205150 419804 646 1354
3205151 1949329 646 290
3205152 1949329 646 2889
3205153 356961 646 527
3205154 356961 646 108
3205155 16608 646 527
3205161 1949330 646 21338
3205162 1949330 646 20223
3205163 1949330 646 301
3205164 696148 646 165708
3205165 696148 646 2297
3205170 457649 646 138
3205171 457649 646 79346
3205180 523622 646 1808
3205181 696152 646 1138
3205182 696152 646 20221
3205183 696152 646 1136
3205184 696153 646 1138
3205185 696153 646 20221
3205186 696153 646 7287
3205187 696154 646 1138
3205188 696154 646 20221
3205192 696156 646 1191
3205193 696156 646 10321
3205195 696158 646 285
3205196 696158 646 139
3205202 61960 646 259
3205207 696163 646 699
3205208 696163 646 16683
3205212 696166 646 1138
3205213 696166 646 7546
3205220 148215 646 1138
3205221 148215 646 7546
3205222 148215 646 9181
3205223 148215 646 20225
3205224 429855 646 11121
3205225 429855 646 2627
3205226 696169 646 2936
3205227 696169 646 1134
3205228 74409 646 643
3205229 74409 646 1160
3205230 74409 646 4477
3205232 696171 646 6375
3205236 696173 646 7113
3205237 696173 646 40790
3205238 696173 646 165712
3205239 696174 646 165712
3205240 696174 646 40790
3205241 696174 646 1257
3205242 696175 646 6375
3205243 696176 646 1138
3205244 696176 646 1133
3205246 124488 646 523
3205247 599860 646 523
3205248 138370 646 1771
3205255 696179 646 43696
3205257 696181 646 165708
3205258 696181 646 2297
3205267 696186 646 7113
3205268 696186 646 165712
3205278 512145 646 220
3205279 512145 646 1720
3205280 512145 646 44
3205281 696191 646 1257
3205282 696191 646 643
3205283 696191 646 2486
3205284 696192 646 1257
3205285 696192 646 30
3205286 696192 646 10321
3205292 68945 646 507
3205293 68945 646 40
3205297 744203 646 20309
3205298 744203 646 61497
3205301 696194 646 123262
3205302 696194 646 11
3205311 586694 646 730
3205314 696198 646 4641
3205315 696199 646 1058
3205316 696199 646 6405
3205317 696200 646 4641
3205318 696200 646 1058
3205320 107733 646 165746
3205321 32333 646 1138
3205322 32333 646 1058
3205323 32333 646 1136
3205326 696202 646 2905
3205327 696202 646 2627
3205328 696202 646 1665
3205329 696203 646 2627
3205330 696203 646 20309
3205333 53652 646 364
3205334 53652 646 76
3205335 53652 646 165719
3205340 59701 646 527
3205341 59701 646 108
3205342 336835 646 4518
3205343 696208 646 665
3205344 696209 646 128588
3205352 1915652 646 1057
3205353 1915652 646 48339
3205354 1915652 646 869
3205355 696212 646 1191
3205356 696212 646 10321
3205359 294927 646 11121
3205362 696216 646 1257
3205363 696216 646 165712
3205364 696216 646 18071
3205365 696216 646 165703
3205366 696216 646 165747
3205367 696217 646 20309
3205368 696217 646 111923
3205369 693348 646 1258
3205370 693348 646 1057
3205375 696219 646 1007
3205376 696219 646 28
3205377 24430 646 1007
3205379 696221 646 2627
3205380 696221 646 3196
3205390 685269 646 27778
3205391 685269 646 90250
3205396 50749 646 635
3205397 50749 646 1299
3205399 696229 646 6968
3205400 339346 646 1125
3205401 696230 646 1772
3205402 74794 646 392
3205405 6393 646 17858
3205407 696232 646 6670
3205412 696234 646 665
3205415 696236 646 6659
3205416 696236 646 5051
3205417 133943 646 4580
3205418 133943 646 61497
3205419 133943 646 27778
3205423 696238 646 805
3205424 696238 646 643
3205426 1949335 646 908
3205428 391016 646 138
3205429 391016 646 4269
3205430 391016 646 825
3205435 431235 646 11
3205436 431235 646 5051
3205437 431235 646 8409
3205446 52067 646 1258
3205454 696248 646 29
3205456 696250 646 165712
3205459 53743 646 1138
3205460 696251 646 4061
3205466 250012 646 16
3205467 74900 646 873
3205473 407816 646 1138
3205474 407816 646 20301
3205479 696256 646 1138
3205480 696256 646 67809
3205481 696256 646 7268
3205488 443382 646 4620
3205490 696259 646 165736
3205491 696259 646 665
3205494 412207 646 668
3205496 613339 646 523
3205499 696263 646 1138
3205500 696263 646 168
3205506 263922 646 369
3205509 696265 646 1138
3205512 398678 646 6228
3205517 696268 646 3085
3205520 696269 646 131804
3205521 696269 646 2138
3205522 696270 646 5051
3205523 696270 646 6659
3205524 696271 646 103837
3205525 696271 646 2637
3205526 696271 646 4866
3205527 696271 646 4677
3205531 696274 646 4701
3205532 696275 646 2936
3205536 696276 646 1257
3205541 696278 646 111923
3205546 696281 646 1138
3205547 696281 646 9181
3205548 696281 646 20225
3205550 808284 646 1138
3205551 1949341 646 1138
3205552 1236867 646 1133
3205553 1236867 646 4387
3205554 671926 646 1133
3205555 671926 646 7215
3205556 671926 646 4387
3205557 36810 646 1133
3205558 36810 646 72
3205560 696282 646 1133
3205561 391077 646 1133
3205562 696283 646 1138
3205563 696283 646 829
3205564 27915 646 1133
3205565 696284 646 67809
3205566 696284 646 1138
3205567 696285 646 7113
3205568 696285 646 730
3205569 696285 646 165758
3205571 696287 646 1257
3205572 696287 646 6095
3205573 696287 646 2739
3205574 696287 646 95080
3205578 153357 646 1665
3205579 696290 646 1610
3205583 562537 646 22852
3205584 562537 646 635
3205585 562537 646 8388
3205586 696293 646 76
3205587 268999 646 1133
3205588 268999 646 16444
3205596 696296 646 4701
3205600 147594 646 1112
3205601 147594 646 10321
3205604 696300 646 111923
3205605 696300 646 100617
3205606 3509 646 392
3205607 696301 646 829
3205608 696301 646 1489
3205609 696301 646 2852
3205610 357701 646 2637
3205611 357701 646 4677
3205612 357701 646 103837
3205613 696302 646 28
3205614 696302 646 6039
3205620 696305 646 15526
3205621 696305 646 507
3205622 696306 646 1723
3205623 500866 646 165717
3205624 500866 646 125
3205625 266315 646 731
3205626 266315 646 290
3205627 266315 646 40934
3205629 1949342 646 7063
3205630 1949343 646 20309
3205631 1949343 646 61497
3205632 1949343 646 15729
3205633 696308 646 2627
3205634 696308 646 20309
3205635 696309 646 20309
3205636 696309 646 1335
3205638 62165 646 127
3205639 62165 646 29
3205640 62165 646 318
3205645 352292 646 668
3205646 696313 646 4069
3205647 696313 646 165761
3205656 696318 646 4061
3205657 696318 646 10321
3205658 696318 646 1257
3205659 188543 646 873
3205660 188543 646 643
3205661 696319 646 4387
3205662 696319 646 7320
3205667 3117 646 146
3205670 497839 646 138
3205671 497839 646 503
3205672 497839 646 16615
3205677 696322 646 165737
3205678 696323 646 4140
3205679 696323 646 71257
3205681 696325 646 978
3205682 1949344 646 5687
3205685 696328 646 165710
3205686 696329 646 165710
3205687 696330 646 4701
3205688 696331 646 699
3205689 696331 646 643
3205692 696334 646 165712
3205693 25448 646 1125
3205694 25448 646 138
3205696 696336 646 24498
3205697 696336 646 1257
3205698 696336 646 10321
3205701 696338 646 276
3205702 696339 646 165734
3205711 79394 646 894
3205733 1949345 646 130148
3205734 669992 646 7063
3205735 669992 646 1148
3205736 696348 646 77570
3205741 696350 646 286
3205742 696351 646 27778
3205743 696352 646 27778
3205744 696352 646 1148
3205745 264129 646 4016
3205746 264129 646 7322
3205747 696353 646 165722
3205748 696353 646 15526
3205753 153796 646 318
3205754 153796 646 127
3205755 241657 646 1610
3205756 696355 646 165708
3205757 696355 646 2297
3205758 696356 646 165707
3205759 696356 646 2297
3205760 696357 646 76
3205761 696357 646 392
3205762 696357 646 2376
3205769 357945 646 2012
3205770 357945 646 1679
3205773 696360 646 39367
3205774 696361 646 108
3205776 458716 646 165730
3205777 696362 646 27778
3205778 696362 646 15497
3205779 696363 646 912
3205780 696364 646 1060
3205785 696367 646 15418
3205792 510086 646 523
3205793 436747 646 643
3205794 436747 646 5555
3205795 696371 646 24
3205796 696371 646 643
3205797 696371 646 8778
3205800 696372 646 27778
3205801 696372 646 15497
3205802 1945719 646 96356
3205803 1945719 646 46736
3205804 253020 646 301
3205805 253020 646 27778
3205806 253020 646 4247
3205807 253020 646 1610
3205810 496802 646 1138
3205811 672215 646 1138
3205812 672215 646 527
3205813 58536 646 285
3205814 58536 646 291
3205815 355323 646 5346
3205816 355323 646 3451
3205817 696373 646 165730
3205821 1949346 646 507
3205822 391265 646 1133
3205824 696376 646 1610
3205825 696377 646 165717
3205826 457215 646 1133
3205827 696378 646 4316
3205828 696378 646 4140
3205840 696383 646 165710
3205841 696384 646 4230
3205842 21696 646 638
3205843 21696 646 28061
3205844 148417 646 1138
3205845 148417 646 20221
3205848 24905 646 291
3205849 24905 646 318
3205855 494925 646 2012
3205857 24909 646 895
3205862 696390 646 111923
3205864 696392 646 39367
3205869 696396 646 29423
3205871 696398 646 15526
3205872 1949349 646 7113
3205873 1949349 646 15526
3205874 1949349 646 30
3205875 696399 646 1723
3205878 71309 646 1744
3205879 71309 646 1923
3205882 696402 646 165712
3205883 696402 646 7113
3205885 696403 646 326
3205886 1949350 646 61497
3205887 1949350 646 20309
3205898 560688 646 4230
3205900 696408 646 31640
3205901 696408 646 7546
3205902 696408 646 28
3205903 696408 646 4387
3205907 1271930 646 165766
3205908 1271930 646 286
3205909 24948 646 156
3205910 24948 646 286
3205911 24948 646 25235
3205918 696411 646 829
3205920 696413 646 613
3205921 1949352 646 1138
3205922 351526 646 1430
3205923 351526 646 829
3205924 351526 646 104
3205925 696414 646 3394
3205926 434571 646 3394
3205935 586759 646 44
3205936 586759 646 4775
3205942 696423 646 27778
3205943 696423 646 4677
3205945 696425 646 123262
3205946 696425 646 6228
3205956 696430 646 10461
3205957 696430 646 4061
3205958 696431 646 123262
3205960 696433 646 1723
3205962 59750 646 76
3205963 59750 646 165719
3205970 1949353 646 61497
3205971 1949353 646 135479
3205972 1949353 646 1148
3205980 826479 646 1138
3205981 696440 646 4061
3205982 696441 646 165767
3205988 696447 646 3085
3205989 56515 646 286
3205990 56515 646 3
3205991 56515 646 25235
3205992 696448 646 3
3205993 696449 646 3
3205994 696449 646 4247
3205995 696449 646 27778
3205998 158 646 108
3205999 158 646 527
3206000 158 646 668
3206005 666381 646 4685
3206006 666381 646 733
3206007 666381 646 1058
3206008 134804 646 188
3206009 134804 646 44
3206010 696453 646 4701
3206011 696454 646 523
3206012 3159 646 165712
3206013 3159 646 699
3206014 3159 646 16683
3206017 696456 646 165712
3206018 696456 646 7113
3206019 696456 646 40790
3206022 123098 646 7089
3206023 696462 646 188
3206024 696463 646 1451
3206025 696463 646 665
3206026 696464 646 152410
3206027 696464 646 2739
3206028 400448 646 6375
3206030 25133 646 618
3206031 25133 646 240
3206032 25133 646 44
3206033 696466 646 1257
3206034 696466 646 10321
3206035 696466 646 618
3206036 696467 646 10461
3206037 696467 646 4061
3206038 696467 646 1257
3206039 696467 646 43522
3206040 696468 646 165700
3206041 696468 646 54769
3206042 1949355 646 104
3206043 1949355 646 39328
3206044 166998 646 391
3206045 696469 646 11741
3206046 696469 646 38476
3206047 25152 646 286
3206048 696470 646 216
3206049 696470 646 5469
3206052 696472 646 165737
3206053 3632 646 643
3206054 3632 646 1160
3206055 696473 646 4061
3206056 696473 646 11196
3206060 696460 646 829
3206061 696460 646 165702
3206062 696460 646 9795
3206063 696460 646 67537
3206065 1949356 646 12165
3206066 1949357 646 130148
3206070 696474 646 4713
3206076 17223 646 668
3206081 696479 646 21993
3206082 350503 646 1411
3206083 350503 646 30
3206084 350503 646 3
3206086 696481 646 1058
3206087 696481 646 2428
3206088 696481 646 4051
3206089 35507 646 392
3206097 696486 646 165730
3206098 25219 646 318
3206099 59808 646 108
3206114 32772 646 4037
3206115 696491 646 4037
