3222323 697946 648 2990
3222324 697946 648 31019
3222325 697947 648 1125
3222328 48746 648 108
3222329 11437 648 960
3222330 11437 648 4140
3222331 11437 648 72
3222332 190 648 528
3222333 190 648 108
3222334 190 648 1738
3222335 190 648 169
3222336 190 648 168
3222337 697949 648 136949
3222338 697949 648 169
3222339 697949 648 1738
3222340 197230 648 730
3222341 49606 648 70
3222342 49606 648 136949
3222346 122018 648 1819
3222350 4213 648 3497
3222353 697952 648 3490
3222356 98154 648 730
3222357 98154 648 12233
3222358 149416 648 100
3222359 149416 648 1738
3222370 118927 648 1775
3222376 296069 648 125
3222377 296069 648 1284
3222378 24784 648 528
3222379 12479 648 1021
3222380 12479 648 730
3222381 12292 648 21
3222382 12292 648 730
3222385 543312 648 1148
3222390 697959 648 1453
3222393 306973 648 12233
3222394 306973 648 730
3222397 697963 648 100
3222398 697964 648 100
3222399 59042 648 28
3222408 99725 648 2576
3222409 99725 648 730
3222410 12771 648 1707
3222411 12771 648 1123
3222412 12771 648 365
3222418 307155 648 730
3222419 307155 648 894
3222420 307155 648 1284
3222421 307155 648 4230
3222422 68304 648 307
3222423 68304 648 80592
3222424 68304 648 6737
3222430 192607 648 108
3222431 365210 648 108
3222432 486176 648 1021
3222433 486176 648 730
3222439 697970 648 638
3222440 697970 648 72
3222441 697970 648 98
3222442 697970 648 12233
3222443 697971 648 730
3222444 697972 648 9737
3222445 697972 648 638
3222449 5266 648 523
3222451 697973 648 2891
3222452 697973 648 166125
3222455 697974 648 98
3222456 697974 648 24380
3222457 697974 648 638
3222458 697975 648 528
3222459 697975 648 1738
3222460 697976 648 730
3222461 697976 648 98
3222462 697977 648 774
3222463 697977 648 19403
3222464 697977 648 507
3222465 13402 648 98
3222466 13402 648 638
3222467 13402 648 1021
3222468 13402 648 6762
3222474 633674 648 12233
3222475 633674 648 100
3222476 377101 648 779
3222477 377101 648 618
3222478 386599 648 1257
3222479 697980 648 98
3222480 697980 648 12213
3222483 434708 648 12233
3222484 434708 648 730
3222485 334232 648 98
3222486 334232 648 12233
3222487 334232 648 43737
3222488 334233 648 12233
3222489 334233 648 70
3222492 697982 648 12233
3222493 697982 648 730
3222500 697984 648 12233
3222501 697984 648 1738
3222502 697984 648 528
3222503 697984 648 1007
3222504 697985 648 12233
3222505 697986 648 1738
3222509 466831 648 100
3222510 697988 648 98
3222511 697988 648 3153
3222512 287973 648 730
3222513 287973 648 4827
3222514 287973 648 1284
3222515 697989 648 87395
3222516 697990 648 1257
3222520 697992 648 70
3222521 697992 648 136949
3222523 697993 648 136949
3222524 559424 648 1148
3222525 406737 648 829
3222526 648156 648 1347
3222527 648156 648 28
3222535 14096 648 170
3222536 14096 648 528
3222539 697996 648 105279
3222541 467022 648 12247
3222542 467022 648 58129
3222543 696914 648 635
3222544 697997 648 276
3222554 14297 648 28
3222555 14297 648 2013
3222558 131110 648 53670
3222559 131110 648 1132
3222560 131110 648 28
3222564 85273 648 1884
3222566 698003 648 730
3222567 698003 648 638
3222570 112238 648 19403
3222571 112238 648 9737
3222572 112238 648 1390
3222580 240892 648 98
3222581 240892 648 6685
3222582 240892 648 638
3222583 240892 648 369
3222586 335174 648 98
3222587 335174 648 3893
3222588 335174 648 285
3222592 698007 648 730
3222593 698007 648 638
3222600 191240 648 28
3222601 191240 648 7271
3222602 191240 648 64
3222603 265538 648 730
3222604 265538 648 1125
3222608 698010 648 894
3222609 698010 648 730
3222610 698010 648 1284
3222611 684901 648 865
3222620 698011 648 28
3222621 698012 648 779
3222622 698012 648 12233
3222623 698013 648 28
3222629 87509 648 528
3222631 273039 648 528
3222634 378629 648 28
3222635 378629 648 136949
3222636 50407 648 528
3222639 152751 648 28
3222640 152751 648 12752
3222641 378692 648 28
3222642 378692 648 100
3222643 378692 648 7253
3222649 10250 648 730
3222650 10250 648 318
3222656 698021 648 108
3222657 698022 648 19403
3222669 698026 648 730
3222670 698026 648 638
3222671 274948 648 730
3222672 274948 648 369
3222673 651302 648 58129
3222674 651302 648 730
3222675 651302 648 100
3222676 698027 648 1021
3222677 698027 648 730
3222678 698028 648 98
3222679 698028 648 1021
3222680 698028 648 638
3222681 698028 648 6762
3222682 698028 648 730
3222683 698029 648 730
3222684 698029 648 1819
3222685 698029 648 276
3222686 442889 648 730
3222687 442889 648 638
3222688 249242 648 285
3222689 249242 648 307
3222693 249289 648 1819
3222694 249289 648 100
3222696 698031 648 730
3222697 698031 648 638
3222698 698031 648 1021
3222703 199014 648 618
3222704 199014 648 730
3222709 194944 648 2003
3222710 194944 648 12233
3222711 29417 648 166126
3222712 677315 648 1132
3222713 677315 648 136949
3222714 677315 648 1738
3222717 655875 648 53670
3222718 655875 648 1132
3222719 655875 648 28
3222729 75714 648 19403
3222730 698040 648 9737
3222731 265868 648 960
3222732 265868 648 98
3222739 698042 648 6762
3222740 698042 648 5687
3222743 490050 648 1299
3222744 490050 648 78702
3222745 490050 648 635
3222746 192274 648 28
3222747 192274 648 1738
3222748 192274 648 6961
3222749 24380 648 846
3222750 24380 648 57368
3222751 24380 648 1284
3222752 698044 648 730
3222756 698046 648 1335
3222757 698047 648 28
3222758 160027 648 98
3222759 160027 648 369
3222760 698048 648 730
3222761 698048 648 1430
3222762 508531 648 12233
3222763 508531 648 26674
3222764 24430 648 1007
3222765 24430 648 6487
3222768 943 648 1325
3222772 331712 648 6685
3222773 331712 648 12233
3222774 331712 648 638
3222777 698051 648 730
3222778 698051 648 4827
3222779 698051 648 1284
3222780 698052 648 188
3222781 698052 648 285
3222786 698053 648 58129
3222787 698053 648 730
3222788 698053 648 100
3222792 268884 648 100
3222796 16942 648 528
3222797 16942 648 108
3222798 16942 648 1738
3222799 195263 648 730
3222801 85991 648 730
3222802 85991 648 1021
3222803 85991 648 98
3222804 85991 648 6762
3222805 357482 648 100
3222806 357482 648 1446
3222807 698058 648 11494
3222808 698058 648 166128
3222809 365828 648 730
3222810 365828 648 5687
3222817 395246 648 100
3222818 395246 648 285
3222824 3515 648 730
3222825 3515 648 1148
3222826 3515 648 6737
3222827 279676 648 169
3222828 279676 648 108
3222829 279676 648 1738
3222830 698063 648 730
3222831 698063 648 894
3222832 698063 648 1284
3222835 698066 648 730
3222836 698066 648 78696
3222837 698066 648 58129
3222844 698068 648 730
3222845 698068 648 5687
3222846 157854 648 12233
3222847 157854 648 369
3222848 342119 648 2161
3222849 698069 648 14
3222850 185782 648 6192
3222851 185782 648 748
3222852 698070 648 6192
3222853 698070 648 638
3222854 75990 648 730
3222855 96651 648 730
3222856 96651 648 1021
3222860 698071 648 1257
3222861 698071 648 16767
3222862 112454 648 98
3222863 50996 648 70
3222864 50996 648 136949
3222865 50996 648 638
3222870 122951 648 2647
3222876 309722 648 1738
3222878 630806 648 136949
3222879 630806 648 528
3222880 630806 648 169
3222883 250368 648 5302
3222884 250368 648 1819
3222885 250368 648 2161
3222886 337766 648 51658
3222887 337766 648 3451
3222888 38665 648 1132
3222889 88632 648 152
3222890 423988 648 125
3222891 423988 648 4615
3222892 698076 648 6712
3222893 698076 648 553
3222894 401639 648 1257
3222906 698079 648 98
3222907 698079 648 2012
3222908 698079 648 369
3222913 698082 648 1148
3222914 370136 648 136949
3222915 370136 648 170
3222916 698083 648 19403
3222917 698083 648 9737
3222918 698083 648 1390
3222919 252902 648 730
3222920 252902 648 5687
3222921 1973 648 98
3222922 1973 648 104
3222926 16415 648 138
3222927 100216 648 730
3222928 100216 648 6737
3222929 698084 648 108
3222930 698084 648 4055
3222931 350345 648 730
3222932 350345 648 100
3222938 56477 648 9737
3222939 56477 648 19403
3222940 56477 648 507
3222941 698086 648 4069
3222942 698086 648 5687
3222943 698087 648 1148
3222944 698088 648 29
3222945 698089 648 2302
3222946 698089 648 2303
3222947 698089 648 166129
3222949 51185 648 1738
3222950 51185 648 528
3222951 51185 648 108
3222952 51185 648 169
3222953 51185 648 136949
3222954 22465 648 528
3222955 22465 648 1738
3222956 39945 648 528
3222957 39945 648 1738
3222958 25103 648 6737
3222959 25103 648 1125
3222960 698091 648 26674
3222961 698091 648 4746
3222962 698092 648 1335
3222963 698092 648 100
3222964 143001 648 2003
3222965 143001 648 618
3222966 160470 648 618
3222967 160470 648 1450
3222972 698095 648 100
3222973 698096 648 3153
3222974 698096 648 1335
3222976 698098 648 1678
3222977 698099 648 168
3222978 698099 648 4802
3222979 140831 648 668
3222980 140831 648 825
3222981 17751 648 528
3222982 17751 648 1738
3222983 17751 648 825
3222984 17751 648 668
3222985 644496 648 668
3222986 644496 648 528
3222987 644496 648 1738
3222988 644496 648 1182
