3233994 422655 652 873
3233995 700288 652 1807
3233996 700288 652 1128
3233997 700288 652 47044
3234002 158694 652 2362
3234003 158694 652 4107
3234004 158694 652 10682
3234005 158694 652 104
3234006 158694 652 7326
3234014 700291 652 1127
3234015 700291 652 139
3234016 700291 652 285
3234017 700291 652 4107
3234018 700291 652 264
3234019 700291 652 5406
3234020 700292 652 374
3234021 700292 652 139
3234022 700292 652 285
3234023 700292 652 748
3234024 700293 652 264
3234025 700293 652 285
3234026 700293 652 374
3234029 700295 652 374
3234030 36484 652 11
3234031 36484 652 139
3234032 36484 652 1106
3234033 700296 652 264
3234034 700296 652 374
3234035 700297 652 2140
3234036 700297 652 374
3234037 700297 652 26533
3234038 700298 652 264
3234039 700298 652 374
3234043 700300 652 264
3234044 700300 652 374
3234045 368995 652 167287
3234046 368995 652 4179
3234047 368995 652 374
3234048 700302 652 264
3234049 700302 652 748
3234050 700302 652 4196
3234051 700302 652 374
3234052 700302 652 285
3234053 700302 652 321
3234054 126258 652 29
3234055 126258 652 311
3234056 700303 652 264
3234057 700303 652 374
3234064 6007 652 11
3234065 6007 652 285
3234066 700306 652 264
3234067 700306 652 4196
3234068 700306 652 285
3234069 700306 652 139
3234074 484105 652 264
3234075 484105 652 374
3234076 484105 652 1176
3234077 642971 652 748
3234078 642971 652 11
3234079 642971 652 3767
3234082 700308 652 588
3234083 700308 652 10762
3234084 700308 652 6420
3234085 700308 652 1127
3234086 700308 652 10674
3234094 700311 652 285
3234095 700311 652 264
3234096 700311 652 139
3234097 700311 652 638
3234099 83153 652 1704
3234100 83153 652 941
3234101 83153 652 4469
3234104 351078 652 6698
3234105 351078 652 285
3234106 351078 652 264
3234107 351078 652 4196
3234108 700313 652 3428
3234109 700313 652 638
3234110 700313 652 104
3234111 700313 652 507
3234112 700314 652 104
3234113 700314 652 748
3234114 700315 652 4196
3234115 700315 652 264
3234116 700315 652 374
3234117 700315 652 4179
3234118 700315 652 285
3234126 32663 652 557
3234127 32663 652 1128
3234128 32663 652 301
3234139 700318 652 374
3234140 700318 652 264
3234141 700318 652 285
3234142 700318 652 4595
3234143 51993 652 1128
3234144 51993 652 301
3234145 51993 652 557
3234151 45951 652 264
3234152 45951 652 374
3234153 45951 652 4196
3234154 45951 652 285
3234155 45951 652 139
3234160 700321 652 264
3234161 700321 652 285
3234166 700322 652 1191
3234167 700322 652 286
3234170 74601 652 563
3234171 74601 652 3722
3234172 700323 652 1136
3234177 159826 652 374
3234178 159826 652 264
3234179 159826 652 11
3234180 159826 652 301
3234181 159826 652 1106
3234182 159826 652 4179
3234183 159826 652 4196
3234186 700327 652 11
3234187 700327 652 1106
3234188 700327 652 139
3234189 700328 652 873
3234190 700329 652 264
3234191 700329 652 374
3234192 700329 652 4196
3234193 116772 652 285
3234194 116772 652 139
3234195 116772 652 11
3234196 116772 652 1106
3234197 116772 652 638
3234210 700335 652 6698
3234211 700335 652 285
3234212 700335 652 139
3234213 700335 652 4196
3234214 700335 652 68471
3234215 700336 652 11
3234216 700336 652 374
3234217 700336 652 1106
3234218 64655 652 374
3234219 64655 652 139
3234220 64655 652 11
3234221 64655 652 7326
3234222 64655 652 264
3234223 700337 652 301
3234224 700337 652 11
3234225 700337 652 1127
3234226 700337 652 374
3234227 700337 652 1106
3234228 700337 652 3767
3234229 700337 652 285
3234230 700337 652 748
3234231 700337 652 139
3234235 700339 652 374
3234236 700339 652 264
3234237 700339 652 4196
3234238 700339 652 285
3234239 700340 652 374
3234240 700340 652 139
3234241 700340 652 285
3234242 700340 652 4196
3234243 700340 652 264
3234244 700341 652 1106
3234245 700341 652 3722
3234246 700341 652 264
3234247 700341 652 11
3234248 700341 652 285
3234249 700341 652 1409
3234250 700342 652 374
3234251 700342 652 139
3234252 700342 652 264
3234253 700342 652 4196
3234254 700344 652 11
3234255 700344 652 264
3234256 700344 652 285
3234257 700344 652 748
3234263 685547 652 264
3234264 685547 652 374
3234265 685547 652 125
3234266 338101 652 11
3234267 338101 652 941
3234268 332366 652 1106
3234269 332366 652 11
3234270 332366 652 5947
3234271 332366 652 1128
3234272 58816 652 11
3234273 58816 652 1896
3234274 58816 652 1106
3234282 426167 652 264
3234283 426167 652 301
3234284 426167 652 285
3234285 700347 652 167288
3234286 700347 652 167289
3234287 700347 652 5820
3234288 700348 652 139
3234289 700348 652 374
3234290 330791 652 38333
3234291 330791 652 6332
3234292 700349 652 1257
3234293 700349 652 9828
3234294 700349 652 2989
3234295 700349 652 5049
3234299 13891 652 873
3234300 377885 652 883
3234301 377885 652 162213
3234302 377885 652 1779
3234305 427542 652 638
3234306 427542 652 1176
3234307 427542 652 285
3234308 427542 652 374
