3251466 706267 657 28468
3251477 68304 657 276
3251478 68304 657 307
3251479 68304 657 4730
3251480 68304 657 11994
3251481 68304 657 19237
3251482 192130 657 167662
3251483 257340 657 557
3251489 706272 657 557
3251492 706274 657 167664
3251493 706274 657 941
3251502 253373 657 29
3251503 253373 657 507
3251504 253373 657 557
3251511 74601 657 28630
3251512 74601 657 167668
3251517 706284 657 6
3251527 706291 657 6
3251528 706291 657 4667
3251529 706292 657 6
3251530 706293 657 6
3251531 706293 657 557
3251532 706294 657 6
3251533 706295 657 6
3251534 706296 657 6
3251535 706297 657 6
3251540 706301 657 6
3251541 706302 657 6
3251542 706303 657 6
3251569 706323 657 1239
3251570 706323 657 6
3251582 706332 657 557
3251583 706332 657 6
3251584 706333 657 167662
3251585 706333 657 6618
3251605 706347 657 6
3251606 706347 657 167676
3251610 706350 657 6
3251611 706350 657 167676
3251617 706355 657 26927
3251618 706355 657 6
3251621 706357 657 1239
3251622 706357 657 6
3251624 706359 657 58108
3251625 706359 657 6
3251629 706362 657 6
3251630 706362 657 4952
3251631 706362 657 26119
3251632 706362 657 1889
3251637 706365 657 1233
3251638 706365 657 6
3251639 706366 657 6
3251640 706366 657 20281
3251641 706366 657 2955
3251642 706367 657 167679
3251643 706367 657 6
3251649 706371 657 3743
3251650 706371 657 1239
3251651 706371 657 6
3251652 706372 657 6
3251658 706375 657 1239
3251659 706375 657 6
3251666 392577 657 1239
3251667 392577 657 6
3251668 706379 657 58108
3251669 706379 657 6
3251672 706382 657 6
3251673 706382 657 117045
3251674 706382 657 2955
3251675 706382 657 20281
3251693 706390 657 6
3251694 706391 657 6
3251697 706393 657 2592
3251698 706393 657 6618
3251699 706393 657 6
3251702 706396 657 67365
3251711 706399 657 6
3251712 160245 657 167687
3251713 3146 657 167688
3251714 10933 657 4746
3251715 10933 657 167689
3251716 706400 657 167690
3251722 706403 657 2613
