3251749 658920 658 167699
3251750 706410 658 816
3251751 706410 658 5831
3251752 706411 658 1162
3251753 706411 658 1313
3251754 706411 658 523
3251755 706411 658 374
3251756 706411 658 2028
3251757 706411 658 3731
3251758 282621 658 2990
3251759 282621 658 1191
3251760 282621 658 2613
3251761 282621 658 80
3251762 282621 658 342
3251763 282621 658 1123
3251764 282621 658 1896
3251776 706415 658 1896
3251777 706416 658 78091
3251778 706416 658 1565
3251779 706416 658 2709
3251780 388379 658 80
3251781 388379 658 1896
3251782 388379 658 1115
3251783 706417 658 1896
3251784 706417 658 1794
3251789 479652 658 1703
3251790 479652 658 982
3251791 479652 658 359
3251792 479652 658 734
3251793 479652 658 42382
3251800 706419 658 799
3251801 706419 658 894
3251802 706419 658 1057
3251803 706420 658 49351
3251804 706420 658 359
3251805 706420 658 2556
3251806 706420 658 6354
3251807 706420 658 6208
3251808 706421 658 3130
3251809 706421 658 1828
3251810 706421 658 2313
3251811 706421 658 36140
3251812 706421 658 2709
3251813 706421 658 523
3251814 706421 658 4582
3251843 706425 658 523
3251844 706425 658 1627
3251850 706428 658 125
3251851 706428 658 276
3251852 706428 658 4683
3251853 706428 658 4608
3251854 706428 658 367
3251855 706428 658 1115
3251866 706430 658 13904
3251867 706430 658 1431
3251868 706430 658 21
3251869 706430 658 53568
3251870 706430 658 58178
3251875 485344 658 40
3251876 485344 658 359
3251877 706431 658 507
3251878 706431 658 503
3251879 706431 658 1703
3251880 706431 658 361
3251884 706433 658 221
3251885 706433 658 359
3251886 706433 658 29
3251887 706433 658 6686
3251888 706434 658 167702
3251889 706434 658 523
3251897 3952 658 23774
3251898 3952 658 727
3251899 3952 658 1917
3251900 3952 658 734
3251901 3952 658 2028
3251902 3952 658 374
3251903 3952 658 67989
3251904 706436 658 44
3251905 706436 658 367
3251906 706436 658 7784
3251911 706438 658 730
3251912 706438 658 374
3251913 706438 658 518
3251914 706438 658 29225
3251915 706438 658 367
3251916 706438 658 285
3251917 11447 658 1191
3251918 11447 658 125
3251928 706442 658 1775
3251929 706442 658 44
3251930 706442 658 1896
3251931 706442 658 1162
3251932 706443 658 55404
3251933 706443 658 1191
3251934 706443 658 2248
3251935 148887 658 25378
3251936 148887 658 17840
3251937 148887 658 1450
3251938 132155 658 254
3251939 132155 658 1172
3251940 132155 658 44
3251941 132155 658 367
3251942 706444 658 125
3251943 706444 658 44
3251944 706444 658 451
3251945 706444 658 638
3251946 706445 658 254
3251947 706445 658 1172
3251948 706445 658 29903
3251949 706445 658 24
3251950 706445 658 302
3251951 35865 658 727
3251952 35865 658 4528
3251953 35865 658 138
3251954 35865 658 1896
3251955 35865 658 301
3251956 35865 658 225
3251957 35865 658 668
3251958 132184 658 254
3251959 132184 658 638
3251960 132184 658 4276
3251961 132184 658 225
3251962 132184 658 367
3251967 706446 658 4945
3251968 706446 658 167703
3251969 706446 658 507
3251985 706449 658 1565
3251986 706449 658 3256
3251987 195944 658 167705
3251991 706451 658 730
3251992 706451 658 8609
3251993 706451 658 167705
3251994 296417 658 167706
3251995 296417 658 1794
3251996 296417 658 1565
3251997 296417 658 1627
3251998 388405 658 1627
3251999 706452 658 41742
3252000 706452 658 4582
3252001 706452 658 24777
3252002 706452 658 5318
3252003 706452 658 1257
3252004 706452 658 254
3252010 513185 658 86852
3252011 513185 658 996
3252012 513185 658 451
3252013 171323 658 912
3252014 171323 658 138
3252015 171323 658 816
3252016 171323 658 59831
3252017 171323 658 58295
3252019 700526 658 29
3252020 700526 658 139
3252021 700526 658 79144
3252027 706454 658 523
3252028 706454 658 1565
3252029 706454 658 425
3252030 706454 658 78091
3252031 706454 658 2709
3252047 706457 658 83193
3252048 706457 658 276
3252049 706457 658 25448
3252050 706457 658 2709
3252051 501861 658 4683
3252052 501861 658 77
3252053 501861 658 305
3252054 501861 658 4608
3252056 706458 658 41013
3252057 706458 658 73000
3252058 706458 658 1868
3252059 706458 658 507
3252060 706458 658 953
3252061 706458 658 167707
3252064 108801 658 2008
3252065 108801 658 3285
3252066 108801 658 139
3252067 108801 658 1115
3252068 108801 658 1141
3252069 412246 658 138
3252070 412246 658 221
3252071 412246 658 188
3252072 412246 658 11
3252073 412246 658 285
3252074 412246 658 668
3252075 412246 658 2008
3252076 112616 658 18655
3252077 112616 658 992
3252078 112616 658 730
3252079 112616 658 139
3252080 112616 658 6
3252081 112616 658 285
3252082 112616 658 5237
3252083 112616 658 2008
3252135 513233 658 125
3252136 513233 658 374
3252137 513233 658 44
3252138 513233 658 1896
3252139 706474 658 167701
3252140 706474 658 8404
3252141 706474 658 11973
3252142 706474 658 359
3252143 706474 658 1313
3252144 706475 658 167711
3252145 706475 658 912
3252146 706475 658 507
3252147 706475 658 7008
3252148 706475 658 1794
3252154 706476 658 1703
3252155 706476 658 894
3252156 706476 658 730
3252157 706476 658 285
3252158 706476 658 20281
3252159 2958 658 1703
3252160 2958 658 11
3252161 2958 658 139
3252162 2958 658 4298
3252163 2958 658 77
3252164 2958 658 367
3252195 706483 658 2072
3252196 706483 658 5733
3252197 706484 658 1299
3252198 706484 658 367
3252199 706484 658 451
3252210 644702 658 1896
3252211 75938 658 1007
3252212 75938 658 127
3252213 75938 658 1115
3252214 706485 658 54509
3252215 706485 658 20496
3252216 706485 658 1239
3252217 706485 658 1896
3252218 706485 658 86852
3252222 296536 658 1896
3252223 706487 658 719
3252224 706487 658 523
3252225 706487 658 1794
3252228 296539 658 44
3252229 296539 658 1896
3252230 296539 658 1162
3252237 706488 658 359
3252238 8310 658 2072
3252239 8310 658 20496
3252240 101274 658 1565
3252241 101274 658 1889
3252242 101274 658 1627
3252243 101274 658 19962
3252244 101274 658 1828
3252245 101274 658 451
3252246 706489 658 367
3252247 706489 658 25118
3252248 706489 658 101012
3252249 706489 658 638
3252250 706490 658 359
3252260 706492 658 1239
3252261 706492 658 1565
3252262 706492 658 1627
3252263 706492 658 1828
3252264 706493 658 1169
3252265 706493 658 29
3252266 706493 658 127
3252270 264698 658 795
3252271 264698 658 1299
3252272 264698 658 894
3252273 264698 658 139
3252274 264698 658 730
3252275 264698 658 635
3252276 264698 658 285
3252277 626368 658 1136
3252278 626368 658 374
3252279 626368 658 44
3252280 626368 658 367
3252281 706495 658 1136
3252282 706495 658 523
3252283 706495 658 72
3252284 706495 658 374
3252285 376165 658 367
3252286 376165 658 1136
3252287 376165 658 638
3252288 376165 658 90
3252289 376165 658 72
3252290 376165 658 131776
3252302 418564 658 359
3252303 418564 658 225
3252304 418564 658 575
3252305 418564 658 29733
3252310 11870 658 5237
3252311 11870 658 982
3252312 11870 658 894
3252313 11870 658 730
3252314 11870 658 139
3252315 11870 658 42382
3252316 11870 658 285
3252317 171923 658 992
3252318 171923 658 254
3252319 171923 658 1564
3252320 171923 658 2206
3252321 171923 658 894
3252327 706500 658 992
3252328 706500 658 40
3252329 706500 658 254
3252330 706500 658 367
3252338 706503 658 359
3252339 706503 658 894
3252346 15271 658 992
3252347 15271 658 4261
3252348 15271 658 367
3252349 145796 658 992
3252350 145796 658 24074
3252351 145796 658 1170
3252352 145796 658 367
3252353 145796 658 72
3252363 466385 658 167715
3252364 466385 658 730
3252390 706512 658 167717
3252391 706512 658 388
3252392 706512 658 992
3252393 706512 658 2242
3252399 706514 658 992
3252400 706514 658 727
3252401 706514 658 155053
3252402 706515 658 992
3252403 706515 658 894
3252404 706515 658 846
3252405 706515 658 6912
3252406 706515 658 93736
3252422 348596 658 992
3252423 348596 658 991
3252424 348596 658 730
3252425 348596 658 139
3252426 348596 658 285
3252427 706518 658 1896
3252428 706518 658 86852
3252429 706518 658 1191
3252430 303108 658 9744
3252431 303108 658 127
3252432 303108 658 6686
3252433 303108 658 53741
3252442 706521 658 1565
3252443 706521 658 2185
3252444 706521 658 167719
3252445 642300 658 730
3252446 642300 658 2556
3252447 706522 658 384
3252448 706522 658 2556
3252449 706522 658 77
3252450 706522 658 367
3252451 706522 658 42382
3252461 706525 658 254
3252462 706525 658 1191
3252463 706525 658 21412
3252464 706525 658 1209
3252465 706526 658 1239
3252466 706526 658 3811
3252467 706526 658 941
3252468 706527 658 4027
3252469 706527 658 80
3252470 187437 658 638
3252471 706528 658 29
3252472 706528 658 1896
3252500 706535 658 5111
3252501 706535 658 359
3252502 706535 658 10595
3252503 706535 658 16513
3252509 296656 658 4230
3252510 296656 658 518
3252511 296656 658 167705
3252512 350424 658 4529
3252513 350424 658 727
3252514 350424 658 1565
3252515 350424 658 1828
3252516 112654 658 24074
3252517 112654 658 1313
3252518 112654 658 77
3252519 112654 658 9795
3252520 413330 658 3394
3252521 413330 658 13812
3252522 413330 658 285
3252523 413330 658 167725
3252527 182729 658 359
3252528 182729 658 4102
3252529 182729 658 29
3252530 182729 658 59799
3252531 182729 658 734
3252538 706538 658 730
3252539 706538 658 20442
3252540 706539 658 86852
3252541 706539 658 8267
3252542 706539 658 16308
3252543 706539 658 2725
3252553 706541 658 120732
3252554 706541 658 953
3252555 706541 658 41013
3252556 706541 658 9496
3252557 706541 658 912
3252562 135032 658 1896
3252563 135032 658 719
3252564 56733 658 125
3252565 56733 658 167727
3252566 287711 658 9803
3252567 287711 658 1896
3252568 247274 658 719
3252569 247274 658 67989
3252570 247274 658 727
3252571 247274 658 3811
3252572 706543 658 1896
3252573 706543 658 225
3252574 706543 658 719
3252575 706543 658 2185
3252576 706543 658 507
3252577 706543 658 42103
3252578 80939 658 614
3252579 80939 658 1191
3252580 706544 658 1191
3252581 706544 658 16627
3252582 706544 658 614
3252583 706544 658 167728
3252584 706544 658 4073
3252585 706544 658 53529
3252589 706546 658 1627
3252590 706546 658 1828
3252591 706546 658 1565
3252592 706547 658 221
3252593 706547 658 359
3252594 700912 658 894
3252595 700912 658 730
3252596 700912 658 1313
3252600 52660 658 27397
3252601 52660 658 1896
3252602 52660 658 1794
3252603 52660 658 1565
3252607 419100 658 359
3252614 182780 658 359
3252615 182780 658 53476
3252616 182780 658 139
3252617 182780 658 795
3252618 706551 658 72656
3252619 706551 658 912
3252620 706551 658 2330
3252621 19042 658 125
3252622 19042 658 1703
3252623 19042 658 11
3252624 19042 658 4349
3252625 19042 658 4332
3252626 19042 658 285
3252627 19042 658 44
3252628 19042 658 342
3252629 706552 658 2330
3252630 706552 658 359
3252631 706552 658 6208
3252632 706552 658 507
3252633 706552 658 16316
3252634 706552 658 20577
3252635 706552 658 49351
3252636 706553 658 2520
3252637 706553 658 5813
3252638 706553 658 4027
3252639 706553 658 1794
3252640 706554 658 23936
3252641 706554 658 4027
3252642 706554 658 80
3252643 339351 658 29
3252644 339351 658 523
3252645 706555 658 523
3252646 706555 658 8877
3252647 706555 658 47327
3252648 706555 658 367
3252649 172619 658 2330
3252650 172619 658 523
3252651 706556 658 72656
3252652 706556 658 912
3252653 706557 658 20855
3252654 706557 658 2964
3252655 706557 658 20577
3252656 706558 658 167703
3252657 706558 658 4945
3252658 706558 658 4737
3252659 274067 658 1794
3252660 274067 658 912
3252661 706559 658 9744
3252662 706559 658 359
3252663 706559 658 67989
3252664 706559 658 727
3252665 706560 658 953
3252666 706560 658 523
3252694 706567 658 8404
3252695 706567 658 167701
3252696 706567 658 359
3252697 706567 658 79806
3252713 706573 658 953
3252714 706573 658 507
3252715 706573 658 19337
3252720 706575 658 225
3252721 706575 658 1191
3252722 706575 658 49200
3252723 706575 658 167730
3252735 706578 658 1191
3252748 706581 658 254
3252749 706581 658 1162
3252793 11276 658 1775
3252794 11276 658 2056
3252795 11276 658 301
3252796 11276 658 2709
3252797 11276 658 72
3252798 11276 658 1918
3252841 706598 658 367
3252842 706598 658 21
3252843 706598 658 72
3252844 706598 658 1115
3252845 706598 658 40
3252850 706599 658 25998
3252851 706599 658 167735
3252852 706599 658 1896
3252853 706599 658 507
3252854 706599 658 5749
3252878 706603 658 10457
3252879 706603 658 4073
3252880 706603 658 87913
3252881 706603 658 719
3252882 706603 658 1896
3252890 482140 658 1367
3252891 482140 658 523
3252892 482140 658 458
3252893 482140 658 44
3252894 402976 658 11
3252895 402976 658 635
3252896 402976 658 86852
3252897 402976 658 367
3252898 402976 658 44
3252909 706607 658 1335
3252910 706607 658 1007
3252911 706607 658 11
3252912 706607 658 367
3252917 706609 658 29
3252918 706609 658 60063
3252919 706610 658 167736
3252920 706610 658 29
3252921 706610 658 25909
3252922 706610 658 127
3252936 706613 658 80304
3252937 706613 658 4767
3252938 706613 658 359
3252939 706613 658 6354
3252940 706613 658 49351
3252941 706614 658 49919
3252942 706614 658 359
3252943 706614 658 1896
3252962 384189 658 1565
3252963 639769 658 1828
3252964 639769 658 1896
3252965 639769 658 1565
3252966 639769 658 816
3252967 468959 658 25998
3252968 468959 658 1828
3252969 468959 658 953
3252970 468959 658 1896
3252971 468959 658 2056
3252972 468959 658 19337
3252973 468959 658 719
3252974 468959 658 523
3252975 468959 658 167735
3252976 468959 658 2185
3252977 468959 658 23338
3252978 468959 658 1565
3252979 468959 658 1794
3252983 129341 658 1828
3252984 129341 658 1450
3252985 129341 658 1122
3252986 129341 658 23774
3252987 706618 658 29
3252988 706618 658 254
3252992 706619 658 254
3252993 706619 658 1299
3252994 706619 658 635
3252995 706619 658 367
3252996 274246 658 12733
3252997 274246 658 2117
3252998 274246 658 1774
3252999 274246 658 388
3253000 274246 658 1431
3253001 281486 658 993
3253002 281486 658 1764
3253003 281486 658 1896
3253004 281486 658 5800
3253005 281486 658 719
3253012 247514 658 5453
3253013 247514 658 2964
3253014 247514 658 359
3253015 247514 658 2242
3253016 247514 658 15807
3253017 699928 658 23774
3253018 699928 658 719
3253019 699928 658 1701
3253020 699928 658 16316
3253021 699928 658 1896
3253022 706621 658 167737
3253023 706621 658 359
3253026 706623 658 5998
3253027 706623 658 1239
3253028 706623 658 1703
3253029 706623 658 953
3253030 706623 658 2725
3253031 706624 658 127
3253032 706624 658 26665
3253033 706624 658 1896
3253034 706625 658 39902
3253035 706625 658 730
3253036 706625 658 139
3253037 706625 658 86852
3253038 706626 658 1191
3253039 271131 658 86852
3253040 271131 658 1191
3253041 271131 658 1896
3253042 271131 658 26665
3253057 12456 658 507
3253058 12456 658 1999
3253061 699654 658 727
3253062 699654 658 3394
3253063 699654 658 643
3253064 699654 658 367
3253065 373469 658 1896
3253066 373469 658 1794
3253067 706630 658 167739
3253068 706630 658 359
3253069 706630 658 894
3253070 706630 658 167705
3253075 706631 658 1431
3253076 706631 658 799
3253077 706631 658 1162
3253078 706631 658 1313
3253079 418723 658 359
3253080 418723 658 167705
3253081 418723 658 3203
3253082 418723 658 1703
3253083 9181 658 638
3253087 706632 658 1999
3253088 706632 658 225
3253089 706632 658 523
3253090 706632 658 1628
3253091 706632 658 167740
3253092 706632 658 58132
3253093 476647 658 125
3253094 476647 658 4
3253095 476647 658 503
3253096 476647 658 79
3253097 706633 658 6402
3253098 706633 658 79796
3253099 706633 658 359
3253100 706633 658 507
3253101 706633 658 4073
3253102 19605 658 1367
3253103 19605 658 816
3253104 19605 658 5733
3253105 706634 658 469
3253106 706634 658 1794
3253107 23196 658 29
3253108 23196 658 6686
3253109 23196 658 4349
3253110 23196 658 128
3253120 706637 658 719
3253121 706637 658 167741
3253122 706637 658 5453
3253126 59042 658 139
3253127 59042 658 1058
3253128 59042 658 11
3253129 59042 658 1056
3253130 59042 658 285
3253131 59042 658 367
3253132 59042 658 982
3253133 59042 658 77
3253142 373596 658 24450
3253143 373596 658 1191
3253144 373596 658 2185
3253145 373596 658 1896
3253146 373596 658 66961
3253147 373596 658 158126
3253151 706639 658 4174
3253152 706639 658 2705
3253153 706639 658 5015
3253154 706639 658 20380
3253155 706639 658 27282
3253156 706639 658 53529
3253164 290957 658 359
3253165 290957 658 139
3253168 706643 658 367
3253169 706643 658 80825
3253170 706643 658 1591
3253171 706643 658 4
3253172 706643 658 21994
3253173 706643 658 3358
3253177 706645 658 719
3253178 706645 658 2520
3253179 706646 658 367
3253180 706646 658 730
3253181 706646 658 139
3253189 706649 658 359
3253190 706649 658 941
3253191 706649 658 1367
3253192 706649 658 3394
3253193 706649 658 4057
3253194 706649 658 167732
3253199 275357 658 359
3253200 275357 658 6290
3253201 275357 658 4965
3253202 275357 658 2725
3253203 275357 658 1794
3253208 262888 658 523
3253209 262888 658 1565
3253210 262888 658 1896
3253218 547592 658 2680
3253219 547592 658 367
3253220 547592 658 139
3253221 547592 658 4880
3253222 349699 658 1191
3253223 349699 658 138
3253224 349699 658 259
3253225 349699 658 4073
3253244 706655 658 33623
3253245 706655 658 915
3253246 706655 658 1896
3253247 706656 658 33623
3253248 706656 658 618
3253249 706656 658 1896
3253250 706657 658 33623
3253251 706657 658 1896
3253252 706657 658 618
3253261 706660 658 167742
3253262 706660 658 1896
3253263 706660 658 953
3253264 706660 658 507
3253265 706661 658 2629
3253266 706661 658 523
3253267 706661 658 1565
3253268 706661 658 4528
3253269 706661 658 167743
3253270 706661 658 167732
3253281 706664 658 1896
3253282 706664 658 1565
3253283 706664 658 22589
3253284 271395 658 38523
3253285 271395 658 1896
3253286 271395 658 912
3253287 271395 658 507
3253288 271395 658 50504
3253289 271395 658 10269
3253290 701646 658 730
3253291 701646 658 53883
3253292 701646 658 1162
3253293 701646 658 367
3253294 115190 658 367
3253295 115190 658 618
3253296 115190 658 167744
3253297 115190 658 167699
3253302 706666 658 1918
3253303 706666 658 2709
3253304 706666 658 1565
3253305 706666 658 23774
3253306 676575 658 2705
3253307 676575 658 1191
3253308 676575 658 1723
3253309 676575 658 53529
3253310 706667 658 29
3253311 706667 658 1122
3253312 706667 658 54299
3253317 706670 658 523
3253318 706670 658 80825
3253319 706670 658 374
3253320 706670 658 1162
3253321 706671 658 80825
3253322 706671 658 276
3253323 706672 658 367
3253324 706672 658 80825
3253325 706672 658 4582
3253326 706672 658 26734
3253330 69612 658 125
3253331 69612 658 4528
3253332 69612 658 342
3253333 69612 658 523
3253334 69612 658 1565
3253335 69612 658 912
3253336 69612 658 507
3253337 69612 658 85464
3253338 74987 658 254
3253339 74987 658 982
3253340 74987 658 1313
3253341 74987 658 1703
3253342 74987 658 1034
3253343 706674 658 53574
3253344 706674 658 451
3253345 706674 658 167746
3253346 706674 658 29
3253347 706674 658 1701
3253354 706675 658 359
3253370 353990 658 79144
3253371 353990 658 359
3253372 353990 658 1431
3253373 353990 658 6375
3253374 353990 658 29
3253375 353990 658 101368
3253376 706679 658 79144
3253377 706679 658 5714
3253378 706679 658 29
3253379 706680 658 72
3253380 706680 658 1115
3253381 706680 658 869
3253382 706680 658 1257
3253383 706680 658 1808
3253384 706681 658 20855
3253385 706681 658 4582
3253386 706681 658 2964
3253387 706682 658 912
3253388 706682 658 9496
3253389 706682 658 254
3253390 706682 658 66593
3253401 435625 658 10742
3253402 435625 658 1034
3253403 435625 658 1239
3253422 108948 658 108
3253423 108948 658 1058
3253424 108948 658 188
3253425 108948 658 120
3253426 108948 658 11
3253427 108948 658 285
3253428 108948 658 44
3253429 706688 658 7412
3253430 706688 658 4016
3253444 706689 658 1896
3253445 706689 658 1162
3253446 706689 658 80
3253447 706689 658 1172
3253448 706689 658 285
3253449 706689 658 3
3253450 706689 658 367
3253451 706689 658 254
3253458 240685 658 8609
3253459 240685 658 90
3253460 240685 658 167705
3253461 240685 658 730
3253462 240685 658 638
3253463 240685 658 72
3253464 240685 658 58335
3253465 297110 658 8609
3253466 297110 658 730
3253467 706690 658 8609
3253468 706690 658 730
3253469 706690 658 638
3253470 706690 658 86852
3253471 706690 658 58335
3253472 95017 658 8609
3253473 95017 658 894
3253474 95017 658 638
3253475 95017 658 58335
3253476 706691 658 90
3253477 706691 658 1299
3253478 706691 658 125
3253479 706691 658 65729
3253480 706691 658 58335
3253492 706694 658 164046
3253493 706694 658 167700
3253494 706694 658 1209
3253495 706694 658 1239
3253496 706694 658 1191
3253497 151117 658 4297
3253498 151117 658 388
3253499 151117 658 734
3253500 151117 658 2028
3253501 151117 658 374
3253502 151117 658 727
3253503 321012 658 992
3253504 321012 658 1122
3253505 321012 658 127
3253506 321012 658 44617
3253507 321012 658 167729
3253508 197117 658 125
3253509 197117 658 72
3253510 197117 658 29841
3253511 679468 658 992
3253512 679468 658 1122
3253513 679468 658 4230
3253514 679468 658 894
3253515 679468 658 2206
3253516 679468 658 254
3253517 706695 658 727
3253518 706695 658 4528
3253519 706695 658 1122
3253520 706695 658 992
3253521 706695 658 4230
3253522 706695 658 254
3253523 706695 658 894
3253524 288212 658 992
3253525 288212 658 167749
3253526 127029 658 4528
3253527 127029 658 992
3253528 127029 658 730
3253529 127029 658 734
3253530 127029 658 20450
3253531 447496 658 129765
3253532 447496 658 129766
3253533 447496 658 719
3253534 447496 658 254
3253535 447496 658 774
3253541 706697 658 1239
3253560 706701 658 1701
3253561 706701 658 4297
3253562 706701 658 72840
3253563 706701 658 1896
3253564 706702 658 29
3253565 706702 658 1704
3253566 706702 658 7274
3253567 706702 658 4027
3253568 706702 658 86852
3253569 122262 658 15722
3253570 122262 658 1723
3253571 122262 658 53529
3253572 706703 658 719
3253573 706703 658 65674
3253578 706705 658 8404
3253579 706705 658 13999
3253580 706705 658 254
3253581 706705 658 1794
3253588 706707 658 912
3253589 706707 658 23361
3253590 706708 658 912
3253591 706708 658 23361
3253592 706709 658 1896
3253593 706709 658 1701
3253594 706709 658 23361
3253595 251932 658 4746
3253596 251932 658 1123
3253597 251932 658 749
3253598 251932 658 1053
3253609 706710 658 2770
3253610 706710 658 16
3253611 706710 658 1313
3253612 706710 658 5831
3253613 706710 658 125
3253621 706712 658 359
3253622 706712 658 6665
3253623 706712 658 72
3253624 706712 658 618
3253650 263018 658 125
3253651 263018 658 1896
3253652 263018 658 4552
3253653 263018 658 2964
3253662 706720 658 367
3253663 706720 658 80825
3253664 706720 658 1591
3253665 706720 658 4
3253666 706720 658 21994
3253667 706720 658 3358
3253673 706722 658 2520
3253674 706722 658 20796
3253675 706722 658 3510
3253676 706723 658 2520
3253677 706723 658 1896
3253678 706723 658 1162
3253679 706723 658 873
3253691 706725 658 6
3253692 706725 658 1191
3253693 706725 658 1209
3253694 706725 658 1239
3253695 706725 658 167750
3253696 706725 658 86852
3253697 706726 658 1115
3253698 706726 658 44
3253699 706726 658 1136
3253702 706728 658 254
3253703 706728 658 894
3253704 706728 658 730
3253705 706728 658 139
3253706 706728 658 44
3253707 706728 658 367
3253711 706730 658 221
3253712 706730 658 359
3253713 706731 658 58335
3253714 706731 658 86852
3253715 706731 658 1122
3253716 706731 658 359
3253717 706731 658 727
3253739 706735 658 167701
3253740 706735 658 8404
3253741 706735 658 1896
3253744 706737 658 5741
3253745 706737 658 1794
3253746 706737 658 1802
3253747 706737 658 1701
3253761 706743 658 106301
3253762 706743 658 4297
3253763 706743 658 4582
3253774 294242 658 276
3253775 294242 658 1896
3253784 409445 658 86852
3253785 409445 658 276
3253786 409445 658 1896
3253787 409445 658 3463
3253788 311343 658 1239
3253789 311343 658 1704
3253790 311343 658 4297
3253791 311343 658 49710
3253794 706748 658 1239
3253795 706748 658 1794
3253833 706759 658 10170
3253834 706759 658 4073
3253835 706759 658 1162
3253836 706759 658 29
3253837 706760 658 167756
3253838 706760 658 167757
3253839 706760 658 1896
3253840 706761 658 367
3253841 706761 658 596
3253842 706761 658 4510
3253843 706761 658 2709
3253844 706761 658 727
3253855 706764 658 86852
3253856 706764 658 1896
3253857 706764 658 1239
3253858 706764 658 9966
3253859 706764 658 72547
3253860 706765 658 5831
3253861 706765 658 4746
3253862 706765 658 86852
3253863 706766 658 507
3253864 706766 658 5831
3253865 706766 658 953
3253866 706767 658 1313
3253867 706767 658 1162
3253868 706767 658 6917
3253869 706767 658 5326
3253870 706767 658 1896
3253875 706768 658 1764
3253876 706768 658 38821
3253877 706769 658 53741
3253878 706769 658 1896
3253879 706769 658 167758
3253880 706769 658 80825
3253881 706770 658 359
3253882 706770 658 4167
3253883 706770 658 1774
3253923 706779 658 94180
3253924 706779 658 1902
3253925 706779 658 359
3253933 706782 658 6402
3253934 706782 658 359
3253935 706782 658 167760
3253944 13567 658 90
3253945 13567 658 1703
3253946 13567 658 1162
3253947 13567 658 1191
3253948 514328 658 992
3253949 514328 658 1896
3253950 514328 658 3394
3253951 514328 658 915
3253952 514328 658 27896
3253955 439978 658 16627
3253956 439978 658 254
3253957 439978 658 3451
3253958 439978 658 1172
3253959 439978 658 72
3253960 439978 658 367
3253963 706786 658 65729
3253964 706786 658 167727
3253965 706786 658 367
3253977 13620 658 301
3253978 13620 658 305
3253979 13620 658 507
3253980 13620 658 917
3253981 13620 658 41914
3253982 13620 658 70
3253991 34762 658 961
3253992 34762 658 1115
3253993 34762 658 138
3253994 34762 658 982
3253995 706790 658 87831
3253996 706790 658 912
3253997 706790 658 1565
3253998 706790 658 23361
3253999 706790 658 4528
3254002 706792 658 1896
3254003 706792 658 523
3254004 706792 658 2330
3254005 706792 658 76934
3254006 706792 658 507
3254007 23556 658 1999
3254008 23556 658 1191
3254009 23556 658 816
3254013 642790 658 992
3254014 642790 658 359
3254015 642790 658 2206
3254016 642790 658 77356
3254017 706793 658 23774
3254018 706793 658 1565
3254040 706799 658 86852
3254041 706799 658 1999
3254042 706799 658 734
3254043 706799 658 1794
3254044 706799 658 507
3254045 706800 658 53741
3254046 706800 658 1191
3254047 706800 658 4582
3254058 183542 658 992
3254059 183542 658 2990
3254060 183542 658 1162
3254061 183542 658 730
3254062 183542 658 367
3254063 626362 658 221
3254064 626362 658 1896
3254065 626362 658 507
3254066 626362 658 138
3254067 13772 658 221
3254068 13772 658 359
3254069 13772 658 42646
3254073 13773 658 359
3254074 13773 658 221
3254078 374215 658 2008
3254079 374215 658 4896
3254080 374215 658 20372
3254081 374215 658 77
3254082 374215 658 367
3254083 706804 658 276
3254084 706804 658 307
3254085 20878 658 1367
3254086 20878 658 941
3254087 20878 658 1162
3254088 20878 658 221
3254089 20878 658 259
3254093 706805 658 1896
3254094 706805 658 1367
3254095 706805 658 953
3254101 706806 658 816
3254102 706806 658 1367
3254103 706806 658 1115
3254114 706810 658 6
3254115 706810 658 1367
3254116 706810 658 1896
3254130 706811 658 15528
3254131 706811 658 254
3254132 706811 658 167762
3254133 706811 658 1172
3254134 706811 658 367
3254142 514440 658 139
3254143 514440 658 730
3254144 514440 658 507
3254145 514440 658 774
3254146 514440 658 285
3254147 514440 658 42382
3254158 642839 658 992
3254159 642839 658 2206
3254160 642839 658 894
3254161 642839 658 52802
3254162 642839 658 1896
3254169 706815 658 72656
3254170 706815 658 912
3254171 706815 658 167763
3254172 706815 658 4027
3254173 706815 658 2330
3254174 706815 658 4053
3254175 706816 658 1191
3254176 706816 658 1239
3254177 706816 658 1209
3254178 706816 658 53529
3254183 328689 658 1999
3254184 328689 658 992
3254185 328689 658 54299
3254186 328689 658 29
3254187 706818 658 1239
3254188 706818 658 1191
3254189 706818 658 523
3254190 706818 658 167764
3254191 377363 658 254
3254192 377363 658 523
3254193 377363 658 367
3254194 377363 658 4297
3254195 706819 658 359
3254196 706819 658 72
3254197 706819 658 2964
3254198 706820 658 164153
3254199 706820 658 136916
3254200 706820 658 167765
3254201 706820 658 1191
3254202 706820 658 1239
3254203 706820 658 1209
3254204 706821 658 1565
3254205 5872 658 139
3254206 5872 658 285
3254207 5872 658 734
3254208 5872 658 6259
3254209 706822 658 167716
3254210 706822 658 167705
3254211 706823 658 4582
3254212 706823 658 982
3254213 706823 658 40
3254214 706823 658 523
3254215 706823 658 367
3254216 706824 658 167711
3254217 706824 658 4737
3254218 706824 658 1896
3254219 706825 658 167736
3254220 706825 658 127
3254221 706825 658 29
3254222 706825 658 1703
3254224 79776 658 367
3254225 79776 658 982
3254226 79776 658 139
3254227 79776 658 77
3254228 79776 658 1162
3254229 79776 658 24421
3254237 265235 658 359
3254238 265235 658 730
3254239 344874 658 557
3254240 344874 658 254
3254241 344874 658 5831
3254242 344874 658 30191
3254243 706828 658 523
3254244 706828 658 1565
3254245 279502 658 1191
3254246 279502 658 91963
3254247 279502 658 1896
3254248 706829 658 992
3254249 706829 658 11
3254250 706829 658 24074
3254251 706829 658 41040
3254252 706829 658 72
3254253 706829 658 1313
3254257 706831 658 167706
3254258 706831 658 1565
3254259 706831 658 23361
3254266 706834 658 1239
3254267 706834 658 311
3254268 706834 658 869
3254269 706834 658 451
3254270 706834 658 66080
3254281 706838 658 359
3254282 706838 658 138
3254283 706838 658 1896
3254284 706838 658 4562
3254285 706839 658 167751
3254286 706839 658 359
3254287 706839 658 167767
3254291 702539 658 12733
3254292 702539 658 359
3254293 702539 658 982
3254298 706842 658 359
3254299 706842 658 225
3254300 706842 658 1896
3254304 706843 658 359
3254305 706843 658 1896
3254306 706843 658 6296
3254307 706843 658 321
3254312 706845 658 359
3254313 706845 658 167769
3254314 706845 658 101239
3254315 706845 658 42382
3254316 541783 658 2520
3254317 541783 658 3206
3254318 541783 658 15807
3254319 541783 658 1896
3254320 541783 658 167720
3254323 706846 658 4276
3254324 706846 658 2161
3254325 706846 658 4027
3254326 706846 658 44
3254327 706846 658 374
3254334 706849 658 12320
3254335 706849 658 1162
3254336 706849 658 507
3254337 706849 658 16627
3254338 706850 658 1703
3254339 706850 658 276
3254340 706850 658 2709
3254341 706850 658 1239
3254344 706851 658 359
3254345 706851 658 1162
3254346 706851 658 1896
3254350 251092 658 29
3254365 706853 658 13564
3254366 706853 658 77
3254367 706853 658 2680
3254368 706853 658 44
3254369 706853 658 221
3254370 706853 658 4896
3254371 706853 658 367
3254372 495157 658 1162
3254373 495157 658 638
3254374 495157 658 894
3254375 495157 658 730
3254376 495157 658 72
3254377 495157 658 90
3254378 495157 658 451
3254379 495157 658 1115
3254380 495157 658 167770
3254394 277302 658 125
3254395 277302 658 1999
3254396 706855 658 1896
3254397 706855 658 52802
3254398 706855 658 5831
3254399 706856 658 5831
3254400 706856 658 52802
3254401 706856 658 17380
3254402 706856 658 16316
3254421 706861 658 254
3254422 706861 658 1172
3254423 706861 658 1704
3254424 706861 658 367
3254425 706861 658 86852
3254426 706862 658 1239
3254427 706862 658 4582
3254428 706862 658 20496
3254429 706862 658 1704
3254430 706862 658 16627
3254431 706863 658 912
3254432 706863 658 359
3254433 706863 658 67989
3254434 706863 658 15807
3254443 272495 658 1191
3254444 272495 658 1896
3254445 272495 658 40976
3254448 2175 658 1160
3254449 2175 658 285
3254450 2175 658 367
3254451 2175 658 561
3254452 2175 658 44
3254453 57054 658 254
3254454 57054 658 276
3254455 57054 658 1058
3254456 57054 658 301
3254457 57054 658 11
3254458 57054 658 285
3254459 57054 658 139
3254460 57054 658 3
3254461 57054 658 4181
3254462 57054 658 100
3254463 702789 658 276
3254464 702789 658 1896
3254465 702789 658 44
3254494 16041 658 276
3254495 16041 658 1162
3254496 16041 658 5807
3254497 16041 658 1896
3254498 706869 658 390
3254499 706869 658 1115
3254500 706869 658 276
3254501 706869 658 5230
3254530 430626 658 276
3254531 430626 658 4332
3254532 430626 658 367
3254533 706874 658 221
3254534 706874 658 276
3254535 706874 658 11
3254536 706874 658 44
3254537 706874 658 220
3254538 706874 658 367
3254547 21343 658 276
3254548 21343 658 638
3254549 21343 658 1057
3254550 21343 658 390
3254551 21343 658 1115
3254559 706876 658 276
3254560 706876 658 915
3254561 706876 658 318
3254562 706876 658 390
3254563 706876 658 982
3254564 1379 658 276
3254565 1379 658 28
3254566 1379 658 11
3254567 1379 658 367
3254571 706877 658 1819
3254572 706877 658 3613
3254579 706878 658 1191
3254580 706878 658 1239
3254581 706878 658 167771
3254590 706881 658 49710
3254591 706881 658 4297
3254592 706881 658 167772
3254593 706881 658 953
3254594 706881 658 167773
3254595 706882 658 1239
3254596 706882 658 1794
3254597 706883 658 1701
3254598 706883 658 1239
3254599 706883 658 29766
3254600 706884 658 1239
3254601 706884 658 953
3254602 706884 658 4297
3254603 706885 658 49710
3254604 706885 658 4297
3254605 706885 658 29
3254606 706885 658 5741
3254607 706886 658 4297
3254608 706886 658 49710
3254609 706886 658 953
3254610 706887 658 122910
3254611 706887 658 49710
3254612 706887 658 4297
3254613 706888 658 953
3254614 706888 658 167704
3254615 706888 658 49710
3254616 706888 658 4297
3254617 706889 658 1239
3254618 706889 658 125
3254619 706890 658 719
3254620 706890 658 6296
3254621 706891 658 15722
3254622 706891 658 1191
3254623 706891 658 49710
3254624 706892 658 1701
3254625 706892 658 4297
3254626 706893 658 1191
3254627 706893 658 1239
3254628 706893 658 53529
3254629 706894 658 49054
3254630 706894 658 4297
3254631 706894 658 49710
3254632 706895 658 49710
3254633 706895 658 1239
3254634 706895 658 50218
3254635 706896 658 49710
3254636 706896 658 5998
3254637 706896 658 953
3254638 706896 658 4297
3254639 706897 658 1239
3254640 706897 658 2709
3254641 706897 658 49710
3254642 706897 658 86852
3254643 706897 658 1896
3254644 706897 658 425
3254645 706898 658 1794
3254646 706898 658 1191
3254647 706898 658 67989
3254648 706899 658 912
3254649 706899 658 49710
3254650 706899 658 451
3254651 244512 658 49710
3254652 244512 658 4297
3254653 244512 658 167774
3254654 244512 658 18357
3254655 244512 658 953
3254656 244512 658 5831
3254657 706900 658 43363
3254658 706900 658 1701
3254659 706900 658 4297
3254660 706901 658 4297
3254661 706901 658 49710
3254662 706901 658 167775
3254663 706902 658 49710
3254664 706902 658 953
3254665 706902 658 167742
3254666 706902 658 1896
3254667 706902 658 4297
3254668 706903 658 1227
3254669 706903 658 2494
3254670 706903 658 2725
3254671 706903 658 523
3254672 706904 658 1239
3254673 706905 658 49710
3254674 706905 658 54509
3254675 706905 658 1239
3254676 706905 658 20496
3254677 706905 658 16627
3254678 706906 658 49710
3254679 706906 658 5831
3254680 706906 658 4276
3254681 706906 658 2592
3254682 706906 658 2242
3254683 706907 658 953
3254684 706907 658 78615
3254685 706907 658 4297
3254686 706907 658 49710
3254687 706908 658 1239
3254688 706908 658 425
3254689 706908 658 5776
3254690 706909 658 49710
3254691 706909 658 4297
3254692 706909 658 50074
3254693 706909 658 138201
3254694 706909 658 3749
3254695 706910 658 1239
3254696 706910 658 523
3254697 706910 658 2242
3254698 6229 658 77
3254699 6229 658 992
3254700 6229 658 139
3254701 6229 658 104
3254702 706911 658 2964
3254703 706911 658 4860
3254704 706911 658 2242
3254705 706911 658 3805
3254706 706911 658 5009
3254707 706912 658 2520
3254708 706912 658 254
3254709 706912 658 4297
3254710 706912 658 167776
3254711 290996 658 359
3254712 290996 658 4102
3254720 706915 658 79879
3254721 706915 658 359
3254722 706915 658 6332
3254723 706916 658 1239
3254724 706916 658 20496
3254725 706916 658 5831
3254726 706916 658 816
3254736 169490 658 221
3254737 169490 658 359
3254754 288298 658 912
3254755 288298 658 67223
3254756 706922 658 719
3254757 706922 658 8877
3254758 706922 658 912
3254763 350895 658 638
3254764 350895 658 72
3254765 350895 658 1896
3254766 14316 658 11
3254767 14316 658 188
3254768 14316 658 44
3254769 14316 658 1115
3254770 652553 658 1703
3254771 652553 658 1191
3254772 652553 658 1896
3254773 706924 658 8404
3254774 706924 658 6354
3254775 706924 658 359
3254776 706924 658 79806
3254777 706925 658 1896
3254778 706926 658 5984
3254779 706926 658 1191
3254780 706926 658 996
3254781 706926 658 1794
3254796 706930 658 264
3254797 706930 658 523
3254798 14349 658 1155
3254799 14349 658 367
3254800 14349 658 374
3254801 14349 658 1703
3254802 6309 658 167705
3254803 6309 658 4167
3254804 6309 658 719
3254805 706931 658 359
3254806 706931 658 167779
3254807 706931 658 6354
3254810 706933 658 1896
3254811 706933 658 51865
3254812 706933 658 65295
3254813 706934 658 4349
3254814 244590 658 127
3254815 244590 658 29
3254816 244590 658 1565
3254817 244590 658 1703
3254823 7876 658 1896
3254824 7876 658 1162
3254825 7876 658 846
3254826 244604 658 1896
3254827 244604 658 80
3254828 244604 658 5830
3254829 244604 658 1450
3254830 244604 658 86852
3254831 244607 658 5733
3254832 244607 658 359
3254833 244607 658 6290
3254852 51875 658 941
3254853 51875 658 6
3254854 51875 658 9975
3254855 51875 658 285
3254856 51875 658 90
3254857 51875 658 1115
3254858 51875 658 451
3254869 706941 658 73070
3254870 706941 658 4582
3254871 706941 658 1896
3254872 6388 658 3341
3254873 6388 658 734
3254874 6388 658 388
3254875 6388 658 507
3254876 706942 658 29
3254877 706942 658 139
3254878 706942 658 730
3254879 706943 658 20335
3254880 706943 658 779
3254881 706943 658 992
3254882 706943 658 11
3254883 706943 658 1058
3254884 706943 658 367
3254891 706945 658 6665
3254892 706945 658 1303
3254893 706945 658 11
3254901 706946 658 1191
3254902 706946 658 4174
3254903 706946 658 53529
3254904 706947 658 719
3254905 706947 658 225
3254906 706947 658 1896
3254907 186292 658 1767
3254908 186292 658 125
3254909 186292 658 254
3254910 186292 658 4528
3254911 186292 658 3256
3254912 186292 658 4065
3254913 186292 658 2186
3254914 186292 658 225
3254915 706948 658 367
3254916 706948 658 80825
3254917 706948 658 1239
3254918 706948 658 3352
3254919 706949 658 85268
3254920 706949 658 719
3254921 706949 658 4682
3254922 706949 658 51257
3254923 706949 658 104024
3254924 311444 658 1191
3254925 311444 658 4582
3254926 311444 658 90364
3254938 706952 658 225
3254939 706952 658 4582
3254940 706952 658 5831
3254941 706952 658 1233
3254958 514823 658 1191
3254959 514823 658 2705
3254960 514823 658 503
3254964 706955 658 527
3254965 706955 658 188
3254966 706955 658 44
3254967 706955 658 1383
3254968 706956 658 361
3254969 706956 658 507
3254970 706956 658 359
3254971 706956 658 167781
3254972 706956 658 167720
3254973 110932 658 254
3254974 110932 658 276
3254975 110932 658 72
3254976 110932 658 367
3254977 110932 658 1172
3254978 110932 658 15348
3254979 110932 658 40950
3254980 706957 658 254
3254985 706959 658 734
3254986 706959 658 367
3254987 706959 658 1313
3254988 706960 658 3394
3254989 706960 658 2576
3254990 706960 658 638
3254991 257346 658 1313
3254992 257346 658 1122
3254993 706961 658 638
3254994 706961 658 894
3254995 706961 658 730
3254996 706961 658 285
3254997 706961 658 90
3254998 706961 658 1115
3255006 146099 658 58335
3255007 146099 658 138
3255008 146099 658 638
3255009 146099 658 1057
3255010 146099 658 44
3255011 146099 658 3394
3255012 146099 658 992
3255043 169598 658 1162
3255044 169598 658 373
3255045 169598 658 80
3255046 169598 658 1728
3255047 257571 658 138
3255048 257571 658 44
3255075 147026 658 730
3255076 147026 658 139
3255077 147026 658 156
3255078 706970 658 1313
3255079 706970 658 730
3255087 706972 658 912
3255088 706972 658 59831
3255089 706972 658 41013
3255090 706972 658 9496
3255091 706973 658 359
3255092 706973 658 254
3255093 706973 658 8941
3255094 335174 658 982
3255095 335174 658 77
3255096 335174 658 264
3255097 335174 658 120
3255098 335174 658 139
3255099 335174 658 367
3255110 706976 658 719
3255111 706976 658 23774
3255112 706976 658 5800
3255113 706977 658 59614
3255114 706977 658 719
3255115 706978 658 72840
3255116 706978 658 41310
3255117 706978 658 912
3255144 706985 658 5998
3255145 706985 658 953
3255146 706985 658 167783
3255147 706986 658 167743
3255148 706986 658 25690
3255149 706986 658 167784
3255150 706986 658 1239
3255151 706986 658 4582
3255152 706986 658 1565
3255153 706987 658 1191
3255154 706987 658 912
3255155 706987 658 167771
3255156 706988 658 1239
3255157 706988 658 49460
3255158 706988 658 4582
3255159 706988 658 3130
3255160 706988 658 77468
3255161 251458 658 7784
3255162 251458 658 374
3255163 251458 658 2376
3255164 251458 658 44
3255165 251458 658 367
3255166 251458 658 1436
3255178 706989 658 2206
3255179 706989 658 342
3255180 706989 658 2709
3255181 706989 658 992
3255193 706990 658 367
3255194 706990 658 727
3255195 706991 658 469
3255196 706991 658 4276
3255215 2710 658 953
3255216 2710 658 221
3255217 2710 658 1896
3255218 2710 658 285
3255219 2710 658 167785
3255220 706994 658 614
3255221 706994 658 1191
3255222 706994 658 1896
3255223 706994 658 638
3255224 6776 658 138
3255225 6776 658 3217
3255226 6776 658 4065
3255227 6776 658 1162
3255228 6776 658 1313
3255229 6776 658 638
3255230 6776 658 72
3255231 6776 658 1115
3255232 6776 658 1284
3255237 178457 658 44
3255238 178457 658 138
3255239 178457 658 311
3255240 178457 658 301
3255241 178457 658 58295
3255242 706995 658 167736
3255243 706995 658 127
3255244 706995 658 982
3255245 706995 658 66593
3255246 318631 658 1896
3255247 318631 658 1565
3255248 318631 658 4297
3255249 318631 658 29972
3255250 318631 658 167743
3255251 318631 658 2185
3255252 706996 658 12733
3255253 706996 658 4562
3255254 706996 658 6354
3255255 281851 658 1999
3255256 281851 658 992
3255257 281851 658 4297
3255258 281851 658 894
3255259 429292 658 1775
3255260 429292 658 4880
3255261 429292 658 1728
3255262 429292 658 77
3255263 429292 658 285
3255264 429292 658 156
3255265 429292 658 367
3255274 706998 658 2242
3255275 706998 658 1896
3255276 706998 658 359
3255277 706999 658 992
3255278 706999 658 3394
3255279 706999 658 367
3255283 198369 658 3394
3255284 198369 658 139
3255285 198369 658 49919
3255286 707001 658 1122
3255287 707001 658 167705
3255302 34931 658 668
3255303 34931 658 359
3255304 34931 658 16422
3255305 258346 658 4682
3255306 258346 658 1896
3255307 258346 658 912
3255311 394343 658 139
3255312 394343 658 6259
3255313 394343 658 730
3255314 394343 658 285
3255315 394343 658 367
3255326 707006 658 86852
3255327 707006 658 15722
3255328 707006 658 53529
3255329 707006 658 1191
3255330 707007 658 367
3255331 707007 658 730
3255332 707007 658 72
3255333 707007 658 388
3255334 88216 658 276
3255335 88216 658 4660
3255336 88216 658 451
3255337 707008 658 1191
3255338 707008 658 4791
3255357 265858 658 992
3255358 265858 658 1162
3255359 265858 658 1313
3255360 265858 658 4230
3255361 265858 658 29
3255362 265858 658 139
3255363 265858 658 1122
3255373 127310 658 1191
3255374 127310 658 1896
3255375 127310 658 80
3255376 127310 658 469
3255395 707017 658 40
3255396 707017 658 982
3255397 707017 658 361
3255398 707017 658 1169
3255399 707017 658 80
3255412 277320 658 221
3255413 277320 658 359
3255414 277320 658 76934
3255415 707019 658 367
3255416 707019 658 5831
3255418 707021 658 1896
3255419 707021 658 167720
3255420 707021 658 167789
3255421 707022 658 359
3255422 707022 658 53568
3255423 707022 658 7412
3255424 707023 658 2520
3255425 707023 658 1896
3255426 707023 658 2677
3255427 675590 658 276
3255428 675590 658 301
3255433 23984 658 5800
3255434 23984 658 993
3255435 23984 658 1728
3255436 23984 658 719
3255437 23984 658 72
3255438 23984 658 1793
3255439 707025 658 98590
3255440 707025 658 127426
3255441 707025 658 3394
3255442 707025 658 285
3255443 707025 658 367
3255444 707025 658 1058
3255445 665599 658 2576
3255446 665599 658 11494
3255447 665599 658 1057
3255451 707027 658 23774
3255452 707027 658 1896
3255453 707027 658 1191
3255454 707027 658 3221
3255459 707028 658 992
3255460 707028 658 359
3255461 707028 658 1794
3255466 707030 658 1896
3255467 707030 658 53568
3255468 707030 658 1999
3255469 707030 658 21
3255470 707030 658 1794
3255481 244926 658 29940
3255482 244926 658 6219
3255483 244926 658 527
3255484 244926 658 2100
3255485 244926 658 90
3255486 244926 658 638
3255487 244926 658 1115
3255496 707034 658 1191
3255497 707034 658 3820
3255498 707034 658 167791
3255499 707034 658 156157
3255510 707035 658 359
3255511 707035 658 6665
3255512 707035 658 6402
3255513 707035 658 41865
3255514 707035 658 2964
3255515 707035 658 5831
3255516 273091 658 4297
3255517 273091 658 167792
3255518 273091 658 359
3255519 273091 658 6402
3255537 707038 658 5062
3255538 707038 658 894
3255539 707038 658 730
3255540 707038 658 139
3255541 707038 658 77
3255555 201419 658 4562
3255556 201419 658 1896
3255566 707046 658 1896
3255567 707046 658 8877
3255575 707047 658 727
3255576 707047 658 276
3255577 707047 658 318
3255578 707047 658 643
3255579 707047 658 44
3255580 707047 658 367
3255581 707048 658 9803
3255582 707048 658 1896
3255590 707051 658 29822
3255591 707051 658 127
3255592 707051 658 29
3255593 707051 658 982
3255594 707051 658 25909
3255595 707051 658 128
3255614 707056 658 10170
3255615 707056 658 1162
3255616 707056 658 4065
3255617 707056 658 4073
3255648 707060 658 359
3255649 707060 658 81233
3255650 707060 658 20878
3255660 707063 658 359
3255661 553292 658 894
3255662 553292 658 167795
3255663 105323 658 80
3255664 105323 658 1450
3255665 105323 658 285
3255666 105323 658 72
3255667 105323 658 21
3255686 707066 658 86852
3255687 707066 658 2709
3255688 707066 658 40
3255689 707066 658 301
3255690 707066 658 54146
3255691 707066 658 5661
3255697 336651 658 57143
3255698 336651 658 1162
3255699 336651 658 1896
3255700 336651 658 23361
3255701 707068 658 1896
3255702 707068 658 27274
3255703 707068 658 60056
3255704 707068 658 25378
3255705 707068 658 507
3255706 636664 658 3510
3255707 636664 658 29
3255708 636664 658 523
3255715 707070 658 1565
3255716 707070 658 523
3255717 707070 658 2056
3255718 707070 658 1555
3255719 707070 658 1627
3255720 707070 658 1628
3255721 707071 658 4582
3255722 707071 658 941
3255723 707071 658 719
3255724 707071 658 1239
3255727 707072 658 3275
3255728 707072 658 1565
3255729 707072 658 1896
3255730 263521 658 55404
3255731 263521 658 25998
3255732 263521 658 719
3255733 263521 658 167735
3255734 707073 658 221
3255735 707073 658 425
3255741 707074 658 78091
3255742 707074 658 3510
3255743 707074 658 342
3255744 707074 658 23774
3255745 417198 658 4332
3255746 417198 658 139
3255747 417198 658 1007
3255748 417198 658 1162
3255749 198644 658 167705
3255750 198644 658 367
3255751 419582 658 359
3255752 419582 658 139
3255753 419582 658 53476
3255760 707076 658 719
3255761 707076 658 1450
3255762 707076 658 80
3255763 707076 658 1896
3255765 707078 658 60243
3255766 707078 658 359
3255767 707078 658 6665
3255776 275888 658 2680
3255777 275888 658 2770
3255778 275888 658 1162
3255779 311831 658 58295
3255780 311831 658 2404
3255781 311831 658 1896
3255782 311831 658 2371
3255792 707080 658 84856
3255793 707080 658 4167
3255794 707080 658 4297
3255795 288359 658 10
3255796 288359 658 167705
3255797 288359 658 367
3255798 288359 658 1115
3255799 288359 658 11
3255800 707081 658 1828
3255801 707081 658 4552
3255802 707081 658 8722
3255803 707081 658 3275
3255804 707081 658 1896
3255810 707083 658 1591
3255811 707083 658 425
3255812 707083 658 4
3255813 707084 658 1896
3255814 707084 658 8452
3255815 707084 658 507
3255816 707084 658 1883
3255817 707084 658 167797
3255818 273285 658 16627
3255819 273285 658 5237
3255820 273285 658 359
3255821 273285 658 51100
3255822 707085 658 1122
3255823 707085 658 518
3255824 707085 658 730
3255825 707085 658 139
3255826 707085 658 255
3255830 651744 658 359
3255831 651744 658 1794
3255832 651744 658 1802
3255840 707089 658 23361
3255841 707089 658 953
3255842 707089 658 1191
3255843 707089 658 5831
3255844 707090 658 4528
3255845 707090 658 53895
3255846 707090 658 8877
3255850 707092 658 1794
3255851 707093 658 359
3255868 707099 658 730
3255869 707099 658 77
3255870 707099 658 992
3255906 707106 658 2556
3255907 707106 658 1450
3255908 707106 658 23361
3255914 707108 658 5099
3255915 707108 658 167708
3255916 707109 658 638
3255917 707109 658 730
3255918 707109 658 367
3255919 707109 658 1162
3255920 707110 658 139
3255921 707110 658 894
3255922 707110 658 730
3255923 707110 658 367
3255924 707110 658 4298
3255943 253554 658 1191
3255944 253554 658 86852
3255945 253554 658 869
3255950 707112 658 1896
3255951 707112 658 992
3255952 394551 658 991
3255953 394551 658 730
3255954 394551 658 1313
3255955 707113 658 730
3255956 707113 658 1313
3255957 707113 658 1703
3255958 707114 658 730
3255959 707114 658 18655
3255960 707114 658 992
3255961 707114 658 1313
3255962 637790 658 44
3255963 637790 658 992
3255964 637790 658 7326
3255965 707115 658 38523
3255966 707115 658 894
3255967 707115 658 342
3255968 707115 658 4842
3255969 707115 658 1728
3255970 707116 658 41040
3255971 707116 658 4230
3255972 707116 658 730
3255973 707116 658 29
3255974 707116 658 1313
3255975 707117 658 167709
3255976 707117 658 4737
3255977 707117 658 992
3255978 707117 658 167798
3255979 707118 658 992
3255980 707118 658 5831
3255981 707118 658 638
3255982 707119 658 167709
3255983 707119 658 992
3255984 707119 658 5229
3255985 707119 658 730
3255986 704156 658 5101
3255987 704156 658 894
3255988 704156 658 730
3255989 704156 658 638
3255990 707120 658 992
3255991 707120 658 254
3255992 707120 658 1122
3255993 707121 658 13999
3255994 707121 658 425
3255995 707121 658 5741
3255996 707121 658 2242
3255997 308375 658 2837
3255998 308375 658 2709
3255999 308375 658 24095
3256000 308375 658 523
3256001 308375 658 10269
3256002 707122 658 730
3256003 707122 658 359
3256004 707122 658 1739
3256010 707124 658 4192
3256011 707124 658 167799
3256012 707124 658 10269
3256013 707124 658 1169
3256014 707125 658 11923
3256015 707125 658 2138
3256016 707125 658 2028
3256017 707125 658 734
3256018 707125 658 10269
3256019 68362 658 5830
3256020 68362 658 912
3256021 68362 658 72
3256022 68362 658 1450
3256034 707127 658 1267
3256035 707127 658 1313
3256036 707127 658 72
3256048 273355 658 7412
3256049 273355 658 359
3256050 707129 658 1896
3256051 707129 658 523
3256052 707129 658 557
3256053 707129 658 9368
3256054 707129 658 2072
3256059 707130 658 80983
3256060 707130 658 18513
3256061 707130 658 359
3256062 707130 658 6402
3256063 707130 658 79796
3256064 27814 658 730
3256065 27814 658 139
3256066 27814 658 285
3256067 27814 658 982
3256068 27814 658 77
3256069 27814 658 635
3256070 27814 658 367
3256071 27814 658 42382
3256072 707131 658 523
3256078 707132 658 67223
3256079 707132 658 167741
3256080 707132 658 774
3256086 707134 658 23774
3256087 707134 658 1794
3256088 707134 658 5830
3256137 455428 658 254
3256138 455428 658 1162
3256139 455428 658 340
3256140 455428 658 367
3256144 707141 658 992
3256145 707142 658 523
3256146 707142 658 16316
3256147 707142 658 1883
3256148 191808 658 254
3256149 191808 658 1239
3256150 191808 658 1732
3256164 670294 658 359
3256165 670294 658 77
3256166 670294 658 139
3256167 670294 658 982
3256168 670294 658 12074
3256169 699773 658 388
3256170 699773 658 730
3256171 699773 658 5237
3256172 699773 658 42382
3256173 699773 658 367
3256183 199051 658 527
3256184 199051 658 518
3256185 199051 658 72
3256186 199051 658 44
3256187 199051 658 4332
3256188 199051 658 2331
3256189 199051 658 57818
3256190 707147 658 367
3256191 707147 658 1176
3256192 707147 658 1430
3256200 707149 658 953
3256201 707149 658 167711
3256202 707149 658 1896
3256203 707150 658 2964
3256204 707150 658 4537
3256205 707150 658 1160
3256206 96226 658 3164
3256207 96226 658 16627
3256208 96226 658 1704
3256209 96226 658 359
3256210 96226 658 49919
3256211 96226 658 53568
3256212 96226 658 2022
3256215 61928 658 2680
3256216 61928 658 367
3256217 198983 658 1565
3256218 198983 658 816
3256219 198983 658 727
3256220 198983 658 4582
3256221 198983 658 342
3256222 198983 658 1828
3256223 198983 658 6
3256224 198983 658 2613
3256225 278672 658 523
3256227 707153 658 311
3256228 707153 658 2185
3256229 707153 658 23259
3256230 707153 658 1555
3256249 265832 658 3394
3256250 265832 658 156
3256251 265832 658 139
3256254 62752 658 1136
3256255 62752 658 72
3256256 62752 658 367
3256257 62752 658 7400
3256258 659470 658 167705
3256259 707159 658 5059
3256260 707159 658 1239
3256261 707160 658 816
3256262 707160 658 1191
3256263 707160 658 136916
3256264 707160 658 164153
3256265 707160 658 5831
3256266 707160 658 53529
3256269 58309 658 941
3256270 58309 658 1367
3256271 58309 658 138
3256272 58309 658 6
3256273 58309 658 816
3256274 58309 658 285
3256275 58309 658 3
3256276 58309 658 1703
3256277 505181 658 254
3256278 505181 658 1367
3256279 505181 658 225
3256280 505181 658 2940
3256281 505181 658 285
3256282 505181 658 13863
3256286 280413 658 23774
3256287 280413 658 1896
3256288 280413 658 359
3256289 280413 658 1162
3256290 280413 658 3275
3256291 280413 658 2185
3256292 280413 658 79
3256293 707163 658 774
3256294 707163 658 912
3256295 707163 658 361
3256296 707163 658 71590
3256297 707164 658 4683
3256298 707164 658 108
3256299 53568 658 1775
3256300 53568 658 108
3256301 53568 658 138
3256302 53568 658 4683
3256303 53568 658 4608
3256304 53568 658 285
3256305 707165 658 719
3256306 707165 658 276
3256307 707165 658 1057
3256308 707165 658 1115
3256313 707168 658 367
3256314 707168 658 8877
3256315 707168 658 47327
3256325 707169 658 2421
3256326 707169 658 46832
3256327 707169 658 29
3256328 707170 658 6402
3256329 707170 658 388
3256330 707170 658 359
3256331 707170 658 83652
3256332 707170 658 23774
3256333 707170 658 4511
3256334 707170 658 38072
3256335 707171 658 86852
3256336 707171 658 167802
3256337 707171 658 359
3256338 707171 658 1728
3256339 707171 658 4297
3256340 707171 658 29
3256341 2776 658 29
3256342 2776 658 507
3256343 2776 658 44
3256344 2776 658 2421
3256350 707173 658 1191
3256351 707173 658 1239
3256352 707173 658 1209
3256353 707173 658 77468
3256354 707174 658 4167
3256355 707174 658 167778
3256356 707174 658 29
3256357 643433 658 29
3256358 643433 658 4230
3256371 185389 658 2072
3256372 185389 658 2494
3256373 185389 658 5733
3256374 185389 658 523
3256375 127471 658 221
3256376 127471 658 359
3256378 707179 658 221
3256379 707179 658 359
3256380 707179 658 1794
3256412 707186 658 86852
3256413 707186 658 21
3256414 707186 658 2520
3256415 707186 658 451
3256416 707186 658 88368
3256422 707189 658 167720
3256423 707189 658 1896
3256424 707189 658 1802
3256432 707191 658 1739
3256433 707191 658 374
3256434 707191 658 367
3256435 707192 658 24794
3256436 707192 658 10269
3256437 707193 658 139
3256438 707193 658 367
3256439 707193 658 1739
3256447 279812 658 359
3256448 707195 658 23774
3256449 707195 658 1565
3256450 707196 658 992
3256451 707196 658 11
3256452 707196 658 5831
3256453 707196 658 1896
3256454 707196 658 1828
3256455 707197 658 86852
3256456 707197 658 1896
3256457 707197 658 80
3256458 707197 658 2677
3256459 707197 658 11
3256467 707200 658 719
3256468 707200 658 23774
3256469 707200 658 254
3256470 707200 658 361
3256479 707202 658 1239
3256480 707202 658 816
3256481 707202 658 125
3256482 707202 658 4474
3256494 707206 658 167750
3256495 707206 658 1239
3256496 707206 658 4582
3256497 707206 658 1209
3256498 707206 658 66593
3256508 707210 658 3394
3256509 707210 658 359
3256510 707210 658 1115
3256511 707211 658 1703
3256512 707211 658 982
3256513 707211 658 1239
3256520 599860 658 523
3256521 599860 658 44
3256522 599860 658 221
3256523 599860 658 286
3256524 599860 658 158656
3256525 599860 658 1115
3256526 515832 658 1896
3256527 515832 658 4385
3256528 515832 658 1565
3256529 410136 658 33623
3256530 410136 658 618
3256531 410136 658 1896
3256536 707214 658 2330
3256537 707214 658 523
3256538 707214 658 15807
3256539 707214 658 86852
3256544 179136 658 941
3256545 179136 658 221
3256546 179136 658 1943
3256547 179136 658 503
3256548 179136 658 3811
3256549 179136 658 40
3256554 707216 658 46832
3256555 707216 658 42047
3256556 707216 658 46461
3256557 707216 658 1843
3256561 707217 658 1450
3256562 707217 658 1896
3256563 707217 658 503
3256564 18638 658 2072
3256565 18638 658 5733
3256566 18638 658 1896
3256567 18638 658 816
3256568 707218 658 2940
3256569 707218 658 139
3256570 707219 658 83652
3256571 707219 658 359
3256572 707219 658 4167
3256580 707222 658 5831
3256581 707222 658 125
3256582 707222 658 254
3256595 707225 658 1239
3256596 707226 658 1191
3256597 707226 658 23104
3256598 707226 658 53529
3256599 202063 658 138
3256600 202063 658 359
3256601 202063 658 16627
3256602 202063 658 425
3256603 9857 658 1703
3256604 9857 658 425
3256614 707229 658 54455
3256615 707229 658 254
3256616 707229 658 4271
3256617 707229 658 1728
3256625 707232 658 1239
3256626 85778 658 941
3256627 85778 658 2520
3256628 85778 658 4167
3256629 707233 658 135873
3256630 707233 658 912
3256631 707233 658 4582
3256632 707233 658 5811
3256637 32306 658 21
3256638 32306 658 1162
3256639 32306 658 139
3256640 32306 658 285
3256641 32306 658 44
3256642 32306 658 1026
3256643 32306 658 290
3256659 193115 658 276
3256660 193115 658 5362
3256661 193115 658 139
3256662 193115 658 77
3256663 707237 658 1239
3256664 707237 658 425
3256665 707237 658 3337
3256666 707237 658 20496
3256667 707237 658 54509
3256668 707238 658 276
3256669 707238 658 996
3256670 707238 658 367
3256679 184760 658 730
3256680 184760 658 374
3256681 184760 658 1162
3256682 184760 658 86852
3256707 707247 658 4945
3256708 707247 658 503
3256709 707247 658 1160
3256710 707247 658 4076
3256711 707247 658 167703
3256712 707248 658 29
3256713 707248 658 311
3256714 707248 658 3805
3256715 707248 658 20913
3256729 707252 658 24450
3256730 707252 658 1896
3256731 707252 658 507
3256732 707252 658 953
3256733 707252 658 523
3256742 707253 658 8404
3256743 707253 658 5831
3256744 707253 658 727
3256745 707253 658 86852
3256746 707254 658 996
3256747 707254 658 22562
3256748 707254 658 167743
3256749 707254 658 20553
3256750 707254 658 23996
3256751 443192 658 359
3256752 443192 658 139
3256753 443192 658 730
3256754 443192 658 7412
3256755 443192 658 77
3256756 443192 658 795
3256757 443192 658 41040
3256758 443192 658 16627
3256764 707255 658 6665
3256765 707255 658 1774
3256766 707255 658 104
3256767 707255 658 1703
3256768 34594 658 67994
3256769 34594 658 167699
3256770 34594 658 77
3256771 24368 658 1191
3256772 24368 658 167748
3256773 47555 658 2891
3256774 47555 658 982
3256775 47555 658 1162
3256776 47555 658 301
3256777 47555 658 374
3256778 628984 658 12962
3256779 628984 658 254
3256780 628984 658 2290
3256781 628984 658 276
3256782 628984 658 3731
3256783 628984 658 264
3256784 707256 658 367
3256785 707256 658 7170
3256786 298765 658 8609
3256787 298765 658 367
3256788 298765 658 1313
3256789 298765 658 1703
3256807 707259 658 80825
3256808 707259 658 1794
3256823 389175 658 4065
3256824 389175 658 29
3256825 389175 658 9983
3256826 389175 658 4073
3256830 707262 658 29972
3256831 707262 658 167743
3256832 707262 658 221
3256833 707262 658 138
3256834 707262 658 1896
3256835 707263 658 1565
3256836 707264 658 221
3256837 707264 658 359
3256838 49146 658 139
3256839 49146 658 730
3256840 49146 658 44
3256841 49146 658 138
3256842 49146 658 16627
3256843 49146 658 26665
3256844 116661 658 992
3256845 116661 658 894
3256846 116661 658 730
3256847 116661 658 139
3256848 394846 658 894
3256849 394846 658 167705
3256850 127536 658 4562
3256851 127536 658 26665
3256852 127536 658 1703
3256866 707268 658 1191
3256867 707268 658 111620
3256868 707268 658 4582
3256876 707270 658 72563
3256877 707270 658 953
3256878 707270 658 912
3256879 707270 658 86852
3256880 707270 658 2677
3256881 707271 658 16627
3256882 707271 658 254
3256883 707271 658 1257
3256884 707271 658 1896
3256885 707271 658 15348
3256886 707271 658 635
3256887 707271 658 3811
3256888 707271 658 1115
3256889 707271 658 367
3256906 80049 658 2029
3256907 80049 658 2990
3256908 80049 658 77
3256909 80049 658 139
3256914 707273 658 1896
3256915 707273 658 26334
3256919 38534 658 10189
3256920 38534 658 894
3256921 38534 658 139
3256922 38534 658 730
3256938 126529 658 359
3256939 126529 658 1999
3256940 126529 658 254
3256950 55996 658 125
3256951 55996 658 816
3256952 55996 658 4683
3256953 707277 658 6
3256954 707277 658 55404
3256955 707277 658 638
3256956 438700 658 1367
3256957 438700 658 1896
3256958 438700 658 816
3256959 438700 658 87813
3256960 277454 658 5831
3256961 277454 658 6
3256962 277454 658 638
3256967 321582 658 2008
3256968 321582 658 1896
3256969 321582 658 3394
3256970 321582 658 1141
3256971 321582 658 507
3256978 16867 658 21
3256979 16867 658 638
3256980 16867 658 1007
3256981 16867 658 374
3256982 16867 658 1115
3256983 16867 658 11
3256984 16867 658 72
3256985 707279 658 1007
3256986 707279 658 3394
3256987 707279 658 160550
3256988 707279 658 51005
3256989 707279 658 1115
3257001 184921 658 1162
3257002 184921 658 167787
3257021 707284 658 4582
3257022 707284 658 1239
3257023 707284 658 60338
3257024 179453 658 359
3257025 179453 658 139
3257026 179453 658 982
3257027 179453 658 59799
3257061 707292 658 359
3257062 707292 658 6665
3257063 707292 658 1774
3257064 707293 658 1565
3257065 707293 658 523
3257066 707293 658 125
3257067 707293 658 1703
3257068 707294 658 29
3257069 707294 658 86852
3257070 707294 658 1794
3257071 707294 658 4385
3257075 707296 658 86852
3257076 707296 658 12145
3257077 707296 658 1896
3257078 707296 658 3805
3257079 339346 658 139
3257080 339346 658 730
3257081 339346 658 285
3257082 339346 658 941
3257083 339346 658 138
3257084 339346 658 6
3257085 339346 658 12322
3257086 339346 658 42382
3257087 707297 658 106210
3257088 707297 658 523
3257089 707297 658 5985
3257090 707297 658 8877
3257097 707300 658 1191
3257098 707300 658 167750
3257099 707300 658 19866
3257100 707300 658 86852
3257113 707301 658 1828
3257114 707301 658 1896
3257115 707301 658 1122
3257116 707301 658 1794
3257117 85933 658 359
3257123 74834 658 1896
3257124 74834 658 367
3257125 263875 658 638
3257135 127593 658 254
3257136 127593 658 1703
3257137 127593 658 4298
3257138 127593 658 367
3257141 263883 658 1896
3257142 263883 658 340
3257143 707305 658 367
3257144 707305 658 992
3257145 707305 658 877
3257146 707305 658 4298
3257147 707305 658 126189
3257151 185460 658 139
3257152 185460 658 3394
3257153 185460 658 12248
3257154 185460 658 4073
3257163 707309 658 79144
3257164 707309 658 4167
3257165 707309 658 1313
3257166 707309 658 29
3257167 707310 658 4562
3257168 707310 658 359
3257169 707310 658 4167
3257171 309046 658 4167
3257172 309046 658 1115
3257187 195013 658 4167
3257188 195013 658 167705
3257189 195013 658 1115
3257193 707317 658 1233
3257194 707317 658 29
3257205 707322 658 1774
3257206 707322 658 359
3257207 707322 658 167752
3257208 707322 658 4297
3257209 707322 658 6665
3257210 707322 658 6354
3257211 707323 658 47327
3257215 707325 658 11041
3257216 707325 658 774
3257217 707325 658 4073
3257218 707326 658 11041
3257219 707326 658 912
3257220 707326 658 86852
3257221 707327 658 11041
3257222 707327 658 774
3257223 707327 658 359
3257224 707327 658 4073
3257230 646005 658 1896
3257243 707331 658 167722
3257244 707331 658 120732
3257245 707331 658 2421
3257246 707331 658 912
3257247 707331 658 953
3257248 707331 658 4297
3257250 707332 658 65729
3257251 707332 658 523
3257252 707332 658 367
3257253 707332 658 167727
3257255 195263 658 730
3257256 195263 658 167705
3257257 195263 658 367
3257258 707334 658 10
3257259 707334 658 992
3257260 707334 658 1896
3257261 707334 658 1367
3257265 89383 658 3451
3257266 89383 658 367
3257267 89383 658 86852
3257268 89383 658 5831
3257273 707335 658 4737
3257274 707335 658 86852
3257275 707335 658 254
3257276 707335 658 10000
3257277 707335 658 367
3257278 707335 658 5831
3257281 707336 658 367
3257287 707338 658 254
3257288 707338 658 8916
3257289 707338 658 3451
3257290 707338 658 29903
3257291 707338 658 86852
3257302 707340 658 29903
3257303 707340 658 86852
3257304 707340 658 254
3257305 707340 658 1172
3257306 707340 658 1058
3257307 707340 658 367
3257308 437309 658 992
3257309 437309 658 72
3257310 437309 658 1115
3257311 437309 658 1313
3257312 707341 658 4167
3257313 707341 658 1162
3257314 707341 658 2520
3257321 38603 658 2242
3257322 38603 658 138
3257323 38603 658 221
3257324 38603 658 44
3257327 24550 658 254
3257328 24550 658 1058
3257329 24550 658 795
3257330 24550 658 4880
3257331 24550 658 11
3257332 24550 658 77
3257333 24550 658 1138
3257334 24550 658 139
3257335 24550 658 10
3257336 24550 658 285
3257337 24550 658 1115
3257338 24550 658 367
3257339 193260 658 16
3257340 193260 658 638
3257341 193260 658 3
3257342 193260 658 58295
3257343 707342 658 618
3257344 707342 658 469
3257345 707342 658 4276
3257346 707342 658 2656
3257347 707342 658 523
3257352 707343 658 1565
3257353 707343 658 167743
3257354 707343 658 22562
3257355 707343 658 2364
3257356 707343 658 1555
3257359 707345 658 167734
3257360 707345 658 167705
3257361 707346 658 29
3257362 707346 658 167814
3257363 707346 658 4297
3257364 707347 658 1191
3257365 707347 658 1239
3257366 707347 658 1209
3257367 707347 658 167750
3257368 707347 658 4582
3257369 707347 658 2556
3257370 707348 658 164153
3257371 707348 658 167815
3257372 707348 658 4582
3257373 707348 658 2556
3257374 707348 658 1209
3257375 707348 658 1191
3257376 707348 658 136916
3257377 707349 658 164046
3257378 707349 658 167700
3257379 707349 658 1191
3257380 707349 658 1209
3257381 707349 658 5661
3257391 443434 658 1896
3257392 443434 658 51865
3257393 707350 658 128
3257394 707350 658 127
3257395 707350 658 1958
3257430 32457 658 982
3257431 32457 658 1896
3257432 32457 658 8452
3257433 32457 658 388
3257434 32457 658 139
3257435 707357 658 167772
3257436 707357 658 953
3257437 707357 658 1896
3257438 707357 658 56702
3257452 205651 658 359
3257453 205651 658 13911
3257454 205651 658 16316
3257455 205651 658 6208
3257456 707361 658 49351
3257457 707361 658 6208
3257458 707361 658 6402
3257459 707361 658 6665
3257460 707361 658 359
3257461 707362 658 1191
3257462 707362 658 254
3257463 707362 658 451
3257481 62127 658 941
3257482 62127 658 2242
3257483 62127 658 57143
3257484 62127 658 359
3257485 62127 658 1162
3257486 62127 658 4076
3257487 62127 658 1896
3257488 465081 658 4332
3257489 465081 658 367
3257490 707365 658 992
3257491 707365 658 727
3257492 707365 658 1896
3257493 707365 658 86852
3257497 707366 658 167817
3257498 707366 658 91963
3257499 707366 658 15712
3257500 707366 658 50182
3257501 707366 658 86852
3257502 707367 658 1191
3257503 707367 658 167817
3257504 707367 658 86852
3257505 707367 658 4791
3257506 707367 658 2338
3257507 707367 658 72547
3257508 707367 658 3130
3257509 707368 658 86852
3257510 707368 658 1191
3257511 707368 658 21513
3257512 707368 658 167817
3257513 707368 658 53529
3257521 32487 658 1703
3257522 32487 658 1162
3257523 32487 658 188
3257524 32487 658 340
3257525 32487 658 72
3257526 32487 658 139
3257527 32487 658 285
3257528 32487 658 44
3257534 707370 658 3613
3257535 707370 658 992
3257536 707370 658 10132
3257537 707370 658 44
3257538 707370 658 77
3257539 707370 658 167818
3257540 375623 658 992
3257541 375623 658 4332
3257542 375623 658 1896
3257543 375623 658 1162
3257544 707371 658 1313
3257545 707371 658 167705
3257546 707371 658 367
3257547 707371 658 3613
3257551 707373 658 367
3257552 707373 658 167699
3257553 707373 658 98546
3257558 707375 658 719
3257559 707375 658 727
3257567 707377 658 1191
3257568 707377 658 53529
3257569 707377 658 4174
3257581 279644 658 16627
3257582 279644 658 4537
3257583 279644 658 359
3257584 279644 658 13904
3257585 279644 658 2964
3257586 279644 658 507
3257587 707380 658 167708
3257604 707383 658 425
3257605 707383 658 451
3257606 707383 658 523
3257607 707383 658 27975
3257608 707383 658 3337
3257609 562536 658 503
3257610 562536 658 1896
3257611 562536 658 1162
3257612 124780 658 254
3257613 124780 658 1172
3257614 124780 658 635
3257615 124780 658 367
3257616 124780 658 86852
3257617 124780 658 1896
3257618 175869 658 1172
3257619 175869 658 254
3257620 175869 658 86852
3257621 175869 658 50061
3257622 707384 658 254
3257623 707384 658 1172
3257624 707384 658 86852
3257625 707384 658 50061
3257626 179811 658 16627
3257627 179811 658 138
3257628 179811 658 894
3257629 179811 658 3136
3257630 179811 658 139
3257631 179811 658 58353
3257632 88493 658 1058
3257633 88493 658 40
3257634 88493 658 596
3257635 88493 658 730
3257636 88493 658 5714
3257637 88493 658 285
3257638 88493 658 367
3257639 88493 658 1868
3257640 707385 658 1191
3257641 707385 658 164819
3257642 707385 658 4582
3257647 88496 658 29
3257648 88496 658 254
3257649 88496 658 225
3257668 707390 658 4174
3257669 707390 658 53529
3257670 707391 658 164153
3257671 707391 658 1191
3257672 707391 658 136916
3257673 707391 658 4174
3257674 707392 658 1191
3257675 707392 658 53529
3257676 707392 658 4174
3257677 707393 658 86852
3257678 707393 658 1723
3257679 707393 658 53529
3257686 707396 658 80825
3257687 707396 658 5831
3257688 707396 658 1191
3257689 707396 658 141224
3257702 707398 658 730
3257703 707398 658 1162
3257704 707398 658 367
3257705 707398 658 53883
3257706 199168 658 4582
3257707 199168 658 254
3257708 199168 658 29
3257709 199168 658 301
3257710 707399 658 1774
3257711 707399 658 254
3257716 707400 658 1239
3257717 707400 658 1191
3257718 707401 658 991
3257719 707401 658 48974
3257720 707401 658 1703
3257729 468002 658 1896
3257730 468002 658 1565
3257731 468002 658 2185
3257732 468002 658 1123
3257733 468002 658 2364
3257734 468002 658 29972
3257735 468002 658 167743
3257736 468002 658 48946
3257737 707403 658 29
3257738 707403 658 1239
3257739 707403 658 129804
3257740 707403 658 167822
3257741 364075 658 58295
3257742 364075 658 361
3257743 364075 658 523
3257744 364075 658 4767
3257745 364075 658 34893
3257772 266295 658 982
3257773 266295 658 3122
3257774 266295 658 1386
3257775 266295 658 2990
3257776 266295 658 139
3257777 266295 658 367
3257780 707409 658 953
3257781 707409 658 4027
3257782 707409 658 51257
3257783 707409 658 85268
3257784 707409 658 727
3257803 707414 658 221
3257804 707414 658 359
3257805 707414 658 29
3257809 707416 658 167752
3257810 707416 658 6665
3257811 707416 658 359
3257812 707416 658 13097
3257813 707416 658 167729
3257814 707416 658 29
3257815 707416 658 1774
3257816 707417 658 66207
3257817 707417 658 4608
3257818 707417 658 139
3257819 707417 658 1775
3257820 264034 658 4683
3257821 264034 658 254
3257822 264034 658 4608
3257823 264034 658 3992
3257824 264035 658 4683
3257825 264035 658 11
3257826 264035 658 1335
3257832 341065 658 816
3257833 341065 658 125
3257839 707419 658 2770
3257840 707419 658 4608
3257841 707419 658 4683
3257842 707419 658 254
3257843 707419 658 125
3257844 707420 658 67989
3257845 707420 658 6
3257846 707420 658 1367
3257847 170295 658 221
3257848 170295 658 359
3257849 170295 658 53568
3257860 24675 658 816
3257861 24675 658 3285
3257862 24675 658 221
3257863 24675 658 139
3257864 24675 658 44
3257869 480639 658 2008
3257870 480639 658 221
3257871 480639 658 139
3257872 480639 658 4332
3257873 480639 658 285
3257874 480639 658 367
3257887 707428 658 59614
3257888 707428 658 16422
3257889 707428 658 128
3257890 707428 658 21
3257891 707429 658 1896
3257892 707429 658 719
3257893 707429 658 59614
3257894 707429 658 618
3257899 707431 658 167717
3257900 707431 658 4737
3257901 707431 658 1896
3257911 707434 658 1883
3257912 707434 658 139
3257913 707434 658 285
3257919 88542 658 254
3257920 88542 658 79
3257921 88542 658 451
3257922 88542 658 1115
3257923 88542 658 3992
3257924 88542 658 44
3257925 88542 658 302
3257926 196663 658 359
3257927 196663 658 11
3257928 196663 658 101176
3257933 707437 658 125
3257934 707437 658 254
3257935 707437 658 1999
3257936 707437 658 167824
3257937 707437 658 225
3257938 707438 658 167752
3257939 707438 658 6665
3257940 707438 658 359
3257941 707438 658 86852
3257948 707440 658 359
3257949 707440 658 1703
3257950 707440 658 4615
3257951 707440 658 77
3257952 707440 658 11
3257953 707440 658 285
3257954 707440 658 50538
3257955 707441 658 167705
3257956 707441 658 359
3257957 707441 658 5831
3257961 138679 658 359
3257962 138679 658 6354
3257963 138679 658 167752
3257964 138679 658 29
3257965 138679 658 77
3257966 707443 658 774
3257967 707443 658 4073
3257968 707443 658 912
3257972 22351 658 221
3257973 22351 658 1703
3257974 22351 658 301
3257975 22351 658 264
3257976 22351 658 120
3257977 22351 658 72
3257978 22351 658 1739
3257979 22351 658 285
3257980 22351 658 1115
3257981 22351 658 67994
3257982 707444 658 359
3257983 707444 658 734
3257984 707444 658 795
3257985 707444 658 53476
3257986 707444 658 167825
3257987 707444 658 167826
3257988 29728 658 982
3257989 29728 658 77
3257990 29728 658 4140
3257991 29728 658 318
3257992 29728 658 367
3257993 29728 658 11
3257994 29728 658 1058
3257999 707447 658 49829
3258000 707447 658 6271
3258001 707447 658 1565
3258002 707447 658 80
3258016 707452 658 139
3258017 707452 658 367
3258018 707452 658 285
3258030 707455 658 80825
3258031 707455 658 6846
3258032 707455 658 367
3258039 264087 658 33623
3258040 264087 658 1896
3258041 264087 658 4297
3258042 264087 658 1565
3258043 264087 658 2185
3258078 707463 658 1239
3258079 707463 658 20496
3258081 707465 658 53529
3258082 707465 658 1191
3258083 707465 658 1239
3258097 707468 658 1191
3258098 707468 658 4174
3258099 707468 658 68010
3258105 707469 658 72
3258106 707469 658 6192
3258107 707469 658 367
3258110 707471 658 135873
3258111 707471 658 5811
3258112 707471 658 912
3258113 707471 658 4297
3258114 707472 658 894
3258115 707472 658 523
3258116 707472 658 77
3258117 707472 658 730
3258118 707472 658 2904
3258119 707472 658 2765
3258120 707472 658 367
3258126 707474 658 1701
3258127 707474 658 27122
3258128 707474 658 2242
3258129 707474 658 912
3258150 707477 658 1896
3258151 707477 658 20019
3258152 707477 658 13919
3258153 707478 658 359
3258154 707478 658 16422
3258155 707478 658 76934
3258156 707479 658 81233
3258157 707479 658 359
3258158 707479 658 1115
3258159 707479 658 167720
3258166 707481 658 6192
3258167 707481 658 167705
3258168 707481 658 367
3258169 264110 658 46763
3258170 264110 658 125
3258171 264110 658 1896
3258172 264110 658 342
3258173 264110 658 1565
3258197 707485 658 46733
3258198 707485 658 5236
3258204 129219 658 139
3258205 129219 658 255
3258206 129219 658 367
3258207 707487 658 255
3258208 707487 658 638
3258209 707487 658 367
3258210 707487 658 72
3258217 707489 658 367
3258218 707489 658 915
3258219 707489 658 390
3258234 707492 658 128
3258235 707492 658 8404
3258236 707492 658 29
3258237 707492 658 127
3258238 707492 658 25909
3258239 707493 658 1191
3258240 707493 658 5015
3258241 707493 658 2371
3258248 58516 658 1191
3258249 58516 658 6
3258250 58516 658 1703
3258251 707495 658 167830
3258252 707495 658 13904
3258253 707495 658 359
3258254 707496 658 359
3258255 707496 658 167830
3258256 707496 658 507
3258257 707496 658 121491
3258266 707499 658 1896
3258280 186059 658 992
3258281 186059 658 138
3258282 186059 658 1172
3258283 186059 658 1534
3258284 186059 658 254
3258285 186059 658 29903
3258286 186059 658 5831
3258287 186059 658 4308
3258288 186059 658 4396
3258295 707502 658 992
3258296 707502 658 730
3258297 707502 658 3613
3258298 707502 658 44
3258299 707502 658 1056
3258300 707502 658 527
3258301 707502 658 367
3258302 707502 658 451
3258312 707505 658 167736
3258313 707505 658 1160
3258314 707505 658 127
3258315 707505 658 25909
3258320 707506 658 167736
3258321 707506 658 29
3258322 707506 658 2242
3258326 337092 658 992
3258327 337092 658 3394
3258328 337092 658 894
3258329 337092 658 730
3258330 337092 658 139
3258331 337092 658 77
3258332 337092 658 795
3258339 89463 658 1896
3258340 89463 658 1162
3258341 89463 658 719
3258342 89463 658 503
3258343 89463 658 3811
3258344 89463 658 451
3258345 707510 658 1565
3258346 707510 658 425
3258347 707510 658 78091
3258348 707511 658 1794
3258349 707511 658 1565
3258368 18183 658 992
3258369 18183 658 2206
3258370 18183 658 1883
3258371 18183 658 1450
3258377 17311 658 167705
3258378 17311 658 285
3258379 17311 658 1115
3258380 17311 658 11
3258393 707517 658 80825
3258394 707517 658 367
3258395 707518 658 912
3258396 707518 658 774
3258397 707519 658 54828
3258398 707519 658 139
3258399 707519 658 12371
3258400 707519 658 2525
3258401 707519 658 2236
3258406 62249 658 730
3258407 62249 658 139
3258408 62249 658 1367
3258409 62249 658 156
3258410 62249 658 79
3258411 62249 658 587
3258412 62249 658 42382
3258413 707521 658 359
3258414 707521 658 894
3258415 707521 658 941
3258416 707521 658 75580
3258421 707522 658 139
3258422 707522 658 894
3258423 707522 658 1299
3258424 707522 658 367
3258425 707522 658 635
3258426 707523 658 1896
3258427 707523 658 33623
3258428 707523 658 503
3258429 707523 658 4
3258430 707523 658 19337
3258431 707523 658 1565
3258436 21641 658 14058
3258437 21641 658 1191
3258438 21641 658 111620
3258439 21641 658 4174
3258440 707524 658 41914
3258441 707524 658 3681
3258442 707524 658 507
3258443 707524 658 4582
3258444 244435 658 4297
3258445 244435 658 85200
3258446 244435 658 301
3258447 244435 658 1896
3258448 246502 658 86852
3258449 246502 658 5831
3258450 246502 658 4730
3258451 246502 658 3475
3258452 246502 658 2631
3258456 246551 658 1191
3258457 246551 658 1896
3258458 246551 658 1239
3258459 246551 658 86852
3258460 707526 658 912
3258461 707526 658 81155
3258466 707528 658 5998
3258467 707528 658 52802
3258480 17376 658 4639
3258481 17376 658 167709
3258482 17376 658 167699
3258483 17376 658 53571
3258484 124973 658 614
3258485 124973 658 1191
3258486 124973 658 638
3258487 124973 658 90
3258488 124973 658 4174
3258489 707532 658 5831
3258490 707532 658 727
3258491 707532 658 451
3258500 707535 658 29
3258501 707535 658 285
3258502 707535 658 79144
3258511 707537 658 359
3258512 707537 658 2613
3258513 707537 658 254
3258514 707537 658 342
3258515 707537 658 727
3258522 707538 658 2990
3258523 707538 658 1299
3258524 707538 658 5831
3258525 707538 658 86852
3258526 397984 658 128
3258527 397984 658 127
3258528 397984 658 29
3258529 397984 658 49445
3258548 707542 658 16627
3258549 707542 658 5733
3258550 707542 658 1896
3258551 707542 658 507
3258552 462233 658 1191
3258553 462233 658 1896
3258554 462233 658 25726
3258555 462233 658 86852
3258560 707544 658 359
3258561 707544 658 941
3258562 707544 658 254
3258563 707544 658 1794
3258564 707544 658 361
3258565 707545 658 1191
3258566 707545 658 1239
3258567 707545 658 53529
3258568 707546 658 1239
3258569 707546 658 2556
3258570 707546 658 167750
3258571 707546 658 4582
3258572 707546 658 1209
3258573 707547 658 41013
3258574 707547 658 1896
3258575 707547 658 507
3258576 707547 658 2677
3258577 707548 658 342
3258578 707548 658 523
3258579 707548 658 1565
3258580 707548 658 912
3258581 707548 658 85464
3258582 501164 658 7561
3258583 501164 658 40
3258584 501164 658 77
3258585 501164 658 139
3258586 501164 658 451
3258587 501164 658 138
3258588 122987 658 167705
3258589 122987 658 367
3258590 122987 658 254
3258591 122987 658 1534
3258596 707550 658 264
3258597 707550 658 77
3258598 707550 658 139
3258616 707553 658 57143
3258617 707553 658 1896
3258618 707553 658 2520
3258619 707553 658 15384
3258620 707554 658 359
3258621 707554 658 167832
3258622 707554 658 254
3258623 707555 658 10429
3258624 707555 658 41250
3258625 707555 658 912
3258630 541777 658 1239
3258631 541777 658 3749
3258632 541777 658 2725
3258633 541777 658 941
3258634 541777 658 5831
3258641 707557 658 138
3258642 707557 658 1303
3258643 707557 658 4073
3258644 707557 658 4075
3258645 707557 658 2445
3258671 707564 658 1239
3258672 707564 658 20496
3258673 707564 658 2949
3258674 707564 658 72
3258675 707564 658 1115
3258676 707565 658 49445
3258677 707565 658 4297
3258678 707565 658 29
3258681 86282 658 2371
3258690 95183 658 1703
3258691 95183 658 719
3258692 95183 658 72
3258693 95183 658 1450
3258694 707568 658 1239
3258695 707568 658 54455
3258696 707568 658 49710
3258704 707571 658 1239
3258705 275899 658 2556
3258706 275899 658 1896
3258712 468316 658 11
3258713 468316 658 72
3258714 468316 658 367
3258715 176862 658 359
3258716 176862 658 1162
3258717 176862 658 727
3258720 707575 658 719
3258721 707575 658 1703
3258722 498302 658 21
3258723 498302 658 307
3258724 498302 658 1239
3258725 498302 658 1703
3258726 707576 658 1191
3258727 707576 658 1115
3258728 707576 658 1239
3258729 707577 658 5800
3258730 707577 658 254
3258734 68861 658 7008
3258735 68861 658 1162
3258736 68861 658 1703
3258737 68861 658 1794
3258738 707579 658 42059
3258739 707579 658 1431
3258740 707579 658 4
3258741 707579 658 503
3258742 707579 658 3681
3258747 75855 658 67989
3258748 75855 658 359
3258749 75855 658 307
3258764 707582 658 23774
3258765 707582 658 254
3258766 707582 658 29
3258767 707582 658 2725
3258768 250632 658 1565
3258769 250632 658 503
3258770 250632 658 127764
3258784 88656 658 40
3258785 88656 658 359
3258786 88656 658 72
3258787 88656 658 16316
3258788 88656 658 342
3258789 88656 658 1565
3258793 17410 658 1896
3258794 17410 658 1162
3258795 17410 658 1627
3258796 707587 658 359
3258797 707587 658 719
3258798 707587 658 1162
3258799 707587 658 2656
3258800 707587 658 1793
3258801 707588 658 774
3258802 707588 658 359
3258803 707588 658 1162
3258804 707589 658 225
3258818 707593 658 359
3258819 707593 658 4016
3258820 707593 658 80983
3258826 496783 658 991
3258827 496783 658 730
3258829 10701 658 2313
3258830 10701 658 359
3258831 707596 658 167706
3258832 707596 658 1565
3258833 707596 658 23361
3258835 460277 658 29
3258836 460277 658 127
3258837 460277 658 25909
3258838 460277 658 29822
3258839 279826 658 5741
3258840 279826 658 128
3258841 279826 658 127
3258842 279826 658 29822
3258843 707597 658 1191
3258844 707597 658 1239
3258853 707601 658 167745
3258856 707602 658 4537
3258857 707602 658 1239
3258858 707602 658 51865
3258868 193516 658 167699
3258869 273375 658 18513
3258870 273375 658 80983
3258871 273375 658 894
3258872 273375 658 359
3258873 707608 658 60553
3258874 707608 658 53445
3258875 707608 658 120
3258876 707608 658 29
3258880 332382 658 359
3258881 332382 658 507
3258882 332382 658 361
3258883 332382 658 3681
3258884 332382 658 557
3258885 332382 658 92077
3258886 473212 658 127
3258887 473212 658 29
3258888 707610 658 33623
3258889 707610 658 953
3258890 707610 658 912
3258891 707610 658 1565
3258892 707610 658 86852
3258893 707611 658 1828
3258894 707611 658 2990
3258895 707611 658 523
3258896 707611 658 1565
3258897 707611 658 23338
3258898 284850 658 523
3258899 284850 658 1565
3258900 284850 658 19404
3258901 707612 658 46763
3258902 707612 658 1122
3258903 707612 658 19337
3258904 707613 658 1828
3258905 707613 658 20036
3258906 707613 658 1565
3258907 707613 658 2990
3258908 707614 658 1565
3258909 707614 658 1627
3258910 707615 658 1162
3258911 707615 658 4073
3258912 27983 658 359
3258913 27983 658 221
3258914 27983 658 373
3258927 707619 658 23774
3258928 707619 658 1896
3258929 707619 658 1794
3258932 707621 658 12763
3258933 707621 658 359
3258934 707621 658 4167
3258942 707623 658 80825
3258943 707623 658 4284
3258944 707623 658 425
3258945 707623 658 2186
3258946 653974 658 992
3258947 653974 658 2138
3258948 653974 658 367
3258949 653974 658 167708
3258950 358171 658 730
3258951 358171 658 894
3258952 358171 658 1115
3258953 358171 658 1313
3258954 707624 658 359
3258955 707624 658 139
3258956 707624 658 42382
3258957 707624 658 104614
3258976 707629 658 135873
3258977 707629 658 774
3258978 707629 658 912
3258992 707633 658 799
3258993 707633 658 507
3258994 707633 658 1896
3258995 707633 658 24450
3259002 707636 658 167711
3259003 707636 658 953
3259004 707636 658 1896
3259008 707638 658 342
3259009 707638 658 523
3259010 707638 658 1565
3259011 707638 658 1627
3259012 707639 658 3087
3259013 707639 658 1565
3259014 707640 658 2520
3259015 707640 658 1896
3259016 707640 658 1565
3259017 462299 658 29
3259018 462299 658 127
3259019 462299 658 4582
3259020 462299 658 4349
3259021 462299 658 1918
3259022 462299 658 1239
3259033 75874 658 7412
3259034 75874 658 359
3259035 75874 658 7411
3259036 60978 658 374
3259037 60978 658 285
3259038 60978 658 72
3259039 60978 658 1162
3259040 60978 658 367
3259043 395652 658 5237
3259044 395652 658 139
3259045 395652 658 1299
3259046 395652 658 285
3259059 321325 658 5733
3259060 321325 658 1162
3259061 321325 658 1896
3259062 321325 658 374
3259063 321325 658 7784
3259064 321325 658 11
3259065 321325 658 2376
3259066 264292 658 4
3259067 264292 658 301
3259068 264292 658 311
3259069 94157 658 668
3259070 94157 658 1299
3259071 94157 658 285
3259072 94157 658 10
3259073 94157 658 101368
3259074 707650 658 125
3259075 707650 658 367
3259076 707650 658 167766
3259077 359530 658 29976
3259078 359530 658 139
3259079 359530 658 730
3259080 359530 658 285
3259081 359530 658 77
3259082 359530 658 982
3259083 707651 658 1565
3259084 707651 658 2117
3259087 121634 658 1367
3259088 121634 658 1896
3259089 121634 658 816
3259090 121634 658 894
3259091 121634 658 75580
3259095 707653 658 359
3259096 707653 658 24770
3259097 707653 658 302
3259098 707653 658 3164
3259099 707653 658 42382
3259100 707654 658 128
3259101 707654 658 25909
3259102 707654 658 5741
3259103 707654 658 127
3259112 707655 658 359
3259113 707655 658 1160
3259116 274634 658 1565
3259117 274634 658 1794
3259118 274634 658 22605
3259119 274634 658 148707
3259120 707657 658 54299
3259121 707657 658 1917
3259122 707657 658 4230
3259123 707657 658 992
3259124 707658 658 359
3259125 707658 658 39293
3259126 707658 658 5733
3259127 707658 658 3203
3259128 707658 658 1943
3259134 707661 658 58335
3259135 707661 658 1819
3259136 707661 658 7013
3259137 707661 658 90
3259138 707661 658 638
3259139 707661 658 3394
3259141 707663 658 72840
3259142 707663 658 912
3259143 707663 658 1703
3259158 88689 658 992
3259159 88689 658 1771
3259160 88689 658 795
3259161 88689 658 894
3259162 88689 658 77
3259163 88689 658 139
3259164 88689 658 3182
3259166 24948 658 1703
3259167 24948 658 156
3259168 24948 658 128
3259169 24948 658 1728
3259170 24948 658 79
3259171 24948 658 3136
3259172 707669 658 719
3259173 707669 658 88544
3259174 707669 658 5453
3259175 707670 658 1191
3259176 707670 658 1239
3259177 707670 658 156
3259181 707672 658 10457
3259182 707672 658 503
3259188 24957 658 359
3259189 24957 658 221
3259190 193553 658 167727
3259191 193553 658 1138
3259199 371078 658 1771
3259200 371078 658 912
3259201 371078 658 4027
3259202 371078 658 1115
3259215 643411 658 1383
3259216 643411 658 374
3259217 643411 658 23774
3259218 320702 658 47018
3259219 320702 658 29
3259223 707679 658 992
3259224 707679 658 4510
3259225 707679 658 1728
3259226 707679 658 1169
3259227 707679 658 342
3259228 707679 658 40967
3259229 707680 658 29
3259230 707680 658 4510
3259231 707680 658 8407
3259232 707680 658 58295
3259235 134622 658 254
3259236 134622 658 1172
3259237 134622 658 635
3259238 134622 658 451
3259239 134622 658 367
3259240 134622 658 1728
3259241 707682 658 139
3259242 707682 658 77
3259243 707682 658 2613
3259246 112527 658 730
3259247 112527 658 638
3259248 112527 658 72
3259249 112527 658 10
3259250 112527 658 11
3259251 112527 658 90
3259254 707686 658 60392
3259255 707686 658 72
3259256 707686 658 2520
3259257 707687 658 1450
3259258 707687 658 1896
3259259 707687 658 86852
3259260 707687 658 1162
3259261 38824 658 992
3259262 38824 658 730
3259263 38824 658 6259
3259264 38824 658 139
3259265 38824 658 285
3259266 38824 658 367
3259267 439513 658 167705
3259268 439513 658 285
3259269 439513 658 367
3259270 439513 658 10189
3259271 707688 658 359
3259272 707688 658 719
3259273 707688 658 2556
3259274 707688 658 727
3259275 707689 658 342
3259276 707689 658 29595
3259277 707689 658 19319
3259278 707689 658 10269
3259279 707690 658 72840
3259280 707690 658 8877
3259281 707690 658 912
3259282 153742 658 16627
3259283 153742 658 221
3259284 153742 658 982
3259285 153742 658 359
3259286 153742 658 42646
3259294 38829 658 1058
3259295 38829 658 730
3259296 38829 658 11
3259297 38829 658 139
3259298 38829 658 6192
3259299 38829 658 285
3259300 38829 658 367
3259301 707691 658 982
3259302 707691 658 359
3259303 707691 658 3203
3259304 707691 658 734
3259305 707691 658 139
3259306 707691 658 1703
3259307 707692 658 67688
3259308 707692 658 126189
3259309 707692 658 167708
3259310 707692 658 992
3259311 707692 658 367
3259323 707695 658 359
3259324 707695 658 941
3259325 707695 658 138
3259326 707695 658 21
3259349 96868 658 167705
3259350 96868 658 367
3259351 707698 658 1794
3259352 707698 658 44
3259373 707704 658 20796
3259374 707704 658 52802
3259375 707704 658 80825
3259379 707706 658 13999
3259380 707706 658 1794
3259381 707706 658 388
3259382 707707 658 167836
3259383 707707 658 523
3259384 707707 658 359
3259385 707707 658 2709
3259386 253211 658 4730
3259387 253211 658 2725
3259388 253211 658 1896
3259389 253211 658 1728
3259390 253211 658 3451
3259391 253211 658 2709
3259392 253211 658 3704
3259393 253211 658 4
3259394 253211 658 76934
3259395 253211 658 8877
3259396 253211 658 86852
3259397 707708 658 1896
3259398 707708 658 4297
3259399 707708 658 917
3259400 707709 658 4349
3259401 341815 658 1999
3259402 341815 658 125
3259403 341815 658 276
3259404 341815 658 2376
3259405 341815 658 216
3259410 127954 658 527
3259411 127954 658 1162
3259412 127954 658 668
3259413 127954 658 1896
3259414 127954 658 44
3259415 51190 658 221
3259416 51190 658 359
3259417 51190 658 16422
3259418 51190 658 836
3259419 707711 658 367
3259420 707711 658 374
3259421 707711 658 285
3259422 707711 658 167837
3259426 613811 658 374
3259427 613811 658 285
3259428 613811 658 77
3259429 613811 658 367
3259430 613811 658 167837
3259435 707714 658 1896
3259436 707714 658 1565
3259437 707714 658 1169
3259442 707716 658 953
3259443 707716 658 72
3259444 707716 658 5749
3259445 707716 658 912
3259446 33270 658 2520
3259447 33270 658 60392
3259452 707718 658 55404
3259453 707718 658 2242
3259454 707718 658 15807
3259455 707718 658 1896
3259456 675970 658 2072
3259457 675970 658 40
3259458 675970 658 2657
3259459 675970 658 3475
3259460 675970 658 1896
3259461 675970 658 4582
3259462 675970 658 24
3259463 707719 658 9803
3259464 707719 658 1896
3259465 243070 658 451
3259466 243070 658 3221
3259467 707720 658 80622
3259468 707720 658 816
3259469 707720 658 1367
3259470 707720 658 4065
3259474 707721 658 523
3259475 707721 658 992
3259476 707721 658 2556
3259477 707721 658 67989
3259478 707721 658 2677
3259479 707722 658 5733
3259480 707722 658 2072
3259484 707724 658 1191
3259485 707724 658 1239
3259486 707724 658 4582
3259491 707727 658 167839
3259492 707727 658 1191
3259493 707727 658 2242
3259494 707728 658 24450
3259495 707728 658 1896
3259496 707728 658 3510
3259497 707728 658 16316
3259498 707729 658 367
3259499 707729 658 52802
3259500 707729 658 1896
3259501 707729 658 798
3259502 707730 658 29
3259503 707730 658 1999
3259504 707730 658 1794
3259505 478219 658 992
3259506 478219 658 254
3259507 478219 658 2206
3259508 478219 658 138
3259509 478219 658 1034
3259510 478219 658 225
3259511 707731 658 49445
3259512 707731 658 29
3259513 707731 658 66593
3259514 707731 658 4737
3259515 707732 658 4737
3259516 707732 658 1701
3259517 707732 658 719
3259518 707733 658 1828
3259519 707733 658 2709
3259520 707733 658 1565
3259521 707733 658 23338
3259522 707733 658 4582
3259523 332687 658 94502
3259524 332687 658 342
3259525 332687 658 18682
3259526 332687 658 167743
3259545 707735 658 122910
3259546 707735 658 1896
3259559 707740 658 4167
3259560 707740 658 7412
3259561 112559 658 894
3259562 112559 658 730
3259563 112559 658 10189
3259564 112559 658 139
3259595 707748 658 23774
3259596 707748 658 1565
3259600 707750 658 1239
3259601 707750 658 52802
3259602 707751 658 774
3259603 707751 658 912
3259604 707751 658 953
3259617 707754 658 86852
3259618 707754 658 1896
3259619 707754 658 1450
3259620 707754 658 29548
3259621 707754 658 3510
3259622 707754 658 59614
3259623 707755 658 425
3259624 707755 658 86852
3259625 264474 658 65295
3259626 264474 658 23774
3259627 264474 658 254
3259628 256032 658 167703
3259629 256032 658 912
3259630 256032 658 4528
3259631 707756 658 359
3259632 707756 658 29
3259633 707756 658 982
3259634 707756 658 146224
3259635 707756 658 17307
3259636 707756 658 42382
3259640 96956 658 5788
3259641 96956 658 167840
3259642 96956 658 359
3259643 96956 658 1565
3259649 707758 658 1896
3259650 707758 658 9803
3259651 707758 658 167720
3259652 707759 658 992
3259653 707759 658 16627
3259654 707759 658 1701
3259655 707759 658 47224
3259656 707759 658 55404
3259657 707760 658 1565
3259658 707760 658 167743
3259659 707760 658 21172
3259660 707760 658 167720
3259661 707760 658 167841
3259662 707761 658 992
3259663 707761 658 11
3259664 707761 658 367
3259665 707761 658 167708
3259666 707762 658 77356
3259667 707762 658 992
3259668 707762 658 638
3259670 264480 658 1896
3259671 264480 658 941
3259672 264480 658 138
3259673 264480 658 16627
3259674 264480 658 1627
3259675 264480 658 156
3259676 264480 658 3294
3259677 264480 658 4073
3259678 264480 658 58295
3259679 28886 658 44
3259685 707764 658 4016
3259686 707764 658 730
3259695 654644 658 992
3259696 654644 658 167705
3259697 654644 658 101012
3259698 654644 658 367
3259699 707767 658 4332
3259700 707767 658 4802
3259701 707767 658 451
3259702 439543 658 167708
3259703 439543 658 367
3259704 439543 658 126189
3259711 631562 658 1367
3259712 631562 658 816
3259713 631562 658 458
3259714 631562 658 254
3259727 707770 658 458
3259728 707770 658 318
3259729 707770 658 276
3259730 707770 658 2242
3259731 707770 658 254
3259732 707771 658 8877
3259733 707771 658 3510
3259734 707771 658 1701
3259735 707772 658 912
3259736 707773 658 1191
3259737 707773 658 1794
3259738 707774 658 523
3259739 707774 658 1794
3259740 707774 658 1565
3259741 272633 658 1883
3259742 272633 658 1902
3259743 272633 658 1896
3259744 272633 658 1313
3259758 707776 658 774
3259759 707776 658 719
3259773 164002 658 941
3259774 164002 658 1704
3259775 164002 658 912
3259776 164002 658 1794
3259777 164002 658 507
3259778 164002 658 1728
3259779 164002 658 72464
3259786 707783 658 125
3259787 707783 658 4474
3259788 707783 658 1239
3259789 707783 658 816
3259790 707783 658 13981
3259878 707801 658 992
3259879 707801 658 1169
3259880 707801 658 139
3259881 707801 658 367
3260030 707830 658 1896
3260031 707830 658 24267
3260032 707830 658 53206
3260033 707830 658 29659
3260034 341925 658 2494
3260035 341925 658 1896
3260036 341925 658 24267
3260041 707832 658 359
3260042 707832 658 29659
3260043 707832 658 6332
3260044 707832 658 4075
3260045 707832 658 59799
3260046 707833 658 507
3260047 707833 658 1896
3260048 707833 658 167846
3260049 707833 658 107112
3260050 651927 658 816
3260051 651927 658 1367
3260052 651927 658 4075
3260053 651927 658 23774
3260054 651927 658 1703
3260055 651927 658 1896
3260056 522902 658 7412
3260057 522902 658 1431
3260058 522902 658 167705
3260059 522902 658 359
3260065 32772 658 276
3260066 32772 658 11494
3260067 32772 658 1057
3260068 32772 658 77
3260069 32772 658 915
3260070 32772 658 5834
