159220 46082 66 11353
159225 46085 66 9177
159232 46089 66 734
159233 46089 66 1300
159234 46089 66 11356
159240 46093 66 11359
159241 46093 66 11353
159253 46097 66 7110
159254 46097 66 125
159260 46099 66 6073
159261 46099 66 11047
159262 46099 66 422
159272 46100 66 9636
159273 46100 66 6427
159274 46101 66 717
159293 46110 66 6242
159294 46110 66 6052
159295 46111 66 11277
159329 46121 66 11367
159330 46121 66 11368
159331 46122 66 2918
159332 46123 66 11277
159333 46124 66 1141
159334 46124 66 525
159335 46124 66 11369
159348 46128 66 11277
159349 46129 66 9636
159350 46129 66 90
159352 46131 66 6459
159353 46131 66 6974
159354 46131 66 9848
159395 23392 66 6280
159396 23392 66 182
159407 46147 66 1136
159408 46147 66 6114
159409 46147 66 7400
159430 25370 66 11277
159442 46155 66 108
159443 46155 66 11373
159444 46155 66 11372
159445 46155 66 182
159479 24732 66 182
159480 24732 66 5900
159481 24732 66 5918
159482 24732 66 11372
159483 24732 66 108
159484 24732 66 11373
159537 28743 66 6427
159538 28743 66 11366
159539 28743 66 228
159540 36702 66 1007
159541 36702 66 6178
159542 46173 66 7400
159543 46173 66 6114
159544 46173 66 1136
159607 46193 66 11367
159608 46193 66 11368
159609 46193 66 6145
159623 46198 66 11359
159624 46199 66 11353
159627 46201 66 11277
159628 46202 66 9636
159629 46202 66 11389
159643 46206 66 11367
159644 46206 66 11368
159667 46215 66 5900
159668 46215 66 525
159669 46215 66 11393
159680 46220 66 30
159681 46220 66 8419
159682 46220 66 2729
159683 46221 66 5918
