159711 18237 67 184
159712 18237 67 3
159713 18237 67 44
159714 18237 67 46
159740 46252 67 613
159741 46252 67 8250
159762 46260 67 734
159763 46260 67 9671
159768 46263 67 1136
159772 32837 67 157
159773 32837 67 11
159825 46284 67 100
159826 46284 67 1393
159827 46284 67 1084
159839 46289 67 138
159840 46289 67 3
159841 46290 67 2369
159847 20637 67 359
159848 20637 67 221
159863 46302 67 276
159881 46309 67 557
159889 1160 67 1084
159890 1160 67 490
159891 1160 67 126
159892 1160 67 77
159893 1160 67 11
159904 46316 67 222
159916 41274 67 961
159917 41274 67 46
159918 41274 67 1937
159919 41274 67 1897
159920 46322 67 108
159921 46322 67 527
159922 46322 67 138
159947 46328 67 9567
159948 46328 67 1173
159949 46329 67 5922
159950 46329 67 6316
159951 13264 67 75
159996 32004 67 188
159997 32004 67 668
159998 32004 67 75
159999 32004 67 474
160000 32004 67 46
160001 46343 67 798
160005 23648 67 46
160006 23648 67 3
160011 46348 67 9567
160012 46348 67 10823
160013 46349 67 70
160014 23607 67 108
160015 5798 67 507
160016 5798 67 917
160019 29226 67 2404
160020 46350 67 2369
160022 46352 67 2930
160023 46352 67 2891
160024 5926 67 1664
160025 5926 67 139
160026 46353 67 1500
160027 46353 67 11429
160038 46358 67 1664
160039 46358 67 139
160040 46358 67 2816
160049 32054 67 104
160050 32054 67 6712
160053 21181 67 126
160054 21181 67 139
160061 2175 67 5932
160062 2175 67 643
160063 2175 67 884
160064 2175 67 44
160065 2175 67 727
160075 46367 67 276
160078 32994 67 276
160079 32994 67 76
160080 32994 67 2599
160099 46375 67 138
160100 46375 67 1058
160101 46375 67 46
160102 46375 67 527
160103 46375 67 44
160143 46390 67 157
160144 46390 67 11
160145 46390 67 138
160146 46391 67 15
160147 46391 67 126
160148 46391 67 912
160149 46391 67 507
160160 46395 67 46
160161 46395 67 222
160162 46395 67 1325
160163 324 67 1325
160164 324 67 222
160165 324 67 1007
160166 324 67 4450
160186 46400 67 1007
160187 46400 67 6816
160188 46401 67 359
160222 36014 67 507
160235 22179 67 6128
160236 22179 67 75
160237 22179 67 44
160249 46429 67 6745
160257 46432 67 2369
160286 46444 67 1007
160287 46444 67 1064
160296 46448 67 798
160297 46448 67 11452
160298 46449 67 798
160299 46449 67 11452
160300 25626 67 3
160301 25626 67 1230
160302 25626 67 2642
160324 46459 67 1664
160325 46459 67 359
160333 46462 67 29
160334 46462 67 1480
160354 28453 67 1007
160363 46476 67 1007
160364 46476 67 545
160388 46486 67 490
160389 46486 67 248
160390 46486 67 1500
160391 46486 67 11429
160401 22695 67 129
160402 22695 67 46
160414 3100 67 100
160415 3100 67 1084
160445 46506 67 2369
160446 46507 67 108
160447 46507 67 138
160448 46507 67 46
160449 25550 67 75
160450 25550 67 1133
160451 25550 67 1138
160452 25550 67 3
160466 46512 67 108
160467 46512 67 138
160468 46512 67 46
160476 46516 67 1007
160477 46516 67 11456
160486 25564 67 108
160487 25564 67 44
160488 25564 67 46
160516 46532 67 15
160517 46532 67 138
160518 46532 67 3
160522 46535 67 6745
160523 46535 67 1890
160527 1931 67 347
160528 1931 67 734
160529 1931 67 795
160568 46547 67 798
160569 46547 67 1374
160570 46547 67 2904
160571 46547 67 9567
160591 32698 67 44
160592 32698 67 1056
160593 32698 67 527
160594 32698 67 11
160595 46553 67 108
160596 46553 67 44
160601 46556 67 210
160602 46556 67 301
160603 46556 67 44
160613 46563 67 3098
160614 46563 67 507
160615 46563 67 917
160616 46563 67 1664
160617 46564 67 6745
160623 46568 67 373
160624 46568 67 11474
160625 46568 67 39
160626 46568 67 2369
160632 36114 67 125
160633 36114 67 138
160634 36114 67 44
160635 36114 67 285
160636 36114 67 216
160638 46572 67 1979
160639 46572 67 2465
160644 46577 67 100
160645 46577 67 1084
160646 46578 67 44
160647 46578 67 46
160655 32767 67 138
160656 32767 67 44
