3508183 723468 673 155
3508184 723468 673 1321
3508185 29403 673 57611
3508186 29403 673 155
3508187 29403 673 1321
3508201 726524 673 451
3508202 726524 673 57611
3508203 726524 673 155
3508204 726524 673 334
3508205 726524 673 1321
3508206 726524 673 1744
3508207 65385 673 451
3508208 65385 673 155
3508209 65385 673 1321
3508210 15073 673 44
3508211 15073 673 638
3508212 15073 673 155
3508213 15073 673 1321
3508214 15073 673 302
3508215 15073 673 1744
3508233 726529 673 71811
3508234 726529 673 125
3508241 726531 673 57611
3508242 726531 673 311
3508244 521387 673 2816
3508245 521387 673 557
3508250 726533 673 57611
3508251 726533 673 1714
3508252 726533 673 638
3508253 726533 673 1744
3508254 726535 673 2816
3508255 3857 673 20338
3508256 3857 673 125
3508257 616273 673 635
3508258 616273 673 730
3508259 616273 673 155
3508267 726536 673 1321
3508268 52931 673 173140
3508269 52931 673 1321
3508270 726537 673 451
3508271 322402 673 503
3508272 322402 673 583
3508273 322402 673 57611
3508274 322402 673 334
3508275 322402 673 1321
3508276 322402 673 638
3508277 322402 673 1744
3508278 148866 673 1321
3508279 148866 673 4587
3508280 148866 673 57611
3508281 375919 673 173140
3508282 375919 673 1321
3508283 375919 673 638
3508284 726538 673 302
3508285 726538 673 1744
3508288 175272 673 57611
3508289 175272 673 155
3508290 175272 673 1744
3508291 726540 673 173138
3508292 726540 673 1321
3508293 726540 673 302
3508297 726542 673 57611
3508298 726542 673 1057
3508304 726545 673 1802
3508305 726545 673 57611
3508306 726545 673 1321
3508309 654567 673 155
3508310 654567 673 1321
3508311 65552 673 173143
3508312 65552 673 302
3508316 726548 673 54
3508317 726548 673 57611
3508318 726548 673 334
3508319 726548 673 302
3508325 64251 673 40963
3508326 64251 673 125
3508327 296444 673 57611
3508328 296444 673 155
3508329 296444 673 1321
3508330 94196 673 503
3508331 94196 673 1321
3508332 94196 673 302
3508333 94196 673 1744
3508334 22949 673 155
3508335 22949 673 1299
3508336 65584 673 173144
3508337 65584 673 1321
3508338 65584 673 302
3508352 726553 673 155
3508353 726553 673 1321
3508354 726553 673 1744
3508355 726554 673 364
3508356 726554 673 155
3508357 726554 673 1321
3508360 726556 673 57611
3508361 726557 673 1127
3508362 726557 673 264
3508363 726557 673 57611
3508364 726557 673 1321
3508365 128672 673 451
3508366 128672 673 44
3508367 128672 673 146
3508368 128672 673 1321
3508369 128672 673 1744
3508370 11645 673 173144
3508371 11645 673 1321
3508372 11645 673 302
3508373 335377 673 44
3508374 335377 673 57611
3508375 335377 673 155
3508376 335377 673 1321
3508377 444724 673 57611
3508378 444724 673 44
3508379 444724 673 635
3508380 444724 673 1937
3508381 444724 673 155
3508382 444724 673 1321
3508399 726560 673 1744
3508400 726561 673 173143
3508401 726561 673 302
3508402 2958 673 575
3508403 2958 673 44
3508404 2958 673 155
3508405 2958 673 1321
3508409 490985 673 44
3508410 490985 673 155
3508411 490985 673 1321
3508415 247091 673 53
3508416 247091 673 155
3508420 726567 673 155
3508421 726567 673 334
3508422 726567 673 1321
3508429 21830 673 57611
3508430 21830 673 155
3508431 21830 673 1321
3508432 77484 673 451
3508433 726571 673 294
3508434 726571 673 4079
3508435 726571 673 1133
3508438 726573 673 294
3508439 726573 673 4079
3508440 726574 673 173146
3508441 726574 673 294
3508442 726574 673 4079
3508443 726575 673 294
3508444 726576 673 1643
3508445 726576 673 294
3508446 726577 673 173146
3508447 726577 673 294
3508448 726577 673 4079
3508449 726578 673 294
3508450 726578 673 1643
3508451 726579 673 294
3508454 726581 673 173146
3508455 726581 673 294
3508456 726581 673 4079
3508457 726582 673 173146
3508458 726582 673 294
3508459 726582 673 4079
3508468 726589 673 294
3508469 726590 673 1643
3508470 726590 673 294
3508473 726592 673 294
3508474 726592 673 1643
3508475 726593 673 4079
3508476 726593 673 294
3508511 487145 673 730
3508512 487145 673 334
3508513 487145 673 1321
3508514 487145 673 1744
3508520 726609 673 334
3508521 726609 673 1321
3508524 726610 673 12233
3508525 726610 673 11
3508526 726610 673 1528
3508527 726610 673 791
3508533 441345 673 44
3508534 441345 673 1169
3508535 441345 673 1321
3508536 441345 673 302
3508541 726614 673 155
3508542 726614 673 1321
3508543 11852 673 44
3508544 11852 673 155
3508545 11852 673 1321
3508546 333246 673 173138
3508547 333246 673 1321
3508548 660981 673 730
3508549 660981 673 638
3508550 660981 673 1321
3508551 15271 673 730
3508552 15271 673 1321
3508556 114908 673 507
3508557 114908 673 992
3508560 726617 673 730
3508561 726617 673 638
3508562 726618 673 507
3508563 726618 673 992
3508570 613697 673 57611
3508571 613697 673 1321
3508572 191228 673 173143
3508573 191228 673 302
3508574 32837 673 155
3508575 32837 673 1321
3508576 726621 673 1321
3508577 726622 673 173143
3508578 726622 673 302
3508581 726624 673 20338
3508582 726624 673 125
3508583 447414 673 173143
3508584 447414 673 302
3508590 639558 673 173143
3508591 639558 673 302
3508592 726625 673 57611
3508593 726625 673 846
3508594 726626 673 1321
3508595 726626 673 302
3508599 372811 673 1321
3508600 130700 673 44
3508601 130700 673 334
3508602 130700 673 1321
3508603 130700 673 302
3508615 72268 673 635
3508616 72268 673 155
3508617 72268 673 1321
3508618 657225 673 1019
3508619 657225 673 155
3508620 657225 673 1321
3508624 726632 673 44
3508625 726632 673 155
3508626 726632 673 302
3508627 726632 673 1299
3508649 2554 673 503
3508650 2554 673 638
3508651 2554 673 1744
3508652 19193 673 1321
3508653 19193 673 1744
3508654 355614 673 503
3508655 355614 673 1321
3508656 726642 673 503
3508657 726642 673 57611
3508658 726642 673 1744
3508659 726643 673 557
3508660 726644 673 638
3508661 105733 673 57611
3508662 105733 673 635
3508663 105733 673 369
3508664 105733 673 451
3508665 105733 673 1299
3508666 105733 673 155
3508673 726648 673 635
3508674 726648 673 1744
3508675 726649 673 4862
3508676 726649 673 334
3508677 726649 673 1744
3508678 726650 673 1172
3508679 726650 673 302
3508680 726650 673 1744
3508696 12179 673 2816
3508697 12179 673 155
3508719 726661 673 120
3508720 726661 673 1321
3508741 726668 673 57611
3508751 150113 673 846
3508752 150113 673 1321
3508760 66224 673 638
3508761 66224 673 155
3508762 66224 673 1321
3508767 19448 673 44
3508768 19448 673 1937
3508769 19448 673 155
3508770 19448 673 334
3508771 19448 673 1321
3508772 4631 673 44
3508773 4631 673 155
3508774 4631 673 1321
3508775 115086 673 294
3508793 726677 673 1744
3508794 726678 673 57611
3508795 726678 673 1321
3508796 247491 673 1299
3508797 247491 673 334
3508798 657470 673 1299
3508799 657470 673 334
3508800 28135 673 638
3508801 28135 673 451
3508802 28135 673 155
3508803 28135 673 1321
3508804 667427 673 57611
3508805 667427 673 1299
3508806 667427 673 155
3508807 485869 673 2816
3508808 485869 673 557
3508809 485869 673 1321
3508818 726680 673 44
3508819 726680 673 173138
3508820 726680 673 1321
3508821 726681 673 155
3508822 726681 673 334
3508823 726681 673 302
3508836 418737 673 1703
3508837 418737 673 1321
3508838 418737 673 294
3508846 726686 673 557
3508847 726686 673 155
3508848 726686 673 1321
3508849 12530 673 557
3508850 12530 673 1321
3508851 726687 673 155
3508852 726687 673 1321
3508859 726689 673 1321
3508860 376505 673 638
3508861 376505 673 44
3508862 376505 673 1321
3508863 573460 673 302
3508864 573460 673 1744
3508865 726690 673 44
3508866 726690 673 57611
3508867 726690 673 155
3508868 726690 673 1321
3508869 726690 673 1744
3508870 726691 673 57611
3508871 726691 673 44
3508872 726691 673 334
3508873 726691 673 1744
3508874 726692 673 1321
3508875 726693 673 5126
3508876 726693 673 155
3508877 726693 673 1321
3508878 726693 673 302
3508879 152096 673 1321
3508880 152096 673 302
3508881 394718 673 57611
3508882 394718 673 28
3508905 726697 673 57611
3508906 726697 673 155
3508907 726697 673 302
3508910 726699 673 1321
3508926 66491 673 44
3508927 66491 673 155
3508928 66491 673 1321
3508933 726702 673 638
3508934 726702 673 1321
3508935 99725 673 155
3508936 99725 673 730
3508937 726703 673 507
3508938 726703 673 155
3508939 726703 673 1321
3508948 726707 673 638
3508949 726707 673 1321
3508950 726707 673 294
3508956 726710 673 57611
3508957 726710 673 302
3508958 726710 673 1744
3508959 4975 673 1744
3508962 726712 673 82732
3508963 726712 673 98460
3508964 726712 673 643
3508969 42660 673 44
3508970 42660 673 155
3508971 42660 673 638
3508972 42660 673 1321
3508973 726714 673 173143
3508974 726714 673 302
3508975 726715 673 155
3508977 44944 673 40963
3508978 44944 673 125
3508979 726717 673 57611
3508980 384756 673 451
3508981 66590 673 451
3508982 66590 673 503
3508983 66590 673 1321
3508984 66590 673 1744
3508989 23352 673 638
3508990 23352 673 1321
3508991 55001 673 155
3508995 263367 673 57611
3508996 263367 673 557
3508997 263367 673 1321
3509001 726721 673 40963
3509002 726721 673 125
3509003 66675 673 334
3509004 66675 673 1321
3509005 66675 673 302
3509006 726722 673 155
3509007 726722 673 334
3509008 726722 673 1321
3509009 649952 673 451
3509010 649952 673 44
3509011 649952 673 1744
3509021 726726 673 71811
3509022 726726 673 125
3509038 431172 673 57611
3509039 431172 673 173138
3509040 431172 673 155
3509044 726732 673 557
3509045 726732 673 334
3509046 726732 673 302
3509049 726734 673 17439
3509050 726734 673 57611
3509051 726734 673 334
3509052 410464 673 71811
3509053 410464 673 125
3509054 441962 673 57611
3509055 441962 673 173154
3509056 441962 673 334
3509057 441962 673 1321
3509058 441962 673 302
3509062 726736 673 1643
3509063 726736 673 1321
3509067 726738 673 40963
3509068 726738 673 125
3509079 15654 673 466
3509080 15654 673 44
3509081 15654 673 155
3509082 15654 673 1321
3509083 15654 673 302
3509084 15655 673 302
3509130 726750 673 302
3509131 726750 673 1744
3509143 726755 673 294
3509144 726755 673 982
3509145 726755 673 1321
3509146 726755 673 173140
3509147 726756 673 638
3509148 726757 673 730
3509149 726757 673 1321
3509152 726758 673 155
3509153 726759 673 173138
3509162 5266 673 155
3509163 5266 673 302
3509164 5266 673 1744
3509180 66812 673 173137
3509181 66812 673 1321
3509182 66812 673 302
3509184 13256 673 155
3509187 13264 673 44
3509188 13264 673 1321
3509207 24689 673 173139
3509208 24689 673 1321
3509213 5368 673 40963
3509214 5368 673 125
3509215 726770 673 451
3509216 726770 673 1321
3509217 726771 673 638
3509218 726771 673 1744
3509219 66882 673 638
3509235 726775 673 90
3509236 726775 673 1321
3509239 726776 673 730
3509240 726776 673 155
3509241 726776 673 1744
3509242 712084 673 155
3509243 712084 673 1321
3509244 726777 673 638
3509245 726777 673 72
3509246 726777 673 1321
3509247 726777 673 791
3509250 373968 673 146
3509251 373968 673 1321
3509253 726778 673 112786
3509254 726778 673 1321
3509255 726778 673 302
3509256 143733 673 1321
3509257 143733 673 1744
3509260 697985 673 638
3509261 697985 673 155
3509262 697985 673 302
3509263 50047 673 44
3509264 50047 673 155
3509265 50047 673 1321
3509266 50047 673 302
3509267 13453 673 155
3509280 726782 673 1321
3509281 726782 673 294
3509291 104872 673 155
3509295 726786 673 44
3509296 726786 673 155
3509297 726786 673 638
3509298 726786 673 1321
3509299 726786 673 302
3509303 630573 673 638
3509304 630573 673 1321
3509305 630573 673 302
3509306 660268 673 1321
3509307 660268 673 1744
3509313 431203 673 155
3509314 431203 673 1321
3509321 726788 673 173144
3509322 726788 673 1321
3509323 726788 673 302
3509326 726789 673 334
3509327 726789 673 1321
3509331 726791 673 44
3509332 726791 673 2816
3509333 726791 673 1703
3509334 726791 673 557
3509335 726791 673 57611
3509336 726791 673 1321
3509343 104894 673 557
3509344 104894 673 1321
3509345 67112 673 155
3509346 67112 673 1321
3509347 726794 673 155
3509348 726794 673 1321
3509349 726794 673 302
3509350 726795 673 155
3509351 726795 673 1321
3509352 726796 673 451
3509353 726796 673 57611
3509354 726796 673 334
3509355 726796 673 1321
3509356 726796 673 155
3509357 726796 673 302
3509358 726796 673 1744
3509359 13695 673 44
3509360 13695 673 155
3509361 13695 673 1321
3509362 15874 673 44
3509363 15874 673 155
3509364 15874 673 1321
3509365 15874 673 302
3509411 726803 673 44
3509412 726803 673 1321
3509420 726805 673 507
3509421 726805 673 57611
3509422 726805 673 155
3509423 726805 673 1321
3509425 196757 673 44
3509426 196757 673 155
3509427 196757 673 1321
3509431 483533 673 451
3509432 483533 673 155
3509433 483533 673 334
3509436 726808 673 638
3509437 726808 673 1321
3509441 726810 673 40963
3509442 726810 673 125
3509451 67212 673 44
3509452 67212 673 155
3509453 130591 673 730
3509454 130591 673 1321
3509458 368971 673 155
3509459 368971 673 1321
3509460 368971 673 302
3509461 368971 673 294
3509462 368971 673 1744
3509464 726813 673 846
3509465 726813 673 638
3509466 726813 673 1321
3509467 726814 673 40963
3509468 726814 673 125
3509469 726815 673 155
3509470 726815 673 1321
3509474 726816 673 44
3509475 726816 673 155
3509476 726817 673 730
3509477 726817 673 155
3509483 726820 673 1321
3509484 85061 673 155
3509485 85061 673 1321
3509486 21068 673 466
3509487 21068 673 44
3509488 21068 673 146
3509489 21068 673 155
3509490 21068 673 1321
3509491 21068 673 302
3509500 143923 673 638
3509501 143923 673 1703
3509502 143923 673 1321
3509503 143923 673 1744
3509508 73392 673 155
3509509 73392 673 1321
3509511 16013 673 1321
3509512 127183 673 638
3509513 127183 673 1321
3509519 23724 673 1321
3509529 85138 673 57611
3509530 85138 673 1321
3509533 726829 673 638
3509534 726829 673 1321
3509535 130878 673 98460
3509536 130878 673 1321
3509537 130878 673 155
3509538 726830 673 155
3509539 726830 673 638
3509540 726830 673 1321
3509541 416306 673 638
3509542 416306 673 1321
3509548 345167 673 276
3509549 345167 673 155
3509550 345167 673 57611
3509551 45201 673 44
3509552 45201 673 155
3509553 45201 673 638
3509554 45201 673 1321
3509555 45201 673 1744
3509556 533947 673 44
3509557 533947 673 155
3509558 533947 673 1321
3509559 533947 673 1744
3509565 67479 673 57611
3509566 67479 673 155
3509567 67479 673 1744
3509574 671041 673 57611
3509575 671041 673 1744
3509576 44245 673 173143
3509577 44245 673 302
3509582 39478 673 155
3509583 39478 673 1321
3509584 39478 673 1744
3509605 248388 673 264
3509606 248388 673 1321
3509607 248388 673 1744
3509611 88121 673 503
3509612 88121 673 44
3509613 88121 673 155
3509614 88121 673 638
3509615 88121 673 1321
3509616 88121 673 1744
3509617 21333 673 44
3509618 21333 673 155
3509619 21333 673 638
3509620 21333 673 1321
3509621 21333 673 302
3509622 21333 673 1744
3509647 32077 673 155
3509648 32077 673 1299
3509649 726843 673 57611
3509650 726843 673 364
3509651 726843 673 155
3509652 726843 673 1321
3509653 726843 673 1744
3509665 55390 673 155
3509666 55390 673 1321
3509667 55390 673 1744
3509678 726846 673 57611
3509679 726846 673 1744
3509680 60576 673 173143
3509681 60576 673 302
3509685 726847 673 302
3509686 726847 673 1744
3509693 726848 673 57611
3509694 726848 673 557
3509701 726851 673 173144
3509702 726851 673 1321
3509703 726851 673 302
3509704 726852 673 57611
3509705 726852 673 2765
3509706 726852 673 302
3509719 726853 673 451
3509720 726853 673 302
3509721 726853 673 1744
3509727 614185 673 334
3509728 614185 673 1321
3509729 614185 673 302
3509730 726855 673 155
3509731 726855 673 302
3509732 726855 673 1744
3509733 14297 673 155
3509734 14297 673 1321
3509735 307722 673 503
3509736 307722 673 638
3509737 307722 673 1321
3509738 307722 673 155
3509739 38224 673 155
3509740 38224 673 451
3509741 15360 673 451
3509742 726856 673 71811
3509743 726856 673 125
3509744 726857 673 155
3509745 726857 673 1321
3509751 726858 673 638
3509752 726858 673 155
3509753 726858 673 334
3509754 726858 673 1744
3509766 726864 673 1169
3509767 726864 673 57611
3509768 726864 673 1321
3509769 726864 673 302
3509776 726868 673 1321
3509777 726868 673 302
3509812 726882 673 334
3509825 726889 673 44
3509826 726889 673 155
3509827 726889 673 1321
3509828 726890 673 557
3509829 726890 673 2816
3509830 726890 673 57611
3509831 726890 673 638
3509832 726890 673 1321
3509833 726890 673 1744
3509834 726891 673 1162
3509835 726891 673 1643
3509836 726891 673 1321
3509837 131202 673 44
3509838 131202 673 155
3509839 131202 673 1321
3509843 726893 673 1744
3509844 2464 673 557
3509845 2464 673 57611
3509849 22064 673 583
3509850 22064 673 1321
3509851 22064 673 1744
3509854 726895 673 638
3509855 726895 673 1744
3509856 442493 673 638
3509857 442493 673 1321
3509858 442493 673 57611
3509863 1406 673 638
3509864 1406 673 1321
3509865 1406 673 294
3509866 288118 673 57611
3509867 288118 673 334
3509868 288118 673 1321
3509869 288118 673 302
3509872 268903 673 635
3509873 268903 673 57611
3509874 268903 673 1299
3509875 268903 673 1744
3509882 726898 673 1321
3509883 132165 673 451
3509884 132165 673 334
3509885 394219 673 1744
3509886 394219 673 451
3509890 726899 673 638
3509891 726899 673 369
3509892 726899 673 1744
3509893 726900 673 730
3509894 726900 673 638
3509895 726900 673 1321
3509896 425233 673 90
3509897 425233 673 57611
3509898 425233 673 1744
3509899 45202 673 57611
3509900 45202 673 369
3509901 45202 673 4587
3509909 726901 673 557
3509910 726901 673 1321
3509911 248677 673 1321
3509912 514843 673 557
3509917 159267 673 638
3509918 159267 673 57611
3509919 159267 673 334
3509920 159267 673 1744
3509927 11959 673 44
3509928 11959 673 155
3509929 11959 673 1321
3509955 726909 673 57611
3509956 726909 673 635
3509957 726909 673 638
3509958 726909 673 334
3509960 6593 673 1714
3509961 6593 673 155
3509962 6593 673 638
3509967 67823 673 71811
3509968 67823 673 125
3509974 88186 673 155
3509975 88186 673 1321
3509976 88186 673 302
3509979 178326 673 557
3509980 178326 673 155
3509981 178326 673 638
3509982 178326 673 334
3509983 178326 673 1321
3509984 178326 673 302
3509985 178326 673 294
3509986 178326 673 1744
3509987 726913 673 155
3509988 726913 673 1321
3509989 726913 673 1744
3509990 448269 673 1321
3509991 726914 673 557
3509992 726915 673 334
3509993 726915 673 1744
3510003 330994 673 44
3510004 330994 673 291
3510005 330994 673 334
3510006 330994 673 1321
3510007 330994 673 638
3510008 330994 673 1744
3510009 25103 673 44
3510010 25103 673 155
3510011 25103 673 302
3510012 25103 673 5947
3510013 25103 673 173152
3510032 726923 673 57611
3510033 726924 673 44
3510034 726924 673 254
3510035 726924 673 29
3510036 726924 673 1917
3510037 726924 673 1918
3510038 726924 673 8941
3510039 726924 673 39
3510040 726924 673 4273
3510041 726924 673 2709
3510042 726924 673 301
3510043 726924 673 1565
3510060 726928 673 1744
3510072 726931 673 451
3510073 726931 673 1299
3510074 726931 673 638
3510075 112912 673 1321
3510083 67579 673 3087
3510084 67579 673 57611
3510085 67579 673 451
3510086 67579 673 155
3510087 67579 673 334
3510088 67579 673 302
3510089 67919 673 5051
3510090 67919 673 57611
3510091 67919 673 1321
3510092 67919 673 334
3510093 67919 673 1744
3510096 726934 673 638
3510097 726934 673 1321
3510098 726935 673 638
3510099 726935 673 1744
3510101 726936 673 1321
3510102 726936 673 302
3510103 107309 673 846
3510104 107309 673 638
3510105 107309 673 1321
3510109 726937 673 4693
3510110 726937 673 1169
3510111 726937 673 155
3510112 726937 673 302
3510114 257511 673 57611
3510115 257511 673 1321
3510116 257511 673 1744
3510126 726942 673 29
3510127 726942 673 451
3510128 726943 673 57611
3510129 726943 673 1744
3510130 366254 673 155
3510131 366254 673 1321
3510132 366254 673 302
3510133 411522 673 155
3510134 411522 673 1321
3510135 387638 673 57611
3510136 387638 673 155
3510137 387638 673 334
3510138 387638 673 1744
3510142 67989 673 1321
3510143 659309 673 638
3510144 659309 673 1321
3510150 726946 673 173144
3510151 726946 673 1321
3510152 726946 673 302
3510153 726947 673 638
3510154 726947 673 1321
3510157 726949 673 1162
3510158 726949 673 1643
3510159 726949 673 1321
3510160 726950 673 1321
3510164 39575 673 44
3510165 39575 673 638
3510166 39575 673 1321
3510167 32174 673 1321
3510176 660404 673 503
3510177 660404 673 155
3510178 660404 673 638
3510179 660404 673 302
3510180 660404 673 1744
3510181 712744 673 1321
3510182 712744 673 638
3510183 68034 673 155
3510184 68034 673 334
3510185 68035 673 71811
3510186 68035 673 125
3510190 512445 673 557
3510191 512445 673 1321
3510192 512445 673 1744
3510196 26178 673 40963
3510197 26178 673 125
3510198 460796 673 638
3510199 180982 673 155
3510200 180982 673 638
3510201 180982 673 1321
3510202 180982 673 1744
3510203 194771 673 173144
3510204 194771 673 1321
3510205 194771 673 302
3510209 32178 673 173137
3510210 32178 673 1321
3510211 32178 673 302
3510212 726958 673 173147
3510213 726958 673 125
3510214 726958 673 20338
3510215 241021 673 635
3510216 241021 673 730
3510217 241021 673 155
3510220 68070 673 71811
3510221 68070 673 125
3510222 416901 673 173144
3510223 416901 673 1321
3510224 416901 673 302
3510225 253589 673 1169
3510226 253589 673 44
3510227 253589 673 155
3510228 253589 673 1321
3510229 253589 673 302
3510230 726959 673 155
3510236 726962 673 40963
3510237 726962 673 125
3510238 726963 673 57611
3510239 726963 673 2765
3510240 726963 673 334
3510241 726963 673 302
3510242 726963 673 1744
3510243 726964 673 302
3510244 50406 673 1703
3510245 50406 673 557
3510246 50406 673 44
3510247 50406 673 155
3510248 50406 673 1321
3510249 726965 673 1321
3510250 112942 673 1321
3510253 191370 673 173138
3510254 191370 673 173139
3510255 191370 673 638
3510256 191370 673 1321
3510257 726967 673 1321
3510258 726968 673 173143
3510259 726968 673 302
3510265 363649 673 173144
3510266 363649 673 1321
3510267 363649 673 302
3510268 337772 673 20338
3510269 337772 673 125
3510270 726971 673 557
3510271 726971 673 1888
3510272 726971 673 291
3510280 49406 673 44
3510281 49406 673 155
3510282 726972 673 1888
3510283 726972 673 1321
3510288 159479 673 173138
3510305 436113 673 155
3510306 436113 673 1321
3510307 436113 673 302
3510308 34973 673 3087
3510309 34973 673 334
3510310 34973 673 1321
3510311 34973 673 302
3510314 499982 673 503
3510315 499982 673 638
3510316 499982 673 1321
3510320 726982 673 44
3510321 726982 673 155
3510322 726982 673 1321
3510323 32201 673 173144
3510324 32201 673 1321
3510325 32201 673 302
3510326 726983 673 155
3510327 726983 673 1321
3510328 726984 673 638
3510329 726984 673 1321
3510330 726984 673 302
3510331 464302 673 503
3510332 464302 673 638
3510333 726985 673 638
3510334 726985 673 1321
3510339 68199 673 466
3510340 68199 673 44
3510341 68199 673 155
3510344 335585 673 638
3510345 335585 673 451
3510346 335585 673 1321
3510347 36238 673 638
3510348 36238 673 1321
3510353 726989 673 155
3510354 726989 673 638
3510355 726989 673 1321
3510356 438392 673 507
3510357 438392 673 1321
3510358 438392 673 941
3510359 438392 673 1744
3510362 726990 673 523
3510363 726990 673 342
3510364 726990 673 103083
3510367 366425 673 1321
3510370 68297 673 638
3510371 68297 673 1321
3510372 68297 673 294
3510373 726992 673 638
3510374 726992 673 1321
3510378 80318 673 451
3510379 726994 673 155
3510380 726994 673 1321
3510381 726994 673 302
3510382 9470 673 44
3510383 9470 673 155
3510384 9470 673 638
3510385 9470 673 1321
3510386 9470 673 302
3510387 726995 673 302
3510388 726995 673 1744
3510396 726998 673 155
3510397 726998 673 54
3510398 726999 673 638
3510399 726999 673 1321
3510404 727000 673 638
3510405 727000 673 1321
3510410 68337 673 20338
3510411 68337 673 125
3510413 712934 673 1321
3510423 727006 673 730
3510424 727006 673 638
3510431 198752 673 155
3510432 198752 673 894
3510433 198752 673 77
3510434 48301 673 369
3510435 48301 673 1321
3510436 48301 673 302
3510437 727008 673 730
3510438 727008 673 264
3510439 727008 673 369
3510440 727008 673 1321
3510443 727010 673 44
3510444 727010 673 638
3510445 727010 673 57611
3510446 727010 673 155
3510450 669763 673 730
3510451 669763 673 369
3510452 669763 673 1321
3510457 184402 673 155
3510458 184402 673 302
3510459 50533 673 503
3510460 50533 673 44
3510461 50533 673 638
3510462 50533 673 155
3510463 50533 673 1321
3510464 50533 673 302
3510465 50533 673 294
3510466 50533 673 1744
3510490 727014 673 20338
3510491 727014 673 125
3510492 345952 673 638
3510493 345952 673 155
3510494 345952 673 1321
3510503 366516 673 638
3510504 366516 673 1321
3510505 387984 673 503
3510506 387984 673 638
3510507 387984 673 1321
3510511 678338 673 638
3510512 678338 673 1321
3510513 49431 673 503
3510514 49431 673 638
3510515 49431 673 1321
3510521 24181 673 1160
3510522 24181 673 643
3510523 24181 673 44
3510524 24181 673 4196
3510525 24181 673 302
3510526 24181 673 1744
3510527 7362 673 155
3510528 7362 673 1321
3510537 727021 673 4329
3510538 727021 673 125
3510546 727024 673 557
3510547 727024 673 1321
3510550 55773 673 155
3510551 55773 673 302
3510560 685115 673 57611
3510561 685115 673 334
3510562 685115 673 1321
3510563 727027 673 451
3510564 727027 673 908
3510565 727027 673 334
3510566 727027 673 1321
3510567 727028 673 638
3510592 727034 673 155
3510593 727034 673 1744
3510594 727035 673 1321
3510595 727035 673 1744
3510596 105465 673 155
3510597 105465 673 638
3510598 105465 673 1321
3510599 105465 673 1744
3510605 288452 673 155
3510606 64550 673 173137
3510607 64550 673 1321
3510608 64550 673 302
3510625 2209 673 1019
3510626 2209 673 155
3510627 2209 673 1321
3510630 50583 673 5126
3510631 50583 673 638
3510632 50583 673 1321
3510633 75704 673 5126
3510634 75704 673 638
3510635 75704 673 1321
3510640 429733 673 638
3510641 429733 673 1321
3510642 241188 673 451
3510646 249439 673 44
3510647 249439 673 155
3510648 249439 673 1321
3510649 727045 673 155
3510650 727045 673 1321
3510651 727045 673 1744
3510654 727047 673 334
3510655 727047 673 1321
3510656 727047 673 294
3510657 727048 673 173143
3510658 727048 673 302
3510659 88324 673 173139
3510660 88324 673 1321
3510661 88324 673 638
3510662 88324 673 1744
3510663 179032 673 1321
3510664 74374 673 155
3510672 727050 673 173143
3510673 727050 673 302
3510674 727051 673 57611
3510675 727051 673 1321
3510676 727051 673 294
3510677 727051 673 1744
3510678 727052 673 40963
3510679 727052 673 125
3510680 727053 673 451
3510689 727056 673 557
3510690 727056 673 507
3510691 727056 673 155
3510692 727056 673 1321
3510693 727056 673 1744
3510703 89303 673 503
3510704 89303 673 155
3510705 89303 673 638
3510706 89303 673 1321
3510723 354 673 575
3510724 354 673 44
3510725 354 673 155
3510726 354 673 1321
3510727 354 673 302
3510740 357076 673 638
3510741 357076 673 1321
3510742 357076 673 155
3510745 448715 673 173137
3510746 448715 673 1321
3510747 448715 673 302
3510748 448715 673 1744
3510749 727072 673 155
3510750 727072 673 1321
3510751 727072 673 302
3510759 179158 673 155
3510760 179158 673 1321
3510765 21244 673 1299
3510766 21244 673 5947
3510767 21244 673 173152
3510768 727076 673 1169
3510769 727076 673 57611
3510770 727076 673 1321
3510771 727077 673 1321
3510772 374751 673 24
3510773 374751 673 583
3510774 374751 673 57611
3510775 374751 673 1169
3510776 374751 673 1744
3510788 116587 673 1744
3510789 116587 673 638
3510790 727081 673 730
3510791 671639 673 173137
3510792 671639 673 1321
3510793 671639 673 302
3510794 68884 673 71811
3510795 68884 673 125
3510801 24327 673 1321
3510802 24327 673 638
3510803 24327 673 334
3510804 24327 673 1744
3510805 68887 673 44
3510806 68887 673 1321
3510818 423878 673 146
3510819 423878 673 1169
3510820 423878 673 44
3510821 423878 673 155
3510822 423878 673 1321
3510823 423878 673 302
3510824 22214 673 1703
3510825 22214 673 1169
3510826 22214 673 155
3510827 22214 673 638
3510828 22214 673 1321
3510829 22214 673 302
3510830 298709 673 57611
3510831 298709 673 1321
3510832 699581 673 173138
3510833 699581 673 173139
3510834 699581 673 1321
3510835 699581 673 1744
3510842 250199 673 57611
3510843 250199 673 1321
3510844 250199 673 294
3510845 704393 673 173155
3510846 704393 673 4403
3510847 704393 673 1321
3510848 704393 673 302
3510850 727087 673 57611
3510851 727087 673 1703
3510852 727087 673 44
3510853 727087 673 155
3510854 727087 673 1744
3510855 727088 673 451
3510856 68927 673 40963
3510857 68927 673 125
3510858 16776 673 1321
3510859 16776 673 334
3510860 727090 673 638
3510861 727090 673 1321
3510862 288693 673 57611
3510863 288693 673 1321
3510864 727091 673 57611
3510865 727091 673 1321
3510866 193135 673 638
3510867 193135 673 1321
3510868 431345 673 44
3510869 431345 673 638
3510870 431345 673 155
3510871 431345 673 1321
3510872 112347 673 44
3510873 112347 673 57611
3510874 112347 673 1321
3510875 727092 673 173138
3510876 727092 673 1744
3510877 727093 673 90
3510878 727093 673 1321
3510879 727094 673 44
3510880 727094 673 155
3510881 727094 673 1321
3510883 727096 673 638
3510884 727096 673 635
3510885 727096 673 1299
3510888 17831 673 730
3510889 17831 673 155
3510896 70569 673 302
3510897 70569 673 1744
3510900 292153 673 846
3510901 292153 673 638
3510902 292153 673 1703
3510903 292153 673 57611
3510904 292153 673 155
3510905 292153 673 1321
3510911 727100 673 846
3510912 727100 673 638
3510913 727100 673 334
3510914 727100 673 1744
3510915 727101 673 730
3510916 727101 673 155
3510917 727101 673 334
3510918 157783 673 635
3510919 157783 673 57611
3510920 157783 673 155
3510921 157783 673 1321
3510950 727109 673 1744
3510951 727109 673 155
3510955 26700 673 57611
3510956 26700 673 1321
3510965 727110 673 44
3510966 727110 673 57611
3510967 727110 673 155
3510968 727111 673 173144
3510969 727111 673 1321
3510970 727111 673 302
3510973 67838 673 57611
3510974 67838 673 1744
3510977 727112 673 57611
3510978 727112 673 44
3510979 727112 673 155
3510980 727112 673 1321
3510981 727112 673 302
3510982 727112 673 1744
3510983 105634 673 638
3510984 105634 673 1321
3510985 727113 673 155
3510986 727113 673 1321
3510987 727114 673 155
3510989 727116 673 57611
3510990 727116 673 155
3510991 727116 673 334
3510992 727116 673 1321
3510993 727116 673 1744
3511007 120889 673 20338
3511008 120889 673 125
3511022 249859 673 155
3511023 249859 673 54
3511024 727127 673 155
3511025 727127 673 1321
3511030 727129 673 992
3511031 727129 673 730
3511032 116698 673 44
3511033 116698 673 155
3511034 116698 673 1321
3511035 116698 673 302
3511036 727130 673 173139
3511037 727130 673 155
3511038 727130 673 334
3511039 727130 673 1321
3511040 727130 673 1744
3511041 14255 673 730
3511042 14255 673 155
3511043 14255 673 1321
3511048 727131 673 173143
3511049 727131 673 302
3511070 727132 673 57611
3511071 727132 673 155
3511072 727132 673 1321
3511076 57358 673 40963
3511077 57358 673 125
3511084 366944 673 155
3511085 366944 673 1321
3511086 727135 673 155
3511087 727135 673 1321
3511090 713499 673 557
3511091 713499 673 155
3511092 713499 673 1321
3511093 541507 673 503
3511094 541507 673 1126
3511095 541507 673 507
3511096 541507 673 1321
3511097 727137 673 57611
3511098 727137 673 302
3511099 105689 673 1321
3511100 105689 673 294
3511101 727138 673 1321
3511102 727138 673 294
3511107 434847 673 155
3511108 434847 673 1321
3511109 434847 673 302
3511114 729086 673 173137
3511115 729086 673 1321
3511116 729086 673 302
3511117 727141 673 71811
3511118 727141 673 125
3511124 727145 673 1321
3511125 727145 673 638
3511126 727146 673 1321
3511127 727146 673 1744
3511129 727148 673 173138
3511130 727148 673 57611
3511134 727149 673 1321
3511137 374788 673 638
3511138 374788 673 1744
3511173 309060 673 155
3511174 309060 673 638
3511175 309060 673 1321
3511184 727160 673 57611
3511185 727160 673 155
3511186 727160 673 334
3511187 727160 673 1321
3511189 309071 673 638
3511190 309071 673 1321
3511195 105717 673 557
3511196 105717 673 1162
3511197 324043 673 57611
3511198 324043 673 1321
3511199 324043 673 155
3511205 12177 673 466
3511206 12177 673 146
3511207 12177 673 155
3511208 12177 673 1321
3511209 12177 673 302
3511212 116785 673 1321
3511213 116785 673 638
3511214 116785 673 72
3511215 727167 673 1744
3511220 727170 673 1321
3511221 32422 673 155
3511229 715037 673 44
3511230 715037 673 155
3511231 715037 673 1321
3511243 76196 673 503
3511244 76196 673 57611
3511245 76196 673 638
3511246 76196 673 334
3511247 76196 673 302
3511248 76196 673 1744
3511252 581943 673 44
3511253 581943 673 638
3511254 581943 673 1321
3511255 634260 673 1321
3511256 727174 673 44
3511257 727174 673 155
3511258 727174 673 1321
3511261 727175 673 173138
3511262 341453 673 1133
3511264 727177 673 451
3511265 727177 673 57611
3511274 727180 673 638
3511275 727180 673 38476
3511276 727180 673 1321
3511277 727180 673 302
3511278 727181 673 638
3511279 727181 673 1321
3511294 727184 673 57611
3511295 727184 673 155
3511296 727184 673 334
3511297 727184 673 1321
3511298 727184 673 1744
3511299 727185 673 334
3511300 727185 673 1744
3511301 32447 673 466
3511302 32447 673 155
3511303 32447 673 302
3511313 727189 673 1744
3511314 727190 673 1321
3511320 397597 673 638
3511321 397597 673 1321
3511325 646755 673 57611
3511326 646755 673 155
3511327 646755 673 334
3511328 646755 673 1321
3511329 646755 673 1744
3511330 727193 673 57611
3511331 727193 673 334
3511332 727193 673 1744
3511336 713644 673 1321
3511337 713644 673 155
3511338 727195 673 1321
3511339 727195 673 1744
3511340 727196 673 1321
3511363 723066 673 359
3511364 723066 673 57611
3511365 723066 673 1321
3511366 924558 673 1321
3511367 924558 673 638
3511368 727202 673 1321
3511369 727202 673 638
3511370 727202 673 302
3511371 193286 673 1321
3511372 193286 673 302
3511379 727205 673 155
3511382 465081 673 638
3511383 465081 673 1321
3511398 241488 673 44
3511399 241488 673 638
3511400 241488 673 1321
3511401 241488 673 302
3511403 32034 673 1321
3511404 32034 673 302
3511405 32034 673 1744
3511411 195307 673 57611
3511412 195307 673 1321
3511413 195307 673 1744
3511414 25550 673 44
3511415 25550 673 1321
3511416 423938 673 44
3511417 423938 673 1321
3511418 727210 673 57611
3511419 727210 673 334
3511420 727210 673 1321
3511421 727210 673 302
3511424 560357 673 1321
3511425 32473 673 557
3511426 32473 673 1321
3511427 727211 673 638
3511428 727211 673 1321
3511429 727212 673 57611
3511430 727212 673 334
3511431 727212 673 1321
3511435 650963 673 730
3511436 650963 673 1321
3511445 436525 673 334
3511446 75052 673 44
3511447 75052 673 155
3511448 75052 673 1321
3511449 75052 673 302
3511450 8036 673 44
3511451 8036 673 155
3511452 8036 673 1321
3511465 727220 673 1321
3511466 727220 673 1744
3511470 727222 673 57611
3511471 727222 673 5126
3511472 727222 673 638
3511473 727222 673 1321
3511474 727223 673 451
3511475 727223 673 334
3511476 727223 673 1744
3511484 727224 673 557
3511485 727224 673 57611
3511486 195325 673 1321
3511487 195325 673 1744
3511492 727227 673 638
3511502 148310 673 173143
3511503 148310 673 302
3511504 727229 673 1321
3511505 727229 673 1744
3511506 45516 673 40963
3511507 45516 673 125
3511513 45525 673 507
3511514 45525 673 1321
3511520 727232 673 57611
3511521 727232 673 334
3511522 727232 673 1744
3511523 116900 673 155
3511524 116900 673 1321
3511525 116900 673 1744
3511537 111912 673 359
3511538 111912 673 2816
3511539 111912 673 155
3511540 111912 673 1321
3511541 111912 673 302
3511552 680726 673 334
3511553 680726 673 1321
3511554 680726 673 302
3511555 680726 673 1744
3511556 727237 673 5668
3511557 727237 673 57611
3511558 727237 673 1321
3511559 727238 673 1321
3511565 17093 673 44
3511566 17093 673 57611
3511567 17093 673 155
3511568 17093 673 1321
3511569 17093 673 302
3511572 727242 673 557
3511585 727245 673 44
3511586 727245 673 638
3511587 727245 673 1321
3511588 727246 673 643
3511589 727246 673 1321
3511590 653789 673 57611
3511591 653789 673 155
3511592 653789 673 1321
3511593 653789 673 1744
3511594 727247 673 57611
3511595 727247 673 1744
3511596 727248 673 451
3511597 727249 673 1321
3511598 1829 673 155
3511599 1829 673 302
3511600 1829 673 1744
3511604 727251 673 155
3511605 727251 673 1321
3511606 727252 673 57611
3511607 727252 673 1744
3511608 13853 673 155
3511618 609335 673 155
3511619 609335 673 941
3511620 727256 673 173157
3511621 727256 673 11
3511623 127736 673 451
3511624 127736 673 302
3511625 127736 673 1744
3511647 440830 673 1169
3511648 440830 673 1321
3511654 727262 673 20338
3511655 727262 673 125
3511658 649285 673 155
3511659 649285 673 1321
3511660 649285 673 302
3511661 727264 673 155
3511662 727264 673 1321
3511663 727264 673 1744
3511680 457147 673 451
3511681 457147 673 155
3511682 457147 673 1321
3511683 457147 673 302
3511684 652300 673 1321
3511685 652300 673 638
3511686 652300 673 173140
3511687 136370 673 638
3511688 136370 673 1321
3511701 727270 673 557
3511702 727270 673 155
3511703 727270 673 302
3511704 727270 673 1744
3511705 727271 673 155
3511706 727271 673 1321
3511710 727272 673 57611
3511711 727272 673 155
3511712 727272 673 334
3511713 727272 673 1321
3511714 727272 673 941
3511715 727272 673 1744
3511716 21621 673 458
3511717 21621 673 1744
3511718 21621 673 451
3511719 21621 673 173153
3511720 21621 673 334
3511721 17148 673 451
3511722 17148 673 155
3511723 17148 673 334
3511724 17148 673 302
3511725 87607 673 71811
3511726 87607 673 125
3511727 727273 673 57611
3511728 727273 673 1321
3511729 727273 673 302
3511730 727274 673 1321
3511731 727274 673 57611
3511732 312554 673 57611
3511733 312554 673 334
3511734 312554 673 1321
3511735 87608 673 57611
3511736 87608 673 1321
3511737 87608 673 302
3511738 727275 673 451
3511739 727275 673 1321
3511741 727277 673 155
3511742 727277 673 1321
3511743 727277 673 302
3511749 727280 673 57611
3511750 727280 673 334
3511751 727280 673 1744
3511754 36704 673 359
3511755 36704 673 638
3511756 36704 673 90
3511757 36704 673 155
3511758 36704 673 1321
3511759 36704 673 302
3511771 424293 673 507
3511772 424293 673 5126
3511773 424293 673 1321
3511783 21295 673 5947
3511784 21295 673 1299
3511785 21295 673 173152
3511786 727286 673 1299
3511787 727286 673 173150
3511790 160132 673 638
3511791 160132 673 1321
3511792 160132 673 294
3511793 727287 673 57611
3511794 727287 673 1744
3511795 638557 673 173158
3511796 638557 673 101573
3511797 638557 673 1321
3511811 24909 673 44
3511812 24909 673 146
3511813 24909 673 155
3511814 24909 673 1321
3511815 24909 673 302
3511826 727294 673 557
3511833 241642 673 44
3511834 241642 673 1703
3511835 241642 673 146
3511836 241642 673 155
3511837 241642 673 1321
3511838 241642 673 302
3511860 75410 673 146
3511861 75410 673 173138
3511878 727301 673 155
3511879 727301 673 1744
3511880 142919 673 638
3511881 142919 673 1321
3511882 727302 673 730
3511883 727302 673 1321
3511884 727303 673 638
3511885 727303 673 1321
3511887 75430 673 44
3511888 75430 673 155
3511889 75430 673 1321
3511890 75430 673 302
3511891 111396 673 173150
3511895 22722 673 466
3511896 22722 673 146
3511897 22722 673 44
3511898 22722 673 155
3511899 22722 673 1321
3511900 22722 673 302
3511901 727306 673 173143
3511902 727306 673 302
3511906 582094 673 551
3511907 582094 673 155
3511908 727307 673 1321
3511909 108214 673 1714
3511910 1952403 673 40963
3511911 1952403 673 125
3511912 727308 673 173143
3511913 727308 673 302
3511928 727309 673 173147
3511929 727309 673 125
3511930 727309 673 20338
3511936 10961 673 1321
3511945 619677 673 1744
3511946 727311 673 57611
3511947 727311 673 1744
3511948 727312 673 507
3511949 727312 673 57611
3511950 727312 673 557
3511951 727312 673 1744
3511952 727313 673 451
3511957 47494 673 1321
3511959 727317 673 451
3511960 195526 673 638
3511961 195526 673 1321
3511962 195526 673 294
3511963 382460 673 638
3511964 382460 673 1321
3511965 382460 673 294
3511966 367649 673 1321
3511967 367649 673 294
3511973 374858 673 1172
3511974 374858 673 155
3511975 374858 673 334
3511976 374858 673 1321
3511977 374858 673 302
3511978 374858 673 1744
3511979 1889 673 1321
3511980 1889 673 1744
3511981 112471 673 334
3511982 112471 673 1321
3511983 112471 673 1744
3511986 727320 673 638
3511987 727320 673 1321
3511990 32590 673 557
3511991 32590 673 57611
3511992 32590 673 1321
3511993 727322 673 1169
3511994 727322 673 155
3511995 727322 673 302
3511996 255694 673 155
3511997 255694 673 1321
3511998 255694 673 302
3511999 420547 673 1888
3512000 420547 673 291
3512001 420547 673 1321
3512002 420547 673 155
3512003 727323 673 638
3512004 727323 673 1321
3512005 727324 673 638
3512006 727324 673 1321
3512007 727325 673 57611
3512008 86286 673 638
3512009 86286 673 1744
3512010 32095 673 638
3512011 32095 673 1321
3512017 727328 673 638
3512018 727328 673 1321
3512019 1952404 673 155
3512020 1952404 673 1321
3512021 727329 673 1321
3512022 145194 673 638
3512023 145194 673 1321
3512024 540149 673 1321
3512030 727331 673 57611
3512031 727331 673 334
3512032 727331 673 638
3512033 727331 673 302
3512034 727331 673 294
3512035 727331 673 1744
3512037 727332 673 638
3512038 727332 673 1321
3512039 727332 673 1744
3512042 727334 673 173140
3512043 727334 673 1321
3512044 727334 673 638
3512061 32611 673 5126
3512062 32611 673 57611
3512063 32611 673 334
3512064 32611 673 1321
3512065 32611 673 1744
3512066 727338 673 155
3512067 727338 673 1321
3512068 727339 673 57611
3512069 727339 673 507
3512070 727339 673 1756
3512071 127846 673 638
3512072 127846 673 57611
3512073 127846 673 155
3512074 127846 673 1321
3512076 727340 673 1321
3512077 113192 673 2816
3512078 113192 673 155
3512079 113192 673 638
3512080 113192 673 1321
3512081 32615 673 2816
3512082 32615 673 557
3512083 32615 673 1321
3512084 727341 673 1321
3512091 727343 673 173137
3512092 727343 673 1321
3512093 727343 673 302
3512094 295020 673 1321
3512095 295020 673 28
3512096 537136 673 551
3512097 537136 673 638
3512098 537136 673 57611
3512099 537136 673 1321
3512100 537136 673 155
3512101 537136 673 294
3512113 711223 673 71811
3512114 711223 673 125
3512118 193516 673 44
3512119 193516 673 155
3512120 193516 673 1321
3512121 193516 673 302
3512122 53959 673 40963
3512123 53959 673 125
3512124 391265 673 638
3512125 391265 673 1321
3512126 727346 673 503
3512127 727346 673 583
3512128 727346 673 451
3512129 727346 673 1321
3512133 727347 673 57611
3512134 727347 673 1321
3512135 727347 673 302
3512136 727347 673 1744
3512137 157892 673 638
3512138 157892 673 1321
3512139 89526 673 1321
3512143 727349 673 557
3512144 727349 673 1321
3512145 727349 673 638
3512146 17365 673 1172
3512147 17365 673 451
3512148 17365 673 155
3512149 17365 673 1321
3512150 17365 673 1744
3512156 727351 673 1321
3512157 727351 673 302
3512158 727352 673 57611
3512159 727352 673 1299
3512160 727352 673 334
3512162 395610 673 173148
3512163 395610 673 1321
3512164 395610 673 302
3512174 652351 673 551
3512175 652351 673 638
3512176 652351 673 44
3512177 652351 673 1321
3512178 298572 673 507
3512179 298572 673 334
3512180 298572 673 302
3512181 298572 673 1744
3512182 727358 673 1321
3512183 145210 673 20338
3512184 145210 673 125
3512185 727360 673 155
3512186 727360 673 1321
3512188 727362 673 1299
3512189 727362 673 155
3512216 142969 673 638
3512217 142969 673 57611
3512218 142969 673 155
3512219 142969 673 1321
3512269 727378 673 730
3512270 727378 673 155
3512271 705057 673 638
3512272 705057 673 1321
3512283 727383 673 173146
3512284 727383 673 334
3512285 727383 673 294
3512288 727384 673 155
3512289 727384 673 1321
3512290 727385 673 155
3512291 727385 673 1321
3512305 45712 673 451
3512306 45712 673 730
3512307 45712 673 155
3512308 45712 673 1321
3512309 644322 673 173154
3512310 644322 673 155
3512311 644322 673 334
3512312 644322 673 1321
3512313 727388 673 1321
3512314 27482 673 638
3512315 27482 673 1321
3512316 76275 673 638
3512317 76275 673 155
3512318 76275 673 1321
3512319 76275 673 302
3512320 727389 673 638
3512321 727389 673 155
3512322 727389 673 1321
3512323 727389 673 302
3512351 112527 673 44
3512352 112527 673 1321
3512353 727398 673 638
3512354 727398 673 155
3512355 727398 673 1321
3512356 449720 673 155
3512357 449720 673 638
3512358 449720 673 1321
3512380 727403 673 155
3512381 727403 673 1321
3512382 364242 673 155
3512383 364242 673 1744
3512388 727405 673 1321
3512389 88743 673 44
3512390 88743 673 155
3512391 88743 673 1321
3512392 88743 673 302
3512404 12963 673 895
3512405 12963 673 44
3512406 12963 673 155
3512411 370180 673 44
3512412 370180 673 155
3512413 370180 673 1321
3512422 697556 673 155
3512423 697556 673 1299
3512430 727416 673 2376
3512431 727416 673 4693
3512432 727416 673 1744
3512433 651535 673 302
3512434 651535 673 294
3512435 651535 673 1744
3512437 412464 673 557
3512438 412464 673 44
3512447 243065 673 557
3512448 243065 673 44
3512449 243065 673 57611
3512463 727419 673 507
3512464 727419 673 44
3512465 727419 673 146
3512466 727419 673 302
3512473 727421 673 57611
3512474 727421 673 155
3512475 727421 673 638
3512476 727421 673 1321
3512477 727421 673 1744
3512483 727422 673 57611
3512484 727422 673 334
3512485 727422 673 1321
3512487 196699 673 57611
3512488 196699 673 4587
3512489 727424 673 638
3512490 727424 673 1321
3512492 341835 673 557
3512493 341835 673 4693
3512494 341835 673 57611
3512495 341835 673 638
3512496 341835 673 1321
3512510 727429 673 334
3512511 727429 673 1744
3512512 371895 673 1321
3512513 727430 673 57611
3512514 727430 673 155
3512515 727430 673 334
3512516 727430 673 1744
3512517 727431 673 57611
3512518 727431 673 1321
3512519 727431 673 1744
3512523 727433 673 57611
3512524 727433 673 1744
3512525 434981 673 1321
3512537 76300 673 1802
3512538 76300 673 557
3512539 76300 673 638
3512540 76300 673 302
3512541 79458 673 57611
3512542 79458 673 155
3512543 79458 673 1321
3512544 79458 673 302
3512545 32724 673 638
3512546 32724 673 1744
3512552 3164 673 1321
3512553 266793 673 57611
3512554 266793 673 1744
3512555 94671 673 155
3512556 94671 673 638
3512557 94671 673 302
3512564 727437 673 638
3512565 727437 673 451
3512566 727437 673 334
3512567 727437 673 1321
3512573 727439 673 57611
3512574 727439 673 155
3512575 727439 673 1321
3512576 727439 673 1744
3512577 113273 673 155
3512578 113273 673 638
3512579 113273 673 1321
3512580 113273 673 1744
3512582 727440 673 57611
3512583 727440 673 155
3512584 727440 673 1321
3512585 727441 673 155
3512586 64525 673 57611
3512587 64525 673 155
3512588 64525 673 1744
3512589 25142 673 4308
3512590 25142 673 90
3512591 25142 673 155
3512592 25142 673 1321
3512593 727442 673 638
3512594 727443 673 557
3512595 727443 673 1321
3512596 727443 673 1744
3512617 727452 673 38476
3512618 727452 673 1744
3512619 727453 673 27775
3512620 727453 673 155
3512621 727454 673 155
3512622 727454 673 302
3512623 727454 673 1744
3512625 665910 673 638
3512626 665910 673 1321
3512627 665910 673 155
3512628 727455 673 334
3512629 727455 673 1744
3512643 112570 673 730
3512644 112570 673 155
3512645 112570 673 1321
3512652 727462 673 44
3512656 17730 673 638
3512657 279325 673 451
3512658 279325 673 1744
3512659 25622 673 44
3512660 25622 673 57611
3512661 25622 673 334
3512662 25622 673 1321
3512663 25622 673 1744
3512674 157932 673 635
3512675 157932 673 57611
3512676 157932 673 155
3512677 157932 673 1321
3512680 17744 673 44
3512681 17744 673 155
3512682 17744 673 1321
3512683 634672 673 1321
3512684 17223 673 44
3512685 17223 673 155
3512686 17223 673 1321
3512687 46578 673 44
3512688 46578 673 61940
3512689 46578 673 155
3512690 46578 673 638
3512691 46578 673 1321
3512695 727470 673 155
3512696 727470 673 1321
3512698 48250 673 44
3512699 48250 673 638
3512700 48250 673 1321
3512701 48250 673 155
3512702 424045 673 155
3512703 424045 673 1321
3512704 727471 673 57611
3512705 727471 673 155
3512706 727471 673 1744
3512707 25193 673 155
3512708 25193 673 1321
3512709 42957 673 1321
3512710 42957 673 72
3512714 17755 673 57611
3512715 17755 673 643
3512716 17755 673 155
3512717 17755 673 334
3512718 17755 673 1744
3512719 411192 673 44
3512720 411192 673 575
3512721 411192 673 155
3512722 411192 673 1321
3512725 341865 673 846
3512726 341865 673 44
3512727 341865 673 155
3512728 370259 673 155
3512729 370259 673 1321
3512732 338276 673 155
3512733 338276 673 638
3512734 338276 673 1321
3512735 79470 673 638
3512740 256069 673 503
3512741 256069 673 638
3512742 256069 673 1321
3512781 727483 673 173148
3512782 727483 673 1321
3512783 727483 673 302
3512784 25219 673 466
3512785 25219 673 1703
3512786 25219 673 44
3512787 25219 673 155
3512788 25219 673 638
3512789 25219 673 1321
3512790 25219 673 302
3512791 106295 673 466
3512792 106295 673 1703
3512793 106295 673 146
3512794 106295 673 44
3512795 106295 673 557
3512796 106295 673 155
3512797 106295 673 638
3512798 106295 673 1321
3512799 106295 673 302
3512800 106295 673 294
3512801 106295 673 1744
3512802 390265 673 2816
3512803 390265 673 557
3512811 25626 673 155
