3531247 730070 675 941
3531248 730070 675 38788
3531249 730070 675 1049
3531250 730070 675 173706
3531251 730070 675 44905
3531252 730070 675 1767
3531253 730071 675 29
3531254 730071 675 4489
3531255 730071 675 46362
3531256 89530 675 221
3531257 730073 675 173707
3531258 730073 675 1051
3531259 730073 675 523
3531260 730074 675 5751
3531261 730074 675 2949
3531262 730074 675 23721
3531274 730079 675 996
3531275 730079 675 311
3531276 730079 675 1820
3531284 730080 675 374
3531285 730080 675 166129
3531286 730080 675 1917
3531287 730080 675 1770
3531288 730081 675 53574
3531289 730081 675 54043
3531290 730081 675 31226
3531291 730081 675 29
3531292 730081 675 77539
3531293 730081 675 425
3531294 730082 675 557
3531295 730082 675 19685
3531296 730082 675 173708
3531297 730082 675 38717
3531301 375208 675 2936
3531302 375208 675 342
3531303 375208 675 1565
3531307 730085 675 1555
3531308 730085 675 19962
3531309 730085 675 47072
3531310 730085 675 150732
3531311 730085 675 2472
3531312 730085 675 507
3531330 730088 675 1106
3531331 730088 675 557
3531332 730088 675 98
3531340 71862 675 374
3531341 71862 675 2907
3531342 71862 675 693
3531346 730091 675 77971
3531347 730091 675 846
3531348 18282 675 503
3531349 18282 675 4791
3531350 18282 675 72
3531351 18282 675 4575
3531353 71901 675 1923
3531354 71901 675 1779
3531355 71901 675 638
3531356 71901 675 1728
3531357 71901 675 503
3531358 71901 675 369
3531359 730093 675 9683
3531360 730093 675 29
3531361 730095 675 1828
3531362 730095 675 1829
3531363 730095 675 1728
3531364 730095 675 6676
3531365 730095 675 1565
3531368 88862 675 373
3531369 88862 675 359
3531370 88862 675 25729
3531371 88862 675 4216
3531375 730097 675 24319
3531376 730097 675 4284
3531377 730097 675 6040
3531378 730097 675 4693
3531379 730097 675 1119
3531387 730101 675 1430
3531388 730101 675 5461
3531389 730101 675 104
3531390 730102 675 19928
3531391 730102 675 20641
3531392 730102 675 557
3531393 730103 675 44
3531394 730103 675 6040
3531395 730103 675 19928
3531396 730103 675 557
3531397 8930 675 173708
3531398 8930 675 1937
3531399 8930 675 527
3531400 8930 675 44
3531404 730104 675 57410
3531405 730104 675 523
3531406 730104 675 2376
3531407 591655 675 719
3531408 591655 675 41905
3531409 366942 675 301
3531410 366942 675 25729
3531411 366942 675 264
3531412 366942 675 374
3531417 730107 675 21
3531429 132122 675 44
3531430 132122 675 84
3531441 730112 675 104
3531442 730112 675 915
3531443 730112 675 846
3531444 730112 675 1119
3531445 730112 675 25729
3531449 730114 675 2313
3531450 730114 675 1052
3531451 730114 675 342
3531452 730115 675 2150
3531453 730115 675 221
3531454 730115 675 54043
3531455 730115 675 25641
3531456 114787 675 12306
3531457 114787 675 7372
3531458 65506 675 2902
3531459 65506 675 72
3531460 65506 675 365
3531461 65506 675 80
3531462 65506 675 1123
3531475 730118 675 1145
3531476 730118 675 912
3531477 730118 675 1119
3531478 730118 675 54043
3531479 730118 675 24698
3531488 384367 675 173708
3531489 384367 675 173714
3531490 384367 675 13811
3531491 384367 675 6676
3531492 384367 675 4158
3531493 384367 675 81861
3531494 384367 675 1367
3531495 730120 675 6676
3531496 730120 675 72
3531497 730120 675 20496
3531498 730121 675 4909
3531499 730121 675 359
3531500 730121 675 77971
3531504 730123 675 523
3531505 730123 675 54043
3531506 730123 675 19550
3531507 730123 675 24698
3531508 730123 675 161387
3531517 12177 675 2907
3531518 12177 675 457
3531519 12177 675 72
3531520 97498 675 2100
3531521 97498 675 6676
3531522 97498 675 1728
3531523 97498 675 1313
3531524 700546 675 331
3531525 700546 675 1057
3531526 700546 675 104
3531527 345521 675 503
3531528 345521 675 1561
3531529 345521 675 523
3531530 730126 675 1591
3531531 730126 675 173717
3531532 97523 675 7372
3531533 730127 675 1626
3531534 730127 675 2205
3531535 730127 675 54043
3531536 730127 675 24698
3531537 730127 675 523
3531538 730127 675 2161
3531539 730128 675 1335
3531540 730128 675 1128
3531541 730128 675 11
3531542 730128 675 1779
3531543 730129 675 2000
3531544 730129 675 2990
3531545 730129 675 5464
3531546 730129 675 77
3531547 730129 675 124861
3531548 719801 675 1565
3531549 719801 675 78091
3531550 719801 675 3256
3531555 730130 675 104
3531556 730130 675 374
3531557 730130 675 155533
3531566 4049 675 2012
3531567 4049 675 6040
3531568 4049 675 72
3531569 4049 675 2013
3531570 4049 675 3285
3531571 4049 675 1679
3531587 730139 675 557
3531588 730139 675 1565
3531589 730139 675 1828
3531590 730140 675 72
3531591 730140 675 76
3531592 730140 675 139
3531593 730140 675 168
3531594 730141 675 24363
3531595 730141 675 90
3531596 730141 675 2138
3531597 730141 675 638
3531598 730141 675 104
3531599 730141 675 173719
3531616 97648 675 5387
3531617 97648 675 1162
3531618 97648 675 264
3531619 97648 675 2907
3531620 97648 675 374
3531621 639469 675 557
3531622 639469 675 467
3531623 639469 675 1793
3531624 639469 675 503
3531631 730148 675 730
3531632 730148 675 123
3531633 730148 675 72
3531634 370315 675 941
3531635 370315 675 54043
3531636 370315 675 4909
3531654 730150 675 2752
3531655 730150 675 557
3531656 730150 675 5796
3531657 730150 675 79
3531658 730150 675 84
3531669 730154 675 2373
3531670 730154 675 6040
3531671 730154 675 557
3531672 730154 675 748
3531673 730154 675 98
3531674 730154 675 3269
3531682 730156 675 375
3531683 730156 675 912
3531684 730157 675 1616
3531685 730157 675 557
3531686 730157 675 4216
3531687 730157 675 4285
3531700 434636 675 173721
3531706 730160 675 4529
3531707 730161 675 8902
3531708 730161 675 49512
3531709 730161 675 1565
3531710 730161 675 557
3531711 730161 675 1728
3531721 730164 675 173723
3531722 730164 675 996
3531723 730164 675 1731
3531724 730164 675 1704
3531725 730164 675 54043
3531726 730164 675 173724
3531727 453914 675 374
3531728 453914 675 5687
3531729 453914 675 104
3531730 453914 675 27711
3531731 730165 675 173725
3531732 730165 675 5700
3531733 730165 675 5387
3531734 730165 675 374
3531735 730165 675 1119
3531736 730165 675 1106
3531737 97968 675 46275
3531738 97968 675 2567
3531739 97968 675 523
3531740 97968 675 54822
3531748 243456 675 1626
3531749 243456 675 43546
3531750 243456 675 54043
3531751 243456 675 24698
3531752 243456 675 1565
3531753 243456 675 2161
3531754 243456 675 1555
3531765 18791 675 1819
3531766 18791 675 276
3531767 18791 675 2161
3531768 18791 675 16480
3531769 18791 675 638
3531781 730172 675 1136
3531782 730172 675 978
3531783 730172 675 8334
3531784 730172 675 1132
3531785 730172 675 72
3531786 730172 675 44
3531787 730173 675 1136
3531788 730173 675 173726
3531789 730173 675 173727
3531790 730173 675 2376
3531793 203932 675 1647
3531794 203932 675 6040
3531795 203932 675 894
3531796 203932 675 25729
3531797 203932 675 1119
3531798 730175 675 173711
3531799 730176 675 3490
3531800 730176 675 104
3531801 730176 675 68921
3531802 730176 675 2907
3531815 730180 675 4005
3531816 730180 675 4196
3531817 730180 675 2907
3531818 730181 675 173729
3531819 730181 675 173730
3531820 730181 675 1923
3531821 730181 675 2761
3531828 15292 675 1647
3531829 15292 675 503
3531830 15292 675 35
3531831 15292 675 78895
3531832 15292 675 26710
3531835 730183 675 3816
3531836 730183 675 1704
3531837 730183 675 173731
3531838 730183 675 173732
3531839 730184 675 523
3531840 730184 675 47714
3531841 730184 675 254
3531842 730184 675 225
3531843 730184 675 19535
3531844 730185 675 173733
3531845 730185 675 557
3531846 730185 675 21780
3531847 670581 675 529
3531848 670581 675 7062
3531849 670581 675 1148
3531850 730186 675 2056
3531851 730186 675 4
3531852 730186 675 503
3531853 730186 675 15280
3531859 730189 675 557
3531860 730189 675 25729
3531861 730189 675 6676
3531868 376242 675 545
3531869 376242 675 2907
3531871 194240 675 2161
3531872 194240 675 374
3531873 194240 675 2907
3531883 730193 675 719
3531891 270844 675 1828
3531892 270844 675 557
3531893 270844 675 80530
3531894 270844 675 1565
3531900 730199 675 73576
3531901 730199 675 72
3531902 730199 675 3816
3531917 513471 675 557
3531918 513471 675 2472
3531919 730204 675 392
3531920 730204 675 68921
3531921 730204 675 2907
3531922 730205 675 1625
3531923 730205 675 12145
3531924 730205 675 311
3531925 730205 675 38101
3531926 730205 675 173737
3531941 20230 675 557
3531942 20230 675 138
3531943 20230 675 941
3531944 20230 675 173740
3531947 1089 675 6040
3531948 1089 675 2907
3531949 1089 675 734
3531952 730211 675 173742
3531953 730211 675 49316
3531954 730211 675 557
3531955 730211 675 2891
3531956 730212 675 49690
3531957 730212 675 523
3531958 730212 675 1628
3531959 106528 675 503
3531960 106528 675 6294
3531961 106528 675 25729
3531966 372931 675 523
3531967 372931 675 52802
3531968 372931 675 54043
3531969 372931 675 173743
3531970 730215 675 1231
3531971 730215 675 3363
3531972 730215 675 523
3531973 730215 675 503
3531974 730216 675 2707
3531975 730216 675 2161
3531976 730216 675 2949
3531977 730217 675 1057
3531978 730217 675 25729
3531979 730217 675 846
3531980 730218 675 3463
3531981 730219 675 996
3531982 730219 675 523
3531983 730220 675 996
3531984 730220 675 523
3531985 730221 675 1565
3531986 730221 675 54043
3531987 730221 675 1555
3531988 730221 675 1651
3531989 730222 675 2424
3531990 730222 675 21287
3531991 730222 675 557
3531992 730222 675 1327
3531993 730222 675 8981
3531994 730222 675 523
3531995 730223 675 2313
3531996 730223 675 425
3531997 730224 675 311
3531998 730224 675 523
3531999 730224 675 72
3532000 730225 675 557
3532001 730225 675 6294
3532002 730225 675 2376
3532012 126920 675 527
3532013 126920 675 2907
3532014 126920 675 168
3532022 370363 675 125
3532023 370363 675 1802
3532024 370363 675 4027
3532032 730232 675 2324
3532033 730232 675 173711
3532034 730232 675 2576
3532035 730232 675 2907
3532040 730235 675 557
3532041 730235 675 87262
3532042 730235 675 1605
3532045 730237 675 104
3532046 730237 675 166129
3532047 730237 675 11583
3532048 730237 675 77
3532049 730237 675 369
3532051 730239 675 4272
3532052 730239 675 54043
3532053 730239 675 5751
3532054 730239 675 24698
3532055 730239 675 3475
3532056 730239 675 1565
3532057 730239 675 425
3532064 730241 675 41437
3532065 730241 675 2705
3532066 730241 675 1191
3532067 730241 675 72
3532073 730243 675 19202
3532074 730243 675 2576
3532075 730243 675 2680
3532076 730243 675 25729
3532077 730243 675 264
3532078 730243 675 2907
3532079 19282 675 4216
3532080 19282 675 25729
3532081 19282 675 978
3532082 19282 675 1106
3532083 19282 675 44
3532084 19282 675 1313
3532088 150025 675 4272
3532089 150025 675 54043
3532090 150025 675 1565
3532091 150025 675 374
3532092 194278 675 4272
3532093 194278 675 982
3532094 194278 675 1565
3532095 194278 675 374
3532096 194278 675 16019
3532097 19296 675 557
3532098 19296 675 23643
3532099 19296 675 3790
3532112 730248 675 1546
3532113 730248 675 173745
3532114 730248 675 104563
3532115 730248 675 173746
3532116 730248 675 5563
3532117 730248 675 29
3532125 373101 675 125
3532126 373101 675 2907
3532129 730251 675 21
3532130 730251 675 54043
3532131 730251 675 523
3532132 730251 675 4256
3532133 730252 675 20966
3532134 730252 675 10321
3532135 730252 675 523
3532136 730253 675 125
3532137 730253 675 65729
3532138 730253 675 2907
3532146 19367 675 529
3532147 19367 675 25729
3532148 19367 675 12306
3532172 730258 675 774
3532173 730258 675 719
3532174 730258 675 3816
3532181 730260 675 54043
3532182 730260 675 24698
3532183 730260 675 5765
3532184 730260 675 26445
3532185 730260 675 2949
3532186 730260 675 26590
3532190 730262 675 5231
3532191 730262 675 1430
3532192 730262 675 638
3532193 730263 675 159689
3532194 730263 675 80
3532195 730263 675 1820
3532196 730264 675 58586
3532197 730264 675 26623
3532198 730264 675 503
3532199 730264 675 16043
3532200 730265 675 173750
3532201 730265 675 557
3532202 12322 675 374
3532203 12322 675 2376
3532204 12322 675 139
3532221 66253 675 1367
3532222 66253 675 6676
3532223 66253 675 1383
3532224 66253 675 221
3532225 66253 675 44
3532240 730273 675 1191
3532241 730273 675 72
3532242 4647 675 1577
3532243 4647 675 425
3532254 730276 675 104
3532255 730276 675 72
3532256 730276 675 374
3532268 730278 675 557
3532269 730278 675 1565
3532270 730278 675 1828
3532271 730278 675 159330
3532272 730278 675 132079
3532278 274241 675 4272
3532279 274241 675 557
3532280 274241 675 1565
3532284 365341 675 557
3532285 365341 675 2161
3532286 365341 675 2908
3532287 730280 675 54043
3532288 730280 675 104
3532289 730280 675 166129
3532290 730280 675 523
3532291 730280 675 28507
3532292 730281 675 2161
3532293 730281 675 301
3532294 730281 675 1779
3532295 730281 675 638
3532298 143386 675 104
3532299 143386 675 4196
3532300 143386 675 264
3532301 143386 675 77
3532302 143386 675 40635
3532303 143386 675 2907
3532304 730284 675 173718
3532305 730284 675 523
3532306 730284 675 503
3532307 730285 675 4272
3532320 274272 675 2392
3532321 274272 675 1703
3532322 274272 675 72
3532326 730291 675 6824
3532327 730291 675 2707
3532328 730291 675 2837
3532329 730291 675 72
3532330 730292 675 57204
3532331 730292 675 145401
3532332 730292 675 1715
3532333 730294 675 72
3532334 730294 675 869
3532335 380015 675 19928
3532336 380015 675 41105
3532337 380015 675 557
3532338 730295 675 19928
3532339 730295 675 6040
3532340 730296 675 104
3532341 730296 675 128034
3532342 730296 675 6676
3532343 730296 675 638
3532366 730303 675 557
3532368 730305 675 557
3532369 730305 675 6676
3532378 296919 675 29
3532379 296919 675 43546
3532380 296919 675 2949
3532381 296919 675 1113
3532385 730310 675 491
3532386 730310 675 25729
3532387 730310 675 29660
3532388 730310 675 700
3532392 730311 675 1057
3532393 730311 675 2161
3532394 730311 675 1119
3532400 730314 675 4028
3532401 730314 675 6676
3532402 730314 675 18681
3532403 730314 675 25729
3532412 730319 675 125
3532413 730319 675 12306
3532418 657598 675 894
3532419 657598 675 4115
3532420 657598 675 3290
3532421 657598 675 139
3532435 326727 675 359
3532436 326727 675 4356
3532437 326727 675 4057
3532438 730325 675 92
3532439 730325 675 869
3532453 730330 675 295
3532454 730330 675 523
3532458 730332 675 125
3532461 730333 675 1177
3532462 730333 675 865
3532463 730333 675 104
3532464 730333 675 139
3532465 730334 675 1215
3532466 730334 675 100784
3532467 730334 675 173761
3532468 730334 675 13918
3532469 730334 675 6550
3532474 730336 675 1828
3532475 730336 675 4618
3532476 730336 675 8902
3532477 730336 675 5592
3532504 730343 675 78091
3532505 730343 675 1591
3532506 730343 675 2161
3532512 730345 675 1231
3532513 730345 675 46355
3532514 730345 675 17380
3532515 730345 675 173763
3532516 730345 675 3357
3532517 730345 675 996
3532518 730345 675 1591
3532519 730345 675 523
3532520 730345 675 1728
3532524 730347 675 503
3532525 730347 675 1943
3532526 730347 675 1561
3532527 730347 675 25513
3532531 730349 675 1119
3532532 730349 675 20040
3532533 730349 675 846
3532534 48542 675 66828
3532535 48542 675 25729
3532536 730351 675 2520
3532537 730351 675 1703
3532538 730351 675 1052
3532539 730351 675 523
3532540 855375 675 46345
3532541 855375 675 2520
3532542 855375 675 523
3532543 855375 675 1051
3532544 276418 675 2520
3532545 276418 675 6901
3532546 276418 675 1820
3532547 276418 675 25729
3532550 19873 675 1647
3532551 19873 675 557
3532552 19873 675 24698
3532553 730354 675 523
3532554 730354 675 996
3532555 730354 675 2949
3532556 730354 675 3358
3532557 730354 675 11860
3532558 730354 675 21351
3532559 730354 675 26404
3532566 527960 675 734
3532567 527960 675 3811
3532568 527960 675 13539
3532569 527960 675 1127
3532570 527960 675 388
3532571 527960 675 638
3532572 730355 675 125
3532573 730355 675 25729
3532574 730355 675 72
3532575 730355 675 84
3532581 730357 675 523
3532582 730357 675 1704
3532583 730357 675 15284
3532584 730357 675 1808
3532585 730357 675 54043
3532586 730357 675 24698
3532592 730359 675 221
3532593 730359 675 359
3532594 730359 675 557
3532599 5013 675 1722
3532600 5013 675 6040
3532601 5013 675 1723
3532614 730363 675 125
3532615 730363 675 80587
3532616 730363 675 119246
3532617 730364 675 1145
3532618 730364 675 2949
3532619 730364 675 2707
3532620 730364 675 139
3532621 730364 675 54043
3532622 730364 675 24698
3532629 730365 675 104
3532630 730365 675 72
3532631 730365 675 2907
3532632 730365 675 1957
3532633 386092 675 173708
3532634 386092 675 139
3532635 150940 675 4108
3532636 150940 675 26423
3532637 150940 675 4276
3532638 150940 675 374
3532639 150940 675 4027
3532640 730366 675 557
3532641 730366 675 8907
3532642 730366 675 22054
3532643 459609 675 33527
3532644 459609 675 53806
3532645 459609 675 29
3532646 459609 675 1584
3532653 730367 675 1347
3532654 730367 675 7170
3532655 730367 675 72
3532656 730368 675 1703
3532657 730368 675 638
3532658 730368 675 76
3532659 730368 675 20331
3532663 272481 675 1819
3532664 72819 675 752
3532665 72819 675 72
3532675 345766 675 108
3532676 345766 675 527
3532677 730373 675 4791
3532678 730373 675 84
3532688 730377 675 813
3532689 730377 675 29
3532690 730378 675 1267
3532691 730378 675 1704
3532692 103790 675 1828
3532693 103790 675 4272
3532694 103790 675 1728
3532695 103790 675 74789
3532696 103790 675 1565
3532697 103790 675 643
3532698 730379 675 125
3532704 730381 675 2139
3532710 730383 675 1917
3532711 730383 675 4791
3532712 730383 675 1774
3532713 730383 675 9778
3532714 730383 675 54043
3532715 730383 675 24698
3532716 730384 675 2752
3532717 730384 675 557
3532718 730384 675 5796
3532719 730384 675 79
3532720 730384 675 84
3532723 65127 675 125
3532724 65127 675 1565
3532725 730387 675 16797
3532726 730387 675 25142
3532727 730387 675 17946
3532728 730387 675 1565
3532750 730394 675 104
3532751 730394 675 2161
3532752 730394 675 374
3532753 730394 675 285
3532754 730394 675 98
3532755 730395 675 173765
3532756 730395 675 798
3532757 730395 675 8334
3532758 730396 675 52802
3532759 730396 675 125
3532760 730396 675 557
3532761 730396 675 6025
3532762 376838 675 4640
3532763 376838 675 4912
3532764 376838 675 28
3532765 679474 675 730
3532766 679474 675 1313
3532767 679474 675 2440
3532768 336282 675 82827
3532769 336282 675 4297
3532770 365528 675 4802
3532771 365528 675 552
3532772 365528 675 76
3532773 365528 675 168
3532782 730399 675 47057
3532783 730399 675 104
3532784 730399 675 72
3532785 730399 675 98
3532794 730402 675 523
3532795 730402 675 66903
3532796 730402 675 40472
3532797 730402 675 1555
3532798 730402 675 1624
3532799 730402 675 15791
3532800 297136 675 4272
3532801 297136 675 74789
3532802 297136 675 1565
3532838 730408 675 3490
3532839 730408 675 104
3532840 730408 675 173726
3532841 730408 675 173727
3532842 730408 675 2376
3532843 365540 675 3490
3532844 365540 675 104
3532845 365540 675 72
3532846 365540 675 2907
3532847 730409 675 72024
3532848 730409 675 5748
3532849 730409 675 557
3532850 730410 675 173768
3532851 730410 675 173769
3532852 730410 675 557
3532853 730410 675 26152
3532855 338310 675 557
3532856 338310 675 3275
3532857 338310 675 1802
3532858 338310 675 1171
3532859 95711 675 1917
3532860 95711 675 2205
3532861 95711 675 2161
3532862 95711 675 1947
3532863 95711 675 374
3532871 15655 675 457
3532872 15655 675 146
3532873 15655 675 2907
3532885 20173 675 16
3532886 20173 675 2907
3532887 20173 675 1383
3532888 20181 675 457
3532889 20181 675 2907
3532890 20181 675 44
3532891 20181 675 4158
3532892 20181 675 1129
3532893 20181 675 4542
3532894 135144 675 457
3532895 135144 675 139
3532901 399464 675 173770
3532902 399464 675 3130
3532903 399464 675 4901
3532904 399464 675 1565
3532905 399464 675 781
3532906 730416 675 2709
3532907 730416 675 30245
3532908 730416 675 69798
3532909 730416 675 173771
3532910 730417 675 3510
3532911 730417 675 503
3532912 730418 675 4693
3532913 730418 675 125
3532914 106789 675 173772
3532915 106789 675 2472
3532916 106789 675 11994
3532917 106789 675 6833
3532918 106789 675 3359
3532932 730420 675 523
3532933 730420 675 1119
3532934 730420 675 4025
3532939 730423 675 4590
3532940 730423 675 276
3532941 730423 675 4212
3532942 730423 675 4192
3532943 730423 675 28
3532944 730423 675 362
3532945 730423 675 5230
3532946 730425 675 4693
3532947 730425 675 80
3532948 730425 675 72
3532949 730425 675 563
3532950 730425 675 54043
3532951 730425 675 3640
3532952 730425 675 18708
3532967 637001 675 1828
3532968 637001 675 27936
3532969 637001 675 4272
3532970 637001 675 54043
3532971 637001 675 1565
3532972 637001 675 16019
3532973 466756 675 12306
3532974 466756 675 7372
3532987 5272 675 1119
3532988 5272 675 150
3532989 5272 675 6676
3532990 5272 675 2556
3532991 730430 675 128
3532992 730430 675 29
3532993 730430 675 46503
3532994 730430 675 125
3532995 730430 675 2472
3533005 730433 675 11
3533006 730433 675 2373
3533007 730433 675 503
3533008 730433 675 52
3533009 730433 675 7868
3533021 730438 675 29295
3533022 730438 675 104
3533023 730438 675 100613
3533024 730438 675 26669
3533025 730438 675 72
3533026 730439 675 2440
3533027 730439 675 104
3533028 730439 675 264
3533029 730439 675 100613
3533030 730439 675 72
3533031 730440 675 2440
3533032 730440 675 10682
3533033 730440 675 264
3533034 730440 675 100613
3533035 730440 675 72
3533041 606756 675 557
3533042 606756 675 8676
3533043 730442 675 173776
3533044 730442 675 1591
3533045 730442 675 503
3533046 730442 675 16394
3533047 187705 675 11
3533048 187705 675 557
3533049 187705 675 84616
3533050 187705 675 8014
3533056 730443 675 29
3533057 730443 675 127
3533058 730443 675 2184
3533059 730443 675 2544
3533060 730443 675 23928
3533061 730443 675 2907
3533062 730443 675 1703
3533063 730444 675 4033
3533064 730445 675 125
3533065 730445 675 71340
3533066 730445 675 80587
3533067 730445 675 54043
3533068 730445 675 557
3533069 730446 675 125
3533070 730446 675 71340
3533071 730446 675 80587
3533072 730446 675 557
3533073 730447 675 1141
3533074 730447 675 6676
3533075 730447 675 72
3533076 730447 675 369
3533079 730450 675 40
3533080 730450 675 54043
3533081 730450 675 5751
3533082 730450 675 24698
3533083 730450 675 523
3533084 730450 675 17028
3533119 370497 675 1591
3533120 370497 675 503
3533121 370497 675 3510
3533122 370497 675 21086
3533123 730457 675 3490
3533124 730457 675 2303
3533125 730457 675 2709
3533126 730457 675 25214
3533127 730457 675 2949
3533128 730458 675 941
3533129 730458 675 1184
3533130 730458 675 72
3533135 69718 675 557
3533136 730460 675 719
3533137 730460 675 523
3533138 730460 675 1119
3533143 455949 675 6040
3533144 455949 675 374
3533145 455949 675 3660
3533158 13362 675 1021
3533159 13362 675 104
3533160 13362 675 139
3533161 13362 675 5387
3533162 13362 675 374
3533163 13362 675 2907
3533164 730466 675 2707
3533165 730466 675 77
3533166 730466 675 1145
3533167 730466 675 2949
3533168 730466 675 139
3533169 730467 675 2707
3533170 730467 675 77
3533171 730467 675 1145
3533172 730467 675 2949
3533173 730467 675 139
3533178 730469 675 4297
3533179 730469 675 29291
3533187 115455 675 173779
3533188 115455 675 2907
3533193 730472 675 173780
3533194 730472 675 26623
3533199 730474 675 67046
3533200 730474 675 8941
3533210 730476 675 125
3533220 126227 675 125
3533221 126227 675 19728
3533222 126227 675 2907
3533225 730479 675 77539
3533226 730479 675 1704
3533227 730479 675 301
3533236 730482 675 173781
3533237 730482 675 2746
3533238 659165 675 700
3533239 659165 675 2907
3533240 659165 675 44
3533241 151558 675 5302
3533242 151558 675 2161
3533243 151558 675 4158
3533244 151558 675 23858
3533245 151558 675 5700
3533246 151558 675 2949
3533247 730483 675 5302
3533248 730483 675 2205
3533249 730483 675 54043
3533250 730483 675 24698
3533251 730483 675 1145
3533252 730483 675 2161
3533260 730486 675 97739
3533261 730486 675 1591
3533262 730486 675 503
3533263 730486 675 20516
3533264 730487 675 54043
3533265 730487 675 2161
3533266 730487 675 1119
3533267 730488 675 457
3533268 730488 675 1313
3533269 730488 675 5387
3533270 730488 675 2161
3533271 730488 675 25729
3533272 73068 675 22363
3533273 73068 675 3510
3533274 73068 675 6040
3533275 73068 675 557
3533276 297396 675 54043
3533277 297396 675 7062
3533278 730489 675 87854
3533279 730489 675 173782
3533280 730489 675 2709
3533281 730489 675 54043
3533282 730489 675 46560
3533287 730490 675 1802
3533288 730490 675 3141
3533289 151673 675 359
3533290 151673 675 25729
3533291 194235 675 125
3533298 730492 675 16906
3533299 730492 675 1119
3533300 730492 675 4216
3533301 730492 675 1728
3533302 730492 675 90828
3533305 15825 675 264
3533306 15825 675 2907
3533331 730498 675 139
3533332 730498 675 1145
3533333 730498 675 4158
3533336 467971 675 221
3533337 467971 675 359
3533338 467971 675 25729
3533339 8473 675 7372
3533340 8473 675 77214
3533341 8473 675 557
3533342 8473 675 76867
3533343 8473 675 1796
3533346 730499 675 54043
3533347 730499 675 523
3533348 730499 675 2161
3533349 730500 675 221
3533350 730500 675 557
3533351 730500 675 22813
3533360 730503 675 54043
3533361 730503 675 19144
3533362 730503 675 523
3533363 730503 675 425
3533366 730504 675 102765
3533367 730504 675 392
3533368 730504 675 68921
3533369 730504 675 2376
3533370 730504 675 2907
3533371 20702 675 173708
3533372 20702 675 1730
3533373 20702 675 12306
3533374 20702 675 4158
3533375 20702 675 7372
3533386 320360 675 4033
3533387 312205 675 166129
3533388 312205 675 104
3533389 312205 675 8551
3533390 20716 675 457
3533391 20716 675 25729
3533392 20716 675 146
3533393 730506 675 457
3533394 730506 675 12306
3533404 730509 675 941
3533405 730509 675 4693
3533406 730510 675 54043
3533407 730510 675 557
3533408 730510 675 3660
3533409 730511 675 54043
3533410 730511 675 557
3533411 730511 675 3660
3533412 730512 675 1828
3533413 730512 675 523
3533414 730512 675 1565
3533415 90976 675 523
3533416 90976 675 1565
3533417 90976 675 72
3533418 380796 675 1728
3533419 380796 675 72
3533420 380796 675 503
3533431 8851 675 28
3533432 8851 675 1703
3533433 8851 675 359
3533434 730516 675 1173
3533435 730516 675 2602
3533436 730516 675 139
3533437 730516 675 2907
3533446 730519 675 557
3533447 730520 675 34977
3533448 730520 675 24698
3533449 730520 675 104
3533450 730520 675 166129
3533451 730520 675 1145
3533452 730520 675 2949
3533453 82172 675 221
3533454 82172 675 54043
3533455 82172 675 719
3533456 386827 675 529
3533457 730521 675 523
3533458 730521 675 2161
3533459 730522 675 68921
3533460 730522 675 392
3533461 730522 675 173783
3533462 730522 675 12213
3533463 730522 675 2907
3533467 69826 675 29661
3533468 69826 675 1555
3533469 69826 675 1565
3533470 69826 675 54043
3533471 69826 675 374
3533472 69826 675 173784
3533479 730526 675 507
3533480 730526 675 2472
3533481 730526 675 77
3533482 730526 675 23919
3533483 730526 675 2184
3533488 730528 675 9828
3533489 730528 675 72
3533490 730528 675 8947
3533491 730528 675 516
3533497 730530 675 6670
3533498 730530 675 2990
3533499 730530 675 6760
3533500 730530 675 638
3533501 730531 675 1335
3533502 730531 675 11
3533503 730531 675 638
3533504 5705 675 269
3533505 5705 675 104
3533506 5705 675 1056
3533507 5705 675 98
3533516 730533 675 70
3533517 730533 675 369
3533518 730533 675 2746
3533519 730533 675 638
3533520 730535 675 829
3533521 730535 675 70
3533522 730535 675 104
3533523 730535 675 638
3533524 730536 675 301
3533525 730536 675 523
3533526 730536 675 77
3533542 432892 675 221
3533543 432892 675 719
3533544 432892 675 2907
3533567 25103 675 84
3533568 25103 675 12306
3533569 730540 675 944
3533570 730540 675 1807
3533571 730540 675 1267
3533572 730540 675 1367
3533573 730540 675 25729
3533577 730542 675 54043
3533578 730542 675 523
3533579 730542 675 5421
3533580 169384 675 2520
3533581 297472 675 6040
3533582 297472 675 392
3533583 297472 675 5796
3533584 297472 675 79
3533585 297472 675 84
3533586 730543 675 1106
3533587 730543 675 264
3533588 730543 675 2907
3533614 730549 675 1369
3533615 730549 675 84
3533616 730550 675 2161
3533617 730550 675 6
3533618 730550 675 4
3533619 50 675 44
3533620 50 675 54
3533621 50 675 457
3533622 50 675 7
3533623 187811 675 2404
3533624 374259 675 54043
3533625 374259 675 1889
3533626 374259 675 361
3533627 374259 675 523
3533628 374259 675 1565
3533631 730552 675 1347
3533632 730552 675 2161
3533633 730552 675 1647
3533634 730552 675 523
3533635 730553 675 1770
3533636 730553 675 2205
3533637 730553 675 719
3533638 730553 675 19319
3533643 730554 675 2303
3533644 730554 675 557
3533645 730554 675 712
3533660 730559 675 72
3533661 730559 675 1119
3533662 730559 675 869
3533670 99432 675 2404
3533671 55304 675 21
3533672 55304 675 982
3533677 152460 675 342
3533678 152460 675 2636
3533685 730565 675 2440
3533686 730565 675 10682
3533687 730565 675 264
3533688 730565 675 100613
3533689 730565 675 72
3533690 730566 675 4108
3533691 730566 675 523
3533692 730566 675 374
3533693 159133 675 11746
3533694 159133 675 4107
3533695 159133 675 1647
3533696 730567 675 46989
3533697 730567 675 84634
3533698 730567 675 77539
3533699 730567 675 557
3533708 136028 675 125
3533709 136028 675 43546
3533710 136028 675 78241
3533711 136028 675 44431
3533741 651679 675 1191
3533742 651679 675 25729
3533743 651679 675 72
3533746 730575 675 173791
3533747 730575 675 557
3533748 730575 675 6367
3533749 730575 675 173792
3533750 730575 675 78504
3533752 730577 675 5754
3533753 730577 675 4297
3533760 730579 675 557
3533761 730580 675 1793
3533762 730580 675 3269
3533763 730580 675 173793
3533769 730582 675 523
3533770 730582 675 3816
3533771 730582 675 52471
3533772 730582 675 82701
3533783 275068 675 92010
3533784 275068 675 774
3533785 275068 675 557
3533786 275068 675 72
3533791 284377 675 173795
3533792 284377 675 29
3533793 284377 675 72
3533800 730589 675 5644
3533801 730589 675 168
3533802 730589 675 1386
3533803 730589 675 76
3533804 730589 675 392
3533805 529842 675 276
3533806 529842 675 798
3533807 730590 675 638
3533808 730590 675 104
3533809 730590 675 3667
3533810 730590 675 72
3533811 730590 675 829
3533812 730590 675 2918
3533813 730591 675 1703
3533814 730591 675 221
3533815 730591 675 104
3533816 730591 675 2471
3533824 242696 675 1828
3533825 242696 675 557
3533826 242696 675 4618
3533827 242696 675 221
3533839 730596 675 125
3533840 730596 675 80587
3533841 730596 675 557
3533842 730596 675 54043
3533843 730597 675 1802
3533844 730597 675 390
3533845 730597 675 1119
3533865 323536 675 54043
3533866 323536 675 1819
3533867 323536 675 276
3533868 323536 675 2161
3533879 730599 675 6670
3533880 730599 675 11583
3533881 730599 675 68921
3533882 159180 675 307
3533883 159180 675 276
3533884 159180 675 14060
3533885 159180 675 2907
3533886 159180 675 1703
3533887 159180 675 1554
3533892 730601 675 72
3533893 730601 675 2907
3533894 730601 675 44
3533907 730605 675 2815
3533908 730605 675 72165
3533909 730605 675 1546
3533910 730605 675 29
3533911 382413 675 125
3533912 382413 675 19512
3533913 382413 675 72
3533914 67479 675 276
3533915 67479 675 829
3533916 730606 675 6236
3533917 730606 675 276
3533918 730606 675 40558
3533919 730606 675 374
3533920 730606 675 523
3533928 16041 675 38634
3533929 16041 675 557
3533930 16041 675 276
3533934 730610 675 173797
3533935 730610 675 173798
3533936 730610 675 2949
3533937 730610 675 1555
3533938 730610 675 54043
3533943 730611 675 813
3533944 730611 675 54043
3533945 730611 675 24698
3533946 730611 675 5757
3533947 730611 675 4807
3533948 730611 675 2955
3533949 730611 675 125
3533950 730611 675 80587
3533951 275912 675 4297
3533952 275912 675 1565
3533953 275912 675 4933
3533954 275912 675 8907
3533960 730613 675 1728
3533961 730613 675 16962
3533962 730613 675 19957
3533963 730613 675 503
3533964 730613 675 1923
3533970 730615 675 4075
3533975 199882 675 557
3533976 199882 675 719
3533977 199882 675 6208
3533978 730617 675 52802
3533979 730617 675 22446
3533980 730618 675 1828
3533981 730618 675 4272
3533982 730618 675 6318
3533983 730618 675 1937
3533984 730618 675 557
3533985 730618 675 2217
3533986 730618 675 1565
3533997 730619 675 25467
3533998 730619 675 3593
3533999 730619 675 1563
3534000 730619 675 503
3534001 730620 675 54043
3534002 730620 675 166129
3534003 730620 675 1446
3534004 730620 675 2907
3534005 730621 675 28
3534006 730621 675 2765
3534007 730621 675 77
3534008 730621 675 35903
3534009 361222 675 77
3534010 361222 675 72
3534011 361222 675 2907
3534012 730623 675 557
3534013 730623 675 28507
3534021 323602 675 4297
3534022 323602 675 110839
3534023 323602 675 3816
3534024 730625 675 1627
3534025 730625 675 1889
3534026 730625 675 1628
3534027 730625 675 523
3534028 730625 675 1626
3534029 730625 675 111118
3534030 730626 675 523
3534031 730626 675 1565
3534032 730626 675 2949
3534043 730627 675 3463
3534044 730627 675 503
3534045 730627 675 996
3534046 730627 675 61596
3534054 730630 675 359
3534055 716335 675 2709
3534056 716335 675 523
3534057 716335 675 1565
3534066 251040 675 2752
3534067 251040 675 557
3534068 251040 675 5796
3534069 251040 675 79
3534070 251040 675 84
3534096 730637 675 173708
3534097 730637 675 557
3534098 730637 675 1327
3534136 730650 675 3050
3534137 730650 675 996
3534138 730650 675 16158
3534139 730650 675 16906
3534162 730656 675 1770
3534163 730656 675 2709
3534164 730656 675 54043
3534165 730656 675 24698
3534166 730656 675 2627
3534176 730659 675 2161
3534177 730659 675 374
3534178 730659 675 54043
3534179 730659 675 24698
3534180 730659 675 22520
3534181 730659 675 2709
3534182 730659 675 2674
3534188 730661 675 13822
3534189 730661 675 173803
3534190 730661 675 311
3534215 94833 675 173708
3534216 94833 675 221
3534217 94833 675 557
3534218 94833 675 72
3534222 730666 675 125
3534223 730666 675 557
3534224 730666 675 1565
3534225 386917 675 84
3534226 386917 675 869
3534227 730667 675 2555
3534228 730667 675 173806
3534236 730670 675 125
3534237 730670 675 22275
3534238 169554 675 46733
3534239 169554 675 2161
3534240 169554 675 557
3534241 169554 675 24698
3534242 169554 675 16308
3534243 730671 675 173708
3534244 730671 675 557
3534245 730671 675 8800
3534246 730671 675 17553
3534247 730671 675 3269
3534253 730673 675 557
3534254 730673 675 1565
3534255 183901 675 873
3534256 183901 675 503
3534257 183901 675 638
3534258 183901 675 1191
3534259 183901 675 17981
3534260 183901 675 557
3534261 730674 675 13539
3534262 730674 675 734
3534263 730674 675 3811
3534264 730674 675 1127
3534265 730674 675 388
3534266 730674 675 638
3534269 730676 675 2817
3534270 730676 675 4895
3534271 730676 675 44
3534272 730676 675 638
3534273 730677 675 108
3534274 730677 675 638
3534275 730677 675 527
3534276 730677 675 44
3534283 730680 675 166129
3534284 730680 675 8305
3534291 720980 675 1191
3534292 720980 675 638
3534293 720980 675 19866
3534294 730682 675 829
3534295 730682 675 173808
3534296 730682 675 104
3534297 730682 675 264
3534298 730682 675 1155
3534299 730683 675 13822
3534300 730683 675 638
3534301 730684 675 2568
3534302 730684 675 638
3534303 607418 675 359
3534304 607418 675 3148
3534305 607418 675 128523
3534306 607418 675 638
3534307 730686 675 4582
3534308 730686 675 1937
3534309 730686 675 30475
3534310 67772 675 276
3534311 67772 675 1106
3534312 67772 675 25729
3534313 67772 675 307
3534314 730687 675 1828
3534315 730687 675 2313
3534316 730687 675 523
3534317 730687 675 1565
3534318 730687 675 98721
3534319 730687 675 142197
3534332 730690 675 734
3534333 730690 675 123
3534334 730690 675 104
3534335 730690 675 173809
3534336 730690 675 93339
3534337 429160 675 125
3534338 429160 675 4055
3534339 429160 675 369
3534340 730691 675 104
3534341 730691 675 79896
3534342 730691 675 829
3534343 730691 675 638
3534344 730692 675 1386
3534345 730692 675 638
3534346 730692 675 72
3534347 730693 675 1176
3534348 730693 675 92892
3534349 730693 675 104
3534350 730693 675 1313
3534360 730695 675 154610
3534361 730695 675 7685
3534362 730695 675 7170
3534363 730695 675 72
3534366 730697 675 527
3534367 730697 675 2907
3534368 730697 675 44
3534369 612258 675 1132
3534370 612258 675 72
3534371 612258 675 44
3534390 10868 675 1191
3534391 10868 675 2023
3534392 10868 675 14058
3534393 10868 675 1722
3534394 10868 675 557
3534395 730700 675 173810
3534396 730700 675 173811
3534397 730700 675 29
3534398 730700 675 2133
3534399 442232 675 72896
3534400 442232 675 29
3534410 730703 675 3816
3534411 33787 675 44
3534412 33787 675 139
3534416 730704 675 2313
3534417 730704 675 54043
3534418 730704 675 24698
3534419 730704 675 342
3534420 730704 675 1565
3534421 730705 675 104
3534422 730705 675 523
3534429 730707 675 25467
3534430 730707 675 3593
3534431 730707 675 1563
3534432 730707 675 503
3534484 730720 675 527
3534485 730720 675 188
3534486 730720 675 72
3534487 730720 675 44
3534508 730724 675 2891
3534509 730724 675 54043
3534510 730724 675 24698
3534511 730724 675 7413
3534512 730724 675 1031
3534513 730724 675 29714
3534514 730725 675 374
3534515 730725 675 2161
3534516 730725 675 4276
3534517 730725 675 25033
3534518 730725 675 54043
3534519 730726 675 6040
3534520 730726 675 11
3534521 730726 675 557
3534530 730729 675 3490
3534531 730729 675 104
3534532 730729 675 72
3534537 438954 675 173708
3534538 438954 675 557
3534539 438954 675 1284
3534540 438954 675 8981
3534541 730731 675 54043
3534542 730731 675 166129
3534543 730731 675 374
3534544 730731 675 40558
3534552 730736 675 2330
3534553 730736 675 2456
3534554 730736 675 41747
3534555 730736 675 1626
3534556 730736 675 1565
3534557 730736 675 54043
3534558 730737 675 19589
3534559 730737 675 6999
3534560 730737 675 638
3534561 730737 675 829
3534562 730737 675 104
3534563 730737 675 39684
3534564 730738 675 1347
3534565 730738 675 104
3534566 730738 675 7170
3534567 730738 675 11706
3534568 730738 675 72
3534575 730741 675 7685
3534576 730741 675 846
3534577 730741 675 56691
3534578 730741 675 5023
3534579 730741 675 72
3534587 67930 675 173708
3534588 67930 675 2907
3534589 730744 675 173711
3534598 75652 675 1150
3534599 75652 675 2889
3534600 75652 675 301
3534601 75652 675 72
3534602 75652 675 40621
3534603 730746 675 26234
3534604 730746 675 359
3534605 730747 675 2205
3534606 730747 675 6040
3534607 730747 675 29
3534608 730747 675 813
3534609 730747 675 92927
3534610 730748 675 2226
3534611 730748 675 6040
3534612 730748 675 127
3534613 730748 675 29
3534623 366233 675 80
3534624 366233 675 72
3534625 366233 675 76
3534626 366233 675 44
3534627 366233 675 168
3534638 730751 675 29402
3534639 730751 675 712
3534640 730751 675 15111
3534641 730751 675 72
3534644 730753 675 1122
3534645 730753 675 127
3534646 730753 675 29
3534647 730753 675 1119
3534648 730753 675 1779
3534649 730754 675 169289
3534650 730754 675 2709
3534651 730754 675 700
3534652 730754 675 2161
3534653 730754 675 1627
3534654 730755 675 1889
3534655 730755 675 1565
3534656 730755 675 1627
3534667 730759 675 6040
3534668 730759 675 4285
3534669 730759 675 80
3534670 730759 675 25729
3534679 730761 675 1555
3534680 730761 675 1627
3534687 730763 675 2161
3534688 730763 675 5217
3534689 730763 675 68003
3534690 730763 675 846
3534691 730763 675 1119
3534692 730763 675 54043
3534693 730763 675 5302
3534698 127304 675 29
3534699 127304 675 769
3534700 127304 675 221
3534703 730765 675 1347
3534704 730765 675 72
3534705 730765 675 173819
3534709 730767 675 29
3534710 730767 675 68232
3534711 730767 675 141934
3534712 730767 675 557
3534713 388919 675 29
3534714 388919 675 68232
3534715 388919 675 557
3534732 730771 675 2891
3534733 730771 675 4693
3534734 730771 675 557
3534735 730771 675 104
3534736 730771 675 72
3534737 68003 675 80
3534738 68003 675 72
3534746 561965 675 527
3534747 561965 675 188
3534748 561965 675 72
3534749 632843 675 527
3534750 632843 675 188
3534751 632843 675 72
3534760 730777 675 78091
3534761 730777 675 1565
3534762 730777 675 1828
3534763 730777 675 54043
3534764 730777 675 24698
3534765 730777 675 2949
3534769 275688 675 373
3534770 275688 675 557
3534771 275688 675 1802
3534780 370680 675 173775
3534781 370680 675 2355
3534793 273067 675 73576
3534794 273067 675 30340
3534795 273067 675 72
3534796 273067 675 3816
3534800 730785 675 54043
3534801 730785 675 1565
3534802 730785 675 173715
3534803 730785 675 4272
3534804 730785 675 20040
3534805 730785 675 1828
3534806 730785 675 173823
3534807 730786 675 912
3534808 730786 675 7086
3534809 730786 675 106802
3534810 730786 675 173824
3534817 68070 675 125
3534818 68070 675 6040
3534819 68070 675 44
3534825 730788 675 1647
3534826 730788 675 846
3534827 730788 675 557
3534828 730788 675 173736
3534829 730788 675 2690
3534830 730788 675 374
3534831 273095 675 425
3534832 273095 675 2709
3534833 273095 675 54043
3534834 273095 675 523
3534847 730794 675 71539
3534848 730794 675 1625
3534849 730794 675 15358
3534850 730794 675 29
3534854 730796 675 4075
3534855 730796 675 122183
3534856 730796 675 6676
3534857 730796 675 557
3534863 730798 675 941
3534864 730798 675 1239
3534865 699490 675 125
3534866 699490 675 457
3534867 699490 675 173825
3534868 699490 675 2907
3534869 699490 675 80587
3534870 699490 675 4158
3534893 730807 675 26090
3534894 730807 675 44
3534895 730807 675 523
3534896 730807 675 2709
3534897 730807 675 2161
3534898 730807 675 54043
3534899 730807 675 24698
3534900 730807 675 18218
3534901 730808 675 72
3534902 730808 675 2907
3534903 730808 675 734
3534910 136129 675 1625
3534911 136129 675 311
3534912 136129 675 38101
3534913 136129 675 173737
3534914 136129 675 72
3534918 68120 675 1703
3534919 68120 675 1284
3534920 68120 675 39522
3534921 14574 675 21
3534922 14574 675 2100
3534923 14574 675 638
3534924 14574 675 1728
3534933 730811 675 104
3534934 730811 675 72
3534935 730812 675 43508
3534936 730812 675 557
3534937 730812 675 54043
3534938 730812 675 173829
3534948 730816 675 359
3534949 730816 675 264
3534950 730816 675 24698
3534951 730816 675 846
3534952 730816 675 1119
3534957 730818 675 44
3534974 730822 675 871
3534975 730822 675 4158
3534976 730822 675 1703
3534977 730822 675 1119
3534978 24041 675 1106
3534979 24041 675 318
3534980 24041 675 11
3534981 24041 675 332
3534982 474082 675 1231
3534983 474082 675 75123
3534984 474082 675 1728
3534985 730823 675 1231
3534986 730823 675 75123
3534987 730823 675 1728
3534991 96110 675 318
3534992 96110 675 11
3534993 96110 675 1106
3534994 96110 675 332
3535000 730827 675 2373
3535001 730827 675 2852
3535002 730827 675 846
3535003 730827 675 25729
3535004 730827 675 5285
3535014 148160 675 125
3535015 148160 675 80
3535016 148160 675 3526
3535017 282601 675 80
3535018 282601 675 3526
3535019 282601 675 5830
3535028 730832 675 57204
3535029 730832 675 173830
3535030 730832 675 3654
3535031 730832 675 54043
3535062 203200 675 125
3535063 203200 675 4055
3535064 203200 675 72
3535065 730841 675 4055
3535066 730841 675 72
3535067 201490 675 1779
3535068 201490 675 941
3535069 201490 675 5820
3535070 201490 675 25729
3535071 730842 675 80587
3535072 730842 675 6040
3535073 730842 675 29688
3535074 730842 675 469
3535089 730846 675 21
3535090 730846 675 72
3535091 730846 675 82271
3535134 730856 675 1828
3535135 730856 675 557
3535136 730856 675 1565
3535137 730856 675 1616
3535143 9052 675 1369
3535144 9052 675 552
3535145 9052 675 84
3535146 363714 675 5796
3535147 363714 675 84
3535152 364591 675 173708
3535153 364591 675 125
3535154 364591 675 12306
3535167 730862 675 6689
3535168 730862 675 104
3535169 730862 675 264
3535170 730862 675 72
3535171 730863 675 638
3535172 730863 675 6690
3535173 730863 675 104
3535174 730863 675 72
3535175 730863 675 173833
3535191 366412 675 3256
3535192 366412 675 104
3535193 366412 675 166129
3535194 366412 675 173736
3535195 730867 675 104
3535196 730867 675 76784
3535197 730868 675 33748
3535198 730868 675 871
3535199 730868 675 829
3535200 730868 675 638
3535201 730868 675 1176
3535210 730871 675 846
3535211 730871 675 104
3535212 730871 675 72
3535213 730871 675 1430
3535227 730876 675 104
3535228 730876 675 829
3535229 730876 675 7268
3535230 730876 675 18346
3535231 730876 675 11706
3535232 730876 675 12
3535233 730876 675 523
3535234 730877 675 104
3535235 730877 675 173835
3535236 730878 675 392
3535237 730878 675 68921
3535238 730878 675 2376
3535239 730878 675 2907
3535249 168184 675 44
3535250 168184 675 825
3535252 730883 675 4532
3535253 730883 675 2115
3535254 730883 675 643
3535255 730883 675 1261
3535271 730888 675 2705
3535272 730888 675 1132
3535273 730888 675 4607
3535274 730888 675 76
3535278 478704 675 6040
3535279 478704 675 557
3535280 478704 675 104
3535281 478704 675 2907
3535288 730891 675 29766
3535289 730891 675 5563
3535290 730891 675 1793
3535291 730891 675 173836
3535292 730892 675 557
3535293 730892 675 173837
3535294 730892 675 4096
3535295 730892 675 6676
3535296 730893 675 557
3535297 730893 675 13822
3535298 730893 675 3681
3535308 730896 675 557
3535309 730896 675 20002
3535310 730896 675 3275
3535325 64533 675 80
3535326 64533 675 25729
3535327 64533 675 2907
3535334 730900 675 392
3535335 730900 675 2602
3535336 730900 675 72
3535337 250079 675 557
3535344 730902 675 73576
3535345 730902 675 72
3535346 730902 675 3816
3535347 730903 675 2707
3535348 730903 675 77
3535349 730903 675 2949
3535350 730903 675 139
3535351 730904 675 2205
3535352 730904 675 2303
3535353 730904 675 6690
3535354 730904 675 104
3535355 730904 675 77
3535356 730904 675 1957
3535357 730904 675 4158
3535359 730906 675 29
3535360 730906 675 1546
3535365 94822 675 886
3535366 94822 675 374
3535367 94822 675 4011
3535368 94822 675 104
3535369 94822 675 865
3535370 730908 675 1728
3535371 730908 675 104
3535372 730908 675 72
3535373 730908 675 98
3535374 730908 675 2907
3535375 730909 675 392
3535376 730909 675 2376
3535381 253586 675 52802
3535382 253586 675 125
3535383 253586 675 2725
3535384 253586 675 557
3535385 253586 675 5765
3535386 253586 675 6359
3535387 253586 675 152657
3535390 191623 675 4005
3535391 191623 675 4351
3535392 191623 675 76
3535393 191623 675 44
3535394 730913 675 3367
3535395 730913 675 123527
3535396 730913 675 173840
3535397 730913 675 2556
3535415 157479 675 25729
3535416 157479 675 11860
3535417 157479 675 72
3535421 258441 675 527
3535422 258441 675 188
3535423 258441 675 369
3535424 730917 675 4115
3535425 730917 675 359
3535438 730922 675 21767
3535439 730922 675 16961
3535440 730922 675 29
3535441 730922 675 523
3535442 730922 675 81660
3535503 730934 675 3816
3535504 730934 675 444
3535505 730934 675 2725
3535506 730934 675 523
3535507 730935 675 73408
3535508 730935 675 1867
3535509 730935 675 996
3535510 730935 675 27551
3535511 730935 675 292
3535512 730935 675 43223
3535513 730936 675 173841
3535514 730936 675 6777
3535515 730936 675 173842
3535516 730936 675 12174
3535517 730936 675 638
3535518 730936 675 31642
3535519 730936 675 381
3535520 730936 675 173843
3535521 730937 675 1347
3535522 730937 675 7170
3535523 730937 675 72
3535529 730940 675 2525
3535545 494459 675 1819
3535546 494459 675 392
3535547 494459 675 2376
3535552 722897 675 9920
3535553 722897 675 6
3535554 722897 675 467
3535555 730943 675 638
3535556 730943 675 20252
3535557 730943 675 618
3535558 730944 675 54043
3535559 730944 675 557
3535560 730944 675 1922
3535561 730944 675 503
3535584 730948 675 40621
3535585 730948 675 392
3535586 730948 675 2891
3535587 730948 675 173845
3535598 730950 675 6033
3535599 730950 675 507
3535600 730950 675 1999
3535605 191791 675 72
3535607 730953 675 173848
3535608 730953 675 173849
3535609 730953 675 54043
3535610 730953 675 1751
3535611 730953 675 4566
3535612 730953 675 1564
3535618 730956 675 3256
3535619 730956 675 4272
3535620 730956 675 49782
3535621 730956 675 1565
3535632 730959 675 1647
3535633 730959 675 104
3535634 730959 675 166129
3535635 730959 675 523
3535636 730959 675 28507
3535641 730961 675 166129
3535642 730961 675 318
3535643 730961 675 139
3535644 730961 675 1036
3535648 730963 675 104408
3535649 730963 675 374
3535650 730963 675 12213
3535651 730963 675 166129
3535652 730963 675 734
3535653 730964 675 166129
3535654 730964 675 374
3535655 730964 675 139
3535671 325033 675 719
3535672 325033 675 24250
3535673 324334 675 2205
3535674 324334 675 1802
3535675 324334 675 1616
3535676 324334 675 15921
3535677 324334 675 173851
3535682 730971 675 221
3535683 730971 675 359
3535700 730975 675 7372
3535703 730977 675 1136
3535704 730977 675 65729
3535705 730977 675 1106
3535706 730977 675 2907
3535739 730984 675 125
3535740 730984 675 12306
3535744 730987 675 1375
3535745 730987 675 146
3535746 730987 675 712
3535747 96083 675 54863
3535748 96083 675 1326
3535749 96083 675 83281
3535750 96083 675 2907
3535751 96083 675 9014
3535752 730988 675 24302
3535753 730988 675 123985
3535754 730988 675 503
3535755 730988 675 1923
3535756 730989 675 1937
3535757 730989 675 2472
3535758 730989 675 25729
3535759 730989 675 44
3535760 730990 675 106759
3535761 730990 675 52802
3535762 730990 675 557
3535763 730991 675 1626
3535764 730991 675 26404
3535765 730991 675 2709
3535766 730991 675 41400
3535767 730991 675 6710
3535768 730991 675 2161
3535771 429796 675 4055
3535772 429796 675 3122
3535773 429796 675 2907
3535782 543914 675 2705
3535783 543914 675 70
3535784 543914 675 2907
3535785 24243 675 457
3535786 24243 675 70
3535787 24243 675 25729
3535788 24243 675 2907
3535798 194945 675 4356
3535799 194945 675 21
3535800 730995 675 173718
3535801 730995 675 996
3535802 730995 675 557
3535803 730996 675 1626
3535804 730996 675 54043
3535805 730996 675 24698
3535806 730996 675 523
3535810 730998 675 4055
3535811 730998 675 527
3535812 730998 675 44
3535813 730998 675 125
3535814 730998 675 72
3535815 730998 675 108
3535819 731000 675 125
3535820 731000 675 4055
3535821 731000 675 2907
3535822 731001 675 72896
3535823 731001 675 29
3535824 731002 675 93568
3535825 731002 675 173854
3535826 731002 675 1675
3535827 731002 675 3820
3535837 152996 675 84
3535838 152996 675 12306
3535839 152996 675 44
3535840 731004 675 22813
3535846 731005 675 173711
3535847 59037 675 6676
3535848 59037 675 6910
3535849 59037 675 29576
3535856 731006 675 29
3535857 731006 675 2907
3535858 731006 675 77
3535859 494495 675 31019
3535860 494495 675 392
3535861 494495 675 7013
3535867 718172 675 69398
3535868 718172 675 1591
3535869 718172 675 97739
3535870 718172 675 1728
3535875 731012 675 373
3535876 731012 675 2567
3535877 731012 675 503
3535895 731014 675 173856
3535896 731014 675 47110
3535897 731014 675 173857
3535898 731014 675 1923
3535902 146889 675 457
3535903 146889 675 2907
3535912 731018 675 4196
3535913 731018 675 264
3535914 731018 675 40635
3535915 731018 675 2907
3535920 731020 675 21904
3535921 731020 675 257
3535922 731020 675 25729
3535923 731020 675 503
3535926 731022 675 3439
3535927 731022 675 21565
3535928 731022 675 6676
3535929 731022 675 6
3535930 731022 675 1923
3535931 731022 675 719
3535932 96271 675 6040
3535933 96271 675 43993
3535934 96271 675 1359
3535935 96271 675 1123
3535940 731024 675 311
3535941 731024 675 301
3535942 731025 675 50868
3535943 731025 675 26590
3535944 731025 675 557
3535945 731026 675 19527
3535946 731026 675 369
3535947 731026 675 978
3535948 731027 675 886
3535949 731027 675 104
3535950 731027 675 26669
3535951 731027 675 374
3535952 731027 675 1430
3535959 731029 675 912
3535960 731029 675 7086
3535961 731029 675 84593
3535962 731029 675 106802
3535963 731029 675 173860
3535967 731030 675 4158
3535968 731030 675 173861
3535969 731030 675 25972
3535970 731030 675 74626
3535971 731030 675 523
3535972 279791 675 125
3535973 279791 675 2520
3535974 279791 675 6919
3535980 731033 675 1828
3535981 731033 675 24698
3535982 731033 675 264
3535983 731033 675 1565
3535984 731033 675 374
3535985 731034 675 1647
3535986 731034 675 54043
3535987 731034 675 104
3535988 731034 675 523
3535989 731034 675 28507
3535990 731035 675 54043
3535991 731035 675 24698
3535992 731035 675 104
3535993 731035 675 523
3535994 731035 675 28507
3535995 731036 675 523
3535996 731036 675 2161
3535997 731036 675 374
3536009 731039 675 54043
3536010 731039 675 24698
3536011 731039 675 301
3536012 731039 675 1145
3536041 731043 675 2891
3536042 731043 675 54043
3536043 731043 675 301
3536044 731044 675 1231
3536045 731044 675 1704
3536055 731046 675 1828
3536056 731046 675 10493
3536057 731046 675 54043
3536058 731046 675 1565
3536072 194990 675 104
3536073 194990 675 25201
3536074 194990 675 98
3536075 194990 675 2907
3536081 731053 675 173756
3536082 731053 675 2761
3536083 731053 675 121308
3536084 731053 675 15256
3536087 94913 675 72
3536088 94913 675 1704
3536089 363858 675 24604
3536090 363858 675 19202
3536091 363858 675 76
3536092 363858 675 2907
3536102 329042 675 221
3536103 329042 675 719
3536104 329042 675 25729
3536105 731056 675 125
3536111 731058 675 4272
3536112 731058 675 1565
3536113 731059 675 1626
3536114 731059 675 54043
3536115 731059 675 24698
3536116 731059 675 523
3536122 731061 675 6040
3536123 731061 675 915
3536124 731061 675 72
3536125 731061 675 1555
3536126 731061 675 173862
3536130 731063 675 503
3536131 731064 675 67035
3536132 731064 675 29
3536133 731064 675 4461
3536134 731064 675 4376
3536135 731064 675 19195
3536136 731065 675 941
3536137 731065 675 3510
3536138 731066 675 125
3536139 731066 675 813
3536140 731066 675 72629
3536141 731066 675 4297
3536157 731070 675 173864
3536158 731070 675 638
3536159 731070 675 41743
3536164 731071 675 6040
3536165 731071 675 80
3536166 731072 675 2520
3536167 731072 675 122404
3536168 731072 675 7372
3536172 731074 675 1564
3536173 731074 675 166129
3536174 731074 675 3281
3536175 731074 675 1565
3536176 731074 675 3660
3536177 731075 675 43282
3536178 731075 675 54043
3536179 731075 675 3256
3536194 731081 675 1703
3536195 731081 675 2404
3536211 731084 675 88851
3536215 539725 675 1728
3536216 539725 675 104
3536217 539725 675 825
3536221 731089 675 1007
3536222 731089 675 1374
3536223 731089 675 72
3536224 731089 675 44
3536225 731090 675 264
3536226 731090 675 72
3536227 731090 675 2907
3536228 731091 675 72
3536229 731091 675 374
3536230 731092 675 104
3536231 731092 675 72
3536232 731092 675 98
3536233 731092 675 2907
3536234 731093 675 104
3536235 731093 675 166129
3536236 731093 675 523
3536237 48051 675 72
3536238 48051 675 365
3536239 48051 675 80
3536240 48051 675 2358
3536251 731096 675 1626
3536252 731096 675 523
3536253 731096 675 1628
3536281 105611 675 44
3536282 105611 675 4368
3536283 105611 675 816
3536284 16804 675 29711
3536285 16804 675 1106
3536286 16804 675 2907
3536287 16804 675 374
3536288 16804 675 4276
3536289 731100 675 2904
3536290 731100 675 2907
3536291 731100 675 6230
3536292 731101 675 19826
3536293 731101 675 104
3536294 731101 675 2472
3536295 731101 675 12306
3536296 105615 675 264
3536297 105615 675 374
3536298 105615 675 846
3536303 731103 675 523
3536304 731103 675 4587
3536305 731103 675 1565
3536306 731103 675 24698
3536310 9440 675 25729
3536311 9440 675 523
3536312 9440 675 1119
3536321 731107 675 1347
3536322 731107 675 7170
3536323 731107 675 72
3536327 731109 675 1347
3536328 731109 675 7170
3536329 731109 675 369
3536343 731111 675 873
3536344 731111 675 25729
3536356 62034 675 941
3536357 62034 675 3483
3536358 62034 675 321
3536359 62034 675 4284
3536360 731113 675 264
3536361 731113 675 374
3536362 731113 675 2907
3536363 731114 675 557
3536381 731119 675 29
3536382 731119 675 126681
3536383 731119 675 27365
3536388 731121 675 2520
3536389 731121 675 6296
3536398 251421 675 54043
3536399 251421 675 24698
3536400 251421 675 2161
3536401 251421 675 43476
3536402 251421 675 22520
3536403 731123 675 5099
3536404 731123 675 104
3536405 731123 675 1322
3536406 731123 675 638
3536407 443221 675 29
3536408 443221 675 128
3536409 443221 675 127
3536412 276498 675 978
3536413 276498 675 374
3536414 276498 675 44
3536438 731125 675 523
3536439 731125 675 43478
3536440 731125 675 54043
3536441 731125 675 2161
3536454 731131 675 40712
3536455 731131 675 982
3536456 731131 675 780
3536457 731131 675 2907
3536458 731132 675 3198
3536459 731132 675 2456
3536460 731132 675 1051
3536471 731135 675 104
3536495 731141 675 1335
3536496 731141 675 72025
3536497 731141 675 638
3536498 731142 675 1335
3536499 731142 675 72
3536500 713402 675 1335
3536501 713402 675 11
3536502 713402 675 68840
3536503 713402 675 638
3536504 713402 675 72
3536505 713402 675 2907
3536506 731143 675 1106
3536507 731143 675 527
3536508 731143 675 1335
3536509 731143 675 44
3536510 390025 675 54043
3536511 390025 675 557
3536512 390025 675 7372
3536513 731145 675 2288
3536514 731145 675 72
3536530 731150 675 359
3536531 731150 675 6040
3536532 731150 675 2589
3536533 731150 675 144524
3536544 731153 675 80
3536545 731153 675 72
3536550 366905 675 1747
3536551 366905 675 6040
3536552 366905 675 1007
3536553 366905 675 72
3536554 366905 675 8676
3536555 366905 675 168
3536564 85896 675 127
3536565 85896 675 23928
3536566 85896 675 255
3536567 85896 675 29
3536568 85896 675 2907
3536571 274716 675 557
3536572 274716 675 19617
3536573 274716 675 6676
3536574 274716 675 122807
3536578 295864 675 125
3536579 295864 675 2907
3536580 366915 675 173872
3536581 366915 675 5831
3536582 366915 675 29
3536583 366915 675 4158
3536584 731160 675 1696
3536585 731160 675 1326
3536586 731160 675 557
3536587 731160 675 1284
3536596 731164 675 941
3536597 731164 675 54043
3536598 731164 675 557
3536599 731164 675 1121
3536600 731165 675 2150
3536601 731165 675 221
3536602 731165 675 25729
3536603 731165 675 12321
3536608 124630 675 173708
3536609 124630 675 1703
3536610 124630 675 359
3536611 124630 675 59445
3536620 731170 675 2525
3536621 731170 675 1284
3536622 731170 675 290
3536623 731170 675 373
3536624 731170 675 25729
3536625 731171 675 2525
3536626 731171 675 1284
3536627 731171 675 290
3536628 731171 675 373
3536629 731171 675 25729
3536641 251090 675 84
3536642 251090 675 557
3536643 251090 675 1565
3536654 731176 675 254
3536655 731176 675 4682
3536656 731176 675 557
3536658 298937 675 2907
3536659 298937 675 6676
3536660 298937 675 1616
3536661 298937 675 3558
3536665 731178 675 6670
3536666 731178 675 2376
3536667 731178 675 2990
3536668 731178 675 72
3536669 731178 675 104
3536670 731179 675 6670
3536671 731179 675 2990
3536672 731179 675 72
3536673 731179 675 638
3536678 731181 675 503
3536679 731181 675 257
3536680 731181 675 72
3536685 731183 675 1191
3536686 731183 675 1728
3536687 394963 675 264
3536688 394963 675 120
3536689 394963 675 374
3536690 394963 675 139
3536691 731184 675 4297
3536692 731184 675 2613
3536693 731184 675 1555
3536694 669261 675 2891
3536695 669261 675 301
3536696 669261 675 2907
3536697 731185 675 1565
3536698 731185 675 16907
3536700 731188 675 17169
3536701 731188 675 557
3536702 731188 675 5679
3536703 731189 675 15720
3536704 731189 675 503
3536720 731195 675 29
3536721 731195 675 150732
3536722 731195 675 882
3536723 250368 675 145401
3536724 250368 675 1819
3536725 250368 675 2161
3536728 731197 675 6777
3536729 731197 675 173841
3536730 568283 675 173708
3536731 568283 675 21
3536732 568283 675 982
3536733 568283 675 700
3536734 731199 675 1335
3536735 731199 675 2907
3536744 407754 675 1141
3536745 731202 675 3463
3536746 731202 675 1821
3536747 731202 675 21755
3536748 731203 675 54043
3536749 731203 675 24698
3536750 731204 675 557
3536751 731204 675 125
3536752 731204 675 80587
3536753 731205 675 125
3536754 731205 675 276
3536755 443336 675 557
3536756 443336 675 2472
3536757 443336 675 221
3536758 443336 675 5951
3536759 443336 675 26687
3536760 731206 675 2016
3536761 731206 675 173877
3536762 731206 675 1051
3536763 731206 675 85326
3536770 355176 675 557
3536771 355176 675 359
3536772 355176 675 912
3536773 731208 675 523
3536774 731208 675 2161
3536775 731208 675 77700
3536776 60863 675 7784
3536777 60863 675 374
3536778 60863 675 1313
3536779 60863 675 6955
3536786 731211 675 167906
3536787 731211 675 2430
3536788 731211 675 4953
3536789 731211 675 72
3536799 731214 675 392
3536800 731214 675 68921
3536801 731214 675 72
3536802 731214 675 2376
3536803 731214 675 2907
3536804 731215 675 392
3536805 731215 675 68921
3536806 731215 675 2376
3536807 731215 675 6671
3536816 731218 675 68921
3536817 731218 675 392
3536818 731218 675 2907
3536821 127613 675 557
3536822 127613 675 128
3536823 127613 675 3275
3536824 127613 675 583
3536825 127613 675 21258
3536833 731221 675 24698
3536834 731221 675 390
3536835 731221 675 52802
3536839 731222 675 7372
3536843 731224 675 374
3536844 731224 675 4108
3536845 321649 675 1728
3536849 127629 675 77274
3536850 127629 675 25729
3536851 127629 675 9314
3536852 731226 675 359
3536853 731226 675 72
3536857 731228 675 11227
3536858 731228 675 5687
3536859 731228 675 1743
3536864 731230 675 10735
3536865 731230 675 173878
3536866 731230 675 638
3536867 731230 675 72
3536868 731233 675 10119
3536869 731233 675 104
3536870 731233 675 72
3536871 731233 675 6760
3536880 731235 675 26274
3536881 731236 675 169289
3536882 731236 675 2161
3536883 731236 675 2709
3536884 731236 675 700
3536899 731239 675 104
3536900 731239 675 523
3536901 731240 675 1770
3536902 731240 675 54043
3536903 731240 675 2161
3536915 731243 675 1347
3536916 731243 675 104
3536917 731243 675 7170
3536918 731243 675 11706
3536919 731243 675 72
3536924 731246 675 127967
3536925 731246 675 2429
3536926 731246 675 104
3536927 731246 675 264
3536928 731246 675 72
3536929 731247 675 5603
3536930 731247 675 5088
3536931 731247 675 10269
3536932 731247 675 44
3536933 28780 675 1446
3536934 28780 675 72
3536935 28780 675 90
3536936 731248 675 26623
3536937 731248 675 72
3536938 731248 675 503
3536939 731249 675 139
3536940 731249 675 304
3536941 731249 675 72
3536942 716943 675 2440
3536943 716943 675 104
3536944 716943 675 264
3536945 716943 675 100613
3536946 716943 675 72
3536947 731250 675 2568
3536948 731250 675 638
3536956 96463 675 70
3536957 96463 675 262
3536958 96463 675 311
3536959 731252 675 42224
3536960 731252 675 523
3536965 160241 675 1335
3536966 160241 675 72
3536967 250124 675 557
3536968 250124 675 40621
3536976 731255 675 1119
3536977 731255 675 2177
3536978 731255 675 1591
3536979 731256 675 2707
3536980 731256 675 2161
3536981 731256 675 2177
3536982 136328 675 2161
3536983 136328 675 2177
3536984 136328 675 1555
3536985 731257 675 2177
3536986 731257 675 3660
3536987 731257 675 4
3536988 731257 675 374
3536989 469555 675 563
3536990 469555 675 44731
3536991 469555 675 72
3537004 731261 675 1703
3537005 731261 675 6040
3537006 731261 675 29
3537007 731261 675 5831
3537008 731262 675 1057
3537018 24575 675 527
3537019 24575 675 2161
3537020 24575 675 374
3537021 24575 675 44
3537022 395133 675 54826
3537023 395133 675 8664
3537024 395133 675 173881
3537025 395133 675 359
3537026 395133 675 54043
3537027 395133 675 57143
3537028 395133 675 1767
3537029 186898 675 84
3537030 731264 675 29
3537039 731268 675 29
3537040 731268 675 173882
3537041 731268 675 92051
3537042 731269 675 846
3537043 731269 675 11474
3537044 731269 675 1119
3537045 731270 675 7013
3537046 731270 675 392
3537047 731270 675 18229
3537056 731275 675 3296
3537057 731275 675 2907
3537058 731275 675 1335
3537065 731278 675 557
3537066 731278 675 1565
3537078 731282 675 503
3537079 731282 675 125
3537080 731282 675 557
3537081 731282 675 80587
3537082 121166 675 18162
3537089 24590 675 941
3537090 24590 675 1184
3537091 24590 675 221
3537092 24590 675 25729
3537099 731286 675 21
3537100 731286 675 132041
3537101 731286 675 474
3537102 731286 675 2313
3537111 731290 675 1191
3537112 157533 675 668
3537113 157533 675 44
3537114 157533 675 1106
3537115 731291 675 173886
3537116 731291 675 5651
3537117 731291 675 39407
3537118 731291 675 83239
3537126 731295 675 375
3537127 731295 675 912
3537132 731297 675 846
3537133 731297 675 104
3537134 731297 675 72
3537135 731297 675 1430
3537139 731299 675 49030
3537140 731299 675 4297
3537141 731299 675 557
3537155 80134 675 6296
3537156 80134 675 16
3537157 80134 675 1122
3537158 80134 675 2567
3537159 80134 675 61985
3537160 321714 675 941
3537161 321714 675 2520
3537162 619602 675 1802
3537163 619602 675 292
3537164 619602 675 72
3537165 731302 675 14029
3537166 731302 675 1937
3537172 731305 675 1555
3537173 731305 675 374
3537174 731305 675 169289
3537175 731305 675 54841
3537176 731305 675 125
3537177 731305 675 80587
3537178 731305 675 54043
3537179 731305 675 523
3537180 731305 675 2709
3537189 12193 675 1119
3537190 12193 675 1313
3537191 12193 675 11104
3537196 731309 675 523
3537197 731309 675 503
3537202 731310 675 1173
3537203 731310 675 104
3537204 731310 675 72
3537205 731310 675 28507
3537236 731317 675 1577
3537237 731317 675 6676
3537241 731319 675 3337
3537242 731319 675 27975
3537243 731319 675 72
3537244 731319 675 425
3537245 731319 675 54043
3537246 731320 675 1052
3537247 731320 675 25795
3537248 731320 675 173888
3537249 731320 675 154150
3537250 717050 675 23829
3537251 717050 675 2161
3537252 717050 675 374
3537259 638401 675 374
3537260 638401 675 82080
3537261 638401 675 4150
3537262 731323 675 98
3537263 731323 675 7639
3537264 731323 675 638
3537265 731323 675 90
3537266 731324 675 173824
3537267 731324 675 13723
3537268 731324 675 912
3537276 651411 675 1626
3537277 651411 675 72
3537284 731326 675 3463
3537285 731326 675 469
3537286 731326 675 42826
3537292 731328 675 960
3537293 731328 675 798
3537294 731328 675 1897
3537295 731328 675 120
3537296 731328 675 269
3537297 731328 675 2362
3537309 731330 675 1802
3537310 731330 675 359
3537311 731330 675 557
3537317 731332 675 557
3537318 731332 675 17858
3537330 731336 675 894
3537331 731336 675 730
3537332 731336 675 865
3537333 731336 675 123
3537334 731336 675 2908
3537342 731339 675 29
3537343 731339 675 2544
3537344 731339 675 2907
3537345 731339 675 26724
3537348 320853 675 1703
3537349 320853 675 80
3537350 320853 675 72
3537351 320853 675 503
3537364 434889 675 4693
3537365 434889 675 365
3537366 434889 675 1704
3537371 1820 675 1106
3537372 1820 675 139
3537373 1820 675 2907
3537380 731345 675 4115
3537381 731345 675 359
3537382 731345 675 5830
3537383 731346 675 70
3537384 731346 675 2907
3537385 731346 675 4158
3537390 731348 675 373
3537391 731348 675 17084
3537392 731348 675 719
3537393 731348 675 25729
3537394 731348 675 72
3537395 731348 675 2907
3537396 731349 675 5302
3537397 731349 675 173893
3537398 731349 675 76813
3537399 731349 675 2161
3537400 731349 675 374
3537405 3515 675 1119
3537406 3515 675 173718
3537407 3515 675 173738
3537408 3515 675 119181
3537409 3515 675 915
3537411 731352 675 160794
3537412 731352 675 17812
3537413 731352 675 19319
3537414 731352 675 4462
3537415 731352 675 52507
3537416 731352 675 54043
3537417 731352 675 24698
3537423 665789 675 392
3537424 665789 675 374
3537425 665789 675 2376
3537426 665789 675 16073
3537437 731357 675 978
3537438 731357 675 8334
3537439 731357 675 527
3537440 731357 675 1132
3537441 731357 675 72
3537442 731357 675 44
3537447 731360 675 818
3537448 731360 675 10620
3537449 731360 675 5406
3537450 731360 675 1728
3537456 731362 675 2187
3537457 731362 675 11104
3537458 731362 675 173895
3537484 731367 675 29
3537485 731367 675 813
3537486 731367 675 92927
3537487 731368 675 43993
3537488 731368 675 42089
3537489 731368 675 109505
3537498 731370 675 34977
3537499 731370 675 104
3537500 731370 675 523
3537501 731370 675 2949
3537502 731370 675 139
3537523 321755 675 1828
3537524 321755 675 1565
3537525 321755 675 1555
3537526 321755 675 1261
3537533 731378 675 23829
3537534 731378 675 173899
3537535 731378 675 2161
3537536 731378 675 374
3537537 731378 675 2907
3537552 457977 675 941
3537553 457977 675 21
3537554 457977 675 20363
3537555 457977 675 80507
3537556 731383 675 557
3537557 731383 675 2376
3537558 731384 675 392
3537559 731384 675 523
3537560 731384 675 2376
3537561 358704 675 557
3537562 358704 675 2376
3537563 358704 675 12306
3537564 358704 675 7372
3537569 731385 675 173718
3537570 731385 675 7372
3537571 731385 675 80587
3537572 731385 675 557
3537573 117021 675 1106
3537574 117021 675 2636
3537575 117021 675 982
3537576 117021 675 25729
3537577 117021 675 731
3537582 731389 675 12233
3537583 731389 675 392
3537584 731389 675 2690
3537585 731389 675 374
3537586 731390 675 7372
3537597 731393 675 221
3537598 731393 675 359
3537602 731395 675 4555
3537603 731395 675 8334
3537604 731395 675 1136
3537605 731395 675 469
3537606 731395 675 638
3537611 731397 675 425
3537612 731397 675 173775
3537613 731397 675 3005
3537614 731397 675 19947
3537615 731397 675 21414
3537620 170335 675 29
3537621 170335 675 1704
3537622 170335 675 221
3537623 170335 675 557
3537624 170335 675 1546
3537632 17193 675 276
3537633 17193 675 25729
3537634 17193 675 523
3537635 17193 675 44
3537645 731401 675 173742
3537646 731401 675 18529
3537647 731401 675 49316
3537648 731402 675 503
3537649 731402 675 523
3537650 731402 675 1119
3537651 731402 675 4216
3537652 731403 675 3463
3537653 731403 675 54043
3537654 731403 675 1591
3537655 731403 675 523
3537656 731403 675 503
3537657 731403 675 4027
3537683 731407 675 3816
3537684 731407 675 29
3537685 731407 675 72
3537686 731407 675 3156
3537687 537012 675 11
3537688 537012 675 1704
3537689 537012 675 125
3537690 537012 675 80587
3537712 731410 675 1145
3537713 731410 675 28743
3537714 731410 675 561
3537715 731410 675 80587
3537716 731410 675 54043
3537717 731410 675 24698
3537718 731410 675 1409
3537719 731410 675 2949
3537737 731415 675 3483
3537738 731415 675 1176
3537746 13245 675 4272
3537747 13245 675 1728
3537748 13245 675 643
3537749 79394 675 2907
3537750 79394 675 1528
3537752 24739 675 54043
3537753 24739 675 19144
3537757 731420 675 1651
3537758 731420 675 54043
3537759 731420 675 6676
3537760 731420 675 13640
3537761 731420 675 557
3537762 731420 675 173905
3537779 10369 675 941
3537780 10369 675 19518
3537781 10369 675 44
3537795 731426 675 3816
3537796 731426 675 1209
3537797 731426 675 12169
3537798 731426 675 126784
3537799 731427 675 5748
3537800 731427 675 1141
3537801 731427 675 6676
3537802 731427 675 557
3537807 731429 675 4909
3537808 731429 675 67661
3537812 731432 675 2674
3537813 731432 675 1335
3537814 731432 675 1106
3537817 731433 675 4823
3537818 731433 675 29
3537819 731433 675 173906
3537820 731433 675 173907
3537821 731434 675 54043
3537822 731434 675 24698
3537823 731434 675 173726
3537824 731434 675 2161
3537825 731434 675 374
3537831 731437 675 2440
3537832 731437 675 11746
3537833 731437 675 104
3537834 731437 675 72
3537835 731437 675 2907
3537836 731438 675 1327
3537837 731438 675 2907
3537845 731442 675 104
3537846 731442 675 829
3537847 731442 675 331
3537848 731442 675 162923
3537864 731448 675 23996
3537878 731452 675 1119
3537879 731452 675 1647
3537880 731452 675 139
3537881 731452 675 1145
3537882 731452 675 2949
3537886 731454 675 557
3537887 731454 675 5277
3537891 731456 675 54043
3537892 731456 675 24698
3537893 731456 675 2592
3537894 731456 675 42858
3537899 731457 675 3510
3537900 731457 675 503
3537901 731458 675 301
3537902 731458 675 813
3537903 731458 675 29
3537904 731458 675 46362
3537905 59700 675 216
3537906 59700 675 144
3537907 59700 675 638
3537908 59700 675 72
3537909 59700 675 125
3537910 59700 675 139
3537915 18239 675 638
3537916 18239 675 369
3537917 18239 675 1123
3537918 731459 675 72
3537919 731459 675 869
3537920 731460 675 4074
3537921 731460 675 3463
3537922 731460 675 1735
3537924 383120 675 54043
3537925 383120 675 24698
3537926 383120 675 3906
3537927 383120 675 1999
3537928 383120 675 19714
3537929 383120 675 5489
3537939 731463 675 1145
3537940 731463 675 41629
3537941 731463 675 139
3537942 731463 675 4158
3537947 731465 675 54043
3537948 731465 675 557
3537949 731465 675 166129
3537950 731465 675 719
3537951 731466 675 25501
3537952 731466 675 2816
3537953 731466 675 139
3537954 731466 675 104
3537961 731467 675 527
3537962 731467 675 188
3537963 731467 675 72
3537964 731467 675 369
3537965 731467 675 44
3537966 122958 675 3439
3537967 122958 675 3846
3537968 122958 675 25729
3537969 122958 675 28
3537988 731471 675 1406
3537989 731471 675 557
3537990 731471 675 38788
3537991 731471 675 1686
3537992 731471 675 1036
3537993 731471 675 1802
3537994 731471 675 43121
3537995 731471 675 29495
3537996 731471 675 1847
3537997 731471 675 57204
3537998 731472 675 4661
3537999 731472 675 46260
3538000 731472 675 301
3538001 731472 675 523
3538002 731472 675 24698
3538003 24819 675 13822
3538004 24819 675 557
3538005 24819 675 6676
3538009 731474 675 65116
3538010 731474 675 39025
3538011 731475 675 1565
3538012 731475 675 869
3538013 731475 675 374
3538014 731475 675 4933
3538015 731475 675 1555
3538016 731475 675 54043
3538017 731475 675 24698
3538018 731476 675 72
3538019 731476 675 4
3538020 731476 675 1267
3538021 731477 675 26234
3538022 731477 675 507
3538023 731477 675 557
3538024 731478 675 6671
3538025 731478 675 392
3538026 731478 675 2376
3538027 731479 675 2100
3538028 731479 675 2342
3538029 731479 675 2884
3538030 731479 675 17803
3538031 731480 675 3363
3538032 731480 675 46799
3538033 731480 675 1843
3538034 731481 675 2520
3538046 731483 675 1828
3538047 731483 675 1565
3538048 731483 675 41905
3538049 731483 675 54043
3538050 731484 675 173913
3538051 731484 675 21216
3538052 731484 675 3750
3538058 96706 675 5748
3538059 96706 675 125
3538060 96706 675 557
3538061 96706 675 1728
3538068 731493 675 80
3538069 731493 675 173915
3538070 731493 675 20093
3538071 731493 675 20138
3538078 731495 675 1176
3538079 731495 675 264
3538080 731495 675 374
3538081 731495 675 1313
3538082 731496 675 557
3538083 731496 675 25795
3538084 370060 675 301
3538085 370060 675 39
3538086 370060 675 557
3538087 370060 675 8907
3538088 370060 675 1565
3538100 67576 675 557
3538101 67576 675 2236
3538102 67576 675 19144
3538103 67576 675 1802
3538104 195507 675 1119
3538105 195507 675 25729
3538106 195507 675 15198
3538107 195507 675 941
3538108 731503 675 1565
3538109 731503 675 4791
3538110 731504 675 5776
3538122 731506 675 2525
3538123 731506 675 173917
3538124 731506 675 173918
3538131 136472 675 1889
3538132 136472 675 1627
3538133 136472 675 42919
3538134 136472 675 1828
3538135 136472 675 1565
3538136 136472 675 3176
3538137 136472 675 54043
3538142 731510 675 29
3538143 731510 675 46362
3538144 731511 675 2161
3538145 731511 675 374
3538146 731511 675 2177
3538147 731511 675 1119
3538148 731512 675 104
3538149 731512 675 12174
3538150 153630 675 29
3538151 153630 675 1546
3538152 153630 675 52802
3538167 731518 675 173920
3538168 731518 675 1123
3538172 14306 675 46345
3538173 14306 675 2520
3538174 14306 675 37532
3538175 14306 675 6369
3538183 1953076 675 3463
3538184 1953076 675 3462
3538185 1953076 675 4
3538186 1953076 675 2949
3538191 731523 675 719
3538192 731523 675 72
3538193 731523 675 152915
3538194 731524 675 425
3538195 731524 675 557
3538206 170585 675 20254
3538207 170585 675 29603
3538208 170585 675 30564
3538209 731526 675 7372
3538212 731529 675 4272
3538213 731529 675 20040
3538214 731529 675 1828
3538215 731529 675 74789
3538216 731529 675 16513
3538217 731529 675 4484
3538219 731530 675 2733
3538220 731530 675 17548
3538221 731530 675 719
3538222 338145 675 21633
3538223 338145 675 557
3538224 338145 675 1284
3538225 731531 675 23857
3538226 731531 675 173921
3538227 731532 675 3337
3538228 731532 675 425
3538229 731532 675 54043
3538230 731532 675 44802
3538231 731532 675 72
3538238 731534 675 1728
3538239 731534 675 342
3538240 731534 675 29
3538241 731534 675 4500
3538242 731534 675 643
3538253 731536 675 54043
3538254 731536 675 2113
3538255 731536 675 12949
3538256 731536 675 1889
3538257 731536 675 173922
3538258 731539 675 1565
3538259 731539 675 54614
3538260 731539 675 523
3538261 731540 675 54043
3538262 731540 675 2392
3538263 731540 675 21257
3538264 731540 675 5751
3538265 731540 675 1559
3538275 66011 675 2949
3538276 66011 675 6
3538277 66011 675 43546
3538292 731546 675 173923
3538293 731546 675 557
3538294 731546 675 28507
3538297 731549 675 342
3538298 731549 675 25729
3538299 731549 675 95151
3538300 662878 675 125
3538301 662878 675 1703
3538308 731551 675 392
3538309 731551 675 68921
3538310 731551 675 2907
3538311 731551 675 4158
3538312 731552 675 67146
3538313 731552 675 1703
3538314 731552 675 1546
3538315 731552 675 29
3538316 731552 675 72
3538317 731553 675 61985
3538318 731554 675 54043
3538319 731554 675 9946
3538320 731554 675 29
3538353 187951 675 457
3538354 187951 675 6040
3538355 187951 675 72
3538356 187951 675 76
3538357 187951 675 44
3538365 651465 675 557
3538366 651465 675 6291
3538367 731563 675 301
3538368 731563 675 79
3538373 646351 675 104
3538374 646351 675 72
3538375 646351 675 139
3538376 646351 675 810
3538377 646351 675 173924
3538378 731564 675 3490
3538379 731564 675 104
3538380 731564 675 810
3538381 731564 675 173924
3538382 731565 675 4886
3538383 731565 675 359
3538398 731568 675 523
3538399 731568 675 1119
3538404 106033 675 941
3538405 195466 675 6040
3538406 195466 675 72
3538407 195466 675 21633
3538408 195466 675 98
3538409 731570 675 21
3538410 731570 675 173926
3538411 731570 675 523
3538412 731571 675 1106
3538413 731571 675 6040
3538414 731571 675 25729
3538415 731572 675 104
3538416 731572 675 166129
3538417 731572 675 1446
3538418 731572 675 2907
3538419 731573 675 29
3538420 731573 675 523
3538421 731573 675 2949
3538422 731574 675 1770
3538423 731574 675 29
3538424 731574 675 523
3538425 731574 675 2949
3538426 731574 675 1717
3538435 731578 675 4791
3538436 731578 675 583
3538441 731579 675 719
3538442 731579 675 25729
3538443 731579 675 374
3538444 731579 675 40558
3538445 731580 675 52802
3538446 731580 675 18075
3538447 731580 675 4171
3538448 731580 675 49417
3538449 731581 675 2761
3538450 731581 675 25729
3538451 731581 675 503
3538452 731581 675 1793
3538453 731581 675 79949
3538454 731582 675 13822
3538455 731582 675 25729
3538456 731582 675 503
3538457 731582 675 1793
3538458 420588 675 359
3538459 420588 675 557
3538460 420588 675 1565
3538461 731583 675 1554
3538462 731583 675 25729
3538463 731584 675 173708
3538464 731584 675 359
3538465 731584 675 72
3538470 731585 675 4791
3538471 731585 675 825
3538472 731585 675 44
3538478 10666 675 6040
3538479 10666 675 1143
3538480 10666 675 1937
3538481 10666 675 29660
3538487 460285 675 1703
3538488 460285 675 359
3538489 460285 675 8676
3538497 731591 675 557
3538498 731591 675 28507
3538499 731592 675 557
3538500 731592 675 523
3538505 731594 675 392
3538506 731594 675 976
3538507 731594 675 2376
3538508 731594 675 6671
3538512 731596 675 1828
3538513 731596 675 557
3538514 731596 675 24698
3538515 731596 675 523
3538516 978 675 125
3538517 978 675 84
3538529 731600 675 1828
3538530 731600 675 4272
3538531 731600 675 1829
3538532 731600 675 1565
3538538 731602 675 173708
3538539 731602 675 1703
3538540 731602 675 6833
3538544 413210 675 507
3538545 413210 675 2472
3538546 413210 675 77
3538563 731607 675 11
3538564 731607 675 7868
3538565 731607 675 139
3538570 731612 675 173708
3538571 731612 675 29
3538572 731612 675 72
3538573 731612 675 29766
3538574 731612 675 618
3538575 157505 675 173708
3538576 157505 675 72
3538577 157505 675 44
3538584 731615 675 54043
3538585 731615 675 24698
3538586 731615 675 166129
3538587 731615 675 1052
3538588 731616 675 1386
3538589 731616 675 2990
3538590 731616 675 369
3538591 731616 675 638
3538592 731618 675 1128
3538593 731618 675 173929
3538594 731618 675 17379
3538595 731618 675 1191
3538596 731618 675 25729
3538612 731623 675 72
3538613 731623 675 2907
3538614 731623 675 168
3538615 731624 675 1937
3538616 731624 675 72
3538617 731624 675 2907
3538639 731632 675 6040
3538640 731632 675 392
3538641 731632 675 25729
3538661 731636 675 2187
3538662 731636 675 779
3538663 731636 675 25729
3538664 731636 675 503
3538673 731639 675 1828
3538674 731639 675 17946
3538675 731639 675 1651
3538676 731639 675 173784
3538677 731639 675 54043
3538678 731639 675 24698
3538679 731639 675 2949
3538680 731639 675 4484
3538694 188747 675 125
3538695 188747 675 365
3538696 188747 675 4693
3538697 188747 675 80
3538698 188747 675 2709
3538699 188747 675 1327
3538710 731643 675 29
3538711 731643 675 1896
3538712 731643 675 54043
3538713 731643 675 19144
3538714 731643 675 159245
3538715 731643 675 77306
3538716 731644 675 503
3538717 731644 675 1119
3538718 731644 675 1751
3538719 731645 675 125
3538720 731645 675 80587
3538721 731645 675 1191
3538722 731645 675 15716
3538738 731649 675 1347
3538739 731649 675 7170
3538740 731649 675 72
3538741 731650 675 2324
3538742 731650 675 4912
3538743 731650 675 2576
3538744 731650 675 72
3538745 731650 675 2907
3538749 731653 675 6040
3538750 731653 675 3816
3538751 731653 675 700
3538752 731653 675 98531
3538753 731654 675 1119
3538754 731654 675 877
3538755 731654 675 846
3538756 731654 675 1703
3538761 731656 675 29
3538765 731658 675 125
3538766 731658 675 5796
3538767 731658 675 79
3538768 731658 675 84
3538773 32656 675 1703
3538774 32656 675 17176
3538775 32656 675 1728
3538776 32656 675 25729
3538777 32656 675 2993
3538778 32656 675 1937
3538779 32656 675 1313
3538780 32656 675 557
3538781 32656 675 4734
3538782 32656 675 173932
3538785 279035 675 54043
3538786 279035 675 28
3538787 279035 675 79
3538788 279035 675 139
3538789 731661 675 173933
3538794 627444 675 4192
3538795 627444 675 1057
3538796 627444 675 5687
3538797 627444 675 4590
3538798 731662 675 104
3538799 731662 675 1057
3538800 731662 675 72
3538801 731662 675 2907
3538807 731665 675 2902
3538808 731665 675 527
3538809 731665 675 111884
3538810 731667 675 8577
3538811 731667 675 29
3538812 731667 675 3483
3538813 731667 675 42520
3538818 731669 675 829
3538819 731669 675 104
3538820 731669 675 1176
3538821 731669 675 33748
3538822 715435 675 1367
3538823 715435 675 829
3538824 715435 675 104
3538825 715435 675 638
3538826 715435 675 108875
3538834 731672 675 829
3538835 731672 675 104
3538836 731672 675 6777
3538837 731672 675 638
3538838 731672 675 871
3538839 731672 675 72
3538842 77222 675 825
3538845 731674 675 16596
3538846 731674 675 2949
3538847 731674 675 54043
3538848 731674 675 24698
3538849 731674 675 996
3538850 731674 675 16706
3538860 731676 675 1565
3538861 731676 675 557
3538862 731677 675 3176
3538863 731677 675 374
3538864 731677 675 2161
3538865 731677 675 54043
3538868 391322 675 1937
3538869 391322 675 638
3538870 391322 675 104
3538871 391322 675 72
3538872 391322 675 44
3538873 391322 675 8676
3538874 13394 675 54043
3538875 13394 675 6040
3538876 13394 675 1779
3538877 13394 675 98
3538878 241777 675 98
3538879 241777 675 2012
3538880 241777 675 72
3538881 241777 675 1679
3538882 241777 675 748
3538883 241777 675 8842
3538884 241777 675 13771
3538885 731679 675 5464
3538886 731679 675 253
3538887 731679 675 392
3538888 731679 675 54509
3538889 731679 675 68921
3538900 731682 675 1335
3538901 731682 675 13229
3538902 731682 675 90
3538903 731682 675 1612
3538904 731682 675 1106
3538909 615213 675 2440
3538910 615213 675 104
3538911 615213 675 829
3538912 615213 675 38805
3538913 615213 675 139
3538914 615213 675 2907
3538915 731684 675 1828
3538916 731684 675 2752
3538917 731684 675 74789
3538918 731684 675 4171
3538919 731684 675 6
3538920 731684 675 1565
3538921 638740 675 52802
3538922 638740 675 27058
3538923 638740 675 1751
3538924 638740 675 557
3538925 731685 675 54043
3538926 731685 675 61502
3538927 731685 675 26285
3538928 731686 675 54043
3538929 731686 675 24698
3538930 731686 675 171314
3538931 731686 675 2275
3538932 731686 675 52802
3538945 731690 675 54043
3538946 731690 675 24698
3538947 731690 675 2949
3538948 731690 675 29
3538949 731690 675 25641
3538950 731691 675 25729
3538951 731691 675 1119
3538952 731692 675 5751
3538953 731692 675 2949
3538954 731692 675 26098
3538955 731692 675 523
3538965 731695 675 3269
3538990 731701 675 1347
3538991 731701 675 7170
3538992 731701 675 72
3538993 731702 675 8818
3538994 731702 675 2907
3538995 731702 675 168
3538996 45722 675 6181
3538997 45722 675 527
3538998 45722 675 4129
3538999 731703 675 60392
3539000 731703 675 1051
3539001 731703 675 221
3539002 731703 675 46345
3539009 731707 675 173738
3539013 187199 675 301
3539014 187199 675 44
3539015 187199 675 1119
3539016 187199 675 967
3539017 187199 675 92815
3539021 731710 675 221
3539022 731710 675 719
3539023 731711 675 3490
3539024 731711 675 6040
3539025 731711 675 846
3539026 731711 675 104
3539027 731712 675 9685
3539028 731712 675 4184
3539029 731712 675 104
3539030 731712 675 72
3539031 731713 675 173937
3539032 731713 675 557
3539033 731713 675 6040
3539034 731713 675 5464
3539035 731713 675 173938
3539036 731713 675 1284
3539046 715472 675 3633
3539047 715472 675 77
3539048 715472 675 139
3539049 731717 675 173939
3539050 731717 675 6780
3539051 731717 675 1528
3539052 731717 675 638
3539053 731718 675 719
3539054 731718 675 152915
3539055 731718 675 4297
3539060 731720 675 98
3539061 731720 675 2907
3539062 731720 675 6779
3539087 731727 675 221
3539088 731727 675 1565
3539089 731727 675 3807
3539095 731728 675 1828
3539096 731728 675 4272
3539097 731728 675 20040
3539098 731728 675 1565
3539115 17410 675 98
3539116 17410 675 6040
3539117 17410 675 557
3539118 17410 675 1565
3539119 17410 675 1627
3539120 17410 675 1889
3539128 731735 675 21
3539129 731735 675 4256
3539130 731735 675 52802
3539133 731738 675 6369
3539134 731738 675 46345
3539135 731738 675 1051
3539138 731740 675 523
3539139 731740 675 108986
3539140 731740 675 1119
3539142 731743 675 1565
3539143 731744 675 60392
3539144 731744 675 1051
3539145 731744 675 46345
3539146 731744 675 523
3539147 127954 675 3
3539148 127954 675 557
3539149 127954 675 44
3539150 127954 675 1162
3539151 127954 675 1731
3539152 127954 675 668
3539157 731746 675 45
3539158 731746 675 138
3539159 731746 675 72
3539160 731746 675 44
3539164 63452 675 138
3539165 63452 675 557
3539166 63452 675 44
3539167 731747 675 813
3539168 731747 675 5394
3539169 731747 675 54043
3539170 731747 675 24698
3539172 731748 675 4640
3539173 731748 675 1136
3539174 731748 675 638
3539178 26637 675 1647
3539179 26637 675 894
3539180 26637 675 25729
3539181 26637 675 1284
3539182 651021 675 125
3539183 651021 675 7372
3539184 731750 675 6040
3539185 731750 675 80
3539186 731750 675 25729
3539187 731750 675 72
3539196 731752 675 173708
3539197 731752 675 125
3539198 731752 675 6040
3539199 731752 675 72
3539200 731752 675 618
3539201 47378 675 104
3539202 47378 675 638
3539203 47378 675 4107
3539204 47378 675 72
3539207 731756 675 6030
3539208 731756 675 2392
3539209 731756 675 557
3539210 731756 675 4158
3539217 240117 675 3510
3539218 240117 675 54043
3539219 240117 675 97739
3539225 25114 675 6653
3539226 25114 675 941
3539227 25114 675 24128
3539228 347433 675 173943
3539229 347433 675 26423
3539230 347433 675 22520
3539231 347433 675 374
3539235 731762 675 557
3539257 731772 675 557
3539258 731772 675 3681
3539259 731772 675 173944
3539260 731772 675 17379
3539261 731772 675 1768
3539262 731773 675 457
3539263 731773 675 77
3539264 731773 675 122219
3539265 731773 675 24023
3539266 731773 675 54766
3539267 731773 675 380
3539273 121852 675 1128
3539274 121852 675 4418
3539275 121852 675 1808
3539276 121852 675 557
3539277 121852 675 467
3539278 121852 675 54
3539279 121852 675 359
3539289 338262 675 2520
3539290 338262 675 557
3539291 429336 675 4272
3539292 429336 675 557
3539293 429336 675 1565
3539294 429336 675 643
3539295 731779 675 557
3539296 108615 675 915
3539297 108615 675 72
3539298 108615 675 2161
3539299 108615 675 26316
3539300 108615 675 5653
3539301 108615 675 285
3539302 108615 675 5286
3539306 731781 675 503
3539307 731781 675 101196
3539308 731781 675 72
3539309 123108 675 4011
3539310 123108 675 557
3539311 123108 675 24698
3539312 123108 675 24767
3539313 123108 675 98
3539337 143001 675 173825
3539338 143001 675 4542
3539339 143001 675 70
3539340 143001 675 2907
3539341 191642 675 173708
3539342 191642 675 72
3539343 191642 675 869
3539344 731787 675 15567
3539351 731791 675 374
3539352 731791 675 166129
3539353 731791 675 139
3539370 731798 675 774
3539371 731798 675 342
3539372 731798 675 4579
3539373 731798 675 1230
3539374 284290 675 80886
3539375 284290 675 523
3539432 731810 675 80369
3539433 731810 675 2236
3539434 731810 675 2313
3539435 731810 675 8877
3539436 731810 675 54043
3539437 731810 675 24698
3539438 731810 675 4448
3539439 731810 675 2592
3539440 731810 675 21
3539444 731812 675 941
3539445 731812 675 65565
3539446 731812 675 1704
3539447 731812 675 311
3539448 731812 675 503
3539449 135772 675 359
3539450 135772 675 188
3539451 135772 675 1703
3539463 29873 675 125
3539464 29873 675 1703
3539465 29873 675 846
3539466 29873 675 2104
3539467 29873 675 1034
3539471 347039 675 6040
3539472 347039 675 80
3539473 347039 675 72
3539483 36114 675 125
3539484 36114 675 2907
3539485 22743 675 125
3539486 22743 675 216
3539487 22743 675 139
3539488 22743 675 3122
3539508 468668 675 1728
3539509 468668 675 392
3539510 468668 675 2376
3539511 149030 675 168997
3539512 149030 675 29137
3539513 149030 675 6040
3539514 731820 675 54043
3539515 731820 675 3256
3539526 731821 675 21
3539527 731821 675 4256
3539528 731821 675 1171
3539529 45760 675 638
3539530 45760 675 1335
3539531 45760 675 72
3539532 45760 675 12306
3539533 17730 675 1123
3539534 17730 675 1171
3539553 277513 675 4579
3539554 277513 675 104
3539555 277513 675 77
3539556 277513 675 4107
3539557 277513 675 98
3539563 731829 675 29
3539564 731829 675 46362
3539578 731833 675 5748
3539579 731833 675 557
3539580 723409 675 77
3539581 723409 675 139
3539585 51237 675 84
3539586 51237 675 1117
3539587 371904 675 29
3539588 371904 675 77
3539589 371904 675 2907
3539590 731835 675 100
3539591 731835 675 72
3539592 731835 675 168
3539593 731836 675 4005
3539594 731836 675 4351
3539595 731836 675 44
3539596 731837 675 72
3539597 731837 675 168
3539598 731837 675 7630
3539599 731838 675 2907
3539600 731838 675 168
3539601 660009 675 2907
3539602 660009 675 168
3539603 59806 675 72
3539604 59806 675 168
3539605 59806 675 4145
3539609 731841 675 72
3539610 731841 675 168
3539611 731841 675 4145
3539612 89612 675 276
3539613 89612 675 318
3539614 89612 675 44
3539615 89612 675 2907
3539629 731845 675 54043
3539630 731845 675 24698
3539631 731845 675 2460
3539632 731845 675 523
3539633 731845 675 6318
3539634 731845 675 26590
3539635 731846 675 1626
3539636 731846 675 4543
3539637 731846 675 1565
3539638 731847 675 523
3539639 731847 675 43478
3539640 731847 675 2161
3539641 731847 675 4158
3539642 731848 675 24698
3539643 731848 675 374
3539644 731848 675 5421
3539645 731849 675 1626
3539646 731849 675 54043
3539647 731849 675 24698
3539648 731849 675 1582
3539649 731849 675 523
3539650 731850 675 1701
3539651 731850 675 3510
3539652 731850 675 523
3539653 731851 675 1828
3539654 731851 675 4272
3539655 731851 675 54043
3539656 731851 675 34977
3539657 731851 675 1565
3539658 731851 675 1628
3539659 731852 675 1828
3539660 731852 675 4272
3539661 731852 675 54043
3539662 731852 675 24698
3539663 731852 675 74789
3539664 731852 675 1565
3539665 731853 675 49446
3539666 731853 675 125
3539667 731853 675 80587
3539668 731853 675 3307
3539669 731853 675 12745
3539675 731856 675 557
3539676 731856 675 28
3539677 731857 675 29
3539678 731857 675 15080
3539679 731857 675 4506
3539680 731857 675 1546
3539681 731857 675 1704
3539682 731857 675 2220
3539683 731857 675 72
3539699 731860 675 2355
3539700 731860 675 557
3539701 731860 675 22232
3539702 731860 675 173775
3539703 25219 675 44
3539704 25219 675 318
3539705 25219 675 8396
3539713 731863 675 1528
3539714 731863 675 1057
3539715 731863 675 166852
3539716 731863 675 4158
3539721 731866 675 1943
3539722 731866 675 503
3539723 731866 675 173953
3539724 731867 675 1943
3539725 731867 675 503
3539726 731867 675 173953
3539740 731870 675 1703
3539741 731870 675 359
3539742 731870 675 28
3539743 731870 675 25729
3539744 731870 675 4075
3539760 731872 675 1943
3539761 731872 675 503
