3583515 742417 687 221
3583516 742417 687 2816
3583517 126017 687 302
3583518 126017 687 2427
3583519 126017 687 882
3583520 126017 687 318
3583521 126017 687 72
3583526 742418 687 734
3583527 742418 687 388
3583528 742418 687 1058
3583529 742418 687 11
3583530 742418 687 733
3583531 742418 687 75
3583532 742418 687 11524
3583533 742418 687 4298
3583534 742418 687 100636
3583535 742418 687 100540
3583536 742418 687 107832
3583562 18246 687 4267
3583563 18246 687 254
3583564 18246 687 583
3583565 36365 687 1058
3583566 36365 687 901
3583567 36365 687 4958
3583568 36365 687 72
3583569 36365 687 90
3583573 329722 687 1939
3583574 132035 687 46
3583575 132035 687 10285
3583576 132035 687 72
3583577 3830 687 46
3583578 3830 687 10285
3583579 24827 687 734
3583580 24827 687 77
3583587 596101 687 507
3583588 596101 687 2081
3583592 22327 687 108
3583593 22327 687 46
3583594 22327 687 90
3583595 22327 687 527
3583601 56670 687 46
3583602 56670 687 10285
3583603 56670 687 668
3583604 56670 687 1781
3583605 56670 687 188
3583606 56670 687 474
3583607 56670 687 1322
3583608 3908 687 734
3583609 3908 687 77
3583610 3908 687 104
3583611 133865 687 46
3583612 133865 687 780
3583613 133865 687 72
3583614 1953897 687 40
3583615 1953897 687 1868
3583616 1953897 687 81
3583617 1953897 687 370
3583618 1953897 687 1883
3583619 1953897 687 3357
3583620 106367 687 3355
3583621 106367 687 302
3583622 106367 687 15104
3583637 742426 687 1626
3583638 742426 687 2054
3583639 742426 687 1565
3583640 742427 687 1626
3583641 742427 687 2054
3583642 135828 687 1626
3583643 135828 687 2054
3583644 742428 687 108
3583645 742428 687 188
3583646 742428 687 290
3583647 742428 687 339
3583648 742428 687 20400
3583649 742428 687 90
3583650 325205 687 254
3583651 325205 687 4267
3583652 325205 687 3355
3583653 742429 687 388
3583654 742429 687 311
3583655 1953898 687 10296
3583656 1953898 687 175735
3583657 1953898 687 1058
3583658 1953898 687 11
3583659 1953898 687 46
3583660 1953898 687 10285
3583661 1953898 687 1781
3583662 1953898 687 90
3583665 742430 687 7011
3583666 742430 687 5126
3583667 742430 687 100
3583668 742430 687 11
3583669 742430 687 90
3583670 79530 687 90
3583671 79530 687 1141
3583672 79530 687 46
3583673 742431 687 72
3583674 742431 687 46
3583675 742431 687 10285
3583676 742432 687 72
3583677 742432 687 46
3583678 742432 687 10285
3583679 742433 687 1058
3583680 742433 687 168
3583681 742433 687 1132
3583682 742433 687 100
3583690 143111 687 70
3583691 143111 687 262
3583696 742437 687 301
3583697 742437 687 643
3583698 742437 687 3743
3583699 742437 687 318
3583700 742437 687 1041
3583701 742438 687 1141
3583702 742438 687 1938
3583703 742438 687 2081
3583708 742440 687 1021
3583709 742440 687 734
3583710 742440 687 6063
3583735 61437 687 4895
3583736 61437 687 290
3583737 15188 687 4328
3583738 15188 687 290
3583739 37824 687 20372
3583740 37824 687 2008
3583741 37824 687 4896
3583742 37824 687 10285
3583743 37824 687 46
3583744 37824 687 5073
3583745 37824 687 34002
3583746 37824 687 221
3583747 37824 687 104
3583748 37824 687 894
3583749 37824 687 734
3583750 742447 687 1169
3583751 742447 687 46
3583752 742447 687 138
3583753 742447 687 90
3583754 742448 687 1939
3583765 742449 687 2008
3583766 742449 687 4896
3583767 742449 687 104
3583768 742449 687 779
3583769 742449 687 305
3583770 742449 687 1058
3583771 742449 687 10285
3583772 742449 687 6257
3583773 742449 687 1393
3583780 742450 687 734
3583781 742450 687 865
3583782 742451 687 7141
3583783 742451 687 733
3583784 742451 687 75
3583785 742451 687 1106
3583786 742451 687 374
3583787 742451 687 5387
3583788 85144 687 77
3583789 85144 687 290
3583790 85144 687 259
3583791 85144 687 820
3583792 85144 687 46
3583793 85144 687 104
3583794 85144 687 98
3583795 22984 687 2220
3583796 22984 687 72
3583797 22984 687 138
3583803 35567 687 46
3583804 35567 687 2150
3583805 35567 687 291
3583806 35567 687 290
3583807 35567 687 8019
3583826 75479 687 77
3583827 75479 687 734
3583828 75479 687 104
3583829 75479 687 894
3583830 75479 687 318
3583831 75479 687 1322
3583832 742456 687 1155
3583833 742456 687 1258
3583834 742456 687 2161
3583835 742456 687 374
3583836 742456 687 6710
3583837 742456 687 734
3583838 742456 687 894
3583839 742456 687 104
3583840 742456 687 34002
3583855 742458 687 305
3583858 151915 687 1176
3583859 151915 687 374
3583860 151915 687 2161
3583861 151915 687 1258
3583862 151915 687 301
3583863 151915 687 734
3583864 742461 687 31276
3583865 742461 687 175738
3583866 583849 687 2909
3583867 583849 687 1322
3583868 24733 687 6057
3583869 24733 687 15910
3583870 742462 687 221
3583871 742462 687 90
3583874 742464 687 11524
3583875 742464 687 77
3583876 742464 687 6192
3583877 742464 687 4371
3583878 742464 687 11
3583879 742464 687 1058
3583880 742464 687 4370
3583881 742464 687 734
3583882 742464 687 305
3583883 742465 687 77
3583884 742465 687 734
3583893 742467 687 734
3583894 72195 687 734
3583895 71422 687 1690
3583896 71422 687 734
3583897 742468 687 1136
3583898 742468 687 72
3583899 46839 687 1058
3583900 46839 687 11
3583901 46839 687 77
3583902 46839 687 877
3583903 46839 687 10285
3583904 46839 687 798
3583905 46839 687 1136
3583906 742469 687 12752
3583907 742469 687 77
3583908 742469 687 11
3583909 742469 687 1058
3583910 742469 687 733
3583911 742469 687 474
3583912 742469 687 1136
3583937 34304 687 668
3583938 34304 687 188
3583939 34304 687 10285
3583940 34304 687 72
3583941 34304 687 5030
3583942 742473 687 4196
3583943 742473 687 734
3583944 21837 687 10285
3583945 21837 687 5030
3583946 21837 687 188
3583947 21837 687 668
3583948 21837 687 34002
3583949 488100 687 865
3583950 488100 687 4196
3583951 488100 687 301
3583955 742476 687 507
3583956 742476 687 2993
3583960 742479 687 1137
3583961 742479 687 733
3583962 742479 687 90
3583963 742480 687 1137
3583964 742480 687 733
3583965 742480 687 90
3583966 542890 687 4370
3583967 542890 687 1058
3583968 542890 687 618
3583969 542890 687 302
3583971 742481 687 734
3583972 742481 687 77
3583973 742481 687 104
3583974 742481 687 34002
3583975 742481 687 98
3583979 84772 687 331
3583980 84772 687 2081
3583981 84772 687 104
3583982 87108 687 1170
3583983 87108 687 1781
3583984 87108 687 127
3583985 87108 687 294
3583986 12013 687 507
3583987 12013 687 276
3584004 742488 687 4895
3584005 742488 687 90
3584006 742488 687 46
3584007 139627 687 104
3584008 139627 687 1021
3584009 139627 687 77
3584010 139627 687 6063
3584011 132358 687 290
3584012 132358 687 259
3584013 132358 687 46
3584014 742489 687 3568
3584015 742489 687 733
3584016 742489 687 1058
3584017 742489 687 11
3584018 742489 687 7141
3584019 742489 687 72
3584020 742490 687 733
3584021 742490 687 75
3584022 742490 687 388
3584023 742490 687 3568
3584024 742490 687 175739
3584025 742490 687 734
3584026 742490 687 1058
3584027 742490 687 11
3584028 742490 687 8310
3584029 74707 687 38847
3584030 19042 687 10285
3584031 19042 687 364
3584032 19042 687 128
3584033 19042 687 30
3584034 19042 687 76
3584044 742492 687 734
3584045 742492 687 4196
3584046 742492 687 12752
3584055 742495 687 90
3584056 742495 687 104
3584057 742495 687 291
3584058 742495 687 6
3584059 742495 687 2012
3584060 742495 687 1679
3584061 742495 687 12265
3584062 36420 687 77
3584063 36420 687 34002
3584064 36420 687 2816
3584068 454021 687 374
3584069 454021 687 1058
3584070 454021 687 11
3584071 454021 687 1106
3584072 454021 687 9635
3584073 742496 687 77722
3584074 742496 687 3085
3584075 742496 687 2463
3584076 535592 687 6
3584077 535592 687 12
3584078 535592 687 90
3584079 535592 687 369
3584080 535592 687 1125
3584081 406085 687 4370
3584082 406085 687 1058
3584083 406085 687 4371
3584089 98622 687 46
3584090 98622 687 72
3584091 98622 687 1056
3584094 742500 687 69363
3584095 742500 687 31276
3584096 418630 687 6229
3584097 418630 687 104
3584104 742502 687 98
3584105 742502 687 104
3584106 742502 687 1316
3584113 557415 687 734
3584114 557415 687 1939
3584115 557415 687 290
3584116 557415 687 984
3584117 557415 687 643
3584118 557415 687 388
3584123 66026 687 290
3584124 66026 687 479
3584125 66026 687 72
3584126 742504 687 1113
3584127 742504 687 77
3584128 742504 687 1051
3584129 742506 687 69363
3584130 742506 687 175740
3584131 742507 687 254
3584132 742507 687 4267
3584133 18219 687 2081
3584134 18219 687 11753
3584135 742509 687 1740
3584136 742509 687 168
3584137 742509 687 798
3584138 742509 687 1058
3584139 742509 687 11
3584140 742509 687 10285
3584141 742509 687 733
3584142 742509 687 3568
3584143 742509 687 388
3584144 742509 687 90
3584145 742510 687 618
3584146 742510 687 8066
3584147 557541 687 2081
3584148 557541 687 734
3584149 557541 687 774
3584154 84500 687 104
3584155 84500 687 15693
3584156 84500 687 77
3584167 742516 687 5283
3584168 742517 687 5283
3584169 742518 687 5283
3584170 466877 687 5283
3584171 263126 687 5283
3584172 89054 687 5283
3584177 87915 687 1170
3584178 87915 687 5197
3584182 21863 687 98
3584183 21863 687 104
3584184 21863 687 77
3584187 1953902 687 11229
3584188 1953902 687 1331
3584189 742525 687 69363
3584190 742525 687 27255
3584193 423516 687 70
3584194 423516 687 262
3584195 742526 687 734
3584196 742526 687 120
3584197 742529 687 1056
3584198 742529 687 1679
3584199 742529 687 11
3584200 742529 687 54124
3584201 742529 687 98
3584202 742529 687 24355
3584203 742529 687 1058
3584204 742530 687 388
3584205 742530 687 5071
3584206 742530 687 733
3584207 742530 687 1058
3584208 742530 687 11
3584209 742530 687 9635
3584211 38237 687 46
3584212 38237 687 4895
3584213 38237 687 1113
3584232 742533 687 1781
3584233 742533 687 23900
3584234 742533 687 1141
3584235 742533 687 138
3584236 742533 687 46
3584237 34521 687 6057
3584238 742537 687 557
3584239 742539 687 13913
3584240 532685 687 318
3584241 532685 687 39
3584242 532685 687 46
3584243 532685 687 10285
3584244 532685 687 1611
3584245 94079 687 798
3584246 94079 687 7170
3584247 665452 687 290
3584248 665452 687 254
3584249 665452 687 2989
3584265 482240 687 7122
3584266 482240 687 290
3584280 742545 687 175741
3584281 742545 687 175738
3584286 23182 687 10285
3584287 23182 687 3567
3584288 23182 687 290
3584289 23182 687 46
3584291 72596 687 2087
3584292 72596 687 290
3584293 54858 687 734
3584294 52746 687 734
3584295 52746 687 2187
3584296 52746 687 34002
3584299 742549 687 369
3584300 742549 687 11
3584301 742549 687 1058
3584302 295325 687 302
3584303 295325 687 254
3584304 295325 687 2220
3584305 742550 687 10327
3584306 742550 687 734
3584307 742550 687 9981
3584308 742550 687 2013
3584309 742550 687 1169
3584310 742550 687 76
3584311 742550 687 168
3584312 742550 687 127
3584314 36459 687 72
3584315 36459 687 10285
3584318 503440 687 635
3584319 503440 687 240
3584320 503440 687 38847
3584322 404173 687 6057
3584323 404173 687 15910
3584324 742553 687 388
3584325 742553 687 10888
3584326 742553 687 6821
3584327 115833 687 77
3584328 115833 687 104
3584329 115833 687 507
3584330 115833 687 1528
3584338 742557 687 734
3584339 742557 687 2161
3584343 84645 687 1021
3584344 84645 687 6063
3584345 84645 687 77
3584346 84645 687 104
3584347 84645 687 734
3584348 84645 687 34002
3584349 742558 687 70
3584350 742558 687 262
3584352 701562 687 240
3584353 701562 687 77
3584354 701562 687 34002
3584355 701562 687 734
3584356 701562 687 104
3584357 701562 687 569
3584364 143451 687 77
3584365 143451 687 34002
3584366 143451 687 1058
3584367 143451 687 4051
3584368 52772 687 6161
3584369 52772 687 734
3584370 52772 687 507
3584371 32230 687 11
3584372 32230 687 1058
3584373 32230 687 37
3584374 32230 687 240
3584375 32230 687 618
3584376 32230 687 1106
3584381 31899 687 1058
3584382 31899 687 10285
3584383 31899 687 4051
3584384 31899 687 1007
3584385 31899 687 1335
3584386 31899 687 100
3584387 31899 687 1133
3584388 31899 687 820
3584389 31899 687 29932
3584390 1160 687 77
3584391 1160 687 388
3584392 1160 687 302
3584393 742561 687 7141
3584394 742561 687 11
3584395 742561 687 1058
3584396 742561 687 175743
3584397 742561 687 734
3584398 742561 687 1396
3584408 63152 687 4896
3584409 63152 687 6257
3584410 63152 687 11
3584411 63152 687 1058
3584412 63152 687 10285
3584413 63152 687 1056
3584414 63152 687 1106
3584415 63152 687 72
3584416 31910 687 1058
3584417 31910 687 12
3584418 31910 687 4298
3584423 27623 687 259
3584424 27623 687 820
3584425 27623 687 290
3584440 384540 687 138
3584441 384540 687 259
3584442 384540 687 6854
3584443 384540 687 290
3584456 726703 687 734
3584457 726703 687 302
3584458 726703 687 6161
3584463 386031 687 77
3584464 386031 687 1058
3584465 386031 687 791
3584466 386031 687 294
3584467 539077 687 77
3584468 539077 687 1058
3584469 539077 687 294
3584470 539077 687 791
3584471 1333381 687 2161
3584472 1333381 687 569
3584473 1333381 687 175744
3584478 742568 687 734
3584479 742568 687 2028
3584480 742568 687 388
3584481 742568 687 774
3584482 742568 687 11144
3584483 742568 687 98054
3584491 403395 687 77
3584492 403395 687 11
3584493 403395 687 1058
3584494 403395 687 12
3584495 403395 687 90
3584496 403395 687 104
3584497 403395 687 894
3584505 72746 687 291
3584506 72746 687 1939
3584507 72747 687 290
3584508 742571 687 254
3584509 742571 687 3258
3584510 742571 687 1565
3584511 742571 687 2936
3584512 742571 687 1625
3584513 742572 687 1136
3584514 742572 687 72
3584515 511560 687 2477
3584516 511560 687 24
3584517 511560 687 2198
3584518 511560 687 583
3584519 742573 687 2477
3584520 742573 687 507
3584522 106308 687 2081
3584523 106308 687 2642
3584524 106308 687 5057
3584525 106308 687 31211
3584529 742576 687 7141
3584530 742576 687 2081
3584531 742576 687 4490
3584532 742576 687 290
3584533 742576 687 1058
3584536 742577 687 2013
3584537 742577 687 2012
3584538 742577 687 9981
3584539 742577 687 1679
3584540 742577 687 98
3584541 742577 687 90
3584545 742579 687 829
3584546 742579 687 104
3584547 742579 687 90
3584551 99924 687 70
3584552 99924 687 262
3584559 742580 687 734
3584560 742580 687 77
3584561 23304 687 108
3584562 23304 687 4446
3584563 23304 687 90
3584564 23304 687 527
3584565 1953903 687 734
3584566 1953903 687 104
3584567 1953903 687 34002
3584568 1953903 687 1939
3584569 1953903 687 2729
3584577 742585 687 1938
3584578 742585 687 90
3584579 742586 687 734
3584580 742586 687 388
3584581 742586 687 2642
3584582 742586 687 305
3584583 742586 687 1354
3584584 742586 687 1113
3584585 41268 687 302
3584586 41268 687 1113
3584587 41268 687 1781
3584588 742587 687 46
3584589 236 687 894
3584590 236 687 46
3584593 93886 687 1058
3584594 93886 687 11
3584595 93886 687 77
3584596 93886 687 75
3584597 93886 687 1739
3584598 93886 687 28
3584599 93886 687 4148
3584600 41277 687 3666
3584601 41277 687 108
3584602 41277 687 46
3584611 1943846 687 1528
3584612 1943846 687 331
3584613 1943846 687 127
3584614 350696 687 1335
3584615 350696 687 2013
3584616 350696 687 643
3584617 350696 687 77
3584618 350696 687 4370
3584619 3260 687 104
3584620 3260 687 98
3584621 3260 687 77
3584622 3260 687 734
3584623 3260 687 3332
3584626 384884 687 286
3584627 384884 687 734
3584628 384884 687 935
3584629 384884 687 2486
3584630 384884 687 138
3584631 93888 687 798
3584632 93888 687 7170
3584633 93888 687 11426
3584634 93888 687 7302
3584635 93888 687 960
3584636 742605 687 27255
3584637 742605 687 175738
3584638 742606 687 388
3584639 742606 687 2642
3584640 742606 687 557
3584648 742610 687 798
3584649 742610 687 7170
3584650 742610 687 302
3584651 742611 687 2762
3584652 742611 687 865
3584653 742611 687 6715
3584654 742611 687 846
3584655 742611 687 77
3584660 34667 687 6821
3584669 742613 687 4129
3584670 742613 687 1781
3584671 742613 687 618
3584672 742613 687 1058
3584676 742614 687 635
3584677 742614 687 290
3584678 742614 687 2990
3584694 56879 687 328
3584695 56879 687 46
3584696 56879 687 90
3584697 56879 687 1781
3584698 34685 687 10285
3584699 34685 687 46
3584700 34685 687 72
3584701 34685 687 1731
3584702 742618 687 11
3584703 742618 687 1058
3584704 742618 687 138
3584705 742618 687 4958
3584706 742618 687 72
3584707 742618 687 733
3584708 742618 687 1106
3584709 742618 687 7141
3584710 742619 687 1740
3584711 742619 687 138
3584712 742619 687 46
3584713 742619 687 388
3584714 742619 687 3568
3584715 742619 687 1064
3584716 742619 687 108
3584717 742620 687 4332
3584718 742620 687 76
3584719 742620 687 46
3584731 38057 687 46
3584732 38057 687 4446
3584733 38057 687 90
3584737 350721 687 734
3584738 350721 687 2028
3584739 350721 687 635
3584749 742627 687 104
3584750 742627 687 72
3584751 742627 687 90
3584752 742627 687 1781
3584753 742628 687 12
3584754 742628 687 779
3584755 742628 687 1322
3584756 742628 687 77
3584757 742628 687 72
3584758 742628 687 90
3584759 1953906 687 1058
3584760 1953906 687 11
3584761 1953906 687 733
3584762 1953906 687 6352
3584763 1953906 687 982
3584764 1953906 687 4369
3584765 1953906 687 4595
3584766 742629 687 7350
3584767 742629 687 6
3584768 742630 687 80
3584769 742630 687 72
3584770 742630 687 365
3584774 1177043 687 734
3584786 432793 687 388
3584787 432793 687 862
3584788 432793 687 39171
3584789 432793 687 2138
3584790 742634 687 734
3584791 742634 687 3239
3584792 742634 687 6063
3584793 567704 687 10888
3584794 567704 687 104
3584795 567704 687 734
3584796 567704 687 877
3584797 265060 687 10296
3584798 265060 687 294
3584799 265060 687 46
3584800 265060 687 157038
3584801 265060 687 11
3584802 265060 687 1058
3584809 742635 687 305
3584810 742635 687 507
3584811 742635 687 978
3584812 742635 687 734
3584813 742635 687 894
3584817 13264 687 77
3584818 13264 687 75
3584819 13264 687 100
3584820 13264 687 10285
3584835 413546 687 780
3584836 413546 687 318
3584837 413546 687 5057
3584838 413546 687 39927
3584839 413546 687 1039
3584840 108977 687 302
3584841 108977 687 1064
3584842 108977 687 254
3584843 108977 687 2220
3584844 108977 687 2642
3584845 108977 687 1781
3584851 1953907 687 2904
3584852 1953907 687 1064
3584853 1953907 687 638
3584854 1953907 687 90
3584855 504160 687 2642
3584856 504160 687 2081
3584857 504160 687 175747
3584858 504160 687 77
3584867 418966 687 290
3584868 418966 687 4328
3584869 418966 687 1041
3584870 479944 687 77
3584871 479944 687 618
3584872 479944 687 3239
3584873 479944 687 734
3584879 742642 687 5030
3584880 742642 687 188
3584881 742642 687 10285
3584882 396489 687 1322
3584883 396489 687 46
3584884 396489 687 10285
3584887 152020 687 734
3584888 152020 687 1316
3584889 152020 687 1021
3584890 742644 687 6057
3584891 742644 687 15910
3584899 742646 687 733
3584900 742646 687 27700
3584901 742646 687 1058
3584902 742646 687 11
3584903 742646 687 75
3584904 742646 687 734
3584905 742647 687 388
3584906 742647 687 1058
3584907 742647 687 11
3584908 742647 687 474
3584909 742647 687 733
3584910 742647 687 75
3584911 742647 687 11524
3584912 742647 687 4298
3584913 742650 687 734
3584914 742650 687 6229
3584917 742651 687 734
3584918 742651 687 1058
3584919 742651 687 11
3584920 742651 687 388
3584921 110742 687 286
3584922 110742 687 935
3584923 110742 687 1184
3584924 110742 687 7122
3584925 110742 687 290
3584928 742652 687 10285
3584929 742652 687 46
3584930 742652 687 5105
3584931 742652 687 276
3584932 488262 687 1021
3584933 488262 687 39812
3584934 488262 687 291
3584935 488262 687 16259
3584936 488262 687 734
3584937 454494 687 734
3584938 454494 687 846
3584939 454494 687 1316
3584940 742653 687 221
3584941 742653 687 6257
3584942 742653 687 90
3584943 23467 687 877
3584944 23467 687 734
3584945 66877 687 1058
3584946 66877 687 791
3584947 66877 687 820
3584948 66877 687 77
3584949 66877 687 98
3584950 66877 687 104
3584951 66877 687 734
3584954 20422 687 290
3584955 20422 687 6261
3584956 20422 687 294
3584969 742656 687 6821
3584970 27673 687 1781
3584971 27673 687 108
3584972 27673 687 90
3584973 27673 687 46
3584974 27673 687 10285
3584978 742658 687 846
3584979 742658 687 139
3584980 742658 687 2992
3584981 742658 687 1316
3584982 742658 687 734
3585047 742667 687 388
3585048 742667 687 1740
3585049 742667 687 6128
3585050 742667 687 733
3585051 742667 687 1058
3585052 742667 687 10285
3585053 742667 687 6821
3585054 742668 687 294
3585055 742668 687 46
3585062 5505 687 734
3585063 5505 687 104
3585064 5505 687 98
3585065 5505 687 77
3585066 5505 687 34002
3585067 5505 687 2627
3585068 244138 687 8988
3585071 742670 687 276
3585072 742670 687 374
3585073 742670 687 2161
3585074 742670 687 1139
3585075 35947 687 365
3585076 35947 687 40
3585077 35947 687 563
3585078 35947 687 80
3585079 35947 687 72
3585080 35947 687 4618
3585094 742675 687 69363
3585100 742677 687 2902
3585101 742677 687 5670
3585102 742677 687 734
3585103 106890 687 734
3585117 742681 687 168
3585118 742681 687 2081
3585119 742681 687 388
3585120 742681 687 2642
3585121 742681 687 305
3585122 742683 687 98
3585123 742683 687 734
3585124 742683 687 104
3585125 742683 687 474
3585126 742683 687 6
3585127 742683 687 18047
3585131 41497 687 875
3585132 41497 687 635
3585139 271834 687 734
3585140 271834 687 894
3585141 431203 687 798
3585142 431203 687 77
3585143 431203 687 960
3585144 431203 687 1058
3585145 431203 687 138
3585146 431203 687 4490
3585161 21984 687 4895
3585162 274881 687 4895
3585163 274881 687 46
3585166 742690 687 291
3585167 742690 687 1367
3585168 742690 687 1565
3585169 742690 687 2054
3585170 742690 687 1626
3585171 595278 687 734
3585172 595278 687 77
3585180 26252 687 6
3585181 26252 687 291
3585182 26252 687 1528
3585183 26252 687 46
3585184 406651 687 70
3585185 406651 687 262
3585186 23564 687 290
3585187 23564 687 4895
3585188 23564 687 978
3585189 23564 687 46
3585190 23564 687 289
3585191 23564 687 291
3585192 742691 687 4895
3585193 742691 687 734
3585194 742691 687 3239
3585195 742691 687 978
3585196 399656 687 364
3585197 399656 687 569
3585198 399656 687 76
3585202 132988 687 2427
3585203 132988 687 290
3585204 132988 687 364
3585205 132988 687 4332
3585209 742692 687 474
3585210 742692 687 734
3585211 742692 687 77
3585212 742692 687 104
3585213 742692 687 98
3585214 742692 687 34002
3585224 742696 687 175734
3585225 742696 687 321
3585226 742696 687 339
3585233 152401 687 4267
3585234 152401 687 3355
3585235 152401 687 254
3585246 742699 687 70
3585247 742699 687 978
3585248 742699 687 4895
3585249 742699 687 289
3585252 742701 687 734
3585253 742701 687 774
3585254 742701 687 1528
3585255 5757 687 6161
3585256 5757 687 731
3585257 5757 687 77
3585263 742704 687 10285
3585264 742704 687 188
3585265 742704 687 221
3585266 59451 687 10285
3585267 59451 687 188
3585268 59451 687 221
3585269 742705 687 221
3585270 742705 687 6257
3585294 63229 687 1058
3585295 63229 687 4896
3585296 63229 687 28
3585297 63229 687 1136
3585298 63229 687 77
3585327 25103 687 6
3585328 488322 687 1367
3585329 488322 687 3136
3585330 488322 687 734
3585331 488322 687 733
3585332 20890 687 128
3585333 20890 687 290
3585334 20890 687 6
3585338 67202 687 77
3585339 67202 687 34002
3585340 67202 687 2816
3585349 140276 687 302
3585350 140276 687 10270
3585351 152419 687 262
3585352 152419 687 734
3585353 152419 687 77
3585354 152419 687 1679
3585355 152419 687 984
3585356 742712 687 734
3585357 742712 687 76
3585358 457516 687 10285
3585359 457516 687 1007
3585360 457516 687 77
3585362 742713 687 24003
3585363 742713 687 5503
3585364 265224 687 46
3585365 265224 687 10285
3585366 265224 687 11
3585367 265224 687 1058
3585368 265224 687 290
3585369 265224 687 3153
3585374 742716 687 98
3585375 742716 687 104
3585380 5856 687 77
3585381 5856 687 1775
3585382 5856 687 90
3585395 742719 687 69363
3585396 742719 687 175737
3585397 742719 687 175738
3585398 98970 687 127
3585399 98970 687 331
3585400 98970 687 294
3585401 98970 687 1322
3585402 98970 687 1169
3585403 55304 687 1058
3585404 55304 687 294
3585405 55304 687 1322
3585406 742721 687 734
3585407 742721 687 877
3585408 742721 687 1679
3585409 742721 687 305
3585410 742722 687 734
3585415 1953912 687 10633
3585416 1953912 687 1141
3585417 1953912 687 1064
3585418 1953912 687 391
3585419 1953912 687 46
3585420 1953912 687 10285
3585421 1953912 687 3153
3585422 1953912 687 138
3585428 161875 687 1051
3585429 161875 687 20400
3585430 161875 687 507
3585431 161875 687 2456
3585432 174965 687 29
3585433 174965 687 2220
3585434 742724 687 2642
3585435 742724 687 388
3585436 742724 687 734
3585437 742724 687 1064
3585438 742724 687 138
3585439 742724 687 1781
3585440 160430 687 294
3585441 160430 687 829
3585442 160430 687 104
3585445 742725 687 27827
3585446 742725 687 294
3585462 435493 687 254
3585463 435493 687 4267
3585464 435493 687 3355
3585469 79775 687 2993
3585470 79775 687 503
3585471 79775 687 77
3585472 79775 687 104
3585473 79775 687 894
3585474 79775 687 734
3585475 742730 687 734
3585476 742731 687 734
3585477 742731 687 3239
3585478 742731 687 2161
3585479 742732 687 2816
3585480 380933 687 294
3585481 380933 687 72
3585482 380933 687 1058
3585485 399774 687 80
3585486 399774 687 40
3585487 399774 687 1781
3585488 406737 687 77
3585489 406737 687 302
3585490 406737 687 829
3585491 406737 687 104
3585492 334299 687 70
3585493 334299 687 262
3585498 742735 687 6057
3585499 716808 687 104
3585500 716808 687 635
3585501 716808 687 276
3585502 716808 687 362
3585503 716808 687 2016
3585504 561686 687 290
3585505 561686 687 798
3585506 561686 687 4276
3585511 742736 687 1625
3585512 742736 687 2054
3585513 742738 687 24003
3585514 742738 687 5503
3585515 34806 687 5051
3585516 34806 687 1322
3585517 169458 687 4506
3585518 169458 687 29
3585526 742741 687 1051
3585527 742741 687 734
3585528 742741 687 318
3585529 742741 687 6267
3585530 50169 687 294
3585531 50169 687 46
3585532 50169 687 10285
3585533 742742 687 734
3585534 742742 687 388
3585535 742742 687 90
3585536 742742 687 1058
3585537 742742 687 11
3585538 742742 687 733
3585539 742742 687 75
3585540 742742 687 11524
3585541 742742 687 4298
3585542 742742 687 100636
3585543 742742 687 100540
3585544 742743 687 388
3585545 742743 687 1137
3585546 742743 687 733
3585547 742743 687 10285
3585548 742743 687 507
3585549 742743 687 90
3585550 742744 687 734
3585551 742744 687 1021
3585552 742744 687 877
3585563 742746 687 1938
3585564 742746 687 90
3585565 742746 687 46
3585566 742746 687 104
3585567 742746 687 77
3585568 742746 687 1141
3585569 742747 687 1938
3585570 742747 687 1367
3585571 742747 687 119035
3585572 742747 687 305
3585573 742747 687 104
3585574 742747 687 734
3585581 728287 687 6821
3585582 61706 687 4177
3585583 61706 687 4148
3585584 61706 687 4370
3585585 61706 687 8382
3585586 61706 687 302
3585587 61706 687 240
3585588 742749 687 4148
3585589 742749 687 4177
3585590 742749 687 4370
3585591 742749 687 72
3585592 742749 687 3666
3585593 742749 687 1058
3585594 742749 687 11
3585595 742750 687 4148
3585596 742750 687 4177
3585597 742750 687 4370
3585598 742750 687 72
3585599 742750 687 3666
3585600 742750 687 1058
3585601 742750 687 11
3585610 180757 687 2627
3585611 180757 687 2161
3585612 180757 687 301
3585621 742753 687 12341
3585622 742753 687 175754
3585623 742753 687 734
3585624 742753 687 77
3585629 1953913 687 18047
3585630 1953913 687 30
3585631 1953913 687 2427
3585632 161339 687 104
3585633 161339 687 894
3585634 161339 687 734
3585635 161339 687 34002
3585636 161339 687 276
3585637 161339 687 2990
3585638 161339 687 1021
3585648 742757 687 734
3585649 742757 687 104
3585650 742757 687 98
3585651 742757 687 77
3585652 742757 687 34002
3585653 144564 687 2993
3585654 144564 687 503
3585655 144564 687 77
3585656 144564 687 104
3585657 144564 687 894
3585658 144564 687 734
3585672 85786 687 240
3585673 85786 687 77
3585674 85786 687 734
3585675 85786 687 104
3585676 85786 687 894
3585677 85786 687 98
3585678 85786 687 1528
3585690 580239 687 507
3585691 580239 687 1019
3585692 580239 687 1565
3585693 580239 687 2627
3585694 580239 687 1051
3585695 580239 687 2709
3585696 742759 687 46
3585697 742760 687 276
3585698 742760 687 1268
3585699 742760 687 1058
3585700 416311 687 9635
3585701 416311 687 11
3585702 416311 687 1058
3585703 416311 687 276
3585704 416311 687 7246
3585705 416311 687 5071
3585706 416311 687 4051
3585707 349096 687 978
3585708 349096 687 1058
3585709 349096 687 276
3585710 349096 687 175755
3585711 349096 687 305
3585727 742763 687 276
3585728 742763 687 318
3585729 742764 687 12
3585730 742764 687 5503
3585731 742764 687 318
3585732 742764 687 276
3585733 26350 687 10285
3585734 26350 687 301
3585735 26350 687 276
3585736 26350 687 46
3585737 742765 687 76
3585738 742765 687 364
3585739 742765 687 276
3585740 742765 687 4332
3585749 369485 687 77
3585750 369485 687 72
3585751 369485 687 104
3585752 369485 687 734
3585753 21262 687 12
3585754 21262 687 846
3585755 21262 687 39
3585756 21262 687 276
3585759 14190 687 276
3585760 14190 687 30
3585761 14190 687 2486
3585762 14190 687 286
3585763 14190 687 188
3585764 14190 687 668
3585765 14190 687 11
3585766 14190 687 1058
3585767 14190 687 10285
3585774 349092 687 77
3585775 349092 687 1106
3585776 349092 687 4181
3585777 349092 687 100
3585778 349092 687 11
3585779 349092 687 1058
3585780 349092 687 4162
3585781 349092 687 276
3585782 32073 687 188
3585783 32073 687 474
3585784 32073 687 11
3585785 32073 687 77
3585786 32073 687 276
3585787 32073 687 290
3585788 32073 687 1058
3585789 1953916 687 734
3585790 1953916 687 276
3585791 1953916 687 294
3585792 51868 687 1679
3585793 51868 687 276
3585794 51868 687 1128
3585798 742769 687 5919
3585804 742770 687 1626
3585805 742770 687 2054
3585806 742770 687 1565
3585807 742770 687 2456
3585808 167339 687 4276
3585809 167339 687 4895
3585810 167339 687 290
3585811 167339 687 291
3585812 27456 687 374
3585813 27456 687 2161
3585814 27456 687 1739
3585817 248436 687 77
3585818 248436 687 1938
3585819 248436 687 90
3585820 248436 687 294
3585821 248436 687 46
3585822 14297 687 2013
3585823 14297 687 1058
3585824 14297 687 28
3585825 14297 687 77
3585833 742773 687 28
3585834 742773 687 27328
3585835 742773 687 77
3585836 742773 687 2904
3585839 742775 687 70
3585840 742775 687 262
3585841 742776 687 34002
3585842 742776 687 98
3585843 742776 687 104
3585844 742776 687 734
3585845 742776 687 894
3585846 742776 687 635
3585847 284373 687 262
3585848 284373 687 70
3585851 742778 687 388
3585852 742778 687 1058
3585853 742778 687 11
3585854 742778 687 474
3585855 742778 687 733
3585856 742778 687 75
3585857 742778 687 11524
3585858 742778 687 4298
3585859 742779 687 388
3585860 742779 687 1058
3585861 742779 687 11
3585862 742779 687 474
3585863 742779 687 733
3585864 742779 687 75
3585865 742779 687 11524
3585866 742779 687 4298
3585867 742780 687 388
3585868 742780 687 1058
3585869 742780 687 11
3585870 742780 687 474
3585871 742780 687 733
3585872 742780 687 75
3585873 742780 687 11524
3585874 742780 687 4298
3585875 742781 687 7141
3585876 742781 687 7299
3585877 742781 687 104
3585878 742781 687 733
3585879 742781 687 1058
3585880 742781 687 77
3585881 742781 687 90
3585882 742781 687 734
3585883 742782 687 254
3585884 742782 687 10285
3585885 742782 687 46
3585886 742782 687 3355
3585892 6289 687 635
3585893 6289 687 90
3585894 742785 687 104
3585895 742785 687 829
3585896 742785 687 90
3585897 6287 687 2627
3585898 742786 687 69363
3585899 742786 687 15910
3585900 6309 687 77
3585901 6309 687 34002
3585902 6309 687 2081
3585943 1087433 687 1938
3585944 1087433 687 6
3585945 1087433 687 9975
3585946 1087433 687 90
3585947 742790 687 90
3585948 742790 687 6
3585949 742790 687 1938
3585950 742790 687 77
3585951 742792 687 90
3585952 742792 687 11
3585953 742792 687 1058
3585954 742792 687 2909
3585955 742792 687 779
3585956 742792 687 1057
3585957 742793 687 2359
3585958 742793 687 21762
3585959 131105 687 77
3585960 131105 687 100
3585961 131105 687 72
3585962 131105 687 1058
3585963 396796 687 1133
3585964 396796 687 1138
3585965 396796 687 75
3585966 396796 687 668
3585967 396796 687 10285
3585968 396796 687 77
3585969 396796 687 305
3585974 742797 687 2477
3585975 742797 687 35052
3585979 742799 687 798
3585980 742799 687 7170
3585983 559576 687 339
3585984 559576 687 321
3585985 559576 687 85248
3585990 609271 687 1058
3585991 609271 687 11
3585992 609271 687 276
3585993 609271 687 90
3585994 609271 687 779
3585995 609271 687 28
3585996 609271 687 2909
3586001 1953919 687 638
3586002 1953919 687 15518
3586003 1953919 687 90
3586004 1953919 687 1560
3586005 291177 687 77
3586006 291177 687 104
3586007 291177 687 829
3586008 291177 687 507
3586009 291177 687 90
3586010 291177 687 5196
3586020 484420 687 46
3586021 484420 687 583
3586022 484420 687 24
3586023 484420 687 10285
3586024 742805 687 388
3586025 742805 687 733
3586026 742805 687 75
3586027 742805 687 8122
3586028 742805 687 798
3586029 742805 687 7141
3586041 562589 687 276
3586042 562589 687 1041
3586043 562589 687 2161
3586044 62874 687 2180
3586045 62874 687 374
3586046 62874 687 40712
3586051 742808 687 28
3586052 742808 687 168
3586053 742808 687 1132
3586054 742808 687 1058
3586055 742809 687 507
3586056 742809 687 90
3586057 742809 687 1331
3586058 742809 687 369
3586059 742809 687 29
3586062 742811 687 474
3586063 742811 687 290
3586064 742811 687 11524
3586065 742811 687 733
3586066 742811 687 7141
3586067 742811 687 75
3586068 742811 687 11
3586069 742811 687 1058
3586070 742812 687 5387
3586071 742812 687 11
3586072 742812 687 1058
3586073 742812 687 733
3586074 742812 687 7141
3586075 742812 687 175756
3586076 742812 687 374
3586077 742812 687 3008
3586078 742812 687 11215
3586085 742813 687 12372
3586086 742813 687 2013
3586087 742813 687 388
3586088 742813 687 734
3586089 742813 687 1679
3586090 742813 687 72
3586099 95997 687 507
3586100 95997 687 90
3586101 95997 687 369
3586102 95997 687 72
3586103 742816 687 2428
3586104 742816 687 11
3586105 742816 687 1058
3586106 742816 687 72
3586107 742816 687 90
3586140 1947270 687 3239
3586141 1947270 687 104
3586142 1947270 687 1322
3586150 21056 687 4502
3586151 21056 687 225
3586152 21056 687 254
3586153 2188 687 1690
3586154 2188 687 963
3586156 742824 687 24003
3586157 742824 687 5503
3586158 742825 687 1367
3586159 742825 687 1125
3586160 742826 687 104
3586161 742826 687 1679
3586162 742826 687 302
3586166 458071 687 46
3586167 458071 687 4895
3586168 458071 687 2081
3586177 588644 687 1058
3586178 588644 687 557
3586179 742827 687 24003
3586180 742827 687 5503
3586181 742828 687 108
3586182 742828 687 90
3586183 742828 687 46
3586184 30969 687 734
3586185 30969 687 77
3586186 30969 687 104
3586187 30969 687 98
3586188 30969 687 34002
3586189 742829 687 734
3586190 742829 687 388
3586191 742829 687 3568
3586192 742829 687 976
3586193 742829 687 7232
3586194 742829 687 1060
3586195 742830 687 30
3586196 742830 687 302
3586197 742830 687 569
3586198 742830 687 128
3586201 742831 687 734
3586202 742831 687 388
3586203 742831 687 3568
3586204 742831 687 12
3586205 742831 687 976
3586206 742831 687 7232
3586217 61821 687 5051
3586218 198556 687 1565
3586219 198556 687 6262
3586220 198556 687 301
3586221 198556 687 2486
3586222 198556 687 286
3586227 2193 687 4298
3586228 2193 687 1058
3586229 2193 687 302
3586230 6762 687 734
3586231 6762 687 77
3586232 6762 687 104
3586233 6762 687 98
3586234 6762 687 34002
3586235 124178 687 12
3586236 124178 687 24
3586237 124178 687 254
3586238 742835 687 318
3586239 742835 687 70
3586240 742835 687 10888
3586241 742835 687 305
3586246 742837 687 829
3586247 742837 687 104
3586248 742837 687 70
3586250 742838 687 1058
3586251 742838 687 798
3586252 742838 687 7170
3586253 742838 687 734
3586254 107274 687 734
3586255 107274 687 46
3586256 107274 687 138
3586257 6772 687 569
3586258 6772 687 104
3586259 6772 687 894
3586260 6772 687 734
3586261 6772 687 77
3586268 742839 687 1939
3586269 742839 687 6
3586270 742839 687 1125
3586271 742839 687 291
3586272 742840 687 1626
3586273 742840 687 1625
3586274 742840 687 1565
3586275 742840 687 2220
3586276 742840 687 1690
3586277 742840 687 2054
3586278 742841 687 46
3586279 742841 687 108
3586280 742841 687 1056
3586281 742841 687 388
3586289 1953923 687 1056
3586290 1953923 687 1106
3586291 1953923 687 28
3586292 1953923 687 1058
3586293 1953923 687 11
3586294 742843 687 1626
3586295 742843 687 2054
3586302 742844 687 1367
3586303 742844 687 6
3586304 742844 687 18047
3586305 742844 687 3367
3586306 742844 687 290
3586307 112922 687 474
3586308 112922 687 175758
3586309 112922 687 77
3586310 112922 687 780
3586311 112922 687 290
3586312 112922 687 7141
3586313 742845 687 69363
3586314 742845 687 1046
3586317 742847 687 221
3586318 742847 687 6257
3586319 742847 687 4896
3586320 742847 687 20372
3586321 742847 687 10285
3586322 742848 687 6057
3586323 742849 687 2741
3586324 742849 687 2187
3586325 742849 687 5824
3586326 33060 687 28
3586327 33060 687 72
3586328 33060 687 1058
3586335 59356 687 10285
3586336 59356 687 28
3586337 59356 687 77
3586338 33062 687 28
3586339 33062 687 302
3586340 33062 687 1058
3586355 394369 687 1058
3586356 394369 687 290
3586357 394369 687 10285
3586358 394369 687 80
3586359 394369 687 635
3586362 742853 687 188
3586363 742853 687 10285
3586364 742853 687 72
3586365 742854 687 28
3586366 742854 687 72
3586367 742854 687 80
3586368 742854 687 1058
3586369 742854 687 30
3586370 742854 687 77
3586378 1953924 687 12
3586379 1953924 687 1325
3586380 1953924 687 1775
3586381 1953924 687 46
3586382 1953924 687 10285
3586383 1953924 687 1058
3586384 1953924 687 90
3586385 742857 687 6057
3586386 742857 687 15910
3586387 742858 687 6057
3586388 742858 687 15910
3586390 38321 687 5196
3586391 38321 687 6487
3586392 38321 687 734
3586400 29371 687 5051
3586401 742862 687 69363
3586402 742862 687 175760
3586403 742863 687 6057
3586404 742863 687 6821
3586407 742865 687 24003
3586408 742865 687 5503
3586409 742866 687 69363
3586410 742866 687 27255
3586411 742867 687 69363
3586412 742867 687 175745
3586413 742868 687 69363
3586414 742868 687 175737
3586415 742868 687 175738
3586417 23993 687 188
3586418 23993 687 474
3586419 23993 687 10285
3586420 742872 687 31276
3586421 742872 687 175738
3586426 79887 687 6
3586427 79887 687 291
3586428 79887 687 2220
3586429 79887 687 474
3586444 38348 687 46
3586445 38348 687 10285
3586446 38348 687 5146
3586447 38348 687 305
3586448 38348 687 188
3586449 38348 687 474
3586450 38348 687 668
3586457 1953927 687 188
3586458 1953927 687 5146
3586459 1953927 687 474
3586460 1953927 687 12347
3586467 45333 687 1184
3586468 45333 687 8407
3586469 45333 687 3282
3586470 45333 687 10616
3586471 45333 687 941
3586474 88233 687 77
3586475 88233 687 3098
3586476 88233 687 221
3586477 88233 687 507
3586478 88233 687 2781
3586479 742877 687 734
3586480 742877 687 6161
3586481 5360 687 734
3586482 5360 687 6161
3586483 742878 687 734
3586484 742878 687 6161
3586485 742879 687 734
3586486 742879 687 635
3586487 263474 687 6057
3586492 742881 687 6057
3586493 742881 687 15910
3586498 68126 687 507
3586499 68126 687 40
3586500 68126 687 90
3586501 68126 687 503
3586509 24041 687 30
3586510 24041 687 72
3586511 24041 687 318
3586512 24041 687 1058
3586518 27774 687 30
3586519 27774 687 72
3586520 27774 687 318
3586521 27774 687 1058
3586538 718086 687 474
3586539 718086 687 734
3586540 718086 687 77
3586541 718086 687 104
3586542 718086 687 98
3586543 718086 687 34002
3586544 742890 687 2539
3586549 32204 687 734
3586550 32204 687 77
3586551 32204 687 635
3586552 1953929 687 388
3586553 1953929 687 734
3586554 1953929 687 27215
3586555 1953929 687 6352
3586556 1953929 687 4446
3586557 1953929 687 138
3586558 1953929 687 12320
3586565 7072 687 7011
3586566 7072 687 40
3586569 742893 687 69363
3586570 742893 687 1046
3586583 452222 687 2150
3586587 79907 687 294
3586588 79907 687 302
3586589 79907 687 1113
3586590 79907 687 20400
3586591 79907 687 2220
3586592 2742 687 6
3586593 2742 687 291
3586594 2742 687 2220
3586595 2742 687 318
3586596 2742 687 1781
3586597 2742 687 276
3586598 2742 687 311
3586603 7106 687 254
3586604 7106 687 635
3586605 7106 687 1781
3586606 16425 687 254
3586607 16425 687 635
3586608 16425 687 1781
3586614 742895 687 34002
3586615 742895 687 734
3586616 742895 687 104
3586617 742895 687 894
3586618 742895 687 29
3586619 742895 687 290
3586620 742895 687 77
3586626 7143 687 1058
3586627 7143 687 98
3586628 7143 687 104
3586629 7143 687 8432
3586639 192948 687 1113
3586640 192948 687 104
3586641 192948 687 6690
3586642 192948 687 294
3586643 742898 687 1169
3586644 742898 687 104
3586645 742898 687 77
3586646 27352 687 1679
3586647 27352 687 104
3586648 27352 687 369
3586649 27352 687 98
3586650 27352 687 2012
3586663 742901 687 69363
3586664 742901 687 15910
3586684 29417 687 70
3586685 29417 687 262
3586694 22654 687 289
3586695 22654 687 6011
3586717 742912 687 69363
3586718 742912 687 175762
3586724 57197 687 286
3586725 57197 687 7122
3586726 57197 687 935
3586731 133505 687 1184
3586732 133505 687 7122
3586733 404177 687 6057
3586734 652885 687 6057
3586735 652885 687 15910
3586739 742914 687 734
3586740 742914 687 1021
3586741 742914 687 6063
3586747 1953931 687 70974
3586748 1953931 687 290
3586749 245253 687 734
3586750 245253 687 374
3586751 245253 687 2180
3586757 742916 687 294
3586758 742916 687 104
3586759 742916 687 98
3586760 742916 687 1335
3586761 742916 687 780
3586762 742917 687 388
3586763 742917 687 10285
3586764 742917 687 1058
3586765 16521 687 286
3586766 16521 687 6262
3586767 16521 687 290
3586768 16521 687 240
3586769 742918 687 77
3586770 742918 687 3743
3586771 742918 687 34002
3586772 742918 687 734
3586773 742918 687 104
3586774 742918 687 98
3586775 742918 687 894
3586776 742919 687 69363
3586777 742919 687 15910
3586778 440395 687 69363
3586779 440395 687 48978
3586785 742922 687 798
3586786 742922 687 7170
3586787 76159 687 77
3586788 76159 687 104
3586795 133566 687 10285
3586796 133566 687 46
3586797 133566 687 108
3586798 133566 687 290
3586799 133566 687 4446
3586800 133566 687 527
3586801 742924 687 31276
3586802 742924 687 175738
3586807 24117 687 865
3586808 24117 687 301
3586809 24117 687 1739
3586810 24117 687 120
3586827 742926 687 77
3586828 742926 687 507
3586829 742926 687 331
3586830 742926 687 734
3586831 742926 687 292
3586832 7363 687 262
3586833 7363 687 70
3586841 32256 687 1325
3586842 32256 687 10285
3586843 32256 687 46
3586844 32256 687 77
3586845 742927 687 69363
3586846 742927 687 66844
3586847 435508 687 6057
3586862 742931 687 388
3586863 742931 687 39
3586864 742931 687 798
3586865 742931 687 1058
3586866 742931 687 9635
3586867 742931 687 733
3586868 742931 687 7302
3586869 742931 687 4140
3586870 1953932 687 388
3586871 1953932 687 3568
3586872 1953932 687 4298
3586873 1953932 687 474
3586874 1953932 687 1058
3586875 1953932 687 11
3586876 1953932 687 9635
3586877 1953932 687 733
3586878 742933 687 388
3586879 742933 687 733
3586880 742933 687 75
3586881 742933 687 1106
3586882 742933 687 2081
3586883 742933 687 28
3586884 742933 687 7220
3586885 742933 687 1058
3586886 742933 687 11
3586887 742934 687 734
3586888 742934 687 388
3586889 742934 687 2642
3586890 742934 687 30
3586891 742934 687 569
3586892 742934 687 10761
3586893 742935 687 388
3586894 742935 687 2642
3586895 742935 687 734
3586896 742935 687 12213
3586897 742936 687 9022
3586898 742936 687 388
3586899 742936 687 734
3586900 742936 687 2642
3586901 742936 687 90
3586902 742936 687 507
3586916 742648 687 388
3586917 742648 687 4140
3586918 742648 687 7302
3586919 742648 687 545
3586920 742648 687 72
3586933 742940 687 388
3586934 742940 687 7302
3586935 742940 687 4140
3586936 742940 687 1058
3586937 742940 687 11
3586949 742941 687 388
3586950 742941 687 7302
3586951 742941 687 4140
3586952 742941 687 1058
3586953 742941 687 11
3586954 742942 687 11524
3586955 742942 687 1056
3586956 742942 687 9635
3586957 742942 687 388
3586958 742942 687 733
3586959 742942 687 1058
3586960 742942 687 11
3586961 742942 687 7141
3586962 742942 687 5071
3586963 674858 687 388
3586964 674858 687 734
3586965 674858 687 2902
3586966 674858 687 5670
3586978 742944 687 388
3586979 742944 687 11
3586980 742944 687 1058
3586981 742944 687 46
3586982 742944 687 10285
3586983 742944 687 5073
3586984 742944 687 733
3586985 742944 687 75
3586986 742944 687 9635
3586987 198971 687 5670
3586988 198971 687 388
3586989 356961 687 10285
3586990 356961 687 188
3586991 356961 687 5030
3586992 356961 687 10888
3586993 356961 687 70
3586998 742947 687 69363
3586999 742947 687 15910
3587002 742950 687 875
3587003 742950 687 72
3587004 742951 687 1335
3587005 742951 687 294
3587006 742951 687 104
3587007 742951 687 98
3587008 742951 687 780
3587009 2646 687 254
3587010 2646 687 1257
3587011 711126 687 77
3587012 711126 687 2139
3587013 711126 687 10281
3587014 711126 687 1679
3587015 711126 687 734
3587016 711126 687 104
3587017 711126 687 3332
3587018 41933 687 77
3587019 41933 687 2627
3587020 41933 687 1019
3587021 41933 687 240
3587022 41933 687 1051
3587023 41933 687 507
3587024 41933 687 734
3587025 41933 687 104
3587026 41933 687 34002
3587029 742953 687 5126
3587030 742953 687 7011
3587031 742953 687 175763
3587032 742953 687 77
3587033 742953 687 1058
3587034 742953 687 791
3587035 742953 687 820
3587040 493182 687 5126
3587041 493182 687 7011
3587042 493182 687 175763
3587043 493182 687 77
3587044 493182 687 1058
3587045 493182 687 791
3587046 493182 687 820
3587052 241180 687 77
3587053 241180 687 1136
3587054 241180 687 8746
3587055 241180 687 1335
3587056 241180 687 10285
3587057 742956 687 77
3587058 742956 687 1136
3587059 742956 687 8746
3587060 742956 687 1258
3587061 742956 687 10285
3587062 324348 687 77
3587063 324348 687 1136
3587064 324348 687 8746
3587065 324348 687 100
3587066 324348 687 10285
3587072 263642 687 77
3587073 263642 687 1136
3587074 263642 687 8746
3587075 263642 687 374
3587076 263642 687 10285
3587077 390897 687 188
3587078 390897 687 474
3587079 390897 687 46
3587080 390897 687 10285
3587081 742957 687 6330
3587082 39048 687 75
3587083 39048 687 77
3587084 39048 687 10285
3587101 430177 687 5644
3587102 430177 687 76
3587103 430177 687 290
3587104 430177 687 5391
3587109 125253 687 1141
3587110 125253 687 90
3587111 125253 687 6
3587112 394569 687 11
3587113 394569 687 1058
3587114 394569 687 733
3587115 394569 687 7299
3587116 394569 687 7141
3587117 394569 687 1804
3587118 394569 687 6902
3587119 394569 687 77
3587120 394569 687 104
3587121 394569 687 894
3587122 26617 687 46
3587123 26617 687 10285
3587124 26617 687 188
3587125 26617 687 474
3587126 26617 687 77
3587127 27838 687 4895
3587128 27838 687 1781
3587129 27838 687 46
3587130 742961 687 69363
3587131 742961 687 18175
3587132 312402 687 6257
3587133 312402 687 221
3587134 312402 687 77
3587135 312402 687 1392
3587136 79983 687 77
3587137 79983 687 1775
3587138 79983 687 1325
3587139 79983 687 10285
3587140 79983 687 1335
3587141 74341 687 734
3587144 285346 687 127
3587145 285346 687 734
3587146 285346 687 1169
3587147 285346 687 731
3587148 285346 687 331
3587149 285346 687 1528
3587150 85708 687 331
3587151 85708 687 77
3587152 85708 687 2184
3587153 85708 687 127
3587154 85708 687 34002
3587155 85708 687 104
3587156 85708 687 894
3587157 85708 687 734
3587158 249478 687 77
3587159 249478 687 104
3587160 249478 687 894
3587161 249478 687 734
3587162 249478 687 127
3587163 249478 687 331
3587164 919382 687 11
3587165 919382 687 1058
3587166 919382 687 77
3587167 919382 687 733
3587168 919382 687 11524
3587169 919382 687 4371
3587170 919382 687 4370
3587171 919382 687 1390
3587193 742966 687 734
3587194 742966 687 2303
3587195 742966 687 12148
3587196 742966 687 6759
3587197 62893 687 4148
3587198 62893 687 1106
3587199 62893 687 4370
3587200 62893 687 734
3587201 62893 687 4177
3587202 62893 687 240
3587203 62893 687 11
3587204 62893 687 1058
3587205 62893 687 77
3587211 199061 687 734
3587212 199061 687 98
3587213 199061 687 104
3587214 199061 687 894
3587215 199061 687 34002
3587216 742967 687 734
3587217 742967 687 865
3587218 5987 687 20400
3587219 5987 687 127
3587220 5987 687 1322
3587226 742969 687 127
3587227 742969 687 4385
3587228 742969 687 318
3587229 199086 687 734
3587230 199086 687 104
3587231 199086 687 98
3587232 199086 687 34002
3587236 713120 687 2993
3587237 713120 687 20099
3587238 595601 687 734
3587239 595601 687 6
3587240 595601 687 26681
3587264 36735 687 77
3587265 36735 687 734
3587266 36735 687 98
3587267 36735 687 2013
3587279 436286 687 734
3587280 436286 687 474
3587281 436286 687 6229
3587282 742985 687 11524
3587283 742985 687 733
3587284 742985 687 75
3587285 742985 687 388
3587286 742985 687 173299
3587287 742985 687 77
3587288 742985 687 1137
3587289 742985 687 6128
3587298 423085 687 734
3587299 423085 687 865
3587300 423085 687 643
3587301 423085 687 4196
3587302 742986 687 104
3587303 742986 687 734
3587304 742986 687 894
3587305 742986 687 34002
3587306 742986 687 2816
3587307 742986 687 77
3587317 31277 687 108
3587318 31277 687 72
3587319 31277 687 46
3587320 89311 687 221
3587321 89311 687 3824
3587322 742992 687 6
3587330 742995 687 733
3587331 742995 687 7141
3587332 742995 687 2666
3587333 742995 687 474
3587334 742995 687 2233
3587335 742995 687 1718
3587336 742995 687 4912
3587337 742995 687 77
3587341 9730 687 262
3587342 9730 687 70
3587343 3743 687 734
3587344 3743 687 77
3587345 3743 687 1058
3587346 3743 687 46
3587347 5794 687 1058
3587348 5794 687 734
3587349 5794 687 1528
3587350 742999 687 507
3587351 742999 687 2184
3587352 742999 687 16819
3587353 742999 687 175766
3587363 1953938 687 388
3587364 1953938 687 733
3587365 1953938 687 77
3587366 1953938 687 173299
3587367 1953938 687 2906
3587368 1953938 687 1058
3587369 1953938 687 11
3587370 1953938 687 11524
3587378 743007 687 5051
3587379 743007 687 798
3587380 743007 687 1781
3587381 743008 687 1137
3587382 743008 687 733
3587383 743008 687 7271
3587384 743008 687 90
3587397 1953939 687 5362
3587398 1953939 687 290
3587399 1953939 687 5057
3587400 1953939 687 2081
3587401 1953939 687 291
3587402 1953939 687 700
3587403 39702 687 1170
3587404 85798 687 3199
3587405 85798 687 305
3587406 743012 687 2642
3587407 743012 687 734
3587408 743013 687 734
3587409 743013 687 388
3587410 743013 687 2642
3587411 743013 687 305
3587412 743013 687 1354
3587413 743013 687 1113
3587424 743015 687 734
3587425 743015 687 877
3587426 743015 687 286
3587427 743015 687 4132
3587428 250199 687 77
3587429 250199 687 1058
3587430 250199 687 294
3587431 250199 687 791
3587432 400775 687 1062
3587433 400775 687 996
3587434 400775 687 1869
3587435 400775 687 1175
3587436 400775 687 90
3587437 349669 687 2456
3587438 349669 687 24
3587439 349669 687 583
3587440 349669 687 1565
3587441 349669 687 2627
3587442 349669 687 467
3587443 743016 687 90
3587444 743016 687 1019
3587445 743016 687 240
3587455 743020 687 5665
3587456 743020 687 2625
3587457 743020 687 27745
3587464 240845 687 5030
3587465 240845 687 188
3587466 240845 687 108
3587467 240845 687 668
3587468 240845 687 72
3587469 16785 687 4328
3587470 757561 687 1058
3587471 757561 687 11
3587472 757561 687 77
3587473 757561 687 1056
3587474 757561 687 1132
3587475 757561 687 8781
3587476 1690 687 1322
3587477 1690 687 77
3587478 1690 687 1781
3587479 743022 687 77
3587480 743022 687 388
3587481 94800 687 221
3587482 94800 687 6257
3587483 94800 687 77
3587484 94800 687 1781
3587489 743023 687 7011
3587490 743023 687 1781
3587491 743023 687 40
3587492 57297 687 46
3587493 57297 687 77
3587494 57297 687 1064
3587495 57297 687 216
3587496 1920577 687 3743
3587497 1920577 687 286
3587498 1920577 687 982
3587499 1920577 687 2486
3587507 24370 687 734
3587508 24370 687 104
3587509 24370 687 98
3587510 24370 687 77
3587511 24370 687 34002
3587515 400791 687 77
3587516 400791 687 2904
3587517 400791 687 276
3587518 400791 687 305
3587519 400791 687 734
3587520 400791 687 104
3587521 400791 687 894
3587522 527606 687 77
3587523 527606 687 104
3587524 527606 687 1528
3587525 527606 687 507
3587526 1953940 687 77
3587527 1953940 687 104
3587528 1953940 687 507
3587529 1953940 687 1528
3587530 743025 687 1058
3587531 743025 687 104
3587532 743025 687 77
3587533 743025 687 1695
3587534 480474 687 734
3587535 480474 687 1679
3587536 480474 687 10888
3587537 27859 687 374
3587538 27859 687 77
3587539 27859 687 673
3587540 27859 687 734
3587549 76911 687 4490
3587550 76911 687 3282
3587551 76911 687 8407
3587552 159801 687 388
3587553 159801 687 734
3587554 159801 687 2028
3587555 159801 687 118
3587556 159801 687 12
3587562 743029 687 1058
3587563 743029 687 798
3587564 743029 687 7170
3587570 743032 687 798
3587571 743032 687 7170
3587580 743036 687 4895
3587586 934 687 46
3587587 934 687 10285
3587588 934 687 1322
3587597 1068051 687 1021
3587598 1068051 687 4641
3587599 1068051 687 305
3587600 1068051 687 388
3587601 1068051 687 734
3587602 1068051 687 2642
3587603 1068051 687 1060
3587604 1068051 687 2990
3587615 55953 687 290
3587616 55953 687 6261
3587617 915103 687 290
3587618 915103 687 35
3587619 915103 687 8572
3587620 743043 687 70
3587621 743043 687 262
3587626 743045 687 1058
3587627 743045 687 11
3587628 743045 687 388
3587629 743045 687 4298
3587630 743045 687 474
3587631 743045 687 733
3587632 743045 687 75
3587635 743047 687 5051
3587636 743047 687 8918
3587637 743047 687 72
3587638 743048 687 734
3587639 743048 687 507
3587640 743048 687 731
3587641 743048 687 29
3587642 87119 687 618
3587643 87119 687 302
3587644 87119 687 4256
3587646 24697 687 780
3587647 24697 687 290
3587648 24697 687 77
3587649 24697 687 734
3587650 159852 687 1528
3587651 159852 687 780
3587652 159852 687 734
3587658 743050 687 1626
3587659 743050 687 2054
3587660 743050 687 2150
3587661 113059 687 70
3587662 113059 687 262
3587663 85876 687 734
3587664 85876 687 104
3587665 85876 687 77
3587666 85876 687 758
3587667 85876 687 3239
3587678 743053 687 24
3587679 743053 687 12
3587690 266026 687 77
3587691 266026 687 1258
3587692 266026 687 1335
3587700 743058 687 734
3587701 743058 687 374
3587704 271916 687 46
3587705 271916 687 15910
3587706 16942 687 6821
3587707 16942 687 15910
3587708 743060 687 734
3587709 743060 687 774
3587710 743060 687 1528
3587711 743061 687 46
3587712 743061 687 15910
3587718 743064 687 1007
3587719 743064 687 77
3587720 743064 687 10285
3587721 743064 687 168
3587722 40204 687 1141
3587723 40204 687 1781
3587742 743070 687 1007
3587743 743070 687 10285
3587744 24430 687 46
3587745 24430 687 10285
3587746 24430 687 221
3587747 24430 687 1007
3587748 24430 687 77
3587749 24430 687 474
3587750 24430 687 935
3587751 743071 687 734
3587752 743071 687 1007
3587756 38548 687 6
3587757 38548 687 291
3587758 38548 687 1528
3587759 38548 687 46
3587776 743072 687 507
3587777 743072 687 1917
3587778 743072 687 1565
3587781 743074 687 72
3587782 743074 687 90
3587783 743074 687 46
3587784 743075 687 104
3587785 743075 687 24355
3587786 743075 687 98
3587787 743075 687 1679
3587788 743075 687 2013
3587794 122070 687 286
3587795 122070 687 29
3587796 122070 687 3200
3587797 122070 687 731
3587798 85909 687 829
3587799 85909 687 77
3587800 85909 687 3200
3587801 85909 687 2007
3587812 56040 687 1141
3587813 56040 687 90
3587814 56040 687 46
3587815 35177 687 1322
3587820 609 687 77
3587821 609 687 388
3587822 609 687 302
3587823 743077 687 1058
3587824 743077 687 1056
3587837 743078 687 734
3587838 743078 687 291
3587839 743078 687 290
3587841 1953942 687 388
3587842 1953942 687 11524
3587843 1953942 687 1058
3587844 1953942 687 11
3587845 1953942 687 305
3587846 1953942 687 100384
3587847 1953942 687 175767
3587854 743082 687 734
3587855 743082 687 388
3587856 743082 687 2642
3587857 743082 687 1340
3587861 105689 687 77
3587862 105689 687 1058
3587863 105689 687 791
3587864 105689 687 294
3587867 669889 687 254
3587868 669889 687 1781
3587869 669889 687 339
3587870 159907 687 1058
3587871 159907 687 290
3587872 159907 687 10285
3587873 159907 687 80
3587874 159907 687 635
3587890 104266 687 734
3587891 104266 687 4196
3587892 74841 687 388
3587893 74841 687 734
3587894 743084 687 104
3587895 743084 687 291
3587896 743084 687 6
3587897 743084 687 5939
3587898 743084 687 774
3587899 38570 687 294
3587900 38570 687 77
3587908 32392 687 11
3587909 32392 687 2993
3587910 32392 687 40
3587911 32392 687 1058
3587912 32392 687 503
3587913 32392 687 1106
3587914 25109 687 294
3587915 25109 687 1322
3587916 25109 687 2220
3587917 25109 687 302
3587918 111489 687 294
3587919 111489 687 1322
3587920 111489 687 20400
3587921 111489 687 144216
3587922 743086 687 4895
3587923 743086 687 1781
3587928 743087 687 9635
3587929 743087 687 11
3587930 743087 687 1058
3587931 743087 687 104
3587932 743087 687 6690
3587933 743087 687 5071
3587943 558225 687 734
3587944 558225 687 865
3587945 558225 687 388
3587946 558225 687 3638
3587947 558225 687 5285
3587948 743088 687 5824
3587949 743088 687 24
3587950 743088 687 2359
3587951 479131 687 77
3587952 479131 687 46
3587953 479131 687 291
3587954 479131 687 138
3587955 479131 687 2297
3587956 479131 687 1183
3587957 479131 687 20400
3587958 25134 687 20400
3587959 25134 687 291
3587960 25134 687 1781
3588001 605235 687 4148
3588002 605235 687 4370
3588003 605235 687 3159
3588004 605235 687 1172
3588005 605235 687 104
3588006 605235 687 6192
3588007 743093 687 734
3588008 743093 687 2992
3588009 743093 687 6272
3588010 743094 687 813
3588011 743094 687 2781
3588012 743094 687 734
3588013 743094 687 3239
3588014 1953944 687 813
3588015 1953944 687 104
3588016 1953944 687 77
3588017 1953944 687 829
3588018 1953944 687 2781
3588019 1953944 687 1804
3588021 721737 687 70
3588022 721737 687 262
3588023 743096 687 27255
3588024 743096 687 71375
3588025 743096 687 175738
3588026 743097 687 374
3588027 743097 687 103845
3588028 743097 687 290
3588032 697309 687 734
3588036 743099 687 13913
3588040 134401 687 70
3588041 134401 687 262
3588042 1939256 687 11
3588043 1939256 687 1058
3588044 1939256 687 240
3588045 743100 687 1626
3588046 743100 687 2054
3588047 743100 687 3258
3588048 743100 687 780
3588049 743100 687 1565
3588064 139837 687 734
3588065 139837 687 6063
3588066 743103 687 225
3588067 743103 687 77
3588068 743103 687 507
3588069 743103 687 104
3588072 743104 687 2198
3588073 743104 687 24
3588074 743104 687 583
3588075 743104 687 467
3588076 743104 687 2359
3588077 743105 687 734
3588078 743105 687 388
3588079 743105 687 3568
3588080 743105 687 12
3588081 743105 687 976
3588082 743105 687 7232
3588085 580772 687 72
3588086 580772 687 3666
3588087 580772 687 1446
3588088 580772 687 11
3588092 3700 687 1626
3588093 3700 687 2054
3588103 743108 687 734
3588104 743108 687 3239
3588105 560813 687 77
3588106 560813 687 302
3588107 560813 687 20372
3588108 560813 687 4896
3588109 560813 687 221
3588110 560813 687 4421
3588111 560813 687 1141
3588112 560813 687 1781
3588121 743111 687 1113
3588122 743111 687 29
3588124 743113 687 388
3588125 743113 687 10327
3588126 743113 687 3153
3588128 743114 687 25459
3588129 743114 687 6319
3588136 25550 687 77
3588137 25550 687 75
3588138 25550 687 1133
3588139 25550 687 10285
3588148 743116 687 734
3588149 153347 687 12213
3588150 153347 687 734
3588151 153347 687 2442
3588155 32487 687 108
3588156 32487 687 188
3588157 32487 687 290
3588158 32487 687 339
3588159 32487 687 20400
3588165 1953949 687 733
3588166 1953949 687 11
3588167 1953949 687 1058
3588168 1953949 687 173299
3588169 1953949 687 168
3588170 1953949 687 545
3588171 1953949 687 1392
3588172 743120 687 469
3588173 743120 687 26133
3588174 743120 687 291
3588175 743120 687 941
3588176 743120 687 1185
3588177 64650 687 1058
3588178 64650 687 11
3588179 64650 687 374
3588180 64650 687 72
3588184 144953 687 798
3588185 144953 687 77
3588186 144953 687 290
3588187 144953 687 2486
3588188 743122 687 1626
3588189 743122 687 2054
3588190 112724 687 388
3588191 112724 687 1740
3588192 112724 687 6128
3588193 112724 687 733
3588194 112724 687 1058
3588195 112724 687 10285
3588196 112724 687 6821
3588197 195628 687 11524
3588198 195628 687 11
3588199 195628 687 1058
3588200 195628 687 6229
3588201 195628 687 1393
3588202 195628 687 259
3588203 743123 687 388
3588204 743123 687 1740
3588205 743123 687 6128
3588206 743123 687 733
3588207 743123 687 1058
3588208 743123 687 10285
3588209 743123 687 6821
3588210 743124 687 46
3588211 743124 687 10285
3588212 743124 687 104
3588213 743124 687 77
3588214 106693 687 5196
3588215 106693 687 734
3588216 56153 687 5196
3588217 56153 687 28
3588218 743125 687 5196
3588219 743125 687 829
3588220 743125 687 104
3588221 27929 687 70
3588222 27929 687 262
3588223 397701 687 5196
3588225 1399 687 2220
3588226 1399 687 302
3588241 116900 687 388
3588242 116900 687 734
3588243 116900 687 1679
3588244 116900 687 2013
3588245 116900 687 72
3588246 116900 687 733
3588251 743128 687 3355
3588252 743128 687 5051
3588253 743128 687 46
3588254 743128 687 10285
3588261 743131 687 10285
3588264 743132 687 734
3588265 743132 687 2028
3588266 743132 687 388
3588267 160031 687 90
3588268 160031 687 98
3588269 160031 687 7639
3588270 160031 687 2013
3588271 160031 687 1679
3588272 160031 687 894
3588273 160031 687 104
3588274 160031 687 80
3588275 160031 687 24355
3588278 321724 687 108
3588279 321724 687 290
3588280 321724 687 46
3588286 338023 687 1626
3588287 338023 687 2054
3588288 743134 687 6821
3588289 743134 687 6057
3588290 339504 687 846
3588291 339504 687 302
3588292 339504 687 369
3588293 339504 687 10270
3588294 339504 687 72
3588299 743136 687 388
3588300 743136 687 1058
3588301 743136 687 123262
3588302 743137 687 734
3588303 743137 687 388
3588304 743138 687 108
3588305 743138 687 290
3588306 743138 687 5675
3588307 743138 687 458
3588308 743138 687 474
3588309 743138 687 10285
3588310 743138 687 6057
3588311 743139 687 734
3588312 743139 687 388
3588313 743139 687 72
3588314 743139 687 2013
3588315 743139 687 386
3588316 743140 687 734
3588317 743140 687 388
3588318 743140 687 1058
3588319 743140 687 11
3588320 743140 687 3638
3588321 743140 687 2013
3588322 743140 687 2220
3588323 743140 687 11184
3588324 743141 687 635
3588325 743141 687 6763
3588326 743141 687 276
3588327 743141 687 569
3588328 743142 687 5146
3588329 743142 687 11524
3588330 743142 687 175743
3588331 743142 687 1740
3588332 743142 687 188
3588333 743142 687 1058
3588334 743142 687 10285
3588335 743142 687 733
3588336 1947154 687 1058
3588337 1947154 687 9635
3588338 1947154 687 1106
3588339 1947154 687 188
3588340 1947154 687 11
3588341 1947154 687 10285
3588342 1947154 687 12
3588343 1947154 687 369
3588344 743143 687 388
3588345 743143 687 734
3588346 743143 687 4698
3588347 743143 687 4271
3588348 743143 687 100540
3588349 743143 687 733
3588350 743143 687 2642
3588357 743145 687 734
3588358 743145 687 1679
3588359 743145 687 2013
3588360 743145 687 12372
3588361 743145 687 388
3588364 743148 687 1051
3588365 743148 687 2456
3588366 743149 687 7096
3588367 743149 687 984
3588368 743149 687 72
3588369 743149 687 5073
3588370 24213 687 46
3588371 24213 687 10285
3588372 24213 687 221
3588373 24213 687 5670
3588374 24213 687 77
3588383 1953952 687 388
3588384 1953952 687 733
3588385 1953952 687 75
3588386 1953952 687 10285
3588387 1953952 687 1058
3588388 1953952 687 6352
3588398 775108 687 1058
3588399 775108 687 11
3588400 775108 687 733
3588401 775108 687 6352
3588402 775108 687 982
3588403 775108 687 4369
3588404 775108 687 173299
3588405 775108 687 77
3588406 1953954 687 6352
3588407 1953954 687 11
3588408 1953954 687 1058
3588409 1953954 687 4441
3588410 1953954 687 173299
3588411 1953954 687 8763
3588412 1953954 687 733
3588413 1953954 687 77
3588414 145019 687 4895
3588415 145019 687 77
3588416 145019 687 1804
3588417 145019 687 104
3588418 1953955 687 104
3588419 1953955 687 1331
3588420 1953955 687 6697
3588421 1953955 687 77
3588423 2423 687 1007
3588424 2423 687 1064
3588425 2423 687 4446
3588431 743151 687 262
3588432 743151 687 2904
3588433 743151 687 18257
3588434 743151 687 1064
3588435 743151 687 175742
3588436 440802 687 127
3588437 440802 687 294
3588439 62158 687 331
3588440 62158 687 290
3588441 743152 687 734
3588442 743152 687 39812
3588443 743152 687 290
3588444 743154 687 734
3588445 743154 687 388
3588446 743154 687 3568
3588447 743154 687 12
3588448 743154 687 976
3588449 743154 687 7232
3588450 480623 687 734
3588451 480623 687 984
3588452 743155 687 77
3588453 743155 687 254
3588454 743155 687 10235
3588455 743155 687 290
3588456 743156 687 1058
3588457 743156 687 90
3588458 743157 687 70
3588459 743157 687 262
3588460 62165 687 318
3588461 62165 687 127
3588462 62165 687 29
3588463 1953956 687 734
3588464 1953956 687 139
3588465 1953956 687 877
3588466 1953956 687 1021
3588467 1953956 687 4640
3588468 743158 687 127
3588469 743158 687 1170
3588470 743158 687 734
3588471 743158 687 1148
3588472 52089 687 46
3588473 52089 687 10285
3588474 52089 687 188
3588475 52089 687 474
3588476 52089 687 77
3588479 364096 687 70
3588480 364096 687 262
3588481 743160 687 4371
3588482 743160 687 4370
3588483 743160 687 1058
3588484 743161 687 77
3588485 743161 687 104
3588486 743161 687 2911
3588487 24959 687 46
3588488 24959 687 2902
3588489 743162 687 388
3588490 743162 687 305
3588491 743162 687 4641
3588492 743162 687 734
3588493 743162 687 390
3588504 743164 687 7705
3588505 743164 687 90
3588506 743164 687 12
3588507 743164 687 1058
3588508 743164 687 11
3588509 743164 687 828
3588510 610038 687 216
3588511 610038 687 305
3588512 610038 687 77
3588513 64360 687 2427
3588514 64360 687 240
3588515 64360 687 302
3588516 64360 687 128
3588517 64360 687 4542
3588534 488710 687 216
3588535 488710 687 1064
3588536 488710 687 5105
3588559 485203 687 80
3588560 485203 687 365
3588561 485203 687 731
3588562 485203 687 4618
3588563 485203 687 2220
3588564 117410 687 5196
3588565 117410 687 6487
3588566 117410 687 734
3588567 117410 687 77
3588568 743168 687 302
3588569 743168 687 77
3588570 743168 687 5283
3588587 558369 687 734
3588588 558369 687 286
3588589 558369 687 877
3588590 743171 687 734
3588591 743171 687 3239
3588592 743171 687 877
3588593 743172 687 734
3588594 743172 687 865
3588595 743172 687 120
3588596 743172 687 2028
3588597 743172 687 12213
3588598 743172 687 1967
3588599 22351 687 865
3588600 22351 687 1739
3588601 22351 687 120
3588602 112433 687 128
3588603 112433 687 6
3588604 112433 687 290
3588605 112433 687 1367
3588613 743173 687 318
3588614 743173 687 12752
3588615 743173 687 4196
3588616 743173 687 34002
3588617 743174 687 3132
3588618 743174 687 2081
3588621 1171038 687 28
3588622 1171038 687 142
3588623 1171038 687 75
3588624 1171038 687 1393
3588625 1171038 687 779
3588626 1171038 687 1058
3588627 1171038 687 11
3588628 1171038 687 4298
3588629 1171038 687 98572
3588637 743176 687 557
3588640 111956 687 734
3588641 111956 687 77
3588645 420383 687 374
3588646 420383 687 734
3588647 420383 687 2161
3588648 743178 687 798
3588649 743178 687 4140
3588650 743178 687 1106
3588651 743178 687 11
3588652 743178 687 1058
3588653 743178 687 7302
3588654 743178 687 1056
3588655 743178 687 290
3588656 743179 687 294
3588657 743179 687 798
3588658 743179 687 7302
3588659 743179 687 4140
3588660 743179 687 388
3588661 743179 687 72
3588662 743179 687 11
3588663 743179 687 1058
3588664 1953958 687 9654
3588665 1953958 687 3153
3588666 1953958 687 798
3588667 1953958 687 1172
3588668 1953958 687 77
3588671 1953959 687 7302
3588672 1953959 687 305
3588673 1953959 687 798
3588674 1953959 687 11
3588675 1953959 687 1058
3588676 1953959 687 1393
3588694 117036 687 72
3588695 117036 687 123980
3588696 117036 687 4051
3588697 117036 687 175770
3588698 117036 687 40
3588699 117036 687 11
3588700 117036 687 37
3588701 117036 687 90
3588706 357818 687 262
3588707 357818 687 70
3588710 8502 687 302
3588711 8502 687 2456
3588712 8502 687 2627
3588713 8502 687 2161
3588714 8502 687 1019
3588715 743185 687 507
3588716 743185 687 1019
3588717 743185 687 1565
3588718 743185 687 2627
3588719 743185 687 1051
3588720 743185 687 2709
3588721 37609 687 2187
3588722 37609 687 34002
3588723 37609 687 77
3588724 37609 687 734
3588725 37609 687 98
3588726 37609 687 104
3588729 743186 687 2709
3588730 743186 687 503
3588731 743186 687 12
3588732 743186 687 80
3588733 743186 687 15111
3588737 140799 687 305
3588738 140799 687 734
3588739 140799 687 1170
3588740 140799 687 77
3588743 24726 687 46
3588744 24726 687 4958
3588745 24726 687 290
3588749 45618 687 77
3588750 45618 687 1058
3588751 45618 687 72
3588752 45618 687 791
3588753 45618 687 820
3588754 45618 687 5126
3588755 45618 687 7011
3588756 45618 687 175763
3588757 105719 687 175745
3588758 105719 687 175738
3588759 743187 687 6821
3588760 743187 687 15910
3588761 1936573 687 11524
3588762 1936573 687 6229
3588763 1936573 687 11
3588764 1936573 687 1058
3588765 1936573 687 734
3588766 70953 687 1775
3588767 70953 687 557
3588768 70953 687 1565
3588769 70953 687 467
3588772 32562 687 4371
3588773 32562 687 6192
3588774 32562 687 305
3588775 32562 687 11
3588776 32562 687 1058
3588777 32562 687 779
3588778 32562 687 4370
3588779 48379 687 90
3588780 48379 687 305
3588781 48379 687 779
3588782 48379 687 4371
3588783 48379 687 6192
3588784 48379 687 4370
3588785 48379 687 11
3588786 48379 687 1058
3588793 113160 687 798
3588794 113160 687 733
3588795 113160 687 75
3588796 113160 687 77
3588797 113160 687 46
3588798 113160 687 10285
3588799 743190 687 1740
3588800 743190 687 1058
3588801 743190 687 11
3588802 743190 687 733
3588803 743190 687 75
3588804 743190 687 77
3588805 743190 687 7264
3588806 743190 687 798
3588807 24742 687 734
3588808 24742 687 104
3588809 24742 687 98
3588810 24742 687 77
3588811 24742 687 34002
3588812 729450 687 77
3588813 729450 687 734
3588814 729450 687 4370
3588815 729450 687 1058
3588819 86217 687 305
3588820 86217 687 2904
3588821 86217 687 894
3588822 86217 687 104
3588823 86217 687 734
3588824 86217 687 34002
3588825 86217 687 98
3588826 86217 687 77
3588827 86217 687 780
3588828 86217 687 2642
3588829 175972 687 1051
3588830 175972 687 507
3588831 175972 687 1019
3588832 108167 687 734
3588833 108167 687 507
3588834 108167 687 331
3588835 108167 687 2081
3588836 108167 687 6181
3588840 657036 687 254
3588841 657036 687 72
3588842 657036 687 46
3588847 537032 687 77
3588848 537032 687 104
3588849 537032 687 894
3588850 537032 687 734
3588851 537032 687 138
3588852 537032 687 1049
3588853 113164 687 4895
3588854 113164 687 1781
3588855 24757 687 46
3588856 24757 687 221
3588857 24757 687 291
3588858 24757 687 474
3588859 24757 687 188
3588860 29747 687 10285
3588861 29747 687 188
3588862 29747 687 221
3588863 50973 687 978
3588864 50973 687 77
3588865 50973 687 104
3588866 50973 687 70
3588871 266410 687 127
3588872 266410 687 29
3588873 266410 687 85248
3588874 266410 687 88058
3588875 266410 687 29605
3588876 266410 687 1019
3588877 266410 687 1113
3588878 44859 687 1021
3588879 44859 687 734
3588887 743195 687 734
3588899 44551 687 1367
3588900 44551 687 328
3588901 44551 687 286
3588915 193423 687 2013
3588916 193423 687 35148
3588917 193423 687 6257
3588918 193423 687 221
3588919 193423 687 10285
3588920 193423 687 77
3588921 39856 687 77
3588922 39856 687 4153
3588923 39856 687 104
3588924 39856 687 8820
3588930 743200 687 90
3588931 743200 687 40
3588932 743200 687 302
3588942 743203 687 72
3588943 743203 687 1058
3588944 743203 687 11
3588945 743203 687 168
3588947 51002 687 90
3588948 51002 687 1528
3588949 51002 687 77
3588950 51002 687 104
3588951 51002 687 1804
3588952 743205 687 374
3588953 743205 687 4276
3588954 88604 687 507
3588955 88604 687 90
3588956 88604 687 1322
3588957 501110 687 12
3588958 501110 687 1322
3588959 501110 687 1781
3588960 501110 687 301
3588965 558489 687 734
3588966 84298 687 46
3588967 84298 687 10285
3588968 84298 687 72
3588975 743235 687 294
3588976 743235 687 10285
3588977 743235 687 46
3588978 743207 687 733
3588979 743207 687 1137
3588980 743207 687 734
3588981 743207 687 1058
3588982 743207 687 11
3588983 743207 687 10285
3588984 743207 687 90
3588985 743207 687 12
3588986 743208 687 503
3588987 743208 687 39
3588991 743210 687 1128
3588992 743210 687 90
3588993 743210 687 294
3588994 743210 687 1560
3588995 743211 687 2456
3588996 743211 687 1322
3588997 743211 687 1051
3588998 743211 687 2220
3589017 39141 687 77
3589018 39141 687 10285
3589019 39141 687 75
3589020 39141 687 100
3589021 39141 687 4162
3589022 39141 687 72
3589023 39141 687 294
3589024 146878 687 4196
3589025 146878 687 865
3589026 146878 687 984
3589027 743217 687 2709
3589028 743217 687 4540
3589029 743217 687 46
3589030 743217 687 10285
3589031 743217 687 1056
3589032 13400 687 1322
3589033 13400 687 2220
3589034 13400 687 46358
3589035 743218 687 1939
3589046 336400 687 557
3589047 336400 687 221
3589048 336400 687 2150
3589049 36158 687 1322
3589050 36158 687 1781
3589051 36158 687 4267
3589052 36158 687 3355
3589053 743221 687 1128
3589054 743221 687 9635
3589055 1953962 687 388
3589056 1953962 687 507
3589057 1953962 687 175771
3589058 1953962 687 1058
3589059 1953962 687 11
3589060 1953962 687 7141
3589061 1953962 687 733
3589062 6156 687 734
3589063 6156 687 77
3589064 6156 687 104
3589065 6156 687 98
3589066 6156 687 34002
3589078 117168 687 77
3589079 117168 687 734
3589080 117168 687 635
3589081 117168 687 3239
3589082 743224 687 1316
3589083 743224 687 3200
3589084 743225 687 734
3589085 743225 687 388
3589086 743225 687 1058
3589087 743225 687 11
3589088 743225 687 3638
3589089 743225 687 2013
3589090 743225 687 2220
3589091 743225 687 11184
3589092 743238 687 108
3589093 743238 687 46
3589100 743240 687 254
3589101 743240 687 635
3589102 621085 687 4267
3589103 621085 687 635
3589104 621085 687 90
3589106 410781 687 6
3589107 410781 687 72
3589116 743227 687 104
3589117 743227 687 77
3589118 743227 687 829
3589119 85312 687 734
3589120 85312 687 774
3589121 137119 687 798
3589122 137119 687 7170
3589123 560035 687 221
3589124 560035 687 90
3589125 560035 687 6257
3589131 32619 687 11
3589132 32619 687 1058
3589133 32619 687 80
3589134 32619 687 77
3589135 743230 687 46
3589136 743230 687 10285
3589137 743230 687 1322
3589141 1953963 687 1781
3589142 1953963 687 10633
3589143 1953963 687 4895
3589144 1953963 687 46
3589145 1953963 687 138
3589146 743232 687 3456
3589147 743232 687 127
3589148 743232 687 734
3589149 743232 687 1245
3589150 743232 687 29
3589154 1933700 687 77
3589155 1933700 687 507
3589156 1933700 687 6161
3589157 1933700 687 1056
3589170 1953964 687 469
3589171 1953964 687 26133
3589172 1953964 687 291
3589173 1953964 687 941
3589174 1953964 687 1185
3589175 153646 687 635
3589176 153646 687 77
3589177 153646 687 46
3589178 153646 687 10285
3589181 7389 687 6
3589182 7389 687 290
3589183 7389 687 291
3589184 743244 687 77
3589185 743244 687 11856
3589186 32644 687 4328
3589187 32644 687 290
3589188 32644 687 1041
3589189 88422 687 6057
3589190 42366 687 46
3589191 42366 687 138
3589192 42366 687 4958
3589193 42366 687 1781
3589199 80269 687 734
3589200 80269 687 104
3589201 80269 687 98
3589202 80269 687 77
3589203 80269 687 34002
3589213 1953965 687 1019
3589214 1953965 687 1322
3589215 24918 687 734
3589216 24918 687 77
3589219 638796 687 77
3589220 638796 687 894
3589221 638796 687 104
3589222 638796 687 734
3589223 638796 687 34002
3589224 638796 687 4418
3589225 638796 687 374
3589226 94157 687 635
3589227 94157 687 77
3589232 743248 687 24003
3589233 743248 687 5503
3589239 17521 687 302
3589240 17521 687 27647
3589241 17521 687 1325
3589242 17521 687 1775
3589243 32658 687 77
3589244 32658 687 75
3589245 32658 687 100
3589246 32658 687 10285
3589252 29804 687 46
3589253 29804 687 10285
3589254 29804 687 90
3589255 29804 687 1775
3589259 743251 687 77
3589260 743251 687 104
3589261 743251 687 2303
3589262 743251 687 1939
3589263 743251 687 1804
3589264 743251 687 12277
3589265 743252 687 302
3589266 743252 687 90
3589267 743252 687 1322
3589268 743254 687 5197
3589269 743254 687 175772
3589270 743254 687 39
3589271 743255 687 2709
3589272 743256 687 1565
3589273 743256 687 12
3589274 743256 687 1257
3589275 743256 687 2936
3589276 743257 687 1565
3589277 743257 687 72
3589278 743257 687 2936
3589279 743258 687 829
3589288 1953966 687 829
3589289 1953966 687 104
3589290 1953966 687 545
3589291 1953966 687 72
3589292 1953966 687 77
3589293 1953966 687 294
3589294 1953966 687 1113
3589301 743261 687 829
3589302 743261 687 6229
3589303 743262 687 1679
3589304 743262 687 1528
3589305 743262 687 104
3589306 743262 687 98
3589307 743263 687 77
3589308 743263 687 34002
3589309 743263 687 1058
3589310 743263 687 4051
3589311 351526 687 77
3589312 351526 687 1430
3589313 351526 687 104
3589314 351526 687 8066
3589315 351526 687 734
3589316 743269 687 166597
3589317 743269 687 24003
3589318 743270 687 388
3589325 104728 687 7011
3589326 104728 687 374
3589329 743273 687 798
3589330 743273 687 7170
3589331 86470 687 3666
3589332 86470 687 98
3589333 86470 687 104
3589334 86470 687 1679
3589335 86470 687 2012
3589336 406711 687 894
3589337 406711 687 829
3589338 406711 687 1679
3589339 406711 687 2012
3589340 406711 687 104
3589341 406711 687 98
3589342 406711 687 3666
3589361 743278 687 70
3589362 743278 687 262
3589363 743279 687 188
3589364 743279 687 2081
3589365 743279 687 1041
3589367 743281 687 262
3589368 743281 687 70
3589369 743282 687 1565
3589370 743285 687 175774
3589371 743286 687 175734
3589372 743286 687 321
3589373 743286 687 339
3589378 1953967 687 90
3589379 1953967 687 733
3589380 1953967 687 1740
3589381 1953967 687 6128
3589382 1953967 687 9800
3589383 1953967 687 5146
3589384 1953967 687 175761
3589385 1953967 687 56
3589389 24531 687 9635
3589390 24531 687 328
3589391 24531 687 72
3589392 24531 687 287
3589393 24531 687 138
3589394 24531 687 46
3589395 24531 687 11
3589396 24531 687 1058
3589397 24531 687 6352
3589408 743293 687 2642
3589409 743293 687 2013
3589410 743293 687 8382
3589411 743293 687 10461
3589419 39161 687 23900
3589420 39161 687 3505
3589421 39161 687 290
3589422 743294 687 1141
3589423 743294 687 90
3589424 743294 687 46
3589437 25013 687 108
3589438 25013 687 46
3589439 25013 687 72
3589440 25013 687 4446
3589441 145331 687 10285
3589442 145331 687 75
3589443 145331 687 734
3589444 1953968 687 3666
3589445 1953968 687 6779
3589446 1953968 687 10281
3589452 56477 687 734
3589453 56477 687 77
3589454 56477 687 104
3589455 56477 687 98
3589456 56477 687 34002
3589459 743297 687 469
3589460 743297 687 26133
3589461 743297 687 291
3589462 743297 687 941
3589463 743297 687 1185
3589464 743298 687 469
3589465 743298 687 26133
3589466 743298 687 291
3589467 743298 687 941
3589468 743298 687 1185
3589469 32682 687 2138
3589470 32682 687 104
3589471 32682 687 894
3589472 32682 687 734
3589473 1953969 687 2138
3589474 1953969 687 734
3589475 1953969 687 829
3589476 1953969 687 894
3589477 1953969 687 104
3589478 1953969 687 90
3589479 1953969 687 34002
3589480 56494 687 734
3589481 56494 687 77
3589482 743300 687 734
3589483 743300 687 2028
3589484 743300 687 6161
3589485 743300 687 1245
3589486 743301 687 734
3589487 743301 687 2028
3589488 743301 687 635
3589489 743301 687 305
3589494 743303 687 388
3589495 743303 687 1058
3589496 743303 687 123262
3589497 743303 687 733
3589498 743303 687 901
3589508 743304 687 388
3589509 743304 687 7141
3589510 743304 687 123262
3589511 743304 687 1058
3589512 743305 687 388
3589513 743305 687 7141
3589514 743305 687 733
3589523 126730 687 563
3589524 126730 687 4490
3589525 126730 687 80
3589526 126730 687 72
3589527 126730 687 1781
3589528 126730 687 365
3589538 1953972 687 388
3589539 1953972 687 11524
3589540 1953972 687 1058
3589541 1953972 687 11
3589542 1953972 687 305
3589543 1953972 687 100384
3589544 1953972 687 175767
3589545 743307 687 388
3589546 743307 687 1058
3589547 743307 687 11524
3589548 743307 687 12213
3589549 743308 687 10285
3589550 743308 687 388
3589551 743308 687 733
3589552 743308 687 1137
3589553 413918 687 635
3589556 743310 687 46
3589557 743310 687 10285
3589558 743310 687 188
3589559 743310 687 5030
3589560 743310 687 287
3589561 743310 687 90
3589562 743310 687 527
3589565 743311 687 1740
3589566 743311 687 168
3589567 743311 687 798
3589568 743311 687 1058
3589569 743311 687 11
3589570 743311 687 10285
3589571 743311 687 733
3589572 743311 687 3568
3589573 743311 687 388
3589574 743311 687 90
3589575 1953973 687 3568
3589576 1953973 687 388
3589577 1953973 687 7141
3589578 1953973 687 733
3589579 1953973 687 75
3589580 1953973 687 1106
3589581 1953973 687 90
3589582 1953973 687 1058
3589583 1953973 687 11
3589587 743312 687 77
3589588 743312 687 34002
3589589 743312 687 734
3589590 743312 687 104
3589591 743312 687 894
3589592 743312 687 1939
3589603 619768 687 240
3589604 619768 687 5387
3589605 619768 687 2161
3589606 619768 687 77
3589607 619768 687 98
3589608 619768 687 734
3589609 619768 687 104
3589610 619768 687 2627
3589611 743315 687 100636
3589612 743315 687 173299
3589613 743315 687 77
3589614 743315 687 733
3589615 743315 687 11
3589616 743315 687 1058
3589617 743315 687 388
3589618 743315 687 734
3589619 743316 687 734
3589620 743316 687 388
3589621 743316 687 1058
3589622 743316 687 11
3589623 743316 687 733
3589624 743316 687 75
3589625 743316 687 100636
3589626 743316 687 100540
3589627 743316 687 4298
3589628 743316 687 11524
3589629 32693 687 1058
3589630 32693 687 734
3589631 32693 687 557
3589642 743317 687 388
3589643 743317 687 1058
3589644 743317 687 11
3589645 743317 687 733
3589646 743317 687 75
3589647 743317 687 11524
3589648 743317 687 9635
3589649 743317 687 4298
3589650 743317 687 4958
3589656 76287 687 1367
3589657 76287 687 291
3589658 76287 687 46
3589659 76287 687 6011
3589660 76287 687 5919
3589661 743318 687 321
3589662 743318 687 46
3589663 743318 687 175746
3589664 743319 687 779
3589665 743319 687 7705
3589666 743319 687 305
3589667 743319 687 828
3589668 743319 687 77
3589669 743319 687 11
3589670 743319 687 1058
3589685 88824 687 1731
3589686 88824 687 46
3589687 88824 687 10285
3589691 158 687 302
3589692 158 687 72
3589693 158 687 46
3589694 158 687 10285
3589695 46855 687 77
3589696 46855 687 1781
3589697 46855 687 10285
3589698 46855 687 1322
3589699 46855 687 72
3589700 729855 687 1386
3589701 729855 687 262
3589702 134818 687 175776
3589703 134818 687 321
3589704 134818 687 46
3589712 25097 687 46
3589713 25097 687 10285
3589714 25097 687 5919
3589722 743322 687 221
3589723 743322 687 6257
3589724 718565 687 734
3589725 718565 687 77
3589726 718565 687 1132
3589727 718565 687 1679
3589733 743323 687 1943
3589734 743323 687 2741
3589735 743323 687 2581
3589736 743323 687 2155
3589737 743323 687 583
3589738 743323 687 24
3589739 743323 687 175777
3589740 743323 687 2198
3589741 743323 687 1586
3589742 743323 687 25388
3589743 743323 687 2359
3589744 65066 687 820
3589745 65066 687 259
3589746 65066 687 291
3589747 65066 687 46
3589748 65066 687 290
3589749 743324 687 158044
3589750 743324 687 301
3589751 743324 687 2486
3589752 743324 687 286
3589753 743325 687 175738
3589754 743325 687 5503
3589755 743325 687 24003
3589756 62459 687 318
3589757 62459 687 4276
3589758 62459 687 301
3589759 743326 687 24003
3589760 743326 687 5503
3589769 743328 687 104
3589770 743328 687 734
3589771 743328 687 877
3589772 743328 687 1021
3589782 117545 687 240
3589783 117545 687 618
3589784 117545 687 1611
3589788 743331 687 618
3589789 743331 687 374
3589790 743331 687 2161
3589791 743331 687 1565
3589794 44753 687 240
3589795 44753 687 618
3589796 44753 687 1611
3589797 743333 687 175738
3589798 743333 687 175737
3589799 153888 687 734
3589800 153888 687 77
3589801 153888 687 1322
3589802 153888 687 4490
3589803 153888 687 643
3589816 743336 687 388
3589817 743336 687 5197
3589818 743336 687 57234
3589819 743336 687 1031
3589820 742649 687 388
3589821 742649 687 734
3589822 742649 687 12372
3589823 742649 687 2028
3589824 742649 687 1679
3589825 742649 687 2013
3589826 743337 687 388
3589827 743337 687 2013
3589828 743337 687 12372
3589829 743337 687 90
3589830 743337 687 72
3589831 743337 687 1679
3589832 743337 687 734
3589852 743341 687 388
3589853 743341 687 734
3589854 743341 687 2028
3589855 743341 687 120
3589856 743341 687 6697
3589871 86567 687 2081
3589872 86567 687 77
3589873 86567 687 734
3589874 86567 687 507
3589875 113275 687 734
3589876 113275 687 77
3589879 437014 687 734
3589880 437014 687 474
3589881 437014 687 77
3589882 437014 687 30
3589890 170918 687 374
3589891 170918 687 569
3589892 170918 687 865
3589893 170918 687 2161
3589894 170918 687 734
3589923 621322 687 318
3589924 621322 687 2993
3589925 621322 687 90
3589926 621322 687 40
3589927 621322 687 72
3589933 743351 687 734
3589934 743351 687 388
3589935 743351 687 2642
3589936 743351 687 1340
3589937 743352 687 13913
3589938 743352 687 18286
3589944 743355 687 305
3589945 743355 687 216
3589946 743355 687 10285
3589947 743355 687 46
3589948 743355 687 1781
3589952 743356 687 216
3589953 743356 687 846
3589954 743356 687 1611
3589955 743356 687 6
3589956 743356 687 291
3589960 106245 687 4267
3589961 106245 687 1781
3589962 106245 687 635
3589965 61062 687 734
3589966 61062 687 104
3589967 61062 687 635
3589968 61062 687 77
3589969 166 687 2187
3589970 166 687 388
3589971 166 687 286
3589972 166 687 40
3589973 166 687 503
3589974 743357 687 24003
3589975 743357 687 5503
3589976 86616 687 216
3589977 86616 687 305
3589990 32741 687 829
3589991 32741 687 104
3589992 32741 687 734
3589993 32741 687 8066
3589994 32741 687 77
3590012 41889 687 1056
3590013 41889 687 46
3590014 41889 687 10285
3590023 1953974 687 168
3590024 1953974 687 1528
3590025 1953974 687 734
3590033 743367 687 388
3590034 743367 687 1740
3590035 743367 687 6128
3590036 743367 687 733
3590037 743367 687 1058
3590038 743367 687 10285
3590039 743367 687 6821
3590040 743368 687 668
3590041 743370 687 175742
3590042 743370 687 1775
3590043 743371 687 668
3590044 743371 687 46
3590045 743371 687 10285
3590046 743371 687 388
3590047 743371 687 1137
3590048 743371 687 733
3590049 743371 687 507
3590066 551816 687 127
3590067 551816 687 331
3590068 551816 687 6441
3590069 551816 687 2476
3590080 363438 687 2081
3590081 363438 687 221
3590082 363438 687 3098
3590083 363438 687 127
3590084 363438 687 331
3590085 363438 687 507
3590086 569402 687 734
3590087 569402 687 1386
3590088 569402 687 305
3590089 59808 687 108
3590090 59808 687 46
3590091 59808 687 10285
3590092 59808 687 4446
3590093 59808 687 458
3590094 59808 687 5675
3590095 59808 687 138
3590096 59808 687 75
3590097 59808 687 72
3590098 59808 687 4595
3590099 59808 687 527
3590100 59808 687 474
3590102 57697 687 2456
3590103 57697 687 5824
3590104 57697 687 2187
3590105 57697 687 2723
3590106 57697 687 311
3590107 57697 687 1051
3590108 57697 687 2054
3590109 57697 687 1565
3590125 743375 687 254
3590126 743375 687 8820
3590127 743375 687 635
3590128 743375 687 1172
3590129 743375 687 1359
3590130 743376 687 2816
3590131 743376 687 221
3590138 1953975 687 1143
3590139 1953975 687 2150
3590140 1953975 687 291
