161750 46800 69 7492
161751 46801 69 7492
161754 46803 69 11534
161755 46804 69 7492
161756 46805 69 7492
161776 45779 69 188
161777 45779 69 5959
161779 46811 69 3640
161780 46811 69 1896
161781 46811 69 11538
161787 46814 69 6079
161788 46815 69 44
161789 46815 69 1033
161790 46816 69 181
161791 46816 69 11539
161792 46816 69 11540
161793 46816 69 3640
161794 46816 69 11541
161801 28946 69 4877
161803 46821 69 1138
161804 46821 69 305
161805 46821 69 11544
161812 46824 69 1138
161813 46824 69 1612
161814 46824 69 11547
161815 46825 69 4797
161816 46826 69 4797
161820 46828 69 7098
161821 46828 69 144
161824 46830 69 7098
161825 46830 69 144
161828 46832 69 2331
161832 45803 69 7492
161837 46835 69 668
161838 25277 69 668
161839 25277 69 5146
161840 25277 69 276
161841 46836 69 100
161842 46837 69 11277
161843 4185 69 104
161845 46839 69 11550
161846 46839 69 11551
161847 46839 69 1136
161848 46840 69 11277
161861 46847 69 5966
161866 46851 69 285
161869 46854 69 44
161870 46854 69 1033
161871 46855 69 3640
161872 46856 69 11552
161873 46857 69 1138
161874 46857 69 305
161875 46857 69 6399
161876 46857 69 11553
161884 46860 69 3640
161885 46860 69 7483
161886 46860 69 108
161887 46860 69 138
161888 46860 69 7270
161889 46860 69 3567
161905 46867 69 1138
161906 46867 69 10
161907 46867 69 305
161908 46867 69 11556
161923 46872 69 4797
161924 46873 69 1819
161942 46885 69 1261
161943 46885 69 798
161944 46885 69 11557
161945 46885 69 4532
161948 46887 69 11277
161949 46888 69 1138
161950 46888 69 7496
161951 23239 69 1138
161952 23239 69 6737
161953 23239 69 7280
161957 46891 69 4140
161961 46894 69 10783
161962 46894 69 4936
161963 46894 69 10024
161964 46894 69 6417
161968 46896 69 1138
161969 46896 69 79
161970 46896 69 865
161971 46896 69 5678
161972 46896 69 302
161979 45827 69 7170
161983 45856 69 11277
161991 46904 69 11277
161992 46905 69 11277
161994 41274 69 6440
161995 46907 69 108
161996 46907 69 7004
161997 46908 69 3640
161998 46909 69 1138
161999 46909 69 2742
162000 46909 69 305
162001 46910 69 6409
162002 46910 69 7866
162003 46911 69 1374
162007 46914 69 1138
162008 46914 69 7263
162009 46914 69 7496
162010 46914 69 11565
162015 46917 69 11277
162018 2147 69 10793
162019 2147 69 276
162020 46920 69 11277
162022 46922 69 1138
162023 46922 69 7612
162024 46922 69 291
162025 46922 69 1612
162033 13264 69 100
162044 46935 69 11568
162076 46952 69 6960
162077 46952 69 7305
162078 46952 69 11572
162092 46958 69 188
162093 46958 69 668
162094 46958 69 328
162095 46958 69 10071
162096 46958 69 3640
162097 46959 69 1084
162099 34762 69 961
162101 46962 69 1409
162102 46963 69 276
162103 46964 69 2749
162108 5824 69 2686
162109 46967 69 11277
162112 46969 69 6409
162113 46969 69 6384
162114 32034 69 1133
162115 32034 69 1138
162116 32034 69 10
162122 46972 69 11277
162129 46974 69 8441
162130 46974 69 11577
162131 46974 69 11578
162140 46977 69 1138
162141 46977 69 3122
162142 46977 69 4971
162144 46978 69 1138
162145 46978 69 5339
162147 46979 69 3640
162148 46979 69 108
162149 46979 69 138
162150 46979 69 6029
162153 6163 69 3640
162154 46981 69 1138
162155 46981 69 10
162156 46981 69 3481
162168 46992 69 5932
162169 46992 69 1653
162170 46992 69 6737
162172 46994 69 276
162173 46994 69 1138
162174 46994 69 935
162175 46995 69 276
162176 46995 69 1138
162177 46995 69 305
162178 46995 69 362
162179 46996 69 276
162180 46996 69 1138
162181 46996 69 30
162182 46996 69 1134
162183 46997 69 1138
162184 46997 69 2781
162185 46997 69 1144
162186 46997 69 507
162187 46997 69 127
162188 46998 69 1138
162189 46998 69 79
162190 46998 69 865
162191 46998 69 6737
162207 47005 69 1138
162208 47005 69 10
162209 47005 69 11584
162210 47005 69 6158
162213 47007 69 3640
162214 47008 69 3640
162215 47008 69 4797
162216 47008 69 104
162217 47008 69 5392
162218 47009 69 3640
162219 47009 69 529
162220 47009 69 11585
162221 47009 69 11586
162222 47009 69 11587
162223 47010 69 11588
162224 47010 69 4797
162225 47011 69 11277
162226 47012 69 11277
162238 47017 69 11277
162240 47019 69 1138
162241 47019 69 7612
162242 47019 69 291
162243 47019 69 1612
162244 47020 69 1138
162245 47020 69 11590
162246 47020 69 7310
162247 47020 69 11591
162248 47020 69 5743
162249 47021 69 11277
162250 47022 69 11277
162266 47030 69 1138
162267 47030 69 7496
162268 47030 69 10240
162273 47032 69 4797
162274 47033 69 11277
162280 47037 69 188
162281 47038 69 1138
162293 47044 69 28
162294 47044 69 8116
162295 47044 69 267
162296 47044 69 10666
162300 38321 69 10307
162301 47047 69 1138
162302 47047 69 7496
162309 32182 69 1138
162310 32182 69 188
162311 32182 69 75
162312 32182 69 11598
162320 47053 69 1138
162321 47053 69 7612
162322 47053 69 11592
162327 47056 69 1138
162328 47056 69 11599
162329 47056 69 11600
162340 47062 69 1007
162341 47063 69 1138
162342 47063 69 3640
162343 47063 69 1133
162344 47063 69 1325
162345 47064 69 1430
162358 47070 69 1138
162359 47070 69 2749
162360 47070 69 6547
162361 47070 69 1897
162362 7378 69 6880
162363 7378 69 3640
162380 47075 69 5906
162381 47075 69 11602
162385 6283 69 1076
162386 47077 69 10783
162387 47077 69 11555
162388 47077 69 11603
162389 47077 69 11604
162393 47080 69 7492
162406 2209 69 1076
162407 47087 69 4797
162410 47089 69 11277
162416 47093 69 6778
162417 47093 69 1406
162418 47093 69 11607
162419 47093 69 819
162422 47096 69 5678
162423 47096 69 259
162424 47096 69 318
162425 47096 69 1367
162426 24255 69 188
162427 24255 69 2742
162428 24255 69 1245
162433 24263 69 349
162435 47101 69 6192
162436 47102 69 2233
162442 47105 69 7225
162443 47105 69 960
162450 47109 69 4442
162456 47112 69 4797
162468 47119 69 566
162469 47119 69 1496
162470 47119 69 7239
162472 47120 69 4797
162477 32333 69 1138
162478 32333 69 11584
162479 32333 69 1136
162480 32333 69 8379
162481 47124 69 11277
162495 47132 69 1138
162496 47132 69 441
162497 47132 69 5678
162501 47134 69 1138
162502 47134 69 7612
162503 47134 69 291
162504 47134 69 1612
162507 47137 69 10319
162508 47138 69 11617
162509 47139 69 11617
162513 47141 69 1374
162517 47143 69 1007
162518 47144 69 1529
162519 47144 69 11619
162521 47145 69 545
162522 47145 69 1007
162523 47145 69 11620
162524 46476 69 1007
162527 38548 69 44
162528 38548 69 1033
162534 47151 69 11277
162549 47158 69 1138
162550 47158 69 11556
162551 47158 69 11333
162552 47159 69 1138
162553 47159 69 5339
162558 47162 69 1374
162560 47164 69 1007
162561 47164 69 2990
162566 47167 69 181
162567 47167 69 1496
162568 47167 69 9350
162573 47171 69 7492
162574 47172 69 1138
162575 47172 69 3481
162577 47173 69 11624
162578 47173 69 7492
162579 47173 69 1007
162584 47175 69 5906
162585 47176 69 5906
162588 47179 69 1138
162589 47179 69 305
162590 47179 69 5728
162591 47179 69 1037
162592 47179 69 4132
162595 32422 69 1138
162596 32422 69 1133
162597 32422 69 1325
162615 47187 69 1138
162616 47187 69 5339
162622 47189 69 1138
162623 47189 69 7496
162629 47192 69 1138
162630 47192 69 11573
162631 47193 69 1138
162632 47193 69 11573
162633 47194 69 1138
162634 47194 69 11627
162635 47194 69 10414
162636 47194 69 11628
162640 47196 69 1138
162641 47196 69 2742
162642 47196 69 6417
162643 47196 69 7284
162644 42855 69 1138
162645 42855 69 11629
162646 47197 69 1138
162647 47197 69 11630
162648 47197 69 1714
162650 47198 69 1138
162651 47198 69 7496
162652 47198 69 11631
162658 25531 69 1446
162670 47205 69 7492
162671 47206 69 1138
162672 47206 69 305
162673 47206 69 11593
162681 47210 69 1138
162682 47210 69 7496
162684 47212 69 1138
162685 47212 69 1133
162686 47212 69 1325
162696 47216 69 3640
162697 47216 69 1133
162698 47216 69 11637
162699 47216 69 3259
162700 42865 69 10
162704 47218 69 1138
162705 47218 69 1037
162706 47218 69 30
162707 47218 69 5057
162708 47219 69 1138
162709 47219 69 1446
162710 47219 69 11599
162711 47219 69 11600
162712 47219 69 1041
162713 47220 69 1138
162714 47220 69 11573
162715 47221 69 1133
162716 47221 69 5061
162717 47222 69 1138
162718 47222 69 11573
162728 47227 69 3640
162741 32499 69 1500
162742 32499 69 11640
162745 46012 69 11641
162750 47237 69 7492
162751 47238 69 11567
162752 47239 69 7492
162753 47240 69 11567
162756 47243 69 7492
162760 47245 69 1133
162761 47245 69 2922
162780 47251 69 7098
162781 47251 69 144
162784 47253 69 7492
162786 47255 69 11644
162787 47256 69 11645
162788 47257 69 11646
162789 47257 69 11647
162795 32543 69 188
162796 32543 69 75
162797 32543 69 10221
162798 32543 69 528
162802 47261 69 6409
162803 47261 69 6384
162806 47263 69 6192
162807 47263 69 1258
162808 47263 69 4555
162822 47268 69 7492
162823 46030 69 7492
162825 47270 69 7492
162826 47271 69 7492
162827 47272 69 7492
162828 47273 69 7492
162829 47274 69 7492
162830 47274 69 11651
162831 47275 69 7492
162833 47277 69 7492
162834 47279 69 11652
162835 47280 69 7492
162836 47281 69 7492
162839 47283 69 7492
162840 47283 69 4877
162844 47287 69 7492
162845 47288 69 7492
162846 47289 69 7492
162847 47290 69 7492
162848 47291 69 7492
162849 47292 69 7492
162851 47294 69 7492
162857 47298 69 11277
162860 47301 69 1138
162861 47301 69 11573
162863 47303 69 1138
162864 47304 69 1138
162865 47304 69 11559
162866 47304 69 8441
162870 10961 69 4129
162872 47307 69 7492
162873 47307 69 11654
162874 47307 69 10674
162878 47309 69 1335
162883 47311 69 1138
162884 47311 69 3481
162885 47312 69 7098
162886 47312 69 144
162887 47313 69 6767
162888 47314 69 11277
162891 47316 69 11277
162892 47317 69 1138
162893 47317 69 3481
162894 47318 69 216
162896 32642 69 1138
162897 32642 69 7612
162898 32642 69 11592
162899 47320 69 7612
162900 47320 69 381
162901 47321 69 1138
162902 47321 69 7612
162903 47321 69 1528
162904 47322 69 11655
162910 47325 69 11656
162915 47328 69 1138
162916 47328 69 362
162917 47328 69 3398
162922 47331 69 3640
162923 47331 69 6737
162924 47331 69 7280
162925 47332 69 7160
162926 47332 69 6192
162927 47332 69 829
162933 47335 69 2990
162934 46047 69 2882
162947 47341 69 10
162948 47341 69 1138
162949 47341 69 3481
162950 47342 69 3451
162952 47344 69 10
162957 47348 69 4797
162959 24976 69 4028
162960 24976 69 278
162967 47350 69 6409
162972 25354 69 4797
162975 39901 69 5906
162976 47354 69 11277
162984 47359 69 1138
162985 47359 69 6780
162988 47362 69 1138
162989 47362 69 11573
162991 47364 69 1138
162992 47364 69 441
162994 47366 69 1138
162995 47366 69 11573
162996 47367 69 1138
162997 47367 69 7921
162998 47367 69 7098
163000 158 69 44
163001 47368 69 5959
163002 47368 69 5906
163003 47369 69 11617
163004 47370 69 2904
163006 47372 69 285
163008 47373 69 285
163016 47377 69 4797
163017 47378 69 104
163018 47379 69 3640
163019 47379 69 9776
163020 47379 69 11286
163021 17013 69 1133
163022 17013 69 5057
163028 47383 69 10793
163033 47385 69 1436
163034 47385 69 5237
163035 47385 69 2940
163036 47385 69 1057
163037 47385 69 3290
163038 47386 69 11277
163043 47387 69 1138
163044 47387 69 1133
163045 47387 69 6556
163046 47387 69 2847
163047 47388 69 829
163048 47388 69 4329
163049 47388 69 11618
163050 47389 69 77
163056 47392 69 7492
163062 45954 69 960
163064 42957 69 4442
163065 47397 69 11277
163066 47398 69 11661
163067 32762 69 6953
163068 32762 69 100
163069 32762 69 4181
163070 32762 69 276
163073 47399 69 5906
