3593765 744093 690 29
3593766 744093 690 127193
3593767 34722 690 5913
3593768 34722 690 139
3593769 34722 690 285
3593772 15073 690 129
3593773 15073 690 46
3593774 15073 690 10205
3593775 15073 690 15
3593781 71984 690 15607
3593782 71984 690 2056
3593783 71984 690 583
3593784 21786 690 108
3593785 21786 690 46
3593786 744095 690 941
3593787 744095 690 2520
3593788 744095 690 2526
3593793 434766 690 633
3593794 434766 690 5697
3593795 434766 690 1344
3593796 434766 690 57126
3593797 744097 690 1191
3593798 744097 690 1723
3593799 289730 690 286
3593800 289730 690 6159
3593801 289730 690 17526
3593802 289730 690 846
3593803 289730 690 65616
3593808 11679 690 846
3593809 11679 690 638
3593810 11679 690 3151
3593811 11679 690 21
3593812 11679 690 81
3593820 744100 690 50036
3593821 744101 690 15329
3593822 744101 690 62118
3593823 156965 690 8507
3593824 156965 690 638
3593825 156965 690 748
3593826 744102 690 31969
3593827 744102 690 25257
3593828 744102 690 846
3593833 744104 690 11474
3593842 744105 690 846
3593843 744105 690 11474
3593844 744106 690 748
3593845 744106 690 139
3593846 744106 690 742
3593849 333371 690 21684
3593850 333371 690 6938
3593851 333371 690 285
3593852 1954245 690 13063
3593853 1954245 690 4028
3593854 1954245 690 8799
3593855 1954245 690 846
3593862 602856 690 6
3593863 602856 690 11104
3593864 602856 690 94864
3593874 744109 690 5231
3593877 24784 690 188
3593878 24784 690 638
3593879 24784 690 189
3593880 12899 690 16950
3593881 12899 690 633
3593882 12899 690 1937
3593883 12899 690 11
3593884 12899 690 1344
3593885 744110 690 21
3593886 744110 690 5603
3593887 744111 690 121489
3593888 744111 690 175938
3593889 744111 690 29
3593890 744111 690 2525
3593891 744111 690 28492
3593892 99015 690 941
3593893 99015 690 2520
3593894 99015 690 557
3593895 320279 690 29
3593896 320279 690 285
3593897 320279 690 188
3593898 12311 690 8328
3593899 12311 690 828
3593900 12311 690 1021
3593901 12311 690 5387
3593902 744112 690 50036
3593903 12389 690 20361
3593904 12389 690 6159
3593905 12389 690 1937
3593906 12389 690 1943
3593913 142657 690 425
3593914 142657 690 24
3593923 12657 690 137854
3593924 12657 690 311
3593925 287856 690 29571
3593926 287856 690 1565
3593927 189885 690 188
3593928 189885 690 285
3593929 189885 690 46
3593930 179066 690 45
3593931 179066 690 1937
3593932 179066 690 24
3593933 179066 690 138
3593934 179066 690 286
3593937 744117 690 996
3593938 744117 690 175940
3593939 744117 690 84510
3593940 4952 690 80
3593941 4952 690 16447
3593942 4952 690 1123
3593943 4952 690 8288
3593944 4952 690 712
3593953 744118 690 1410
3593954 744118 690 9028
3593955 744118 690 144171
3593956 19919 690 941
3593957 19919 690 2520
3593963 307181 690 108
3593964 307181 690 46
3593965 49924 690 129
3593966 49924 690 6908
3593967 49924 690 46
3593968 103790 690 29571
3593969 103790 690 1565
3593975 3264 690 15
3593976 3264 690 8507
3593977 3264 690 638
3593978 3264 690 748
3593979 3264 690 77
3593980 744121 690 8507
3593981 744121 690 139
3593982 744121 690 6908
3593983 744121 690 8932
3593984 744121 690 545
3593986 744122 690 552
3593987 744122 690 131
3593988 20173 690 16
3593989 20173 690 1383
3593990 744123 690 1707
3593991 744123 690 80
3593992 744123 690 112098
3593997 744124 690 175941
3593998 744124 690 4650
3593999 744124 690 334
3594000 486189 690 175942
3594001 486189 690 8825
3594002 486189 690 846
3594003 486189 690 11474
3594007 744125 690 3151
3594008 744125 690 836
3594015 8718 690 941
3594016 8718 690 39321
3594017 8718 690 285
3594030 744128 690 11277
3594031 744128 690 6908
3594032 744129 690 11277
3594033 744129 690 5061
3594034 744130 690 8596
3594035 744130 690 846
3594036 744130 690 1058
3594037 744130 690 1779
3594038 744131 690 25206
3594039 744131 690 1191
3594040 744131 690 40472
3594041 604548 690 1021
3594042 604548 690 734
3594043 604548 690 94750
3594049 744132 690 17671
3594050 744132 690 846
3594051 744132 690 17526
3594052 744132 690 10223
3594063 744133 690 24
3594064 744133 690 425
3594065 271756 690 18988
3594066 744134 690 685
3594067 744134 690 80
3594068 744134 690 712
3594069 744134 690 30597
3594070 406617 690 129
3594071 406617 690 46
3594072 406617 690 138
3594073 1949589 690 188
3594074 1949589 690 527
3594075 1949589 690 2705
3594076 13590 690 2550
3594077 13590 690 359
3594089 274900 690 108
3594090 274900 690 46
3594091 106924 690 464
3594092 106924 690 926
3594093 106924 690 81
3594094 744138 690 175944
3594095 744138 690 941
3594096 744138 690 15807
3594097 69826 690 2690
3594098 69826 690 2056
3594099 69826 690 30694
3594103 744139 690 1367
3594104 744139 690 16943
3594113 130671 690 16943
3594114 130671 690 131
3594115 130671 690 129
3594116 130671 690 1117
3594117 377433 690 6689
3594118 377433 690 742
3594119 377433 690 374
3594120 377433 690 638
3594121 377433 690 748
3594122 73336 690 29571
3594123 73336 690 1565
3594128 486596 690 464
3594129 486596 690 10205
3594130 104992 690 4076
3594131 104992 690 4235
3594132 104992 690 168286
3594135 744142 690 16272
3594136 744142 690 5231
3594137 744142 690 742
3594143 347218 690 54
3594149 14054 690 3762
3594150 14054 690 307
3594151 14054 690 2892
3594152 334783 690 2331
3594153 334783 690 1808
3594156 460372 690 11474
3594157 118228 690 15807
3594158 118228 690 2152
3594164 14187 690 1653
3594165 14187 690 5932
3594166 14187 690 3762
3594167 14187 690 3487
3594168 14187 690 1126
3594174 744146 690 3151
3594175 744146 690 285
3594176 744146 690 846
3594186 278679 690 21
3594187 278679 690 4256
3594188 278679 690 99650
3594189 167396 690 129
3594190 167396 690 31643
3594195 744149 690 8825
3594196 744149 690 846
3594197 744149 690 32054
3594200 180821 690 138
3594201 180821 690 139
3594202 180821 690 287
3594203 180821 690 599
3594211 744153 690 175948
3594212 744154 690 1723
3594213 744154 690 5015
3594214 744154 690 25206
3594226 14564 690 464
3594227 744157 690 34261
3594228 744157 690 17965
3594229 744157 690 638
3594230 744158 690 254
3594231 744158 690 638
3594232 47916 690 6908
3594233 47916 690 3145
3594234 47916 690 1846
3594235 252194 690 13862
3594236 252194 690 4124
3594237 252194 690 144171
3594238 744159 690 1263
3594239 744159 690 175949
3594240 744159 690 846
3594241 744159 690 8825
3594242 744160 690 1117
3594243 744160 690 527
3594244 744160 690 108
3594245 744160 690 46
3594246 744160 690 638
3594247 274111 690 52227
3594248 274111 690 523
3594249 274111 690 1274
3594254 173789 690 79
3594255 32117 690 1937
3594256 32117 690 285
3594257 32117 690 46
3594258 32117 690 2902
3594259 32117 690 2404
3594260 671241 690 4496
3594261 671241 690 2576
3594262 671241 690 54
3594263 297948 690 175944
3594264 297948 690 334
3594265 297948 690 2892
3594266 297948 690 15807
3594276 13907 690 2892
3594277 13907 690 285
3594278 13907 690 44
3594282 744165 690 3762
3594283 744165 690 2680
3594284 744165 690 307
3594287 744167 690 1058
3594288 744167 690 9108
3594289 744167 690 753
3594290 744167 690 11
3594291 744167 690 926
3594292 744167 690 545
3594293 250786 690 188
3594294 250786 690 46
3594295 250786 690 1937
3594296 250786 690 286
3594297 250786 690 5924
3594303 198451 690 100
3594304 198451 690 4162
3594305 198451 690 11024
3594306 198451 690 30
3594307 198451 690 75
3594308 6881 690 3558
3594309 6881 690 188
3594317 148151 690 311
3594318 148151 690 21
3594319 148151 690 926
3594320 148151 690 1123
3594321 148151 690 583
3594322 148151 690 4503
3594336 744174 690 3151
3594337 744174 690 29378
3594338 744174 690 20654
3594339 744174 690 51416
3594343 744176 690 1058
3594344 744176 690 753
3594345 744176 690 77
3594346 744176 690 9108
3594350 381930 690 941
3594351 381930 690 21
3594352 381930 690 311
3594354 501 690 168286
3594355 501 690 54
3594356 744178 690 846
3594357 744178 690 11474
3594358 744178 690 77
3594359 744178 690 3151
3594360 744178 690 86710
3594361 744178 690 13600
3594364 419584 690 742
3594365 419584 690 175955
3594366 419584 690 41794
3594367 744180 690 34694
3594368 744180 690 175945
3594369 744180 690 175946
3594370 744180 690 742
3594371 744180 690 846
3594379 744183 690 29
3594380 744183 690 100245
3594383 744185 690 3200
3594384 744185 690 15807
3594385 744185 690 45223
3594386 79960 690 941
3594387 79960 690 2520
3594388 79960 690 221
3594389 279413 690 941
3594394 7313 690 21
3594395 7313 690 781
3594396 7313 690 6125
3594397 7313 690 2236
3594402 744186 690 3762
3594403 744186 690 307
3594404 744186 690 2892
3594405 744187 690 2056
3594406 744187 690 798
3594407 744187 690 4715
3594408 744187 690 26560
3594409 1373226 690 175954
3594410 1373226 690 2486
3594411 1373226 690 164
3594420 1954247 690 941
3594421 1954247 690 39
3594422 265794 690 139
3594423 265794 690 285
3594433 744191 690 11474
3594434 744191 690 846
3594435 744191 690 8850
3594436 198997 690 21
3594437 198997 690 13862
3594438 198997 690 1643
3594439 133664 690 1653
3594440 133664 690 3762
3594441 133664 690 9108
3594442 133664 690 13862
3594443 133664 690 307
3594453 394679 690 3233
3594454 394679 690 12233
3594455 394679 690 285
3594468 744195 690 552
3594469 744195 690 131
3594470 744195 690 285
3594473 324458 690 175957
3594474 324458 690 941
3594475 744197 690 16124
3594476 744197 690 5490
3594480 193100 690 144171
3594481 193100 690 9028
3594482 184692 690 100
3594483 184692 690 11992
3594484 184692 690 1410
3594485 16713 690 54
3594486 16713 690 4235
3594487 16713 690 168286
3594488 16713 690 3
3594500 744201 690 11992
3594501 744201 690 144171
3594502 744201 690 1263
3594511 74601 690 2859
3594512 74601 690 10205
3594513 74601 690 285
3594514 159780 690 467
3594515 159780 690 22009
3594516 159780 690 1284
3594519 744203 690 61657
3594520 744203 690 15310
3594521 744203 690 139
3594522 744203 690 8850
3594523 744203 690 1058
3594530 193145 690 846
3594531 193145 690 77
3594532 193145 690 3151
3594533 193145 690 8850
3594534 193145 690 374
3594535 193145 690 2177
3594536 1954250 690 846
3594537 1954250 690 1176
3594538 1954250 690 1178
3594539 1954250 690 25257
3594540 721577 690 13862
3594541 721577 690 753
3594542 721577 690 9108
3594543 721577 690 139
3594552 74624 690 221
3594553 74624 690 941
3594554 74624 690 24
3594555 744205 690 5913
3594556 744205 690 11474
3594557 744205 690 139
3594561 744206 690 9108
3594562 744206 690 753
3594563 744206 690 11
3594564 744206 690 545
3594565 744207 690 545
3594566 744207 690 753
3594567 744207 690 9108
3594568 744207 690 11
3594573 276498 690 3558
3594574 276498 690 4108
3594575 337931 690 941
3594576 337931 690 2520
3594577 337931 690 15807
3594578 744210 690 9015
3594579 744210 690 6125
3594580 744210 690 1263
3594581 744211 690 1707
3594582 744211 690 80
3594583 1916252 690 527
3594584 1916252 690 286
3594589 744213 690 8825
3594590 744213 690 846
3594591 744213 690 39321
3594592 744213 690 11474
3594595 744215 690 129
3594596 744215 690 46
3594603 337941 690 30248
3594604 337941 690 3762
3594605 337941 690 603
3594606 337941 690 552
3594612 1954251 690 846
3594613 1954251 690 31969
3594614 1954251 690 4209
3594625 74848 690 24
3594626 74848 690 467
3594627 1954253 690 846
3594628 1954253 690 25257
3594629 1954253 690 1057
3594637 36792 690 11
3594638 36792 690 10205
3594639 744219 690 175939
3594640 744219 690 175959
3594641 744219 690 4235
3594647 744222 690 16969
3594648 744222 690 175954
3594649 744222 690 15798
3594652 744223 690 16673
3594653 744223 690 846
3594654 307914 690 16943
3594655 307914 690 131
3594656 744224 690 3762
3594657 744224 690 307
3594658 744224 690 131
3594660 193246 690 552
3594661 193246 690 27394
3594666 744227 690 3762
3594667 744227 690 603
3594674 744229 690 121489
3594675 744229 690 4636
3594676 744229 690 4044
3594677 744230 690 121489
3594678 744230 690 618
3594679 744230 690 926
3594680 744231 690 139965
3594681 744231 690 121489
3594688 369873 690 5076
3594689 369873 690 16943
3594690 369873 690 54
3594691 744234 690 54
3594692 744235 690 144171
3594693 744235 690 139
3594696 436541 690 100
3594697 436541 690 6908
3594698 436541 690 118
3594699 105792 690 3015
3594700 105792 690 2795
3594708 17453 690 21684
3594709 17453 690 144171
3594710 17453 690 13862
3594711 29675 690 131
3594712 29675 690 285
3594713 256479 690 21
3594714 256479 690 638
3594715 256479 690 81
3594716 744238 690 168286
3594717 744238 690 4235
3594718 744238 690 54
3594723 185658 690 11992
3594724 185658 690 1058
3594725 185658 690 638
3594726 185658 690 104
3594731 744240 690 6425
3594732 744240 690 4028
3594733 744240 690 638
3594734 744240 690 1937
3594745 704747 690 16969
3594746 704747 690 941
3594747 704747 690 2520
3594748 704747 690 557
3594749 53871 690 189
3594750 53871 690 188
3594751 53871 690 44
3594752 53871 690 46
3594753 721969 690 1178
3594754 721969 690 2762
3594755 721969 690 742
3594756 721969 690 1779
3594757 721969 690 1176
3594758 721969 690 846
3594759 744241 690 846
3594760 744241 690 8850
3594767 744244 690 15
3594768 744244 690 2131
3594769 29730 690 16447
3594770 29730 690 374
3594771 29730 690 8459
3594772 29730 690 8084
3594773 412426 690 1057
3594774 412426 690 1808
3594775 412426 690 846
3594776 251254 690 557
3594777 251254 690 49611
3594778 744245 690 633
3594779 744245 690 11
3594780 744245 690 1344
3594784 744246 690 11
3594785 744246 690 753
3594786 744246 690 1058
3594787 744246 690 118
3594788 160134 690 188
3594789 160134 690 3558
3594790 160134 690 374
3594791 160134 690 4496
3594792 160135 690 1771
3594793 744247 690 552
3594801 744250 690 16943
3594802 744250 690 131
3594803 744250 690 5924
3594804 1954255 690 9015
3594805 1954255 690 139
3594806 1954255 690 2161
3594807 744251 690 846
3594808 744251 690 941
3594809 744251 690 3151
3594810 744251 690 334
3594811 744251 690 51416
3594816 744253 690 29
3594828 744256 690 168286
3594829 744256 690 4235
3594830 744256 690 54
3594831 1954256 690 9015
3594832 1954256 690 139
3594833 1954256 690 885
3594834 744257 690 175962
3594835 744257 690 4068
3594836 320639 690 4309
3594837 320639 690 1123
3594838 320639 690 254
3594839 320639 690 1172
3594843 744258 690 359
3594844 744258 690 1554
3594845 744258 690 15043
3594846 397918 690 276
3594847 397918 690 4750
3594848 397918 690 638
3594849 397918 690 285
3594850 397918 690 1021
3594851 397918 690 44
3594852 744259 690 29
3594853 744259 690 6279
3594854 744259 690 175963
3594855 744259 690 167370
3594859 744260 690 3151
3594860 744260 690 1779
3594861 744260 690 507
3594865 148218 690 3762
3594866 148218 690 307
3594867 148218 690 285
3594873 1954257 690 1191
3594878 744264 690 286
3594879 744264 690 7008
3594880 744264 690 941
3594881 744265 690 557
3594882 744265 690 552
3594883 744265 690 131
3594888 744266 690 941
3594889 744266 690 21684
3594890 744266 690 10205
3594891 744266 690 285
3594892 744267 690 21333
3594893 744267 690 15
3594897 744269 690 1643
3594898 744269 690 39321
3594899 744269 690 4682
3594906 531514 690 25257
3594907 531514 690 77
3594908 531514 690 19168
3594914 9174 690 1191
3594917 744271 690 11
3594918 744271 690 100
3594921 744273 690 6
3594922 744273 690 638
3594923 744274 690 112098
3594924 744274 690 286
3594925 744275 690 8825
3594926 744275 690 3151
3594927 744275 690 8850
3594928 744275 690 31972
3594929 744275 690 2762
3594930 744275 690 77
3594934 187199 690 16014
3594935 744276 690 11474
3594952 744280 690 129
3594953 744280 690 46
3594954 744281 690 175939
3594955 744281 690 168286
3594956 744281 690 15
3594957 22465 690 6050
3594958 22465 690 108
3594959 22465 690 46
3594964 744291 690 36190
3594965 744291 690 11474
3594972 744279 690 11474
3594973 104128 690 557
3594974 104128 690 1284
3594980 744282 690 11
3594981 744283 690 941
3594982 744283 690 334
3594983 744283 690 2525
3594984 1954259 690 1191
3594985 1954259 690 28492
3594986 1954259 690 16969
3594989 280654 690 20539
3594990 280654 690 46725
3594991 744284 690 16969
3594992 744284 690 175964
3594993 744284 690 29
3594994 744284 690 2526
3594998 744285 690 31704
3594999 744285 690 28492
3595000 744285 690 3190
3595001 744286 690 175954
3595002 744286 690 16969
3595003 744286 690 164
3595007 744287 690 8507
3595008 744287 690 285
3595016 427204 690 80
3595017 427204 690 712
3595018 117591 690 15
3595019 117591 690 175948
3595020 117591 690 467
3595023 45761 690 36190
3595024 45761 690 139
3595025 744292 690 334
3595029 744294 690 525
3595030 744294 690 46
3595031 744294 690 129
3595032 744294 690 867
3595033 27173 690 941
3595034 27173 690 221
3595035 27173 690 4235
