1540 797 7 35
1541 797 7 451
1542 797 7 452
1543 797 7 79
1544 798 7 453
1545 798 7 321
1546 798 7 274
1556 800 7 3
1557 800 7 294
1558 800 7 152
1559 800 7 7
1573 804 7 453
1574 805 7 449
1575 805 7 461
1576 805 7 292
1577 805 7 451
1586 126 7 466
1587 126 7 7
1588 126 7 79
1589 126 7 8
1590 126 7 285
1591 126 7 3
1592 126 7 136
1593 126 7 451
1597 811 7 7
1598 811 7 449
1599 811 7 469
1600 811 7 451
1611 816 7 264
1612 816 7 3
1613 816 7 79
1614 817 7 292
1615 817 7 274
1616 817 7 138
1617 817 7 449
1618 817 7 7
1628 455 7 455
1629 455 7 466
1630 455 7 477
1631 455 7 457
1632 455 7 242
1633 455 7 7
1634 455 7 292
1635 455 7 474
1636 455 7 35
1637 455 7 79
1638 455 7 139
1639 455 7 478
1640 455 7 255
1641 455 7 479
1642 820 7 321
1643 820 7 35
1644 820 7 453
1650 823 7 283
1651 823 7 481
1652 823 7 7
1653 823 7 482
1660 826 7 485
1661 826 7 343
1662 826 7 287
1663 826 7 12
1664 826 7 451
1665 826 7 486
1682 29 7 259
1683 29 7 285
1684 29 7 3
1685 29 7 138
1686 831 7 492
1687 831 7 493
1688 831 7 494
1689 831 7 282
1693 833 7 480
1705 836 7 7
1706 836 7 287
1707 836 7 138
1708 836 7 451
1715 840 7 321
1739 848 7 302
1740 848 7 7
1741 848 7 334
1742 848 7 79
1743 848 7 139
1744 848 7 510
1745 848 7 469
1746 848 7 3
1747 848 7 451
1754 46 7 7
1755 46 7 255
1756 46 7 242
1757 852 7 506
1758 852 7 7
1759 852 7 457
1760 852 7 285
1761 852 7 79
1762 852 7 466
1763 852 7 44
1764 852 7 3
1778 856 7 7
1779 856 7 8
1780 856 7 255
1781 856 7 285
1782 856 7 54
1783 856 7 12
1784 856 7 4
1785 51 7 7
1786 51 7 8
1787 51 7 518
1788 51 7 481
1789 51 7 451
1796 860 7 285
1797 861 7 520
1806 863 7 12
1807 863 7 137
1808 863 7 138
1809 863 7 523
1810 863 7 301
1811 863 7 4
1812 863 7 451
1813 863 7 287
1814 863 7 504
1822 866 7 292
1823 866 7 72
1828 869 7 451
1829 869 7 294
1830 869 7 79
1831 869 7 139
1836 871 7 3
1837 871 7 35
1876 884 7 79
1877 884 7 3
1878 884 7 540
1879 884 7 449
1880 885 7 182
1881 885 7 287
1882 885 7 328
1883 885 7 504
1884 885 7 541
1888 887 7 125
1889 887 7 44
1890 887 7 131
1891 887 7 542
1892 887 7 3
1893 887 7 275
1894 888 7 35
1895 146 7 240
1896 146 7 302
1897 146 7 138
1898 146 7 292
1899 146 7 343
1900 889 7 79
1901 889 7 139
1902 889 7 3
1907 891 7 449
1908 891 7 524
1909 891 7 453
1910 891 7 321
1933 901 7 548
1934 901 7 23
1942 72 7 294
1943 72 7 139
1944 72 7 79
1945 72 7 7
1946 72 7 292
1947 72 7 295
1953 905 7 228
1954 905 7 550
1955 905 7 551
1956 905 7 530
1957 496 7 545
1958 496 7 28
1959 496 7 117
1960 496 7 72
1961 496 7 44
1962 496 7 13
1963 496 7 300
1964 496 7 552
1965 906 7 23
1966 906 7 295
1967 906 7 79
1968 906 7 343
1992 501 7 54
1993 501 7 311
1994 501 7 79
1995 501 7 139
1996 501 7 240
1997 501 7 3
1998 501 7 451
2006 917 7 563
2007 917 7 365
2013 920 7 292
2014 920 7 449
2015 920 7 470
2016 921 7 451
2017 921 7 567
2018 921 7 547
2052 931 7 79
2053 931 7 139
2054 931 7 240
2055 931 7 3
2059 934 7 3
2060 934 7 523
2061 934 7 451
2062 934 7 139
2063 934 7 575
2071 936 7 4
2072 936 7 276
2073 936 7 23
2074 936 7 292
2078 938 7 28
2079 938 7 44
2080 938 7 579
2095 941 7 79
2096 941 7 139
2097 941 7 451
2102 943 7 480
2103 943 7 100
2104 943 7 302
2105 943 7 3
2108 945 7 457
2109 945 7 7
2110 945 7 587
2111 945 7 588
2112 945 7 79
2113 945 7 455
2114 946 7 457
2115 946 7 79
2116 946 7 455
2117 946 7 481
2131 950 7 453
2132 950 7 35
2133 449 7 44
2134 449 7 138
2135 449 7 301
2136 449 7 583
2153 955 7 79
2154 955 7 139
2155 955 7 451
2156 955 7 3
2157 955 7 240
2158 955 7 302
2159 956 7 451
2160 956 7 466
2161 956 7 457
2162 956 7 79
2163 956 7 7
2164 956 7 117
2172 958 7 72
2173 958 7 599
2174 958 7 356
2175 958 7 137
2176 958 7 485
2177 958 7 138
2178 958 7 287
2179 958 7 470
2180 958 7 292
2181 958 7 328
2182 958 7 301
2183 958 7 334
2184 958 7 139
2185 958 7 285
2186 958 7 44
2187 959 7 506
2188 959 7 7
2189 959 7 600
2190 959 7 8
2191 959 7 601
2192 959 7 602
2193 960 7 477
2194 960 7 137
2195 960 7 328
2196 960 7 287
2197 960 7 138
2198 960 7 274
2199 960 7 134
2208 128 7 23
2209 128 7 79
2210 128 7 139
2214 964 7 79
2215 964 7 139
2216 964 7 603
2217 964 7 451
2219 966 7 79
2220 966 7 139
2221 966 7 474
2222 966 7 7
2223 966 7 54
2224 966 7 469
2225 967 7 35
2226 967 7 451
2227 967 7 79
2228 967 7 139
2229 968 7 79
2230 968 7 139
2231 968 7 334
2232 968 7 7
2244 973 7 117
2245 973 7 255
2246 973 7 7
2247 973 7 131
2248 973 7 451
2252 975 7 8
2253 975 7 255
2254 975 7 7
2255 976 7 334
2256 976 7 255
2257 976 7 607
2258 976 7 449
2259 976 7 470
2260 976 7 7
2274 978 7 79
2275 978 7 139
2276 978 7 125
2277 978 7 3
2278 979 7 79
2279 979 7 264
2280 979 7 23
2323 991 7 614
2324 991 7 79
2325 991 7 139
2326 991 7 343
2327 991 7 615
2328 992 7 616
2329 992 7 302
2330 992 7 3
2331 992 7 79
2340 995 7 451
2341 995 7 617
2350 556 7 460
2351 556 7 618
2352 556 7 4
2353 556 7 274
2354 556 7 619
2355 556 7 620
2356 997 7 460
2357 997 7 453
2358 998 7 451
2359 998 7 481
2360 998 7 482
2361 999 7 87
2362 999 7 552
2363 999 7 621
2364 999 7 622
2365 1000 7 255
2366 1000 7 538
2367 1000 7 125
2368 1000 7 623
2369 1000 7 302
2370 1000 7 457
2371 1000 7 292
2372 1000 7 79
2373 1000 7 8
