3730918 270544 710 76259
3730922 766468 710 57101
3730923 766468 710 4818
3730924 766468 710 311
3730927 766470 710 4395
3730928 766470 710 15318
3730929 766471 710 181103
3730930 766471 710 181104
3730931 766471 710 5989
3730945 766477 710 13246
3730946 766477 710 23447
3730947 766477 710 2155
3730948 766477 710 29516
3730949 766478 710 1760
3730950 766478 710 82563
3730951 766479 710 4002
3730952 766479 710 20481
3730953 766479 710 181106
3730954 766479 710 1191
3730957 766480 710 1191
3730961 766482 710 4395
3730962 766482 710 15318
3730966 45808 710 3394
3730967 45808 710 5678
3730968 45808 710 3159
3730980 766487 710 181104
3730981 766487 710 15445
3730984 766489 710 83652
3730985 766489 710 4034
3730986 766489 710 147260
3730987 766489 710 143520
3730990 766492 710 359
3730991 766493 710 24014
3730992 766493 710 3617
3730993 766493 710 17281
3730999 766494 710 614
3731000 766494 710 27282
3731001 766495 710 150975
3731002 766495 710 181110
3731007 328391 710 2330
3731008 328391 710 3367
3731009 766498 710 58745
3731010 766498 710 895
3731011 766499 710 30699
3731012 766500 710 3394
3731013 766500 710 35328
3731014 766501 710 2987
3731015 766501 710 41418
3731016 766501 710 20496
3731017 766501 710 17589
3731018 1955381 710 95060
3731019 1955381 710 19896
3731024 766504 710 27897
3731026 766506 710 79841
3731027 766506 710 614
3731028 766506 710 992
3731029 766506 710 181114
3731030 766506 710 1191
3731031 766507 710 1191
3731032 766507 710 614
3731033 766507 710 29403
3731034 766507 710 77215
3731035 766508 710 43428
3731036 766508 710 46436
3731037 766508 710 57461
3731038 766508 710 10281
3731039 766508 710 19896
3731040 1955382 710 124382
3731041 1955382 710 12371
3731042 766509 710 3394
3731043 766509 710 1033
3731044 766509 710 5237
3731045 766509 710 34000
3731057 766514 710 181115
3731058 684039 710 181115
3731064 766516 710 1191
3731065 766516 710 49602
3731071 766519 710 5015
3731072 766519 710 1191
3731077 766522 710 181117
3731078 766522 710 181118
3731079 766523 710 62076
3731080 766523 710 66894
3731081 766524 710 5406
3731082 766524 710 168
3731088 1955383 710 3394
3731089 1955383 710 8563
3731090 1955383 710 75
3731093 613845 710 104
3731094 613845 710 6690
3731095 613845 710 12213
3731096 613845 710 2795
3731108 766530 710 23447
3731109 766530 710 2155
3731110 766530 710 30699
3731111 766531 710 1191
3731112 766531 710 27282
3731118 766534 710 1191
3731119 766534 710 22838
3731122 766536 710 43186
3731123 766536 710 1191
3731124 766537 710 113689
3731125 766537 710 19747
3731126 766537 710 1191
3731135 240690 710 12371
3731136 240690 710 1453
3731137 766542 710 23720
3731138 766542 710 4023
3731139 766543 710 24355
3731140 766543 710 10368
3731141 766543 710 2429
3731142 766544 710 1191
3731143 766544 710 181120
3731144 766545 710 5015
3731145 766545 710 1191
3731146 288668 710 41041
3731147 288668 710 12371
3731148 766546 710 181121
3731149 766546 710 4132
3731150 766546 710 1918
3731151 766546 710 39157
3731160 13269 710 4004
3731161 13269 710 181122
3731164 122285 710 27698
3731165 122285 710 825
3731166 122285 710 1739
3731172 766552 710 181123
3731173 766552 710 181124
3731174 766552 710 181125
3731183 13369 710 10281
3731184 13369 710 10071
3731185 13369 710 6272
3731186 766556 710 83652
3731187 766556 710 4034
3731188 766556 710 9438
3731192 766558 710 1669
3731193 766558 710 181128
3731204 604606 710 1321
3731205 604606 710 155047
3731206 766563 710 996
3731207 766563 710 1403
3731208 766563 710 83333
3731209 766563 710 57561
3731222 348980 710 992
3731223 348980 710 769
3731224 348980 710 846
3731225 348980 710 1445
3731226 348980 710 638
3731227 766568 710 4116
3731228 766568 710 1191
3731229 766569 710 5015
3731230 766569 710 1191
3731231 766570 710 1058
3731232 766570 710 3159
3731233 766570 710 1106
3731234 766570 710 727
3731235 190517 710 307
3731236 190517 710 3617
3731239 766572 710 4395
3731240 766572 710 15318
3731241 766573 710 1191
3731242 766574 710 181133
3731243 766574 710 311
3731244 655255 710 12371
3731245 655255 710 6285
3731246 655255 710 34510
3731247 766575 710 150563
3731248 766575 710 13792
3731249 766575 710 92002
3731250 766575 710 26811
3731256 470053 710 4943
3731257 470053 710 13914
3731258 766578 710 6757
3731259 766578 710 8746
3731260 494459 710 1819
3731261 494459 710 2376
3731262 494459 710 5464
3731263 766579 710 1819
3731264 766579 710 2680
3731265 766579 710 181134
3731266 130863 710 221
3731267 130863 710 3160
3731268 130863 710 3159
3731272 1955386 710 276
3731273 1955386 710 928
3731274 1955386 710 17281
3731277 766582 710 1191
3731278 766583 710 4395
3731279 766583 710 15318
3731280 766584 710 3394
3731281 766584 710 181135
3731282 766584 710 10761
3731283 766585 710 6757
3731284 766585 710 27254
3731285 766585 710 1502
3731294 349131 710 883
3731295 349131 710 25513
3731296 349131 710 181137
3731297 349131 710 1743
3731298 766589 710 181138
3731299 766589 710 1321
3731300 766589 710 1178
3731301 766590 710 137519
3731302 766590 710 614
3731303 766591 710 1191
3731304 766591 710 968
3731305 766591 710 105854
3731325 766594 710 19896
3731326 766594 710 30679
3731327 766594 710 20950
3731328 766595 710 7291
3731329 766595 710 65331
3731332 766596 710 25467
3731333 766596 710 2199
3731334 766596 710 25843
3731337 766598 710 83652
3731338 766598 710 4034
3731339 766598 710 9438
3731342 766600 710 181140
3731343 766600 710 3760
3731344 766600 710 4174
3731347 766603 710 3394
3731348 766603 710 8171
3731349 766603 710 1053
3731350 349179 710 40257
3731351 349179 710 2442
3731356 766604 710 54438
3731357 766604 710 730
3731358 766604 710 915
3731371 766611 710 730
3731372 766611 710 9699
3731373 766611 710 264
3731374 766611 710 4284
3731377 766613 710 2008
3731378 766613 710 1917
3731382 766615 710 27897
3731384 766617 710 3811
3731385 766617 710 3443
3731386 766617 710 264
3731387 766617 710 1021
3731388 766617 710 1560
3731399 766621 710 3862
3731400 32142 710 4127
3731401 32142 710 10238
3731402 32142 710 4369
3731403 32142 710 4101
3731404 766623 710 992
3731405 766623 710 846
3731406 766623 710 638
3731407 766623 710 6552
3731408 766624 710 6757
3731409 766624 710 6826
3731410 766625 710 181142
3731411 766625 710 30699
3731412 766625 710 507
3731414 766627 710 4272
3731415 766627 710 112770
3731420 766628 710 3394
3731421 766628 710 5251
3731422 766628 710 1430
3731423 766628 710 19912
3731428 766629 710 3394
3731429 766629 710 859
3731432 766631 710 7291
3731433 766631 710 65331
3731438 766634 710 1191
3731441 766635 710 4395
3731442 766635 710 15318
3731445 766637 710 22838
3731446 766637 710 6226
3731447 766637 710 13007
3731452 79883 710 181144
3731453 79883 710 13981
3731454 79883 710 4174
3731455 79883 710 1191
3731456 766640 710 181102
3731460 766643 710 4699
3731461 766643 710 19896
3731464 766645 710 84370
3731465 766645 710 181145
3731466 766645 710 164435
3731467 766645 710 181146
3731468 766646 710 104
3731469 766646 710 181147
3731470 766647 710 6672
3731471 766647 710 2047
3731474 766649 710 83652
3731475 766649 710 4034
3731476 766650 710 12371
3731477 766650 710 24152
3731478 766650 710 8498
3731482 1955406 710 3394
3731483 1955406 710 75
3731484 1955406 710 2441
3731485 766652 710 734
3731486 766652 710 39558
3731487 766652 710 1313
3731495 766656 710 5251
3731496 766656 710 6757
3731497 766656 710 8746
3731500 766658 710 181151
3731501 766658 710 41438
3731502 766658 710 28149
3731503 766659 710 57101
3731504 766659 710 1016
3731505 766659 710 27573
3731507 766661 710 1191
3731508 766661 710 9700
3731509 766662 710 181152
3731520 766666 710 992
3731521 766666 710 846
3731522 766666 710 638
3731523 766666 710 6552
3731524 766666 710 13817
3731525 766666 710 22380
3731530 766669 710 12371
3731531 766669 710 12165
3731538 766673 710 12371
3731539 766673 710 12997
3731540 766673 710 7004
3731541 766674 710 76330
3731542 766674 710 10761
3731543 766676 710 19896
3731544 766676 710 2140
3731545 766677 710 98653
3731546 766677 710 4639
3731570 766684 710 15934
3731571 766684 710 3617
3731572 766684 710 4132
3731573 766684 710 20467
3731578 766687 710 4978
3731579 766687 710 77215
3731580 766687 710 4174
3731581 766687 710 1191
3731589 766690 710 4132
3731590 766690 710 95269
3731607 766697 710 181148
3731608 766697 710 19896
3731609 766698 710 12371
3731610 766698 710 53414
3731611 766698 710 5909
3731614 766700 710 22275
3731615 766700 710 8446
3731616 766701 710 5231
3731617 766701 710 24420
3731618 766702 710 1669
3731619 766702 710 181159
3731620 766703 710 730
3731621 766703 710 3312
3731629 766706 710 29
3731630 766706 710 4132
3731631 766707 710 4699
3731632 766707 710 30699
3731633 766707 710 26278
3731653 766713 710 76330
3731654 766713 710 19639
3731655 766714 710 76330
3731656 766714 710 19639
3731665 331446 710 3811
3731666 331446 710 3443
3731667 331446 710 730
3731668 331446 710 4157
3731671 766717 710 181162
3731672 766717 710 12371
3731685 766722 710 47275
3731686 766722 710 65878
3731687 766723 710 4174
3731688 766723 710 160267
3731691 766726 710 30699
3731692 766726 710 20461
3731702 193115 710 5362
3731703 193115 710 3160
3731704 193115 710 3159
3731709 766732 710 18192
3731710 766732 710 3159
3731711 766733 710 4431
3731712 766733 710 13237
3731713 1955412 710 3394
3731714 1955412 710 6737
3731715 1955412 710 3160
3731716 1955412 710 3159
3731718 766736 710 157744
3731719 766736 710 112753
3731723 766739 710 18192
3731724 766739 710 10119
3731725 766740 710 4132
3731726 766740 710 8359
3731727 766741 710 1560
3731728 766741 710 3811
3731729 766741 710 3443
3731731 766743 710 4023
3731732 766743 710 19852
3731735 766745 710 57566
3731736 766745 710 2138
3731741 766747 710 181165
3731742 766747 710 4699
3731743 766747 710 19896
3731745 766749 710 18192
3731746 766749 710 1176
3731766 766758 710 3216
3731767 766758 710 4023
3731768 766758 710 3743
3731769 766759 710 1060
3731770 766759 710 4640
3731771 766759 710 30
3731772 766760 710 169011
3731773 766760 710 1191
3731797 766764 710 57101
3731798 766764 710 3609
3731799 443285 710 1138
3731803 766767 710 181126
3731804 766767 710 29419
3731805 766767 710 1795
3731806 766768 710 44574
3731807 766768 710 20481
3731808 766768 710 92912
3731809 366965 710 4177
3731810 366965 710 294
3731811 766769 710 83652
3731812 766769 710 4034
3731813 766769 710 78740
3731814 766770 710 614
3731815 766770 710 992
3731816 766770 710 968
3731817 766770 710 1191
3731818 766771 710 4177
3731819 766771 710 39731
3731820 766771 710 112125
3731821 766771 710 6942
3731841 766777 710 181102
3731842 766778 710 181102
3731843 1955418 710 181102
3731844 766779 710 181102
3731845 766780 710 181102
3731846 766781 710 4699
3731847 766781 710 19896
3731848 766781 710 30699
3731849 766782 710 3216
3731850 766782 710 6550
3731851 766782 710 4132
3731855 281105 710 1191
3731856 281105 710 27282
3731857 281105 710 37952
3731858 281105 710 3760
3731859 281105 710 49602
3731860 1955419 710 125543
3731861 1955419 710 6685
3731862 1955419 710 4004
3731871 766786 710 1191
3731882 766790 710 11706
3731883 766790 710 104
3731886 766792 710 173897
3731887 766792 710 15099
3731888 766793 710 30699
3731889 766793 710 6034
3731890 766793 710 15934
3731895 1955420 710 4132
3731896 1955420 710 84370
3731897 1955420 710 181145
3731898 1955421 710 4132
3731899 1955421 710 181172
3731900 1955421 710 51930
3731901 1955422 710 4132
3731902 1955422 710 181172
3731903 1955422 710 181173
3731904 1955423 710 4132
3731905 1955423 710 181172
3731906 1955423 710 181154
3731907 1955424 710 4132
3731908 1955424 710 13792
3731909 1955424 710 92002
3731910 1955424 710 181172
3731911 1955424 710 35551
3731912 1955425 710 4132
3731913 1955425 710 13792
3731914 1955425 710 92002
3731915 1955425 710 181172
3731916 1955426 710 4132
3731917 1955426 710 181172
3731918 1955426 710 55929
3731919 1955427 710 23720
3731920 1955427 710 84370
3731921 1955427 710 181145
3731922 1955428 710 41071
3731923 1955428 710 30699
3731924 1955429 710 4132
3731925 1955429 710 83167
3731926 1955429 710 181174
3731927 1955430 710 13792
3731928 1955430 710 92002
3731929 1955430 710 181175
3731930 1955431 710 13792
3731931 1955431 710 92002
3731932 1955431 710 30699
3731933 1955431 710 41071
3731934 1955431 710 8036
3731935 766796 710 4132
3731936 766796 710 13792
3731937 766796 710 92002
3731938 766796 710 181172
3731939 766797 710 113523
3731940 766797 710 29423
3731941 766797 710 1191
3731954 766804 710 1191
3731955 766804 710 4174
3731956 766804 710 82689
3731964 766807 710 1191
3731965 766807 710 4174
3731966 766807 710 968
3731972 766810 710 181117
3731973 24624 710 27698
3731974 24624 710 825
3731975 24624 710 1739
3731978 766812 710 1191
3731979 766812 710 4174
3731980 766812 710 5015
3731981 766812 710 40241
3731993 766816 710 1191
3731996 766818 710 181176
3732007 766822 710 169011
3732008 766823 710 169011
3732013 766826 710 1430
3732014 766826 710 3367
3732015 766826 710 12740
3732016 113143 710 12371
3732017 113143 710 2992
3732018 113143 710 76
3732030 766833 710 1769
3732031 766833 710 151303
3732038 766836 710 1191
3732039 766836 710 23720
3732040 17295 710 26767
3732041 17295 710 1131
3732042 17295 710 1897
3732043 766838 710 92780
3732044 766838 710 359
3732045 766838 710 730
3732046 766839 710 4395
3732047 766839 710 15318
3732056 766843 710 125049
3732057 766843 710 4174
3732058 766843 710 1191
3732069 78347 710 127
3732070 78347 710 29
3732072 17503 710 307
3732078 766848 710 181148
3732079 766848 710 59788
3732106 766849 710 156749
3732107 766849 710 13006
3732108 766849 710 269
3732109 766850 710 4465
3732110 766850 710 5670
3732111 45670 710 16
3732112 45670 710 70
3732121 183225 710 1669
3732122 183225 710 4430
3732124 766856 710 32422
3732125 766856 710 20156
3732126 766856 710 18271
3732127 766856 710 68923
3732128 766856 710 4174
3732129 766857 710 4023
3732130 766857 710 24014
3732132 766859 710 4590
3732133 766859 710 776
3732135 766864 710 730
3732138 766866 710 30699
3732139 766867 710 83652
3732140 766867 710 4034
3732141 766867 710 9438
3732142 766868 710 29227
3732143 766868 710 25881
3732148 766870 710 181184
3732149 766870 710 4465
3732150 766871 710 1430
3732151 766871 710 13978
3732152 766871 710 1393
3732153 766872 710 13444
3732154 766872 710 11098
3732155 766873 710 1669
3732156 766873 710 3183
3732157 766873 710 25090
3732158 766873 710 40969
3732159 766874 710 77061
3732160 766874 710 40825
3732161 766874 710 3220
3732165 188826 710 29
3732170 766876 710 1191
3732171 766876 710 968
3732176 766878 710 4174
3732177 766878 710 1191
3732178 766878 710 1235
3732179 766878 710 38069
3732180 766878 710 68946
3732181 766879 710 1191
3732182 1955440 710 1235
3732183 1955440 710 181187
3732184 1955440 710 26240
3732185 1955440 710 1191
3732186 1955440 710 4174
3732187 766880 710 27983
3732188 766880 710 51951
3732193 766882 710 883
3732194 766882 710 25513
3732195 766882 710 769
3732203 766904 710 181163
3732204 766904 710 8555
3732210 1955442 710 734
3732211 1955442 710 2138
3732212 1955442 710 24363
3732213 766883 710 730
3732214 766883 710 883
3732215 766884 710 3394
3732216 766884 710 4069
3732217 766884 710 1127
3732218 766885 710 4631
3732219 766885 710 38898
3732220 766885 710 23720
3732221 766885 710 5244
3732222 766885 710 11572
3732226 766887 710 10368
3732227 766887 710 28132
3732228 766888 710 181102
3732229 766889 710 30699
3732234 112550 710 730
3732235 112550 710 5231
3732236 112550 710 915
3732237 1955443 710 1918
3732238 1955443 710 90
3732239 22481 710 5670
3732240 22481 710 5370
3732242 766892 710 1191
3732243 766892 710 82689
3732244 766892 710 4174
3732245 766893 710 12371
3732246 766893 710 12165
3732250 766894 710 27897
3732265 766901 710 181116
3732266 766901 710 1723
3732267 766901 710 1191
3732268 766902 710 4635
3732269 766902 710 4432
