3746435 769760 713 651
3746436 769760 713 667
3746437 769760 713 15328
3746438 769760 713 2793
3746447 769778 713 20136
3746448 769778 713 181296
3746449 769778 713 2150
3746450 769780 713 1057
3746452 769792 713 12402
3746453 205814 713 5020
3746454 205814 713 1172
3746455 205814 713 3
3746456 205814 713 4343
3746457 205814 713 240
3746462 769819 713 12402
3746465 95605 713 1828
3746466 95605 713 1896
3746467 95605 713 1128
3746468 95605 713 1565
3746469 95605 713 2150
3746470 95605 713 221
3746471 95605 713 557
3746474 94657 713 6809
3746475 94657 713 12002
3746476 94657 713 90
3746478 769858 713 33977
3746479 769862 713 6809
3746480 769862 713 90
3746481 769862 713 6
3746482 769862 713 20396
3746483 769863 713 181298
3746484 769863 713 43270
3746485 769863 713 24512
3746486 769863 713 20317
3746487 769867 713 33977
3746491 769871 713 12402
3746492 769878 713 477
3746493 769879 713 477
3746494 769880 713 477
3746496 769882 713 477
3746497 304842 713 477
3746498 769883 713 477
3746499 659695 713 477
3746500 769884 713 477
3746502 769886 713 477
3746503 769887 713 477
3746504 769888 713 477
3746506 769890 713 477
3746507 769891 713 477
3746508 769892 713 477
3746510 769894 713 477
3746512 769896 713 477
3746513 492038 713 477
3746514 769897 713 477
3746515 769898 713 477
3746517 769900 713 477
3746520 769903 713 477
3746521 769904 713 477
3746522 769905 713 477
3746524 769907 713 477
3746530 769913 713 477
3746531 769914 713 477
3746533 769916 713 477
3746535 769918 713 477
3746538 769921 713 477
3746539 769922 713 477
3746541 769924 713 477
3746543 769926 713 477
3746547 769929 713 477
3746548 769930 713 477
3746549 769931 713 477
3746550 769932 713 477
3746551 769933 713 477
3746552 769934 713 477
3746553 769935 713 477
3746554 769936 713 477
3746557 769939 713 477
3746558 769940 713 477
3746559 769941 713 477
3746560 769942 713 477
3746561 769943 713 477
3746562 769944 713 477
3746563 769945 713 477
3746564 769946 713 477
3746565 769947 713 477
3746566 769948 713 477
3746567 769950 713 477
3746568 769951 713 477
3746569 769952 713 477
3746573 769955 713 477
3746574 265987 713 16114
3746575 265987 713 181300
3746585 734017 713 181299
3746586 769983 713 12402
3746589 769991 713 181297
3746601 424278 713 181301
3746602 424278 713 181302
3746603 424278 713 138854
3746604 424278 713 4435
3746612 770040 713 181297
3746613 337092 713 6783
3746614 770041 713 6783
3746615 770057 713 1021
3746617 770064 713 12402
3746618 146543 713 869
3746619 146543 713 639
3746620 45696 713 178715
3746621 45696 713 374
3746622 126711 713 29
3746623 126711 713 2514
3746624 126711 713 331
3746625 24948 713 156
3746626 24948 713 128
3746627 770078 713 12402
3746628 322003 713 359
3746629 322003 713 6917
3746630 770081 713 618
3746631 770081 713 789
