165438 29226 73 1703
165439 29226 73 138
165440 29226 73 2404
165441 29226 73 46
165442 29226 73 44
165443 29226 73 72
165444 29226 73 926
165465 48260 73 1782
165466 48260 73 527
165467 48260 73 490
165468 48260 73 301
165469 48260 73 1084
165470 48260 73 11886
165483 22562 73 125
165484 22562 73 161
165485 22562 73 138
165486 22562 73 1937
165487 22562 73 1897
165488 22562 73 3
165489 22562 73 8019
165490 22562 73 285
165491 22562 73 46
165492 22562 73 668
165493 22562 73 290
165498 1055 73 138
165499 1055 73 187
165500 1055 73 104
165501 1055 73 98
165502 48263 73 4140
165503 48263 73 638
165504 48263 73 90
165505 48263 73 7302
165506 48263 73 6209
165507 48263 73 1703
165535 48269 73 72
165536 48269 73 474
165537 48269 73 188
165538 48269 73 11887
165539 48269 73 7483
165540 48269 73 1781
165541 48269 73 189
165542 48269 73 668
165577 48277 73 138
165578 48277 73 1183
165579 48277 73 941
165580 48277 73 1025
165581 48277 73 1185
165582 48277 73 4028
165583 48278 73 28
165584 48278 73 11494
165585 48278 73 11895
165586 48278 73 1084
165587 48278 73 11
165588 48279 73 28
165589 48279 73 11494
165590 48279 73 1084
165591 48279 73 11895
165592 48279 73 638
165593 48279 73 11
165598 17865 73 259
165599 17865 73 187
165600 17865 73 3567
165601 17865 73 138
165602 17865 73 7158
165603 17865 73 44
165657 25341 73 138
165658 25341 73 187
165659 25341 73 44
165660 25341 73 46
165727 189 73 189
165728 189 73 668
165729 189 73 982
165730 189 73 188
165731 189 73 72
165732 189 73 3
165733 189 73 44
165734 189 73 46
165735 48301 73 894
165736 48301 73 730
165737 48301 73 992
165738 48301 73 638
165739 48301 73 1780
165740 48301 73 72
165741 48302 73 108
165742 48302 73 474
165743 48302 73 638
165744 48302 73 189
165745 48302 73 46
165746 48302 73 2742
165752 48304 73 11900
165753 48304 73 11901
165754 48304 73 4793
165755 48304 73 388
165756 48304 73 11902
165757 48304 73 6816
165758 48304 73 380
165759 48304 73 302
165784 48308 73 2990
165785 48308 73 638
165786 48308 73 11908
165787 48308 73 1386
165788 48308 73 4641
165789 32004 73 188
165790 29211 73 138
165791 29211 73 46
165792 29211 73 125
165793 29211 73 3
165794 29211 73 44
165795 29211 73 1937
165796 29211 73 961
165797 29211 73 76
165798 29211 73 164
165804 25103 73 1367
165805 25103 73 1125
165806 25103 73 285
165807 25103 73 44
165847 48317 73 992
165848 48317 73 4293
165849 48317 73 894
165850 48317 73 388
165851 48317 73 11912
165852 48317 73 7516
165853 48318 73 992
165854 48318 73 1678
165855 48318 73 4293
165856 48318 73 104
165857 48318 73 98
165858 48318 73 894
165859 48318 73 730
165860 48318 73 7359
165879 48322 73 104
165880 48322 73 90
165881 48322 73 638
165882 48322 73 894
165883 48322 73 829
165884 48322 73 1678
165885 48322 73 4293
165900 23874 73 961
165901 23874 73 44
165902 23874 73 46
165903 23874 73 926
165904 23874 73 138
165905 23874 73 1897
165913 30960 73 528
165914 30960 73 668
165915 30960 73 1106
165916 30960 73 189
165917 30960 73 527
165918 30960 73 11916
165919 30960 73 638
165926 48326 73 1007
165927 48326 73 10674
165928 48326 73 4061
165946 48329 73 188
165947 48329 73 781
165948 48329 73 90
165949 48329 73 638
165950 48329 73 1058
165951 48329 73 11
165960 48332 73 44
165961 48332 73 72
165962 48332 73 10285
165963 48332 73 20
165964 48332 73 285
165965 48332 73 3285
165966 39082 73 668
165967 39082 73 108
165968 39082 73 138
165969 39082 73 290
165970 39082 73 638
165971 39082 73 189
165972 23993 73 668
165973 23993 73 108
165974 23993 73 138
165975 23993 73 188
165976 23993 73 1886
165977 23993 73 46
165978 23993 73 11
165983 48334 73 5146
165984 48334 73 188
165985 48334 73 1117
165986 48334 73 530
165987 48334 73 5928
165988 48334 73 10186
165989 48334 73 12
165990 48334 73 46
165991 48334 73 11921
165992 48334 73 367
165993 48334 73 187
165994 48334 73 4446
165995 48334 73 328
165996 48334 73 285
165997 48334 73 90
165998 48334 73 20
165999 48334 73 3
166000 48335 73 138
166001 48335 73 108
166002 48335 73 72
166003 48335 73 3780
166004 48335 73 183
166005 48335 73 259
166006 48336 73 941
166007 48336 73 125
166008 48336 73 2520
166009 48336 73 138
166010 48336 73 46
166011 48336 73 161
166012 48336 73 529
166013 48336 73 1025
166037 48340 73 894
166038 48340 73 730
166039 48340 73 1738
166040 48340 73 11923
166041 48340 73 1136
166042 48340 73 7232
166113 31202 73 188
166114 31202 73 1781
166115 31202 73 72
166116 31202 73 11887
166117 31202 73 668
166118 31202 73 1738
166119 31202 73 75
166120 31202 73 3
166121 31202 73 1058
166122 31202 73 11
166149 31277 73 30
166150 31277 73 108
166151 31277 73 188
166152 31277 73 189
166153 31277 73 138
166154 31277 73 11
166155 31277 73 46
166156 31277 73 638
166157 31277 73 474
166197 48360 73 1007
166198 48360 73 2990
166199 48360 73 392
166200 48360 73 77
166201 48360 73 11
166202 48360 73 527
166203 48360 73 982
166204 48360 73 301
166209 32368 73 4168
166210 32368 73 935
166211 32368 73 30
166212 32368 73 668
166213 32368 73 188
166214 32368 73 1106
166215 32368 73 1058
166216 32368 73 189
166217 48362 73 44
166218 48362 73 46
166219 48362 73 6440
166220 48362 73 7840
166221 48362 73 6388
166232 17831 73 4293
166233 17831 73 992
166234 17831 73 77
166235 17831 73 795
166236 17831 73 982
166237 17831 73 139
166238 32393 73 189
166239 32393 73 188
166240 32393 73 982
166241 32393 73 75
166242 32393 73 11
166243 32393 73 30
166244 32393 73 474
166289 48371 73 125
166290 48371 73 161
166291 48371 73 108
166292 48371 73 138
166293 48371 73 189
166294 48371 73 527
166295 48371 73 46
166296 48371 73 5631
166324 48375 73 6816
166325 48375 73 11900
166326 48375 73 388
166327 34772 73 138
166328 34772 73 11764
166329 34772 73 44
166330 34772 73 46
166331 34772 73 183
166332 34772 73 3780
166333 34772 73 10410
166344 48376 73 4168
166345 48376 73 935
166346 48376 73 188
166347 48376 73 5906
166348 48376 73 638
166349 48376 73 474
166358 48379 73 4371
166359 48379 73 779
166360 48379 73 638
166361 48379 73 90
166362 48379 73 139
166363 48379 73 1119
166364 48379 73 3122
166365 48379 73 285
166366 38726 73 259
166367 38726 73 138
166368 38726 73 982
166369 38726 73 6440
166370 38726 73 301
166371 38726 73 72
166372 38726 73 926
166373 38726 73 44
166374 38726 73 161
166375 38726 73 1897
166376 38726 73 1937
166377 38726 73 46
166378 48380 73 138
166379 48380 73 44
166380 48380 73 3780
166381 48380 73 183
166382 48380 73 72
166383 48380 73 259
166384 48381 73 941
166385 48381 73 11940
166386 48381 73 1185
166387 48381 73 1183
166388 48381 73 3779
166389 48381 73 1184
166390 48381 73 2526
166395 48383 73 138
166396 48383 73 44
166397 48383 73 1141
166398 48383 73 638
166399 48383 73 90
166400 48383 73 1781
166401 48383 73 285
166402 48384 73 11941
166403 48384 73 11910
166404 48384 73 2578
166405 48384 73 7488
166406 48385 73 982
166407 48385 73 3
166408 48385 73 926
166409 48385 73 44
166410 48385 73 11921
166411 48385 73 797
166412 48385 73 7216
166413 48386 73 72
166414 48386 73 46
166415 48386 73 187
166416 48386 73 3
166417 48386 73 11913
166444 48390 73 992
166445 48390 73 4293
166446 48390 73 5229
166447 48390 73 2564
166470 48395 73 188
166471 48395 73 46
166472 48395 73 638
166473 48395 73 1084
166484 48396 73 161
166485 48396 73 138
166486 48396 73 1937
166487 48396 73 638
166488 48396 73 527
166489 48396 73 1183
166490 48396 73 187
166491 48396 73 301
166492 48396 73 20
166493 48396 73 1141
166494 48396 73 90
166495 48396 73 46
166496 48396 73 3
166508 25064 73 44
166509 25064 73 1738
166510 25064 73 1720
166511 25064 73 46
166512 25064 73 6137
166513 25064 73 3
166514 48397 73 10132
166515 48397 73 46
166516 48397 73 285
166517 48397 73 139
166521 48399 73 7483
166522 48399 73 11887
166523 48399 73 490
166524 48399 73 1781
166525 48400 73 7483
166526 48400 73 46
166527 48400 73 3664
166528 48400 73 108
166529 48400 73 490
166530 48400 73 44
166541 48402 73 108
166542 48402 73 138
166543 48402 73 638
166544 48402 73 20
166545 48402 73 72
166546 48402 73 926
