188870 54328 82 1183
188873 26712 82 138
188874 26712 82 21
188875 26712 82 2902
188876 26712 82 225
188877 38911 82 46
188879 54331 82 1183
188880 54331 82 6
188883 54334 82 1183
188884 54334 82 1185
188886 37764 82 46
188888 40480 82 46
188889 40480 82 2902
188890 54337 82 795
188891 54338 82 1183
188892 54338 82 138
188893 37766 82 138
188896 54340 82 138
188904 54343 82 6
188908 18269 82 1183
188909 18269 82 311
188910 3774 82 795
188911 54344 82 6
188912 54344 82 1183
188913 54344 82 138
188914 54344 82 46
188915 54344 82 795
188916 36365 82 46
188918 52521 82 46
188920 54346 82 6
188922 54348 82 46
188923 54348 82 125
188925 54350 82 2902
188926 54350 82 46
188927 54351 82 6
188928 54352 82 46
188929 54352 82 2694
188931 54354 82 503
188935 41360 82 46
188936 41360 82 138
188937 41360 82 795
188940 54359 82 46
188941 54359 82 125
188942 27534 82 21
188946 54362 82 138
188947 54362 82 46
188948 54363 82 46
188949 22827 82 2694
188950 22827 82 225
188951 54364 82 2902
188957 54366 82 46
188961 54370 82 46
188962 40892 82 46
188965 54372 82 9434
188966 54373 82 1183
188968 54375 82 12768
188969 54376 82 46
188970 54377 82 2902
188971 54378 82 2902
188972 23129 82 138
188973 54379 82 46
188974 54380 82 9434
188975 54381 82 46
188976 54381 82 138
188977 54381 82 2902
188980 54383 82 795
188985 54386 82 4028
188991 35547 82 4028
188995 25845 82 4028
188999 38937 82 2902
189000 54396 82 46
189001 54397 82 46
189003 54399 82 46
189004 54399 82 9434
189005 54399 82 795
189008 39991 82 46
189009 39991 82 138
189010 39991 82 6
189011 39991 82 1183
189012 39991 82 12768
189013 39991 82 1185
189014 39991 82 125
189020 54406 82 138
189021 54406 82 1183
189022 54407 82 1183
189023 54408 82 46
189025 54409 82 9434
189026 54409 82 138
189029 54411 82 46
189032 54413 82 46
189033 54414 82 9434
189037 38942 82 2902
189039 54415 82 6
189041 27547 82 6
189042 27547 82 1183
189043 27547 82 138
189044 54416 82 6
189045 54416 82 125
189046 25852 82 46
189048 54418 82 46
189049 54419 82 46
189051 3908 82 795
189052 22896 82 138
189053 54421 82 46
189056 54423 82 46
189062 54426 82 46
189063 40940 82 2902
189066 54427 82 6
189067 54428 82 6
189068 27554 82 2902
189069 36967 82 46
189070 36967 82 138
189071 54429 82 6
189072 40945 82 46
189073 40945 82 138
189081 27555 82 46
189082 54436 82 1183
189083 54436 82 1185
189084 54436 82 2150
189088 54440 82 311
189090 54442 82 6
189091 190 82 46
189092 190 82 138
189093 54443 82 46
189094 54444 82 46
189097 22928 82 507
189098 22928 82 2150
189099 22928 82 2694
189100 22928 82 795
189107 54450 82 507
189108 54451 82 138
189109 54451 82 1183
189110 54451 82 2902
189114 33832 82 23
189119 54457 82 114
189121 28950 82 12768
189123 54460 82 795
189127 54464 82 2902
189131 54468 82 2902
189132 54468 82 138
189134 54470 82 6
189137 54472 82 12767
189138 54473 82 12768
189140 11604 82 138
189141 11604 82 311
189147 54478 82 2694
189156 54482 82 21
189157 54482 82 4356
189161 54486 82 114
189181 54494 82 1183
189184 54497 82 6
189185 48439 82 1183
189191 41034 82 1183
189192 54502 82 6613
189196 54504 82 1183
189197 54505 82 2444
189198 54505 82 138
189200 54507 82 9434
189202 18689 82 12768
189207 54510 82 2902
189216 54515 82 1050
189220 4133 82 795
189221 54518 82 10164
189222 54519 82 1185
189223 54519 82 1183
189225 54521 82 563
189226 54521 82 311
189227 54522 82 12771
189228 54522 82 311
189234 54527 82 311
189235 54527 82 138
189236 54527 82 1183
189238 54529 82 1183
189244 54533 82 1183
189247 54536 82 1050
189248 54536 82 503
189249 54537 82 1183
189250 54537 82 1050
189254 54540 82 1050
189255 54540 82 503
189256 54541 82 1183
189257 54541 82 1185
189258 54541 82 311
189259 54542 82 1183
189261 54544 82 503
189264 54547 82 6
189270 54553 82 46
189271 54554 82 6
189272 54555 82 1183
189274 54557 82 138
189275 54557 82 1183
189278 54559 82 2444
189279 54560 82 2150
189280 54561 82 795
189283 54563 82 12767
189285 54565 82 2150
189289 54569 82 2150
189290 54570 82 2150
189291 54570 82 1183
189292 54571 82 12767
189293 54572 82 2150
189294 54572 82 125
189296 54574 82 2150
189298 54576 82 2150
189299 54577 82 2150
189300 54578 82 2150
189301 54579 82 2150
189302 54580 82 2150
189303 18902 82 125
189304 18902 82 2150
189305 54581 82 795
189307 54583 82 12767
189310 54586 82 46
189311 54586 82 1183
189318 54592 82 6
189319 54593 82 12772
189322 54596 82 795
189323 54597 82 503
189330 4262 82 12771
189335 54604 82 6
189336 54604 82 311
189341 54608 82 12768
189343 54610 82 1886
189344 54611 82 125
189345 54611 82 12768
189346 54612 82 125
189355 54616 82 1185
189356 54617 82 12769
189357 54617 82 138
189359 54619 82 4028
189360 54619 82 795
189361 54620 82 503
189362 54620 82 6
189367 54623 82 6
189368 54623 82 1886
189370 54625 82 12767
189371 54626 82 12769
189375 54630 82 12768
189376 54631 82 1886
189379 54633 82 1185
189380 54633 82 1183
189388 54637 82 2150
189389 54637 82 138
189390 54638 82 138
189391 54638 82 46
189392 54638 82 2902
189393 54639 82 12769
189396 54642 82 12768
189404 2694 82 1886
189407 54647 82 23
189408 54648 82 12769
189416 54654 82 795
189426 54658 82 2150
189430 54662 82 1050
189431 54662 82 503
189438 54667 82 503
189439 54667 82 2444
189441 54669 82 46
189442 54670 82 6
189443 54670 82 311
189444 54671 82 46
189446 54673 82 795
189447 54673 82 507
189448 54674 82 2150
189449 54675 82 795
189465 54688 82 10164
189468 54690 82 12768
189469 54691 82 503
189472 23081 82 1183
189473 54694 82 10164
189474 54695 82 6
189475 35578 82 138
189476 54696 82 12768
189477 211 82 138
189478 211 82 12769
189481 54699 82 6
189487 54700 82 1183
189490 54703 82 1183
189493 54706 82 1185
189494 54706 82 1183
189495 43283 82 138
189496 41123 82 138
189497 41123 82 6
189498 41123 82 2694
189502 23100 82 2902
189503 54709 82 12768
189504 37912 82 12768
189513 54715 82 2150
189523 54720 82 503
189524 54720 82 2150
189525 54721 82 503
189526 54722 82 503
189527 54723 82 4356
189528 54723 82 503
189529 54723 82 2150
189532 54725 82 503
189533 54725 82 2444
189534 54725 82 1050
189539 54729 82 12767
189540 54730 82 12767
189541 40082 82 4028
189542 40082 82 795
189543 54731 82 4028
189544 54731 82 795
189545 54732 82 4028
189550 54737 82 4028
189556 54741 82 4028
189557 54741 82 12769
189561 54745 82 4028
189565 54749 82 2694
189571 54752 82 46
189574 54755 82 46
189577 54758 82 311
189583 15402 82 46
189584 54759 82 6
189585 40086 82 1183
189591 4571 82 125
189592 54763 82 1183
189598 37079 82 138
189599 37079 82 21
189600 37079 82 1183
189601 37079 82 2902
189604 54765 82 23
189605 54766 82 23
189606 54767 82 23
189608 54769 82 138
189609 54769 82 1183
189627 43346 82 2902
189628 43346 82 138
189631 38976 82 2902
189632 38976 82 138
189633 54783 82 6
189634 54784 82 1183
189637 54786 82 1185
189638 54786 82 1183
189645 54791 82 12767
189646 54792 82 21
189650 54796 82 12767
189661 54806 82 4028
189663 54808 82 9434
189670 54812 82 2150
189671 54813 82 1183
189675 43372 82 9333
189676 43372 82 2694
189677 43372 82 225
189680 54818 82 2902
189681 54819 82 6
189682 4708 82 6
189683 12464 82 6
189684 54820 82 1185
189685 54820 82 1183
189686 44973 82 795
189691 54823 82 9333
189694 54826 82 114
189700 54832 82 29
189701 54832 82 114
189702 54833 82 114
189703 54833 82 29
189704 54834 82 114
189707 54837 82 1183
189711 54841 82 2150
189712 54842 82 1183
189713 54842 82 125
189715 54844 82 1183
189716 54845 82 6613
189732 54848 82 2150
189734 54849 82 12768
189737 54852 82 46
189738 54853 82 10164
189739 54854 82 12768
189740 54854 82 1183
189741 54855 82 12772
189742 54856 82 1185
189744 54858 82 795
189758 44749 82 4028
189760 54869 82 4028
189761 54870 82 4028
189764 54873 82 2150
189765 54873 82 1183
189766 54873 82 12768
189767 54874 82 1183
189768 54874 82 138
189769 54874 82 2150
189770 54874 82 4028
189772 54876 82 1183
189781 12581 82 21
189782 12581 82 4356
189783 54882 82 12768
189784 54883 82 46
189785 54884 82 138
189786 54884 82 311
189791 54888 82 1183
189792 54889 82 1183
189804 54896 82 795
189812 54900 82 503
189814 54902 82 138
189816 54904 82 6
189819 54905 82 12769
189820 54906 82 9434
189822 54907 82 46
189823 54908 82 46
189824 54909 82 138
189827 54911 82 2150
189828 54911 82 125
189829 54912 82 1183
189830 54913 82 46
189836 8645 82 138
189842 54917 82 138
189843 54917 82 46
189845 54919 82 46
189846 54919 82 138
189847 34599 82 46
189852 29 82 46
189854 27710 82 46
189855 27710 82 138
189858 54924 82 12767
189860 8597 82 795
189861 23268 82 46
189862 23268 82 2902
189863 54926 82 138
189869 54929 82 46
189870 54929 82 2902
189871 54930 82 12768
189877 34605 82 4028
189878 34605 82 2150
189879 34605 82 12768
189880 34605 82 138
189881 34605 82 46
189882 34605 82 1183
189883 34605 82 1185
189884 34605 82 6
189885 54934 82 2694
189886 54934 82 138
189887 54934 82 1183
189888 54934 82 2150
189889 54935 82 138
189890 54935 82 1183
189891 54935 82 2902
189892 435 82 4028
189896 12826 82 795
189898 54938 82 46
189899 49870 82 46
189902 54940 82 12768
189903 54941 82 1183
189904 54942 82 6
189905 54943 82 125
189907 31929 82 138
189908 54945 82 2694
189909 54946 82 21
189913 43468 82 12769
189916 43471 82 138
189925 54957 82 4356
189926 23302 82 557
189929 54959 82 2694
189930 54959 82 4356
189936 52819 82 46
189946 54970 82 138
189947 54970 82 46
189953 54973 82 503
189954 54974 82 46
189955 21917 82 46
189956 239 82 46
189957 25341 82 46
189959 41277 82 46
189960 29072 82 46
189961 54975 82 46
189962 54976 82 46
189963 54977 82 46
189964 54977 82 2694
189966 54979 82 46
189967 51735 82 46
189968 26147 82 46
189969 38011 82 46
189970 54980 82 46
189971 54981 82 46
189976 54323 82 46
189977 41287 82 46
189982 54985 82 46
189984 54987 82 46
189988 54988 82 46
189989 52843 82 46
189990 52843 82 2902
189991 52844 82 46
189992 52844 82 2902
189993 54989 82 46
189998 244 82 46
190000 54992 82 46
190002 41299 82 46
190005 51749 82 46
190008 54996 82 138
190009 54996 82 12768
190015 55001 82 795
190017 55003 82 6
190018 13005 82 2902
190019 13005 82 138
190020 13005 82 1183
190021 13005 82 311
190022 34660 82 138
190025 55006 82 12768
190030 55008 82 1183
190031 55009 82 1183
190034 55012 82 1183
190040 20116 82 557
190043 55019 82 503
190052 55027 82 6
190054 55029 82 1183
190055 55029 82 2150
190056 55030 82 6
190060 55034 82 4028
190061 55034 82 795
190064 55037 82 138
190065 55038 82 503
190066 55038 82 6
190067 55039 82 12768
190068 55040 82 2694
190076 55044 82 2902
190077 55044 82 46
190078 55044 82 138
190081 26137 82 138
190082 26137 82 6613
190093 55051 82 138
190094 43130 82 1183
190095 43130 82 1185
190096 55052 82 138
190097 55052 82 46
190099 55054 82 138
190112 44970 82 138
190113 29105 82 138
190114 29105 82 46
190115 44746 82 138
190120 55061 82 46
190126 55066 82 12768
190128 55068 82 46
190129 55068 82 6
190130 55068 82 138
190135 55070 82 46
190136 37171 82 138
190137 37171 82 125
190141 55072 82 138
190142 55072 82 12768
190143 55073 82 138
190144 55073 82 46
190146 55075 82 138
190150 43551 82 46
190151 43551 82 138
190156 5427 82 46
190157 21781 82 46
190158 55079 82 46
190160 55081 82 795
190165 55086 82 21
190172 55089 82 12767
190174 55091 82 311
190176 25358 82 6
190177 55093 82 6
190184 55095 82 507
190185 55095 82 2694
190192 55101 82 1185
190193 55101 82 1183
190195 55103 82 503
190199 55106 82 10164
190200 55107 82 1183
190202 1267 82 138
190203 55109 82 21
190206 55111 82 1185
190207 55112 82 1183
190209 55113 82 6
190212 55114 82 9333
190218 55118 82 4356
190219 55119 82 1183
190220 23465 82 12768
190223 55120 82 795
190228 55123 82 6
190233 55128 82 12767
190234 21967 82 46
190235 27673 82 46
190238 46124 82 46
190239 55131 82 1050
190240 55132 82 311
190242 55134 82 795
190244 15775 82 6
190246 55137 82 21
190252 26609 82 138
190267 55151 82 2150
190268 55151 82 795
190270 55153 82 6
190280 55158 82 1183
190284 55162 82 12767
190285 1297 82 311
190286 55163 82 311
190287 55163 82 563
190288 55164 82 503
190289 13469 82 2444
190290 13469 82 563
190291 13469 82 9333
190294 55167 82 311
190295 23510 82 1183
190298 55169 82 46
190303 23513 82 46
190304 55173 82 1183
190305 55173 82 138
190307 55175 82 1185
190323 55189 82 6
190324 55190 82 311
190332 55195 82 12767
190337 55199 82 6
190339 55201 82 503
190340 55202 82 503
190341 55202 82 4356
190342 55203 82 503
190343 55203 82 6
190344 55204 82 12768
190345 55205 82 46
190346 55206 82 6
190347 55206 82 2694
190349 55208 82 795
190350 55208 82 507
190356 23545 82 46
190360 55212 82 10164
190361 55213 82 311
190364 55216 82 138
190365 55216 82 1183
190369 55218 82 4028
190374 48557 82 1050
190375 55222 82 1183
190376 55223 82 46
190383 20812 82 6
190384 20812 82 125
190385 20812 82 12768
190386 20812 82 1183
190387 20812 82 138
190388 15880 82 21
190394 13725 82 10164
190397 55234 82 795
190398 55235 82 2150
190399 55236 82 10164
190401 43724 82 4028
190405 55241 82 2902
190406 55241 82 138
190407 55242 82 6
190413 55246 82 46
190420 55250 82 138
190421 55251 82 138
190422 55252 82 6
190423 55253 82 1183
190425 55255 82 138
190433 29225 82 2902
190436 25409 82 2902
190437 25409 82 2694
190438 55260 82 2902
190439 53111 82 46
190441 55261 82 125
190443 55263 82 2902
190445 55265 82 4356
190450 55267 82 6
190457 8922 82 12769
190459 55275 82 12769
190463 55279 82 2150
190464 55280 82 6
190466 55282 82 1183
190467 55282 82 1185
190468 55283 82 12767
190470 55285 82 4028
190471 55286 82 1185
190472 55286 82 1183
190474 55288 82 9333
190475 36559 82 46
190478 2167 82 795
190480 25109 82 21
190481 55291 82 2902
190484 5969 82 9434
190485 55293 82 6
190486 55293 82 1183
190487 55293 82 1185
190489 55295 82 10164
190490 45176 82 2694
190491 45176 82 21
190492 55296 82 23
190493 55297 82 795
190494 55298 82 2694
190495 55298 82 21
190496 55299 82 795
190497 55300 82 29
190499 55302 82 29
190500 55303 82 6
190501 55304 82 46
190502 55304 82 795
190503 55304 82 21
190504 55304 82 2694
190505 55305 82 29
190507 55307 82 795
190509 55308 82 10164
190519 39045 82 1183
190520 39045 82 795
190522 55313 82 10164
190523 55314 82 2694
190524 55315 82 46
190525 26309 82 9434
190526 26309 82 46
190529 55317 82 795
190530 34804 82 9434
190533 55320 82 46
190534 55321 82 795
190535 55322 82 10164
190537 55323 82 10164
190538 5959 82 795
190542 1340 82 795
190544 55326 82 46
190565 55341 82 1886
190578 38186 82 46
190579 55354 82 46
190580 55354 82 23
190581 55354 82 795
190583 55355 82 10164
190585 55357 82 557
190589 55360 82 1183
190591 55362 82 1565
190595 55365 82 1183
190602 55368 82 795
190606 6156 82 795
190607 55371 82 795
190608 55372 82 795
190609 55373 82 795
190611 55375 82 6
190612 55375 82 1185
190613 55376 82 507
190617 55379 82 29
190618 21194 82 12768
190619 21414 82 46
190620 55380 82 12768
190624 53204 82 46
190625 53204 82 138
190628 55384 82 507
190629 55385 82 12769
190630 55386 82 46
190631 55386 82 225
190632 55386 82 2694
190633 2175 82 5325
190634 2175 82 795
190635 55387 82 21
190639 55389 82 503
190640 55389 82 2694
190642 55390 82 4028
190654 55395 82 138
190655 55396 82 12768
190657 55398 82 46
190661 55401 82 138
190662 55401 82 2902
190667 55404 82 503
190668 55404 82 1050
190669 55405 82 138
190682 55412 82 12768
190696 21424 82 138
190707 55423 82 1183
190708 55423 82 1185
190709 55424 82 21
190710 55425 82 46
190711 55426 82 125
190712 55427 82 6
190714 55429 82 1183
190715 55430 82 2902
190716 6309 82 795
190717 6309 82 507
190719 55432 82 1183
190721 55433 82 6
190722 55434 82 138
190723 55434 82 4028
190724 55435 82 1185
190725 55436 82 4356
190726 55436 82 1183
190732 55440 82 1183
190734 55442 82 2902
190735 55442 82 507
190738 55445 82 1183
190739 55445 82 1185
190740 55446 82 6
190741 55446 82 125
190744 55449 82 9434
190751 55455 82 1050
190752 55455 82 311
190753 55455 82 503
190754 55456 82 138
190757 55459 82 6
190759 35121 82 46
190760 35121 82 795
190762 39506 82 46
190765 55463 82 1050
190766 55464 82 1183
190769 55466 82 46
190775 55471 82 21
190777 55473 82 6
190782 55475 82 1183
190783 55476 82 6
190784 55477 82 1185
190785 55478 82 6
190786 55479 82 23
190787 55479 82 9333
190789 55481 82 9333
190790 55481 82 4356
190791 55482 82 6
190794 55484 82 46
190795 55484 82 507
190797 55486 82 1183
190798 55486 82 1185
190803 55489 82 1183
190805 55491 82 46
190806 55491 82 2694
190807 55491 82 795
190821 55499 82 1185
190822 55499 82 4356
190823 55500 82 6
190831 55506 82 1050
190832 48607 82 1185
190833 48607 82 1183
190834 48607 82 503
190835 48607 82 6
190836 48607 82 9434
190837 48607 82 1886
190838 48607 82 311
190839 48607 82 1050
190840 55507 82 1050
190842 6574 82 503
190843 6574 82 1050
190844 55509 82 46
190845 55510 82 1185
190846 55510 82 1183
190848 55512 82 2150
190849 55512 82 503
190850 55513 82 12768
190860 26408 82 1183
190863 55523 82 795
190866 55526 82 138
190872 23874 82 46
190873 23874 82 795
190874 23874 82 9434
190883 6627 82 507
190896 55542 82 1183
190897 40238 82 1183
190898 40238 82 125
190899 40238 82 12768
190902 55543 82 12768
190903 55544 82 1183
190906 26426 82 1183
190909 26424 82 1183
190912 55548 82 1183
190915 55550 82 2150
190916 55551 82 12768
190921 55555 82 311
190922 55555 82 376
190924 55557 82 1183
190931 55564 82 1183
190933 55566 82 503
190934 55566 82 6
190939 55571 82 1183
190941 55572 82 1183
190943 55573 82 376
190944 55573 82 1183
190946 55575 82 1183
190948 55577 82 1183
190951 55579 82 125
190952 55580 82 9333
190954 55582 82 1183
190955 55583 82 21
190956 55583 82 4356
190957 42470 82 46
190958 51221 82 2694
190959 51221 82 46
190967 55587 82 6
190970 55589 82 1183
190971 55590 82 6
190972 55591 82 2150
190983 55600 82 6
190985 55602 82 6
190992 55607 82 1183
190995 55609 82 2150
190996 55609 82 311
190997 55609 82 503
190998 55610 82 1183
190999 55610 82 2150
191006 55613 82 9434
191010 55615 82 12768
191016 37352 82 1183
191020 55622 82 1183
191023 55625 82 138
191026 55628 82 1185
191029 55630 82 1183
191030 55631 82 1185
191031 15680 82 46
191057 55646 82 9333
191058 55647 82 503
191059 24370 82 795
191060 55648 82 503
191061 55648 82 311
191062 55649 82 1183
191063 55650 82 12768
191073 55658 82 2444
191075 55660 82 4356
191077 55662 82 1185
191078 55663 82 6
191079 55664 82 6
191085 55669 82 138
191086 55669 82 2902
191087 55670 82 2902
191090 55672 82 1183
191091 2742 82 6
191092 2742 82 311
191095 38396 82 46
191104 2150 82 2694
191106 55681 82 1183
191107 55681 82 1185
191108 55681 82 6
191111 55684 82 29
191112 44426 82 10164
191113 25364 82 46
191117 22654 82 138
191118 16453 82 6
191119 55686 82 12767
191125 55689 82 12774
191126 27799 82 2694
191129 55691 82 6
191132 55694 82 1183
191135 55696 82 6
191139 55698 82 503
191140 55699 82 1183
191151 55707 82 12767
191152 55708 82 1183
191157 55712 82 4028
191167 55717 82 4028
191168 55717 82 795
191171 55719 82 503
191172 55719 82 4356
191176 55723 82 6
191187 7313 82 21
191191 55731 82 1183
191195 55735 82 1183
191196 12880 82 6
191201 55740 82 1185
191203 55742 82 46
191205 55744 82 1183
191208 55747 82 1183
191220 55753 82 311
191221 55753 82 503
191222 55754 82 1183
191230 55760 82 138
191233 55762 82 1050
191234 55762 82 503
191235 55763 82 503
191236 55763 82 1050
191238 55765 82 1050
191239 55765 82 503
191240 55766 82 46
191241 55766 82 795
191243 55768 82 12767
191248 55773 82 12768
191250 55775 82 12769
191252 55777 82 1183
191257 55782 82 1183
191266 55789 82 12768
191267 55790 82 125
191277 55797 82 1185
191278 55797 82 6
191279 55797 82 138
191280 55797 82 1183
191281 55797 82 12771
191283 55799 82 795
191284 55800 82 795
191285 55801 82 1183
191286 55802 82 12767
191287 31202 82 46
191292 38466 82 46
191294 55805 82 46
191295 14269 82 795
191296 55806 82 795
191300 55808 82 12767
191301 24254 82 6
191302 24254 82 46
191303 24254 82 138
191304 24254 82 1183
191305 24254 82 2694
191309 55812 82 1886
191313 55814 82 29
191321 55818 82 46
191322 55819 82 9434
191323 55820 82 125
191328 55822 82 1185
191333 55825 82 503
191338 44179 82 21
191339 55830 82 795
191341 55832 82 1183
191343 55834 82 114
191347 55837 82 503
191348 55837 82 6
191350 55839 82 1183
191353 55842 82 4356
191354 55843 82 12769
191355 55843 82 12768
191356 55843 82 21
191357 55843 82 795
191358 55843 82 1886
191359 55843 82 311
191366 55847 82 9333
191370 55849 82 1183
191371 55849 82 1185
191372 55849 82 138
191373 55850 82 1050
191374 55850 82 503
191376 55852 82 503
191377 55852 82 1050
191378 55852 82 4356
191380 24288 82 46
191382 55855 82 6
191384 55857 82 138
191388 35740 82 46
191392 55864 82 12767
191394 55866 82 1183
191395 55867 82 6
191398 55870 82 6
191405 55876 82 138
191412 55883 82 795
191418 55887 82 1183
191419 33121 82 795
191425 55890 82 46
191428 55893 82 1185
191429 55894 82 1185
191431 55896 82 311
191436 24394 82 138
191437 24394 82 46
191440 55900 82 4356
191444 55904 82 1185
191445 55904 82 1886
191446 55904 82 311
191447 55905 82 12767
191450 55907 82 21
191451 44258 82 125
191452 55908 82 46
191455 55911 82 21
191456 55912 82 138
191457 55912 82 46
191458 55912 82 2902
191460 1690 82 795
191462 55915 82 795
191463 55916 82 21
191466 55917 82 9434
191467 55917 82 1183
191468 55917 82 795
191469 55918 82 507
191470 55918 82 46
191471 55918 82 795
191473 55919 82 1565
191474 55920 82 1565
191475 47555 82 2694
191476 47555 82 46
191477 55921 82 795
191482 22218 82 795
191483 22218 82 46
191484 55925 82 2694
191485 55925 82 46
191494 55930 82 10164
191496 55931 82 138
191497 55931 82 1183
191498 55932 82 138
191501 55935 82 12769
191503 55937 82 12767
191506 55939 82 6
191513 55944 82 1185
191514 55945 82 311
191515 55945 82 1185
191524 55952 82 12768
191525 55953 82 9333
191526 55954 82 9333
191527 55954 82 23
191528 55955 82 4356
191530 55957 82 507
191531 55957 82 795
191538 55961 82 1183
191544 55967 82 1183
191548 55971 82 12769
191552 26711 82 12769
191554 55976 82 795
191558 55980 82 12768
191560 55981 82 1183
191564 26719 82 138
191565 26719 82 2902
191566 55984 82 125
191567 55984 82 46
191568 55985 82 125
191570 55987 82 2694
191571 55988 82 6
191572 55988 82 1183
191574 55990 82 557
191578 55994 82 2694
191580 55996 82 46
191581 55997 82 6
191582 55998 82 795
191587 53680 82 6
191588 56001 82 6
191589 56002 82 21
191590 56002 82 2694
191591 56002 82 46
191592 44299 82 125
191593 44299 82 557
191594 56003 82 6
191595 56003 82 2694
191600 56006 82 46
191601 56007 82 795
191602 56008 82 29
191603 56009 82 29
191609 38548 82 795
191611 56015 82 12769
191612 430 82 46
191614 56017 82 12768
191617 56020 82 6
191618 56021 82 311
191621 56022 82 2150
191622 56023 82 125
191623 56024 82 795
191624 27881 82 1886
191628 56028 82 1183
191629 56028 82 4356
191630 56029 82 795
191631 56030 82 503
191632 56030 82 2444
191635 56033 82 12767
191637 56035 82 138
191638 56035 82 1183
191645 39758 82 6
191646 56038 82 46
191647 56038 82 2694
191649 56040 82 1183
191661 56049 82 1183
191669 56056 82 2902
191671 35202 82 138
191672 35202 82 12769
191673 56058 82 138
191674 56058 82 21
191681 56065 82 125
191682 56065 82 225
191683 56066 82 795
191687 56068 82 795
191688 56069 82 46
191689 56069 82 138
191690 56070 82 12768
191691 56071 82 1183
191692 56072 82 12767
191693 56073 82 2150
191695 56075 82 507
191696 35771 82 46
191697 35771 82 138
191698 35771 82 2694
191699 35771 82 21
191703 56079 82 1183
191704 56080 82 1050
191707 56083 82 6
191710 1399 82 21
191711 1399 82 2694
191717 56088 82 2902
191718 56088 82 1169
191721 56089 82 12767
191725 56092 82 311
191727 56093 82 138
191740 56100 82 795
191747 56104 82 12769
191748 56104 82 138
191755 56107 82 1183
191757 56109 82 21
191758 56109 82 311
191760 56111 82 138
191761 56111 82 1183
191762 56111 82 1185
191763 56112 82 6
191764 56112 82 12771
191767 56114 82 138
191774 51642 82 1183
191775 56118 82 2902
191777 56120 82 46
191779 56122 82 1185
191780 56122 82 1183
191781 56123 82 311
191783 56125 82 2902
191784 56126 82 46
191791 56130 82 12767
191796 56134 82 1185
191797 56134 82 1183
191803 56139 82 12767
191804 56140 82 138
191808 56144 82 1183
191809 56145 82 2150
191813 56148 82 503
191819 56151 82 1183
191820 56152 82 2444
191821 56153 82 507
191822 56153 82 2694
191823 56154 82 795
191824 56154 82 1183
191826 56155 82 311
191827 56156 82 138
191828 37642 82 46
191830 38781 82 46
191835 56161 82 795
191836 56162 82 2694
191837 56163 82 138
191841 56165 82 6
191845 16465 82 21
191849 56171 82 4028
191858 56175 82 1183
191864 56179 82 503
191865 56180 82 1185
191866 56181 82 1183
191867 56182 82 12768
191868 56183 82 311
191869 56183 82 6
191870 56184 82 12767
191871 56185 82 9333
191874 53850 82 4028
191879 56192 82 1050
191884 56197 82 1185
191887 56200 82 46
191888 56201 82 138
191895 56204 82 1050
191896 56205 82 1050
191897 3515 82 795
191898 44478 82 503
191900 56207 82 6
191901 56208 82 311
191904 56209 82 503
191905 56209 82 6
191906 56209 82 311
191909 56210 82 125
191910 56211 82 1183
191911 56212 82 1183
191914 56215 82 12768
191918 56219 82 10164
191919 56220 82 10164
191920 56221 82 29
191923 56224 82 10164
191924 56225 82 10164
191926 56227 82 795
191927 56228 82 4028
191928 56228 82 795
191931 56231 82 311
191935 56235 82 1183
191936 56236 82 795
191939 56238 82 138
191940 56239 82 46
191941 56239 82 4028
191950 56244 82 1183
191960 56253 82 2150
191961 56253 82 4028
191962 56253 82 138
191963 56253 82 1183
191966 56256 82 6
191968 56258 82 2150
191969 56259 82 2694
191979 31542 82 46
191982 56265 82 46
191984 56267 82 1183
191985 56267 82 138
191993 56275 82 46
191994 56276 82 12767
191996 56278 82 6
191997 56278 82 795
191998 56278 82 138
191999 56278 82 46
192000 56278 82 1183
192006 56281 82 6
192009 56284 82 795
192017 56290 82 1183
192018 56291 82 311
192020 56293 82 6
192021 56294 82 138
192022 56294 82 46
192025 56297 82 1183
192027 56299 82 21
192028 56299 82 138
192029 2876 82 1886
192033 56302 82 138
192034 56303 82 12769
192035 56304 82 12768
192036 44766 82 12768
192037 56305 82 21
192038 56305 82 795
192039 56306 82 46
192041 56307 82 46
192042 56308 82 1183
192043 56308 82 6
192046 56311 82 1183
192047 56311 82 1185
192050 56313 82 46
192051 56313 82 2694
192056 56315 82 12768
192058 56317 82 2150
192061 56319 82 503
192062 24794 82 138
192063 56320 82 1185
192064 56320 82 1183
192067 56322 82 138
192068 56322 82 21
192070 56324 82 1183
192071 56324 82 138
192072 24813 82 46
192073 24813 82 2902
192074 24813 82 138
192075 56325 82 311
192077 56327 82 21
192078 56328 82 138
192081 56330 82 46
192082 56330 82 2902
192083 27659 82 46
192084 27659 82 138
192085 27659 82 795
192086 56331 82 125
192087 56331 82 1565
192088 56331 82 311
192089 56331 82 21
192090 56332 82 46
192094 56334 82 557
192095 56335 82 2150
192096 56335 82 503
192097 56336 82 1183
192098 56337 82 1185
192099 56337 82 6
192100 56337 82 1183
192106 56341 82 1185
192107 56341 82 1183
192108 56342 82 1183
192109 56342 82 2150
192116 56347 82 46
192117 56347 82 1183
192118 56348 82 6
192121 56350 82 46
192122 56351 82 1183
192123 56351 82 138
192125 56353 82 114
192128 56355 82 21
192129 56355 82 1183
192130 56355 82 1185
192131 56355 82 6
192132 56355 82 138
192133 56356 82 6
192134 56356 82 311
192136 56358 82 138
192137 56358 82 2902
192138 56358 82 563
192139 56358 82 2694
192142 56360 82 12768
192143 56360 82 1183
192144 25567 82 46
192145 25567 82 2902
192146 25567 82 138
192147 37639 82 2902
192148 37639 82 138
192149 37639 82 46
192150 24278 82 138
192151 56361 82 557
192153 24816 82 138
192154 24816 82 2902
192155 24816 82 311
192156 56363 82 795
192157 56364 82 138
192158 56365 82 6
192159 56366 82 1183
192160 56366 82 311
192162 56368 82 557
192163 56369 82 2902
192164 56370 82 21
192165 56371 82 1183
192166 48788 82 507
192167 17357 82 46
192168 56372 82 1183
192169 56372 82 12768
192170 56372 82 1050
192174 56374 82 795
192175 56375 82 138
192176 56375 82 12769
192177 56376 82 1183
192179 56378 82 2150
192181 56380 82 10164
192182 56381 82 12768
192183 56382 82 21
192184 56382 82 12772
192186 56384 82 12767
192187 56385 82 12768
192189 56387 82 311
192190 56387 82 138
192191 56388 82 12768
192192 56389 82 795
192193 56390 82 2150
192195 56392 82 46
192196 56393 82 12769
192197 56394 82 1886
192198 56395 82 6
192199 24860 82 2902
192200 10840 82 2902
192201 56396 82 10164
192205 56399 82 46
192206 56400 82 12769
192208 56401 82 1183
192216 56405 82 311
192217 39122 82 2150
192218 56406 82 1185
192221 56409 82 2902
192223 56411 82 6
192227 56414 82 1183
192228 56414 82 503
192229 56414 82 1050
192231 56416 82 6
192233 56418 82 1183
192234 56419 82 1183
192237 56422 82 2150
192238 56423 82 2150
192239 24912 82 46
192240 56424 82 557
192241 32645 82 795
192243 56425 82 1886
192253 56432 82 6
192257 56433 82 1183
192263 56436 82 2150
192265 56438 82 2694
192268 56441 82 507
192269 56441 82 795
192272 56444 82 1183
192287 56448 82 138
192288 56449 82 1183
192295 56454 82 311
192296 56454 82 6
192297 56454 82 503
192300 44679 82 1183
192303 56457 82 503
192304 56458 82 46
192306 56460 82 46
192307 44681 82 125
192308 56461 82 138
192309 56462 82 46
192311 56464 82 2444
192312 56465 82 1183
192313 56466 82 1183
192316 42446 82 1183
192317 39161 82 138
192318 39161 82 795
192319 39161 82 2694
192320 39161 82 46
192321 39161 82 1183
192325 56469 82 2150
192326 56470 82 1183
192327 56470 82 2150
192328 56471 82 1183
192329 56472 82 507
192335 56477 82 795
192337 56479 82 46
192338 2271 82 2694
192342 56483 82 138
192343 56483 82 2902
192344 56483 82 311
192346 56485 82 9434
192349 56488 82 503
192350 56489 82 503
192353 56490 82 46
192354 56490 82 138
192355 56491 82 503
192356 56492 82 503
192357 56493 82 6
192358 56494 82 795
192359 3564 82 1050
192360 56495 82 12767
192361 56496 82 138
192362 56497 82 12767
192363 3156 82 563
192367 56500 82 1183
192369 56502 82 1183
192370 56503 82 46
192371 56504 82 1183
192372 56504 82 138
192377 56509 82 138
192380 56512 82 10164
192382 56514 82 1185
192383 56514 82 1183
192384 56515 82 2150
192385 56516 82 46
192387 56517 82 5325
192390 56519 82 2902
192391 56519 82 46
192392 56519 82 9434
192393 56519 82 138
192394 56519 82 2694
192395 23966 82 46
192396 158 82 46
192398 51177 82 46
192399 51177 82 138
192400 51177 82 2694
192401 25081 82 46
192403 56521 82 2444
192404 56521 82 563
192405 56521 82 503
192406 56522 82 1050
192408 56524 82 2150
192416 56529 82 1185
192417 56530 82 503
192418 35470 82 138
192419 35470 82 1183
192420 35470 82 6
192421 56531 82 225
192422 56531 82 46
192423 56532 82 138
192424 56533 82 1183
192425 56534 82 12767
192428 56537 82 795
192432 2062 82 46
192433 2062 82 2694
192440 56542 82 2150
192441 56542 82 1183
192442 56542 82 557
192447 56546 82 2444
192452 25149 82 2902
192453 25152 82 2902
192458 56554 82 46
192459 56555 82 46
192462 56556 82 46
192464 56557 82 46
192465 56557 82 2694
192466 52213 82 46
192469 56559 82 311
192472 56562 82 311
192473 56562 82 503
192478 56567 82 125
192480 56569 82 2902
192481 1528 82 2694
192482 1528 82 21
192483 56570 82 1183
192494 56577 82 2694
192497 6657 82 9434
192500 56580 82 138
192501 56580 82 6
192502 56580 82 1183
192504 56582 82 795
192507 32744 82 557
192508 56585 82 21
192514 56590 82 46
192515 25198 82 138
192523 56592 82 12768
192525 56593 82 2150
192526 56593 82 507
192527 56593 82 138
192528 56593 82 46
192529 56593 82 225
192534 56595 82 1183
192535 56596 82 1183
192537 25236 82 2694
192540 56600 82 1183
192542 56602 82 795
192543 56603 82 12772
192547 56606 82 795
192548 56607 82 795
192550 56609 82 1183
192556 56614 82 1183
192557 56614 82 1185
192562 56619 82 1050
192563 56619 82 503
