202159 3830 86 138
202160 3830 86 12824
202161 3830 86 12825
202162 3830 86 12826
202163 3830 86 12827
202164 3830 86 12828
202165 3830 86 12829
202166 58836 86 46
202167 58836 86 44
202168 58836 86 926
202169 58836 86 187
202170 58836 86 961
202171 3857 86 44
202172 3857 86 285
202173 3857 86 72
202174 3857 86 369
202175 3857 86 3
202176 3857 86 39
202177 22902 86 44
202178 22902 86 285
202179 22902 86 72
202180 22902 86 46
202181 22902 86 926
202182 22902 86 108
202183 22902 86 4595
202184 190 86 108
202185 190 86 138
202186 190 86 1117
202187 56681 86 2902
202188 56681 86 926
202189 56681 86 72
202190 56681 86 187
202191 56681 86 961
202192 56681 86 287
202193 56681 86 8981
202194 56681 86 4667
202201 58838 86 2902
202202 58838 86 44
202203 58838 86 285
202204 58838 86 108
202205 58838 86 75
202206 58839 86 138
202207 58839 86 3147
202208 58839 86 5217
202209 58839 86 12830
202210 58839 86 254
202211 58839 86 12831
202220 58840 86 4502
202221 58840 86 138
202222 58840 86 284
202223 58840 86 4276
202224 58840 86 187
202225 58840 86 2902
202250 58841 86 3798
202251 58841 86 72
202252 58841 86 285
202253 58841 86 4502
202254 58841 86 4
202255 58841 86 289
202256 22695 86 108
202260 244 86 108
202261 244 86 138
202262 244 86 1117
202267 58844 86 138
202268 58844 86 125
202269 58844 86 46
202270 58844 86 3567
202271 58844 86 187
202272 58844 86 284
202273 58844 86 4502
202274 58845 86 2902
202275 58845 86 5670
202276 58845 86 3822
202277 58845 86 138
202278 58845 86 6612
202279 58845 86 2816
202280 58845 86 1128
202281 34685 86 138
202282 34685 86 108
202283 34685 86 20
202284 34685 86 369
202292 40623 86 187
202293 40623 86 138
202294 40623 86 44
202295 40623 86 46
202296 40623 86 926
202297 40623 86 1183
202298 40623 86 1886
202299 40623 86 941
202309 58847 86 2902
202310 58847 86 187
202311 58847 86 2404
202312 58847 86 138
202313 58847 86 3822
202314 58847 86 5024
202315 58847 86 12833
202316 43739 86 2902
202317 43739 86 138
202318 43739 86 2404
202319 43739 86 12834
202335 39051 86 138
202336 39051 86 108
202337 39051 86 72
202338 39051 86 926
202339 39051 86 285
202340 39051 86 44
202341 39051 86 10360
202342 39051 86 1672
202343 39051 86 4446
202344 58849 86 2902
202345 58849 86 138
202346 58849 86 2404
202347 58849 86 6612
202348 58849 86 3822
202354 16181 86 2902
202355 16181 86 138
202356 16181 86 2404
202357 58850 86 284
202358 58850 86 138
202359 58850 86 9304
202360 58850 86 3798
202361 58850 86 11721
202362 58850 86 4276
202363 58850 86 4502
202364 58850 86 3906
202365 58851 86 138
202366 58851 86 4421
202367 58851 86 3505
202368 58851 86 20
202369 58851 86 1183
202379 24006 86 46
202380 24006 86 3
202381 24006 86 20
202382 24006 86 285
202383 24006 86 369
202384 24006 86 926
202385 24006 86 72
202386 24006 86 90
202398 22654 86 3147
202399 22654 86 138
202400 22654 86 72
202401 22654 86 187
202402 22654 86 4276
202403 58853 86 2404
202404 58853 86 2902
202405 58853 86 138
202416 58855 86 187
202417 58855 86 108
202418 58855 86 44
202419 58855 86 4653
202420 58855 86 138
202421 58855 86 3567
202422 51974 86 108
202423 51974 86 2404
202424 51974 86 527
202425 51974 86 188
202426 51974 86 2902
202427 51974 86 44
202428 51974 86 221
202429 58856 86 138
202430 58856 86 5891
202431 58856 86 108
202432 58856 86 527
202433 58856 86 12836
202434 58856 86 11326
202435 58856 86 12837
202436 58856 86 12838
202437 58856 86 4490
202438 58856 86 7720
202439 58856 86 9325
202440 58856 86 6490
202441 32327 86 369
202442 32327 86 72
202443 32327 86 90
202444 32327 86 46
202445 32327 86 1117
202446 32327 86 203
202447 32327 86 44
202448 58857 86 45
202449 58857 86 4653
202450 58857 86 126
202451 58857 86 982
202452 58857 86 1183
202453 58857 86 284
202454 58857 86 292
202455 58857 86 1267
202456 58857 86 780
202457 58857 86 187
202458 58857 86 2902
202459 58858 86 285
202460 58858 86 72
202461 58858 86 46
202462 58858 86 276
202463 58858 86 5962
202464 58858 86 11341
202488 26914 86 138
202489 26914 86 108
202490 26914 86 1267
202491 26914 86 187
202492 26914 86 44
202493 26914 86 4502
202504 37639 86 2902
202505 37639 86 46
202506 37639 86 138
202507 24813 86 2902
202508 24813 86 138
202509 24813 86 285
202510 24813 86 72
202511 24813 86 46
202512 24813 86 926
202513 24813 86 4446
202514 24813 86 4595
202528 58867 86 90
202529 58867 86 369
202530 58867 86 926
202531 58867 86 72
202532 58867 86 894
202533 58867 86 992
202534 58868 86 12839
202535 58868 86 5146
202536 58868 86 1007
202537 58868 86 276
202538 58868 86 12840
202549 58552 86 2902
202550 58552 86 3822
202551 58552 86 2404
202552 58552 86 138
202553 58552 86 72
202554 58552 86 46
202583 58873 86 44
202584 58873 86 138
202585 58873 86 1267
