202595 58877 87 104
202596 58877 87 6780
202600 52567 87 138
202608 58883 87 138
202609 58883 87 108
202619 20812 87 138
202620 58888 87 216
202626 58891 87 276
202627 58891 87 188
202628 58892 87 276
202629 58892 87 188
202633 58895 87 276
202634 58895 87 1058
202635 58896 87 100
202636 58897 87 188
202643 58901 87 1058
202644 58901 87 2331
202645 58902 87 3394
202646 58902 87 1058
202648 58903 87 1007
202654 53983 87 108
202674 58915 87 216
202675 58916 87 216
202676 35843 87 216
202677 3584 87 1058
202678 42539 87 527
202679 42539 87 10296
202680 42539 87 1058
