209677 59848 90 3
209679 59852 90 961
209680 59852 90 982
209681 59853 90 225
209682 59853 90 187
209684 59854 90 46
209685 59854 90 138
209686 59855 90 46
209687 59855 90 285
209688 59855 90 72
209689 52383 90 5115
209695 59857 90 1141
209696 38943 90 187
209697 38943 90 3505
209698 38943 90 46
209708 59860 90 961
209709 59860 90 46
209716 59864 90 6156
209717 59864 90 126
209718 59864 90 11050
209719 59864 90 29
209720 59866 90 5115
209740 59869 90 6388
209749 59872 90 46
209750 59872 90 287
209751 59872 90 992
209752 59873 90 3394
209756 59877 90 2853
209760 59880 90 2369
209761 59880 90 125
209762 59881 90 13052
209763 59881 90 138
209764 59881 90 1703
209765 59881 90 225
209766 59881 90 2369
209783 35578 90 187
209784 35578 90 138
209790 59896 90 13047
209812 35590 90 3567
209813 35590 90 225
209814 35590 90 187
209815 35590 90 138
209816 41178 90 138
209817 41178 90 187
209818 23169 90 46
209819 23169 90 3
209883 59921 90 138
209884 59921 90 6463
209885 59921 90 6242
209886 59921 90 6394
209896 59926 90 46
209897 59926 90 187
209898 59927 90 187
209899 59927 90 138
209900 59927 90 226
209901 59928 90 46
209903 38019 90 46
209904 38019 90 3
209905 38019 90 138
209908 2370 90 1702
209912 59932 90 125
209913 59932 90 5748
209914 59933 90 359
209917 59934 90 46
209918 59934 90 3567
209919 59934 90 144
209920 59934 90 187
209936 40623 90 46
209937 40623 90 72
209938 40623 90 138
209939 40623 90 187
209944 57980 90 46
209945 57980 90 72
209946 57980 90 138
209947 57980 90 187
209948 59943 90 187
209949 37171 90 46
209950 37171 90 90
209990 59961 90 13047
209998 59966 90 6388
209999 59968 90 138
210004 59972 90 13047
210012 59978 90 2369
210018 59981 90 3
210019 59981 90 46
210020 59981 90 187
210033 53185 90 1162
210038 22029 90 3567
210039 22029 90 3505
210040 22029 90 187
210041 22029 90 1897
210044 59988 90 5115
210045 21254 90 3
210046 21254 90 139
210047 21254 90 138
210048 59989 90 138
210049 59990 90 187
210062 306 90 633
210063 306 90 46
210066 60001 90 125
210067 60001 90 1128
210115 60017 90 359
210133 60025 90 3394
210137 60029 90 3394
210138 60030 90 3394
210158 60033 90 287
210159 60033 90 39
210160 60033 90 187
210161 60033 90 137
210162 60034 90 187
210163 60034 90 13060
210164 60034 90 46
210176 60037 90 3567
210177 60037 90 187
210178 60037 90 1897
210179 60037 90 138
210181 60041 90 1897
210182 60041 90 5748
210183 60041 90 6
210190 2742 90 6388
210204 60053 90 46
210205 60053 90 992
210274 44213 90 352
210275 44213 90 1703
210276 44213 90 138
210277 44213 90 1188
210278 44213 90 982
210279 44213 90 6463
210280 44213 90 6394
210281 44213 90 6388
210282 44213 90 187
210291 44229 90 39
210292 44229 90 226
210311 60101 90 46
210312 60101 90 3
210313 60101 90 187
210314 60102 90 992
210323 60104 90 138
210324 60104 90 125
210333 26700 90 6980
210334 26711 90 138
210335 26711 90 126
210343 60113 90 46
210344 60113 90 982
210345 60113 90 138
210346 26336 90 46
210347 26336 90 90
210351 49157 90 138
210352 49157 90 1939
210363 60120 90 6388
210370 60127 90 6156
210382 60135 90 6745
210383 60135 90 6684
210384 60135 90 1128
210396 60142 90 3147
210422 60146 90 10389
210423 27455 90 12470
210424 27455 90 12443
210431 60149 90 13062
210465 60168 90 3394
210470 27471 90 6
210471 27471 90 187
210472 27471 90 1897
210473 53564 90 287
210474 53564 90 39
210475 53564 90 138
210476 53564 90 992
210477 24829 90 301
210478 24829 90 3
210479 60171 90 46
210480 60171 90 286
210481 60171 90 187
210482 60172 90 46
210483 60172 90 3
210484 60172 90 3567
210485 60172 90 328
210493 3146 90 3
210494 3146 90 46
210499 60175 90 138
210500 60177 90 226
210501 60177 90 6156
210502 60177 90 225
210509 60182 90 523
210510 60182 90 254
210511 60182 90 125
210512 60183 90 187
210513 60183 90 138
210533 60192 90 13047
210547 36900 90 3
210548 36900 90 1327
210569 42446 90 1703
210570 42446 90 138
210579 2271 90 3
210580 2271 90 39
210581 2271 90 72
210597 35824 90 46
210598 35824 90 90
210601 58584 90 187
210602 58584 90 138
210615 44749 90 138
210616 44749 90 6151
210621 22481 90 46
210622 22481 90 1851
210623 22481 90 982
210628 51221 90 1703
210629 51221 90 138
210630 51221 90 46
210631 51221 90 216
210647 60228 90 1720
210648 60228 90 72
210649 60228 90 187
210650 60228 90 138
210651 60228 90 6512
210652 60229 90 138
210653 60229 90 187
