210665 40954 91 1496
210666 40954 91 7279
210667 40954 91 6057
210668 40954 91 2492
210669 40954 91 13075
210701 18217 91 203
210702 18217 91 108
210703 18217 91 188
210704 18217 91 4056
210705 18217 91 46
210706 18217 91 44
210707 18217 91 7909
210708 18217 91 978
210716 60244 91 108
210717 60244 91 10412
210718 60244 91 13091
210729 60248 91 6961
210730 60248 91 188
210731 60249 91 156
210732 60249 91 285
210741 58653 91 1007
210742 58653 91 68
210753 36371 91 5146
210754 36371 91 9294
210759 21769 91 6512
210760 21769 91 7279
210761 21769 91 46
210764 60256 91 5146
210765 60256 91 574
210777 60259 91 4140
210778 60259 91 8625
210779 60259 91 388
210780 60259 91 5966
210804 60264 91 108
210805 60264 91 188
210806 60264 91 2311
210807 60264 91 13096
210808 60264 91 2070
210809 60264 91 5151
210810 60265 91 108
210811 60265 91 2311
210812 60265 91 13116
210813 60265 91 12353
210814 60265 91 2070
210815 60265 91 5151
210816 54443 91 108
210817 54443 91 8973
210818 54443 91 188
210819 54443 91 6961
210820 60266 91 700
210821 60266 91 6942
210822 60266 91 1007
210823 60266 91 108
210824 60266 91 188
210825 60267 91 1053
210826 60267 91 581
210842 60271 91 3164
210843 60271 91 2853
210846 60273 91 1053
210853 60275 91 374
210854 60275 91 1084
210855 60275 91 5966
210856 60276 91 260
210857 60276 91 5593
210858 60276 91 13126
210862 60278 91 3780
210863 60278 91 203
210864 60278 91 285
210898 60285 91 5099
210899 60285 91 1007
210900 60286 91 3780
210901 60286 91 2008
210902 31805 91 668
210903 31805 91 188
210904 31805 91 75
210905 31805 91 2008
210906 31805 91 12858
210912 60288 91 76
210913 60288 91 364
210914 60288 91 2599
210919 60290 91 216
210920 60290 91 305
210921 60290 91 7612
210929 60292 91 668
210930 60292 91 7483
210931 60292 91 13138
210942 25277 91 668
210943 25277 91 125
210944 25277 91 312
210945 60294 91 668
210946 60294 91 2008
210947 60294 91 4436
210948 60294 91 2065
210949 60294 91 5
210950 60294 91 126
210951 22562 91 13140
210952 22562 91 668
210953 22562 91 188
210962 52592 91 183
210963 52592 91 13144
210964 52592 91 13145
210965 52592 91 7732
210966 52592 91 312
210971 2116 91 11341
210972 2116 91 7619
210973 2116 91 1160
210974 2116 91 13148
210975 2116 91 5940
210997 60305 91 2180
210998 60305 91 125
210999 60305 91 216
211000 47699 91 734
211001 47699 91 8447
211002 47699 91 1136
211003 47699 91 7400
211007 60307 91 1274
211008 60307 91 12495
211009 60307 91 4056
211010 60307 91 2846
211011 60307 91 13154
211012 60308 91 5099
211013 60308 91 13155
211014 60308 91 13156
211015 60308 91 13157
211016 60308 91 8971
211017 60308 91 12847
211023 60309 91 10132
211024 60309 91 3583
211025 60309 91 104
211026 60309 91 978
211062 60319 91 13165
211063 60319 91 4056
211064 60319 91 221
211065 60319 91 301
211066 60319 91 10888
211122 60331 91 13177
211123 60331 91 2016
211124 60331 91 11184
211187 15402 91 10038
211188 15402 91 108
211189 15402 91 4446
211190 15402 91 75
211213 27596 91 188
211225 21875 91 4165
211226 21875 91 1274
211227 21875 91 12495
211228 21875 91 4056
211229 60350 91 6171
211230 60350 91 76
211231 60350 91 125
211232 28138 91 125
211233 28138 91 6157
211234 28138 91 7450
211235 60351 91 6410
211236 60351 91 28
211237 60351 91 1084
211238 60351 91 13191
211239 60352 91 6371
211240 60352 91 183
211241 60352 91 6512
211242 60352 91 7279
211271 21885 91 108
211272 21885 91 13201
211273 21885 91 1436
211276 60360 91 6440
211277 60360 91 1153
211278 60360 91 104
211294 60364 91 254
211295 60364 91 17
211296 60364 91 11000
211297 60364 91 248
211298 60364 91 1496
211299 60364 91 1500
211300 60364 91 12426
211301 60364 91 1493
211330 60369 91 7652
211331 60369 91 6181
211332 60369 91 7496
211333 35415 91 6181
211334 35415 91 7652
211335 35415 91 4129
211336 35415 91 7496
211337 35415 91 1117
211338 35415 91 108
211339 35415 91 1436
211379 60375 91 13218
211380 60375 91 13093
211381 60375 91 13219
211382 60375 91 13220
211383 60375 91 13221
211400 60378 91 390
211401 60378 91 6384
211410 39335 91 6421
211411 39335 91 581
211416 60381 91 6421
211417 60381 91 260
211418 60381 91 13228
211427 60382 91 2486
211428 60382 91 13232
211429 60382 91 13233
211430 60382 91 6620
211444 23049 91 108
211445 23049 91 188
211446 23049 91 13133
211447 23049 91 13095
211448 23049 91 10175
211449 23049 91 13132
211450 23049 91 10372
211455 60386 91 7238
211456 60386 91 7237
211457 60386 91 1496
211458 60386 91 7239
211459 60386 91 13238
211460 60386 91 9768
211482 60392 91 104
211483 60392 91 1678
211484 60392 91 12857
211485 60392 91 13245
211486 60392 91 12341
211487 60392 91 829
211489 60393 91 388
211490 60393 91 299
211491 60393 91 13246
211496 60394 91 13247
211497 60394 91 2486
211498 60394 91 13232
211499 60394 91 188
211500 60394 91 5146
211539 60404 91 1325
211540 60405 91 13254
211541 60405 91 3822
211542 60405 91 1117
211543 60405 91 13255
211544 60405 91 168
211560 17869 91 276
211561 17869 91 504
211562 17869 91 541
211563 17869 91 4103
211564 17869 91 13258
211565 17869 91 13259
211566 60411 91 13260
211567 60411 91 7496
211568 60411 91 13261
211569 60411 91 11886
211579 60415 91 13264
211580 60415 91 13265
211581 60415 91 13266
211582 60415 91 1084
211583 60416 91 13264
211584 60416 91 13265
211585 60416 91 13266
211586 60416 91 1084
211587 60417 91 108
211588 60417 91 1274
211589 60417 91 12495
211590 60417 91 388
211591 60417 91 13267
211592 60417 91 11565
211593 239 91 6532
211594 239 91 5940
211595 239 91 108
211596 239 91 4446
211598 59100 91 108
211599 59100 91 6961
211600 59100 91 13268
211601 59100 91 10244
211602 59100 91 13269
211603 59100 91 10038
211623 22590 91 108
211624 22590 91 4446
211625 22590 91 5940
211629 24928 91 108
211630 24928 91 7513
211631 24928 91 4241
211632 24928 91 10065
211640 60423 91 108
211641 60423 91 13279
211642 60423 91 516
211643 19989 91 108
211644 19989 91 349
211645 19989 91 4165
211646 19989 91 1274
211647 19989 91 12495
211648 19989 91 46
211649 60424 91 108
211650 60424 91 8016
211651 60424 91 13280
211652 60424 91 6015
211653 52843 91 108
211654 52843 91 700
211655 52843 91 265
211656 52843 91 5670
211657 52845 91 108
211658 52845 91 13281
211659 60425 91 108
211660 60425 91 8948
211661 60426 91 108
211662 60426 91 8948
211663 41299 91 108
211664 41299 91 574
211665 41299 91 312
211668 60427 91 108
211669 60427 91 13275
211670 60427 91 13276
211671 60427 91 13277
211672 60427 91 10745
211676 51735 91 108
211677 51735 91 46
211678 51735 91 6532
211743 60442 91 1053
211744 60442 91 3183
211745 60442 91 912
211746 60443 91 8350
211747 60443 91 13233
211748 60443 91 13294
211749 60444 91 13295
211750 60444 91 8069
211751 60444 91 4641
211752 60444 91 13296
211753 60444 91 5743
211799 60454 91 525
211800 60454 91 4641
211801 60454 91 5743
211802 40623 91 5944
211803 40623 91 46
211804 40623 91 4446
211805 59136 91 13135
211806 59136 91 1084
211807 59136 91 138
211808 59136 91 4958
211809 59136 91 13307
211810 59136 91 10307
211811 31958 91 7822
211812 31958 91 138
211813 31958 91 64
211814 31958 91 1084
211820 60456 91 188
211821 60456 91 6274
211822 60456 91 8169
211823 60456 91 13139
211824 60456 91 10943
211836 2147 91 276
211837 2147 91 30
211838 2147 91 935
211839 2147 91 11537
211840 49976 91 203
211841 49976 91 10319
211842 49976 91 44
211843 49976 91 1117
211844 49976 91 108
211845 49976 91 3780
211860 60459 91 734
211861 60459 91 10762
211865 5265 91 3
211866 5265 91 587
211867 5265 91 3664
211868 5265 91 301
211875 48971 91 5146
211876 48971 91 2102
211877 48971 91 8938
211878 48971 91 305
211879 48971 91 188
211880 48971 91 6961
211903 60465 91 10032
211904 60465 91 734
211905 60465 91 527
211906 60465 91 1117
211936 60471 91 1007
211937 60471 91 76
211938 60471 91 67
211944 60475 91 223
211945 60475 91 13331
211954 60477 91 717
211955 60477 91 8578
211956 60477 91 8316
211980 60485 91 6057
211981 60485 91 2492
211982 60485 91 13334
211983 60485 91 13335
212009 60490 91 13337
212010 60490 91 2301
212011 60490 91 13077
212012 60490 91 13338
212013 60490 91 13339
212014 60490 91 13101
212019 28703 91 6545
212020 28703 91 13341
212021 28703 91 1169
212022 28703 91 3522
212023 28703 91 366
212031 59182 91 13343
212032 59182 91 4779
212033 59182 91 4446
212034 59182 91 108
212035 29162 91 108
212036 29162 91 10065
212088 60506 91 1528
212089 60506 91 6185
212090 60506 91 188
212091 60506 91 1117
212101 60510 91 1843
212102 60510 91 108
212114 60513 91 10345
212115 60513 91 7827
212116 60513 91 13352
212117 60513 91 188
212118 32004 91 75
212119 32004 91 188
212120 32004 91 11555
212121 60514 91 388
212122 60514 91 13250
212123 60514 91 1127
212124 60514 91 1258
212125 60514 91 886
212126 60514 91 6846
212127 60514 91 13353
212128 30656 91 70
212129 30656 91 304
212130 30656 91 13354
212131 30656 91 13188
212151 60517 91 108
212152 60517 91 13139
212153 60517 91 10764
212196 1690 91 126
212197 1690 91 3160
212198 1690 91 795
212199 1690 91 3159
212204 60528 91 5674
212205 60528 91 70
212206 60528 91 13223
212207 60528 91 44
212208 60529 91 5674
212209 60529 91 13359
212215 60531 91 1007
212216 60531 91 7822
212217 60531 91 138
212218 60531 91 64
212219 60531 91 13307
212220 60531 91 10307
212221 60532 91 3506
212222 60532 91 10119
212223 60532 91 3568
212224 60532 91 388
212225 60533 91 13361
212226 60533 91 7874
212227 60533 91 476
212228 60533 91 13261
212232 60535 91 2749
212233 60535 91 13077
212234 60535 91 13362
212235 60535 91 3021
212236 60536 91 2749
212237 60536 91 13077
212241 60538 91 108
212242 60538 91 13307
212243 60538 91 1436
212244 60538 91 203
212245 60538 91 13363
212259 60542 91 1007
212260 60542 91 126
212271 60545 91 2749
212272 60545 91 13077
212276 60547 91 8102
212277 60547 91 3822
212278 60547 91 3160
212279 60547 91 2642
212315 37256 91 108
212316 37256 91 13274
212317 37256 91 13380
212318 37256 91 312
212325 58888 91 10345
212326 58888 91 7483
212327 58888 91 8260
212328 58888 91 216
212329 58888 91 6209
212337 60559 91 2749
212338 60559 91 363
212339 60559 91 188
212340 60559 91 6532
212341 60559 91 5146
212345 23706 91 44
212346 23706 91 1528
212347 23706 91 7613
212348 23706 91 7612
212349 23706 91 13384
212350 23706 91 6185
212351 59263 91 7482
212352 59263 91 3762
212377 60566 91 188
212378 60566 91 6961
212379 60566 91 5146
212380 60566 91 8246
212381 60566 91 5906
212382 60567 91 13387
212383 60567 91 11068
212391 39051 91 13389
212392 39051 91 13108
212393 39051 91 13109
212394 39051 91 13390
212395 39051 91 13391
212396 53204 91 13389
212397 53204 91 13108
212398 53204 91 13109
212399 53204 91 13390
212400 53204 91 108
212401 53204 91 4446
212402 53204 91 138
212410 45202 91 5966
212411 45202 91 7279
212412 45202 91 276
212413 45202 91 11886
212414 45202 91 1469
212423 936 91 10345
212424 936 91 5973
212425 936 91 276
212429 60575 91 276
212430 60575 91 10816
212431 60575 91 13395
212432 21261 91 1092
212433 21261 91 5932
212434 21261 91 125
212435 60576 91 276
212436 60576 91 125
212451 41630 91 276
212452 41630 91 307
212453 41630 91 13398
212454 41630 91 13399
212455 41630 91 13400
212456 41630 91 13401
212457 41630 91 128
212469 306 91 6512
212470 306 91 7279
212471 306 91 373
212472 306 91 2989
212473 306 91 8014
212474 306 91 312
212475 306 91 7483
212476 60582 91 125
212477 60582 91 388
212478 60582 91 3030
212483 60584 91 108
212484 60584 91 13407
212485 60585 91 7482
212486 60585 91 13408
212487 60586 91 7482
212488 60586 91 4400
212498 60589 91 9903
212499 60589 91 243
212500 60589 91 79
212501 60589 91 3664
212502 60589 91 3
212507 6401 91 3780
212508 6401 91 46
212509 6401 91 5743
212510 6401 91 10319
212511 6401 91 203
212512 39506 91 108
212513 39506 91 4446
212514 39506 91 75
212515 39506 91 6953
212525 53278 91 216
212526 53278 91 13409
212527 53278 91 6229
212528 53278 91 13410
212529 53278 91 90
212530 60593 91 108
212531 60593 91 1469
212532 60593 91 9682
212533 60593 91 9417
212543 29290 91 527
212544 29290 91 4877
212545 29290 91 5367
212546 29290 91 146
212547 29290 91 7483
212548 29290 91 5511
212549 29290 91 1117
212583 2188 91 441
212584 2188 91 1642
212585 2188 91 10341
212586 2188 91 13422
212587 2188 91 5830
212588 2188 91 13423
212589 2188 91 9496
212590 2188 91 4862
212632 23886 91 1274
212633 23886 91 12495
212634 23886 91 4056
212635 23886 91 13429
212636 23886 91 13430
212637 23886 91 5593
212645 60608 91 1274
212646 60608 91 12495
212647 60608 91 4056
212648 60608 91 108
212649 60608 91 2846
212650 60608 91 1779
212675 60614 91 9561
212676 60614 91 126
212677 23916 91 301
212678 23916 91 10888
212679 23916 91 4056
212680 23916 91 7909
212681 23916 91 978
212688 60615 91 13436
212689 60615 91 13437
212690 60615 91 13438
212691 60616 91 9903
212692 60616 91 301
212693 60616 91 13439
212694 60616 91 5940
212695 60616 91 13440
212696 23929 91 8073
212697 23929 91 11289
212698 23929 91 301
212717 60620 91 6057
212718 60620 91 13445
212719 60620 91 13446
212773 60632 91 188
212774 60632 91 6078
212775 60632 91 7483
212776 60632 91 10345
212777 317 91 188
212782 60634 91 188
212783 60634 91 6078
212784 60634 91 90
212789 60636 91 6512
212790 60636 91 7279
212804 10961 91 13146
212805 10961 91 7652
212806 10961 91 4129
212809 46395 91 222
212810 46395 91 1325
212824 38337 91 5146
212825 38337 91 13458
212826 38337 91 305
212827 38337 91 13459
212828 38337 91 13460
212837 60644 91 188
212838 60644 91 7091
212839 60645 91 528
212840 60645 91 13247
212841 60645 91 13461
212842 60645 91 188
212843 60645 91 13408
212844 60645 91 13462
212845 60646 91 28
212846 60646 91 12937
212847 60646 91 3664
212848 60646 91 1084
212849 60647 91 28
212850 60647 91 12937
212851 60647 91 13463
212852 60647 91 5105
212853 60648 91 188
212858 60651 91 3780
212859 60651 91 1153
212860 60651 91 104
212861 60652 91 183
212862 60652 91 1153
212863 60652 91 104
212864 60653 91 13254
212865 60653 91 3822
212866 60653 91 1529
212867 60653 91 1117
212868 60653 91 168
212869 60653 91 13255
212914 60662 91 5099
212915 60662 91 11565
212950 60671 91 28
212951 60671 91 13471
212952 60671 91 1084
212953 60671 91 90
212963 60674 91 108
212964 60674 91 13275
212965 60674 91 13276
212966 60674 91 13277
212967 60674 91 10745
213025 27799 91 13152
213026 27799 91 6111
213027 27799 91 46
213028 27799 91 6112
213029 27799 91 265
213030 27799 91 3185
213031 60689 91 10210
213032 60689 91 1529
213033 60689 91 1084
213034 60689 91 6957
213035 60689 91 312
213036 60689 91 9185
213037 60689 91 8806
213038 60689 91 7842
213046 60692 91 12034
213047 60692 91 581
213048 60692 91 2882
213049 60692 91 2617
213050 60692 91 2610
213051 60693 91 557
213052 60693 91 125
213053 51454 91 3583
213054 51454 91 978
213055 51454 91 13478
213056 60694 91 108
213057 60694 91 894
213058 60694 91 1528
213059 60694 91 10985
213060 60695 91 13479
213061 60695 91 6178
213062 60695 91 13160
213063 60695 91 13161
213064 60695 91 1478
213065 60695 91 616
213072 60697 91 13481
213073 60697 91 183
213074 60697 91 287
213075 60697 91 6310
213076 60697 91 13482
213077 24140 91 7270
213078 24140 91 4446
213079 24140 91 108
213080 24140 91 13343
213150 60709 91 108
213151 60709 91 188
213152 60709 91 13493
213162 35032 91 6031
213163 35032 91 4446
213164 35032 91 108
213186 51467 91 276
213187 51467 91 1092
213188 51467 91 13432
213189 60716 91 183
213190 60716 91 13500
213191 60716 91 7814
213192 60716 91 2742
213223 60723 91 388
213224 60723 91 4261
213225 60723 91 13502
213229 60725 91 734
213230 60725 91 2442
213231 60725 91 2644
213232 60725 91 7483
213233 60725 91 312
213234 60726 91 10132
213235 60726 91 3583
213236 60726 91 104
213237 60726 91 978
213243 60728 91 1664
213244 60728 91 13504
213245 60728 91 774
213246 60728 91 1685
213264 29462 91 1007
213265 29462 91 10039
213266 60732 91 2016
213267 60732 91 13505
213284 2425 91 203
213285 2425 91 125
213286 2425 91 1057
213287 2425 91 1176
213288 2425 91 2288
213289 2425 91 1512
213290 60737 91 6548
213291 60737 91 13507
213292 60737 91 13508
213293 60737 91 13243
213294 60737 91 2662
213295 60737 91 1057
213296 60737 91 2288
213297 60737 91 46
213324 60743 91 8246
213325 60743 91 90
213326 60743 91 188
213327 60743 91 6961
213394 60759 91 1007
213395 60759 91 7652
213396 60759 91 7842
213397 60759 91 6181
213398 60759 91 7722
213399 60760 91 4555
213400 60760 91 1258
213401 60760 91 960
213402 60760 91 5330
213403 60760 91 13529
213409 60762 91 1084
213410 60762 91 276
213411 60762 91 13165
213412 60762 91 7341
213413 60762 91 4912
213417 60764 91 216
213418 60764 91 305
213419 60764 91 13532
213420 60764 91 146
213453 60770 91 13142
213454 60770 91 13143
213455 60770 91 6397
213496 24327 91 3
213497 24327 91 44
213498 24327 91 1026
213499 24327 91 301
213500 60779 91 108
213501 60779 91 7822
213502 60780 91 5164
213503 60780 91 8
213504 60780 91 527
213505 60780 91 1117
213506 60780 91 203
213507 60781 91 1053
213515 24338 91 13546
213516 24338 91 12006
213517 24338 91 6512
213518 60784 91 276
213519 60784 91 5962
213520 60784 91 3
213521 60784 91 12406
213522 60784 91 668
213533 25626 91 1529
213534 25626 91 12960
213572 60791 91 13169
213573 60791 91 13558
213574 60791 91 13559
213578 60793 91 108
213579 60793 91 894
213580 60793 91 10985
213618 60799 91 2749
213619 60799 91 13077
213627 60802 91 734
213628 60802 91 12213
213657 42058 91 13569
213658 42058 91 5330
213659 2209 91 1771
213660 2209 91 126
213666 60813 91 291
213667 60813 91 6942
213668 60813 91 1007
213669 60813 91 13570
213670 60813 91 108
213677 60815 91 1007
213678 60815 91 1084
213679 60815 91 138
213680 60815 91 4958
213681 60815 91 13307
213682 60815 91 7271
213683 60815 91 13135
213693 60818 91 7271
213694 60818 91 7822
213695 60818 91 8881
213696 60818 91 1007
213697 60818 91 1347
213698 60818 91 7237
213699 60818 91 7239
213700 60818 91 7238
213701 60819 91 13264
213702 60819 91 13265
213703 60819 91 13266
213704 60819 91 13251
213705 60819 91 1529
213709 60821 91 1007
213710 60821 91 1612
213711 60821 91 7803
213712 60821 91 6037
213713 60822 91 1007
213714 60822 91 7448
213715 60822 91 13572
213716 60823 91 1007
213717 60823 91 1612
213718 60823 91 7803
213719 60823 91 7217
213720 60823 91 2625
213721 60823 91 6061
213722 60823 91 13573
213723 60823 91 3811
213727 46476 91 1084
213728 46476 91 1007
213729 46476 91 10345
213730 46476 91 13574
213731 46476 91 13575
213735 48360 91 1007
213736 48360 91 976
213737 48360 91 5743
213738 48360 91 13576
213739 60825 91 1007
213740 60825 91 7228
213741 60825 91 13577
213742 60826 91 2680
213743 60826 91 569
213744 60826 91 384
213745 60826 91 7714
213746 60826 91 3199
213750 24439 91 285
213751 24439 91 10719
213752 24439 91 12394
213753 24439 91 1037
213754 24439 91 1132
213755 24439 91 7192
213756 48080 91 1007
213757 48080 91 7191
213758 48080 91 1160
213759 48080 91 13578
213760 48080 91 6137
213790 60835 91 1007
213791 60835 91 7652
213792 60835 91 7842
213793 60835 91 6181
213794 60835 91 7722
213795 60836 91 125
213796 60836 91 7586
213821 60842 91 8806
213822 60842 91 8084
213823 60842 91 519
213824 60842 91 7923
213825 60842 91 6028
213844 50765 91 70
213845 50765 91 13188
213846 50765 91 13224
213847 50765 91 11588
213851 60849 91 125
213852 60849 91 44
213853 60849 91 46
213864 60853 91 104
213865 60853 91 7268
213899 60863 91 7784
213900 60863 91 9561
213901 3100 91 100
213902 3100 91 490
213905 60864 91 5146
213906 60864 91 5937
213907 60864 91 305
213910 60866 91 108
213911 60866 91 10038
213912 60866 91 75
213913 60866 91 90
213914 60867 91 13599
213915 60867 91 2603
213916 60867 91 3613
213917 60867 91 4446
213918 60867 91 278
213919 60867 91 13600
213920 60867 91 10132
213921 60867 91 13601
213922 16942 91 203
213923 16942 91 188
213924 16942 91 108
213925 16942 91 7483
213926 16942 91 46
213927 16942 91 527
213928 16942 91 13602
213929 16942 91 7909
213930 16942 91 978
213937 60869 91 6512
213938 60869 91 7279
213949 60873 91 4646
213950 60873 91 1740
213951 60873 91 13255
213952 60873 91 13254
213953 60873 91 3822
213954 60873 91 168
213972 24545 91 11714
213973 24545 91 13545
213974 24545 91 1619
213975 24545 91 2432
213976 24545 91 13114
214000 45998 91 6469
214001 45998 91 11575
214002 45998 91 9294
214012 60884 91 3780
214013 60884 91 259
214014 60884 91 13615
214015 60884 91 13616
214040 60891 91 1685
214041 60891 91 1664
214055 60895 91 7277
214056 60895 91 5991
214057 60895 91 1764
214058 60895 91 290
214066 27911 91 1084
214067 27911 91 1133
214068 27911 91 1138
214114 60906 91 7619
214118 60907 91 6685
214119 60907 91 2599
214120 60907 91 5476
214121 60907 91 13168
214137 60908 91 13624
214138 60908 91 70
214139 60908 91 220
214183 29679 91 13624
214184 29679 91 70
214185 29679 91 220
214195 53842 91 183
214196 53842 91 2989
214197 53842 91 8014
214198 53842 91 894
214199 53842 91 13629
214204 50902 91 108
214205 50902 91 13630
214226 39820 91 5728
214227 39820 91 168
214233 60924 91 28
214234 60924 91 13471
214235 60924 91 1084
214245 60928 91 108
214246 60928 91 6685
214247 60928 91 2599
214248 60928 91 5476
214249 60928 91 13168
214250 60929 91 13637
214251 60929 91 11343
214252 60929 91 13638
214253 60929 91 8024
214254 60929 91 1007
214260 60930 91 108
214261 60930 91 8973
214262 60930 91 13639
214273 60934 91 7890
214274 60934 91 982
214275 60934 91 5743
214276 60934 91 13640
214277 60935 91 70
214278 60935 91 13101
214279 60935 91 3722
214280 28529 91 7619
214281 60936 91 3780
214282 60936 91 529
214283 60937 91 13641
214284 60937 91 8084
214285 60937 91 519
214286 60937 91 7923
214287 60937 91 13642
214288 60937 91 8302
214289 60937 91 13643
214292 60938 91 216
214293 60938 91 305
214294 60938 91 13095
214295 24742 91 13538
214296 24742 91 13547
214297 24742 91 6192
214298 24742 91 13644
214299 24742 91 4371
214300 24747 91 276
214301 24747 91 5146
214302 24747 91 7827
214303 24747 91 1327
214316 60940 91 1007
214317 60940 91 146
214318 60940 91 13532
214319 60940 91 606
214349 60946 91 7305
214350 60946 91 11572
214351 60946 91 7483
214382 39721 91 108
214383 39721 91 10078
214384 60952 91 13532
214385 60952 91 146
214386 60953 91 700
214387 60953 91 108
214388 60953 91 6061
214389 60953 91 9682
214405 60955 91 216
214406 60955 91 125
214407 60955 91 220
214413 60958 91 5966
214414 60958 91 3664
214415 60958 91 3030
214416 60959 91 1436
214417 60959 91 5511
214418 60959 91 5367
214419 60959 91 527
214420 60959 91 168
214421 60960 91 9903
214422 60960 91 301
214423 60960 91 5743
214424 57535 91 7890
214425 57535 91 5743
214426 57535 91 13656
214427 60961 91 388
214428 60961 91 978
214429 60961 91 13383
214430 60961 91 13657
214434 60963 91 7784
214435 60964 91 8845
214436 60964 91 13251
214437 60965 91 13658
214438 60965 91 1644
214439 32627 91 7160
214440 32627 91 248
214441 32627 91 1500
214446 60967 91 125
214447 60967 91 388
214448 60967 91 734
214449 60967 91 2642
214471 60968 91 1053
214480 60971 91 10032
214481 60971 91 1117
214482 60971 91 527
214483 60971 91 1488
214484 60971 91 2081
214491 60973 91 8127
214492 60973 91 1084
214493 60973 91 2057
214494 60973 91 547
214495 60973 91 13661
214496 47322 91 1084
214497 47322 91 547
214498 47322 91 11655
214499 35366 91 90
214500 35366 91 1007
214501 35366 91 1084
214502 60974 91 11025
214503 60974 91 188
214504 60974 91 13662
214505 60974 91 4100
214506 60974 91 2617
214507 60975 91 3780
214508 60975 91 285
214509 60975 91 1485
214510 60975 91 7909
214511 60975 91 4444
214512 60975 91 4056
214513 60976 91 108
214514 60976 91 10988
214515 60976 91 5937
214519 60978 91 5966
214520 60978 91 126
214521 60978 91 11235
214522 60978 91 2519
214523 60978 91 6204
214524 60979 91 183
214525 60979 91 6178
214526 60979 91 13160
214527 60979 91 13161
214578 60988 91 28
214579 60988 91 13451
214580 60988 91 90
214581 60988 91 2765
214582 60989 91 216
214583 60989 91 305
214584 60989 91 13532
214585 60989 91 146
214586 60990 91 13665
214587 60990 91 1529
214588 60990 91 8471
214589 16181 91 7448
214590 16181 91 6612
214591 16181 91 46
214592 16181 91 5944
214593 29808 91 104
214594 29808 91 829
214640 22430 91 13674
214641 22430 91 6689
214642 35388 91 1041
214643 35388 91 8447
214644 35388 91 1136
214645 58824 91 1041
214646 58824 91 8447
214647 58824 91 1136
214662 61004 91 183
214663 61004 91 1463
214664 61004 91 1555
214665 61004 91 6337
214667 54045 91 312
214668 54045 91 183
214675 61008 91 1007
214676 61008 91 5099
214677 61008 91 13510
214678 61008 91 2478
214679 61008 91 13676
214680 61008 91 13677
214681 61008 91 4936
214682 23902 91 13678
214683 23902 91 525
214684 23902 91 3780
214685 28010 91 108
214686 28010 91 4165
214722 28013 91 203
214723 28013 91 125
214724 28013 91 108
214725 28013 91 668
214726 28013 91 188
214727 28013 91 9433
214739 61019 91 12165
214740 61019 91 883
214756 22736 91 504
214757 22736 91 541
214758 22736 91 458
214759 22736 91 156
214760 22736 91 4653
214772 61023 91 4444
214773 61023 91 4618
214774 61023 91 5476
214775 61023 91 13168
214785 61026 91 1057
214786 61026 91 44
214787 61026 91 1436
214798 61028 91 3780
214799 61028 91 668
214800 61028 91 13695
214801 61028 91 13696
214802 61029 91 139
214803 61029 91 126
214804 61029 91 3
214816 61031 91 6440
214817 61031 91 2617
214818 61031 91 2729
214825 61034 91 312
214826 61034 91 3780
214827 61034 91 13698
214828 61035 91 4446
214829 61035 91 46
214830 61035 91 183
214831 61035 91 6512
214832 61035 91 7279
214833 61035 91 13507
214843 61037 91 6512
214844 61037 91 7279
214845 61037 91 9578
214846 61037 91 7491
214847 61038 91 5966
214848 61038 91 44
214849 61038 91 1007
214850 54318 91 5940
214851 54318 91 490
214852 54318 91 2065
214853 54318 91 1511
214861 25093 91 216
214862 25093 91 2719
214863 25093 91 305
214864 25093 91 125
214875 61042 91 183
214876 61042 91 287
214877 61042 91 13481
214882 61044 91 3780
214883 61044 91 7966
214889 61048 91 216
214890 61048 91 5827
214891 61048 91 6378
214896 61050 91 388
214897 61050 91 301
214898 61050 91 10888
214899 61050 91 5936
214900 61050 91 5930
214916 61054 91 734
214917 61054 91 388
214918 61054 91 2442
214919 61054 91 7483
214920 61054 91 1781
214921 61054 91 13701
214922 61055 91 6512
214923 61055 91 7279
214924 61055 91 4668
214931 61056 91 216
214932 61056 91 305
214941 61059 91 216
214942 61059 91 305
214947 22743 91 216
214948 22743 91 305
214953 61062 91 10791
214954 61062 91 139
214955 61062 91 126
214956 61062 91 13704
214964 61064 91 13705
214965 61064 91 2749
214966 61064 91 1584
214967 61064 91 388
214968 61064 91 13706
214986 27123 91 1117
214987 27123 91 1057
214988 27123 91 4278
214989 27123 91 10987
214991 61069 91 5728
214992 61069 91 276
214993 61069 91 458
214994 11206 91 8102
214995 11206 91 3822
214996 11206 91 168
214997 11206 91 10407
214998 11206 91 13255
215006 61073 91 1446
215007 61073 91 11590
215008 61073 91 11575
215009 61073 91 188
215010 61073 91 474
215011 61073 91 6961
215024 59808 91 108
215025 59808 91 4446
215026 59808 91 75
215027 59808 91 4595
215142 61104 91 3780
215143 61104 91 2565
215144 61104 91 5071
215189 61115 91 305
215190 61115 91 216
215191 61115 91 5244
215192 61115 91 6272
215228 61127 91 13758
215229 61127 91 3583
215230 61127 91 13759
215231 61127 91 3780
