215252 61133 92 100
215253 61133 92 13761
215254 61133 92 13762
215255 61133 92 13763
215260 61135 92 100
215261 61135 92 13764
215262 61135 92 7264
215263 61135 92 798
215270 12115 92 8333
215271 61138 92 6780
215281 61142 92 6780
215282 61143 92 6780
215283 61144 92 4162
215284 61145 92 4162
215285 61145 92 1406
215295 61148 92 4663
215296 61148 92 1138
215297 61149 92 216
215298 61149 92 797
215322 61157 92 1138
215323 61157 92 30
215324 61157 92 13772
215325 61157 92 1133
215326 61157 92 5057
215328 61159 92 6780
215329 32055 92 7081
215330 32055 92 7082
215331 32055 92 11
215339 23848 92 527
215343 61164 92 1138
215344 61164 92 1406
215345 61164 92 13775
215346 61164 92 1425
215358 38341 92 5146
215359 38341 92 1058
215360 38341 92 11
215361 38341 92 4877
215365 61169 92 6259
215366 61169 92 894
215367 61170 92 216
215373 61173 92 6780
215378 61175 92 1406
215379 61175 92 1425
215380 61175 92 13780
215384 61177 92 100
215385 61177 92 13782
215386 61177 92 13783
215394 61181 92 11
215395 61181 92 1138
215396 61181 92 364
215397 61181 92 8776
215403 61184 92 100
215404 61184 92 5933
215405 61185 92 100
215406 61185 92 1406
215407 61186 92 100
215408 61186 92 11
215409 61186 92 1058
215410 61186 92 13786
215411 61186 92 5057
215413 61187 92 1133
215414 61187 92 8333
215424 61190 92 1138
215425 61190 92 11
215426 61190 92 13768
215427 61190 92 3867
215428 61190 92 13787
215434 61192 92 4177
215435 61192 92 13788
215436 61193 92 6780
215449 61199 92 13790
215450 61200 92 13790
215451 61200 92 276
215452 61200 92 6737
215453 61200 92 13791
215454 61200 92 2891
215455 61201 92 13790
215456 61201 92 829
215457 61201 92 1136
215458 61201 92 10397
215459 61202 92 13790
215460 61202 92 829
215461 61202 92 1136
215462 61202 92 10397
215463 61203 92 6780
215467 61204 92 100
215468 61204 92 11
215469 61204 92 1058
215470 61204 92 4162
215471 61204 92 13792
215477 61206 92 1138
215478 61206 92 11863
215479 61207 92 6780
215480 61208 92 6780
215481 61209 92 6780
215482 61209 92 305
215483 61210 92 100
215484 61210 92 13793
215485 61210 92 1406
215486 61211 92 4663
215487 61211 92 13772
215488 61211 92 1138
215492 61212 92 4162
215493 61212 92 100
215494 61213 92 6780
215495 61214 92 100
215496 61214 92 1406
215497 61214 92 1425
215503 61216 92 13779
215508 61218 92 3394
215509 61218 92 5251
215513 61220 92 6780
215514 61220 92 1138
215518 61223 92 6780
215519 61223 92 1138
215520 61223 92 1058
215521 61223 92 4663
215522 61224 92 6780
215523 61224 92 11
215530 61228 92 6375
215531 61229 92 100
215532 61229 92 7091
