220038 52345 96 138
220039 52345 96 961
220040 52345 96 126
220044 62842 96 138
220045 62842 96 2232
220046 62842 96 13955
220047 62842 96 2628
220066 22562 96 668
220067 22562 96 961
220073 31818 96 982
220074 31818 96 2902
220075 31818 96 2404
220076 31818 96 13959
220077 31818 96 894
220093 41103 96 138
220094 41103 96 4446
220095 41103 96 287
220096 41103 96 5906
220097 41103 96 13962
220098 41103 96 825
220099 41103 96 6280
220100 41103 96 13963
220111 62848 96 104
220112 62848 96 829
220113 62848 96 4107
220114 62848 96 507
220115 62848 96 1316
220116 62848 96 5023
220117 62848 96 13964
220118 62848 96 13965
220127 62850 96 4005
220128 62850 96 388
220129 62850 96 734
220130 62850 96 11524
220131 62850 96 139
220132 62850 96 2061
220133 62850 96 3568
220139 62852 96 70
220140 62852 96 8608
220158 244 96 4005
220159 244 96 1117
220160 244 96 108
220161 244 96 527
220162 244 96 46
220183 62857 96 13970
220184 62857 96 13971
220185 62857 96 1880
220186 62857 96 13716
220187 62857 96 1173
220196 62860 96 4005
220197 62860 96 1007
220198 62860 96 527
220199 62860 96 13972
220212 38123 96 4005
220213 38123 96 188
220214 38123 96 305
220215 38123 96 5146
220216 38123 96 668
220226 62867 96 70
220227 62867 96 8608
220254 62874 96 13979
220255 62874 96 2180
220256 62874 96 7219
220257 62874 96 10119
220258 62874 96 1313
220259 23874 96 138
220260 23874 96 961
220261 23874 96 332
220262 23874 96 318
220263 23874 96 126
220268 6622 96 70
220269 6622 96 8608
220270 18217 96 4056
220271 18217 96 305
220272 18217 96 188
220273 18217 96 203
220274 18217 96 109
220280 62877 96 4005
220281 62877 96 188
220282 62877 96 528
220283 38337 96 4005
220284 38337 96 305
220285 38337 96 5146
220286 38337 96 188
220287 38337 96 668
220288 53422 96 4005
220289 53422 96 188
220290 53422 96 5146
220291 53422 96 305
220292 46680 96 4005
220293 46680 96 188
220294 46680 96 305
220295 46680 96 5146
220296 46680 96 668
220301 62878 96 4005
220302 62878 96 188
220303 62878 96 5146
220304 62878 96 305
220305 62878 96 7814
220306 62878 96 2742
220360 62888 96 70
220361 62888 96 8608
220366 59466 96 388
220367 59466 96 11524
220368 59466 96 982
220369 59466 96 139
220370 59466 96 4863
220371 59466 96 5954
220372 59466 96 7302
220373 59466 96 11532
220374 59466 96 13989
220375 62890 96 388
220376 62890 96 8
220377 62890 96 4456
220378 62890 96 150
220379 62890 96 9006
220380 62891 96 4005
220381 62891 96 126
220382 62891 96 11524
220383 62891 96 6409
220384 62891 96 982
220396 62893 96 4005
220397 62893 96 734
220398 62893 96 4177
220402 62895 96 13990
220403 62895 96 243
220404 41979 96 1326
220405 41979 96 1327
220406 41979 96 7109
220407 41979 96 11657
220408 62896 96 276
220409 62896 96 5471
220410 16784 96 875
220446 62904 96 4005
220447 62904 96 1007
220448 62904 96 12158
220449 62904 96 14002
220450 62904 96 276
220467 62907 96 388
220468 62907 96 6157
220469 62907 96 2637
220470 62907 96 1500
220478 24524 96 203
220479 24524 96 109
220480 24524 96 1117
220481 24524 96 108
220482 24524 96 1436
220483 24524 96 9417
220484 24524 96 9682
220485 24524 96 2081
220502 25531 96 1446
220503 25531 96 10355
220515 27929 96 70
220516 27929 96 8608
220534 62915 96 4005
220535 62915 96 1007
220536 62915 96 188
220537 62915 96 5146
220538 62915 96 528
220539 62915 96 8862
220540 62915 96 6417
220541 62915 96 14008
220542 62916 96 388
220543 62916 96 6352
220544 62916 96 4422
220545 62916 96 4441
220546 62917 96 4005
220547 62917 96 1133
220548 62917 96 10
220549 62917 96 1373
220550 62917 96 104
220551 62917 96 829
220552 62918 96 104
220553 62918 96 829
220554 62918 96 13716
220555 62918 96 731
220556 62918 96 7282
220563 25448 96 138
220564 25448 96 1897
220565 25448 96 318
220566 25448 96 6
220567 25448 96 816
220569 62921 96 138
220570 62921 96 1141
220571 62921 96 285
220572 62921 96 1897
220573 62922 96 14009
220574 62922 96 8693
220588 62925 96 70
220589 62925 96 8608
220599 62929 96 4005
220600 62929 96 798
220601 62929 96 960
220602 62929 96 1007
220603 62929 96 14010
220604 62930 96 4005
220605 62930 96 388
220606 62930 96 10828
220607 62930 96 14011
220608 62931 96 13974
220613 62932 96 388
220614 62932 96 734
220615 62932 96 7690
220616 62932 96 4107
220617 62932 96 2899
220618 62932 96 14012
220619 62932 96 5714
220620 62932 96 441
220627 62935 96 104
220628 62935 96 829
220629 62935 96 4107
220630 62935 96 14014
220631 62935 96 14015
