220640 62936 97 14016
220641 62936 97 14017
220642 62936 97 14018
220643 62936 97 14019
220644 62936 97 14020
220645 62936 97 14021
220646 62936 97 14022
220647 62936 97 14023
220648 62936 97 14024
220649 62936 97 14025
220650 62936 97 14026
220651 62936 97 14027
220652 62936 97 14028
220666 62939 97 1939
220667 62939 97 2232
220668 62939 97 1678
220669 62939 97 44
220670 62939 97 126
220671 62939 97 1937
220672 62939 97 1897
220673 62939 97 6388
220681 62941 97 5918
220682 62941 97 138
220683 62941 97 187
220684 62941 97 125
220685 62941 97 181
220686 62941 97 44
220687 62941 97 926
220688 62941 97 1058
220689 62642 97 108
220690 62642 97 6174
220691 62642 97 6059
220692 62642 97 6864
220693 62642 97 138
220694 62642 97 90
220695 62642 97 638
220696 62642 97 72
220697 62642 97 285
220698 62642 97 20
220699 62942 97 188
220700 62942 97 527
220701 62942 97 44
220702 62942 97 1128
220703 62942 97 11
220704 62942 97 14029
220705 62942 97 138
220706 62942 97 189
220707 62942 97 5918
220708 54377 97 2404
220709 54377 97 138
220710 54377 97 2902
220711 54377 97 5670
220712 54377 97 46
220713 54377 97 982
220714 54377 97 1886
220715 54377 97 144
220716 54377 97 108
220728 45794 97 44
220729 45794 97 5918
220730 45794 97 90
220731 45794 97 285
220732 45794 97 2371
220733 45794 97 2564
220734 45794 97 138
220735 45794 97 3
220736 45794 97 20
220737 45794 97 638
220738 45794 97 1007
220739 45794 97 11
220740 45794 97 72
220741 45794 97 108
220742 45794 97 1738
220743 45794 97 188
220744 45794 97 668
220745 45794 97 926
220746 45794 97 1058
220747 45794 97 5146
220748 45794 97 825
220749 45794 97 10285
220750 45794 97 1714
220751 45794 97 7430
220752 45794 97 10280
220753 45794 97 2013
220754 45794 97 528
220785 62945 97 873
220786 62945 97 72
220787 62945 97 2993
220788 62945 97 294
220789 62945 97 21
220790 62945 97 982
220791 62945 97 6937
220792 38959 97 110
220793 38959 97 6087
220794 38959 97 1937
220795 38959 97 138
220796 38959 97 551
220797 38959 97 20
220798 38959 97 1141
220799 62946 97 668
220800 62946 97 188
220801 62946 97 474
220802 62946 97 189
220803 62946 97 75
220804 62946 97 72
220805 62946 97 11
220822 62949 97 1062
220834 62952 97 216
220835 62952 97 44
220836 62952 97 144
220837 62952 97 1064
220838 62952 97 11
220839 62952 97 1141
220840 62952 97 222
220841 62952 97 961
220842 62952 97 6229
220843 62952 97 797
220844 62952 97 1665
220845 62952 97 46
220851 21876 97 668
220852 21876 97 90
220853 21876 97 44
220854 21876 97 125
220855 21876 97 9566
220856 21876 97 3
220857 21876 97 1720
220858 21876 97 6178
220859 21876 97 1838
220860 21876 97 982
220861 21876 97 1128
220862 21876 97 1896
220863 21876 97 1162
220864 21876 97 557
220865 21876 97 1491
220866 21876 97 1808
220867 21876 97 1230
220868 21876 97 226
220869 21876 97 926
220870 21876 97 318
220871 21876 97 1037
220872 21876 97 139
220873 21876 97 79
220874 21876 97 285
220875 21876 97 181
220876 21876 97 648
220877 21876 97 5507
220878 21876 97 1775
220888 62955 97 1058
220934 62963 97 331
220935 62963 97 29
220936 62963 97 1230
220937 62963 97 318
220938 62963 97 332
220939 62963 97 507
220940 62963 97 44
220941 62963 97 917
220942 62963 97 441
220943 62963 97 1480
220995 62966 97 388
220996 62966 97 14053
221033 38996 97 138
221034 38996 97 1886
221035 38996 97 90
221036 38996 97 46
221037 38996 97 125
221038 38996 97 144
221039 38996 97 1141
221040 38996 97 941
221041 38996 97 202
221072 48966 97 1007
221073 48966 97 11
221074 48966 97 285
221075 48966 97 825
221076 48966 97 44
221077 48966 97 3
221078 48966 97 46
221079 48966 97 1738
221080 48966 97 6079
221081 48966 97 14062
221104 27673 97 44
221105 27673 97 5918
221106 27673 97 72
221107 27673 97 1738
221108 27673 97 90
221109 27673 97 138
221110 27673 97 108
221111 27673 97 474
221112 27673 97 530
221113 1286 97 155
221114 1286 97 294
221115 1286 97 21
221116 1286 97 285
221117 1286 97 90
221118 1286 97 126
221119 1286 97 20
221120 1286 97 781
221121 1286 97 44
221122 1286 97 5
221123 1286 97 3
221124 1286 97 1720
221125 1286 97 365
221126 1286 97 982
221127 1286 97 1162
221128 1286 97 9441
221129 1286 97 638
221130 1286 97 1491
221131 1286 97 1230
221132 1286 97 11
221133 1286 97 926
221134 1286 97 318
221135 1286 97 332
221136 1286 97 72
221137 1286 97 1040
221138 1286 97 780
221139 5448 97 5
221140 5448 97 781
221141 5448 97 1019
221142 5448 97 21
221143 5448 97 126
221144 5448 97 3182
221145 5448 97 982
221150 62979 97 6927
221151 62979 97 14063
221152 62979 97 14064
221153 62979 97 1484
221154 62979 97 2550
221155 62979 97 337
221156 62979 97 2702
221157 62979 97 2233
221158 62979 97 1106
221159 62979 97 7084
221160 62979 97 1392
221161 62979 97 2428
221162 62979 97 2855
221163 62979 97 1166
221164 62979 97 3030
221165 62979 97 8836
221216 55246 97 72
221217 55246 97 90
221218 55246 97 46
221219 55246 97 138
221220 55246 97 108
221221 55246 97 4446
221222 55246 97 5716
221223 55246 97 638
221224 55246 97 144
221246 51400 97 961
221247 51400 97 982
221248 51400 97 4895
221249 51400 97 1937
221250 51400 97 110
221251 51400 97 138
221252 51400 97 926
221257 13944 97 14070
221258 13944 97 1808
221259 13944 97 302
221260 13944 97 240
221261 13944 97 4866
221262 13944 97 79
221263 13944 97 254
221299 6785 97 20
221300 6785 97 90
221301 6785 97 5918
221302 6785 97 221
221303 6785 97 638
221304 6785 97 138
221305 6785 97 1141
221306 62987 97 359
221307 62987 97 14040
221308 62987 97 3200
221316 62989 97 1611
221317 62989 97 6754
221318 62989 97 44
221319 62989 97 1720
221320 62989 97 301
221321 62989 97 10
221322 62989 97 1007
221365 59748 97 1720
221366 59748 97 1738
221367 59748 97 44
221368 59748 97 926
221369 59748 97 285
221370 59748 97 72
221371 59748 97 11
221372 59748 97 474
221373 59748 97 2016
221374 59748 97 3285
221375 59748 97 14076
221376 59748 97 46
221387 38337 97 5146
221388 38337 97 188
221389 38337 97 6174
221390 38337 97 5918
221391 38337 97 108
221392 38337 97 6864
221393 38337 97 305
221394 38337 97 668
221395 38337 97 7136
221407 48334 97 1738
221408 48334 97 3
221409 48334 97 44
221410 48334 97 20
221411 48334 97 90
221412 48334 97 926
221413 48334 97 72
221414 48334 97 285
221415 48334 97 46
221416 62992 97 90
221417 62992 97 188
221418 62992 97 638
221419 62992 97 108
221420 62992 97 1106
221421 62992 97 10204
221422 62992 97 516
221435 41809 97 557
221436 41809 97 1128
221437 41809 97 1896
221438 41809 97 29
221439 41809 97 221
221440 41809 97 14077
221441 41809 97 441
221442 41809 97 507
221443 41809 97 5563
221444 41809 97 1480
221445 41809 97 1057
221446 41809 97 493
221447 41809 97 301
221448 41809 97 331
221459 62996 97 14078
221460 62996 97 14079
221461 62996 97 1668
221462 62996 97 2131
221463 62996 97 14080
221464 62996 97 1802
221465 62996 97 2279
221466 62996 97 14081
221467 62996 97 14082
221468 62996 97 14074
221469 62996 97 14083
221470 62996 97 3041
221471 62996 97 14084
221472 62996 97 14085
221473 62997 97 14078
221474 62997 97 14079
221475 62997 97 1668
221476 62997 97 2131
221477 62997 97 14080
221478 62997 97 1802
221479 62997 97 2279
221480 62997 97 14081
221481 62997 97 14082
221482 62997 97 14074
221483 62997 97 14083
221484 62997 97 3041
221485 62997 97 14084
221486 62997 97 14085
221487 38414 97 1141
221488 38414 97 20
221489 38414 97 90
221490 38414 97 138
221491 38414 97 2008
221492 38414 97 369
221493 38414 97 926
221494 38414 97 941
221495 38414 97 125
221496 38414 97 12719
221497 38414 97 5115
221498 38414 97 302
221499 38414 97 240
221500 38414 97 5928
221501 38414 97 365
221502 38414 97 202
221503 38414 97 1144
221504 38414 97 638
221505 38414 97 1491
221506 38414 97 187
221507 38414 97 1230
221508 38414 97 14086
221509 38414 97 72
221510 38414 97 79
221511 38414 97 285
221512 38414 97 1868
221513 38414 97 441
221514 38414 97 507
221515 38414 97 44
221516 38414 97 5918
221517 62998 97 1546
221518 62998 97 29
221519 62998 97 4506
221520 62998 97 318
221521 62998 97 72
221522 62998 97 5563
221523 62998 97 982
221524 62998 97 127
221525 62998 97 332
221542 51981 97 187
221543 51981 97 138
221544 51981 97 46
221545 51981 97 108
221546 51981 97 1886
221547 51981 97 2427
221548 51981 97 44
221549 63000 97 139
221550 63000 97 7359
221551 63000 97 10791
221552 63000 97 11643
221553 63000 97 6118
221554 63000 97 1007
221555 63000 97 14087
221556 63001 97 14078
221557 63001 97 14079
221558 63001 97 2131
221559 63001 97 1802
221560 63001 97 14080
221561 63001 97 14074
221562 63001 97 14081
221563 63001 97 4385
221564 63001 97 1668
221565 63001 97 14085
221566 63001 97 14084
221567 63001 97 1616
221582 63003 97 14055
221583 63003 97 2373
221584 63003 97 1390
221585 63003 97 14089
221586 63003 97 5023
221587 63003 97 14090
221648 63007 97 2373
221649 63007 97 5023
221650 63007 97 3290
221651 63007 97 14055
221652 63007 97 547
221653 63007 97 72
221654 63007 97 285
221655 63007 97 139
221656 63007 97 1406
221657 63007 97 39
221658 63007 97 1119
221659 63007 97 984
221660 63007 97 1890
221661 63007 97 1034
221662 63007 97 2362
221667 63009 97 6809
221668 63009 97 46
221669 63009 97 138
221670 63009 97 1937
221671 63009 97 44
221672 63009 97 90
221673 63009 97 20
221674 63009 97 202
221675 63009 97 638
221680 63011 97 5099
221681 63011 97 1007
221682 63011 97 748
221683 63011 97 139
221684 63011 97 104
221685 63011 97 44
221686 63011 97 7098
221687 63011 97 11
221688 63011 97 301
221689 63011 97 155
221690 63011 97 285
221691 63012 97 1738
221692 63012 97 90
221693 63012 97 20
221694 63012 97 11
221695 63012 97 527
221696 63012 97 1007
221697 63012 97 2016
221698 63012 97 1029
221699 63012 97 976
221700 63012 97 13576
221701 63012 97 392
221702 63012 97 2990
221808 62110 97 7784
221809 62110 97 374
221810 62110 97 2376
221811 62110 97 285
221812 62110 97 2000
221813 62110 97 44
221814 62110 97 21
221815 62110 97 4368
221816 62110 97 7965
221817 62110 97 1937
221818 63020 97 14118
221819 63020 97 14119
221820 63020 97 14120
221821 63020 97 14085
221822 63020 97 2826
221823 25531 97 1446
221824 25531 97 188
221825 25531 97 6228
221826 25531 97 11
221827 25531 97 285
221828 25531 97 1058
221829 25531 97 155
221830 63021 97 44
221831 63021 97 5918
221832 63021 97 285
221833 63021 97 527
221834 63021 97 138
221835 63021 97 108
221836 63021 97 188
221837 63021 97 668
221838 63021 97 1528
221839 63022 97 982
221840 63022 97 285
221841 63022 97 1781
221842 63022 97 3
221843 63022 97 1230
221844 63022 97 139
221845 63022 97 155
221846 63022 97 1703
221847 63022 97 6765
221848 63022 97 6713
221849 63022 97 4418
221850 63022 97 14121
221851 63022 97 367
221852 63023 97 7495
221853 63023 97 516
221854 63023 97 668
221855 63023 97 1007
221856 63023 97 14058
221886 63026 97 290
221887 63026 97 1937
221888 63026 97 557
221889 63026 97 1273
221890 63026 97 1897
221891 63026 97 1896
221892 63026 97 941
221893 63026 97 138
221894 63026 97 359
221895 63026 97 982
221896 63026 97 1162
221897 63026 97 1611
221898 63026 97 4895
221899 63026 97 187
221900 63026 97 4446
221901 63026 97 29
221902 63026 97 1230
221903 63026 97 6
221904 63026 97 1141
221905 63026 97 139
221906 63026 97 700
221907 63026 97 72
221908 63026 97 265
221909 63026 97 155
221910 63026 97 285
221911 63026 97 44
221912 63026 97 5918
221913 63026 97 1720
221914 63026 97 3
221922 24209 97 331
221923 24209 97 332
221924 24209 97 798
221925 24209 97 79
221926 24209 97 138
221927 24209 97 139
221928 24209 97 1025
221929 24209 97 5563
221930 24209 97 126
221931 24209 97 4506
221932 24209 97 155
221933 24209 97 285
221934 24209 97 982
221935 24209 97 1128
221936 24209 97 638
221937 24209 97 2605
221938 24209 97 44
221939 24209 97 557
221940 24209 97 1491
221941 24209 97 187
221942 24209 97 1057
221943 24209 97 127
221944 24209 97 29
221945 24209 97 1480
221946 24209 97 1230
221947 24209 97 4
221948 24209 97 926
221949 24209 97 318
221950 24209 97 5476
221951 24209 97 319
221988 2860 97 2427
221989 2860 97 79
221990 2860 97 5563
221991 2860 97 155
221992 2860 97 941
221993 2860 97 331
221994 2860 97 125
221995 2860 97 285
221996 2860 97 507
221997 2860 97 3
221998 2860 97 798
221999 2860 97 126
222000 2860 97 365
222001 2860 97 1128
222002 2860 97 982
222003 2860 97 1491
222004 2860 97 301
222005 2860 97 29
222006 2860 97 127
222007 2860 97 1480
222008 2860 97 2627
222009 2860 97 926
222010 2860 97 813
222011 2860 97 318
222012 2860 97 332
222013 2860 97 2908
222014 2860 97 1037
222019 63036 97 14131
222020 63036 97 7734
222021 63036 97 1064
222022 63036 97 14049
222023 57460 97 44
222024 57460 97 1484
222025 57460 97 2754
222028 63038 97 1771
222029 63038 97 126
222030 63038 97 125
222031 63038 97 1664
222032 63038 97 3238
222033 63038 97 301
222034 63038 97 982
222035 63038 97 29
222036 63038 97 127
222037 63038 97 318
222038 63038 97 332
222039 63038 97 139
222040 63038 97 331
222041 57513 97 5918
222042 57513 97 285
222043 57513 97 1738
222044 57513 97 1058
222045 57513 97 1406
222046 57513 97 1739
222047 57513 97 1057
222048 57513 97 7169
222049 57513 97 3394
222057 63039 97 2279
222058 63039 97 2131
222059 63040 97 44
222060 63040 97 5918
222061 63040 97 285
222062 63040 97 926
222063 63040 97 3
222064 63040 97 1720
222065 63040 97 1230
222066 63040 97 155
222067 63040 97 1125
222068 63040 97 990
222069 63040 97 2609
222070 63041 97 14133
222071 63041 97 14067
222072 63041 97 3296
222073 63041 97 14134
222074 63041 97 14135
222075 63041 97 1698
222106 24957 97 7336
222107 24957 97 359
222108 24957 97 2816
222109 24957 97 1128
222110 24957 97 7334
222111 24957 97 1230
222112 24957 97 982
222113 24957 97 668
222114 24957 97 13736
222115 24957 97 221
222116 24957 97 365
222117 24957 97 127
222118 24957 97 139
222130 63046 97 982
222131 63046 97 1128
222132 63046 97 1162
222133 63046 97 638
222134 63046 97 301
222135 63046 97 1230
222136 63046 97 1127
222137 63046 97 79
222138 63046 97 139
222139 63046 97 748
222140 63046 97 155
222141 63046 97 912
222142 63046 97 44
222143 63046 97 3
222144 63046 97 1720
222145 63046 97 1258
222146 63046 97 11339
222147 63046 97 886
222148 63046 97 264
222173 63047 97 126
222174 63047 97 5783
222175 63047 97 1763
222176 63047 97 2627
222177 63047 97 507
222178 63047 97 1771
222179 63047 97 912
222180 63049 97 125
222181 63049 97 1106
222182 63049 97 108
222183 63049 97 138
222184 63049 97 1058
222185 63049 97 638
222186 63049 97 527
222187 63049 97 1491
222188 63049 97 3666
222189 63049 97 44
222190 63049 97 1007
222191 63049 97 3
222192 63050 97 1611
222193 63050 97 6754
222194 63050 97 44
222195 63050 97 1127
222196 63050 97 254
222197 63050 97 14141
222198 63050 97 4213
222199 63051 97 44
222200 63051 97 369
222201 63051 97 72
222202 63051 97 11
222203 63051 97 2371
222204 63051 97 748
222205 63051 97 374
222206 63051 97 1119
222207 63051 97 2057
222208 63051 97 14142
222234 29878 97 20
222235 29878 97 90
222236 29878 97 1141
222237 29878 97 6
222238 29878 97 187
222239 29878 97 1491
222240 29878 97 1897
222241 29878 97 557
222242 29878 97 1125
222243 29878 97 816
222244 29878 97 1795
222245 29878 97 46
